-0.4243847515864409
0.3797291965188538
-0.1682279410094099
0.1583512059902511
0.0606158154827979
-0.0960292912989656
-0.5345575029632063
-0.0152201132563754
-0.1912671760867418
0.3386349824771358
-0.0163742288375942
-0.0934239503134295
-0.3948635857096913
-0.2916981090290234
-0.5997740433797957
0.0938231436011477
0.0005436209102455
-0.1109442994244828
-0.6533269354122395
-1.2572905889883017
-0.8914179573720185
-0.2687833356742683
-1.7142127361024064
0.1573811889472049
-1.6372644976605295
-0.8943829838934058
-0.8098867361428189
-0.8829350953354047
0.4427019595692257
-0.4864995478234707
-0.0870995890920624
-0.3507735047440300
-0.6382080762506311
0.1452804545614449
-0.2083161821412836
-0.6136909534548654
-0.5556369621521335
-0.0830649212559623
-0.2629434462300816
0.1963178370888549
0.3406864112162948
0.2367810941401862
0.3323141269331918
-0.1298411630343326
-0.5407798404910436
-0.5711404775969836
-0.4103098009319888
-0.4328074579290883
0.0875802169679222
-0.6765631884379891
-0.0557131366389347
-0.5281951167874314
-0.1677800986949425
0.0570816839435378
-1.2306737848799081
-0.0879032429452194
-0.1985545665191108
-0.7591812164502417
0.3537799371096548
-0.3764793388279689
-0.0536396847476643
-1.7396894660412783
-0.5659585583953135
0.2998545471139288
-0.3519946225231710
-0.5619845997034673
-0.8075621146541203
-0.2575576295558121
0.0942215843288398
-0.0734600567991209
0.0859246230076928
-0.0562539190074411
-0.7051360434957571
-0.8457592433675414
0.1592574338209694
0.4933671076602286
0.0417815937333944
-1.8648833044569915
-0.8037847851035379
0.0059883535406278
0.3933081179525957
-0.0643457043220369
-0.3604775248769038
-0.8046995164591645
-0.4874994708072735
-1.3262795192288845
0.1197757753129603
0.6488650424762049
-1.6539525783286733
0.0485677891768257
0.0869561669389915
-1.4125977529212626
0.2126741037195132
-0.4100404580435886
0.0634771267459148
0.4768327630615558
-0.7023144265016330
-0.9054006913909617
-0.6336327543680940
-0.4541275382733215
-0.2903322988724221
0.3310760955881587
-0.6706968521912828
-1.1760932466610061
-0.2312285863583234
-0.9682390510804395
-0.1426718328766945
-0.5426365235527695
0.0138772335459873
0.3037571314873743
-0.3761210609666920
0.0392143284520982
-0.1496637398255697
-0.1340456078480192
-0.2782264008445868
-1.5084659897211190
0.3155077341476267
-1.6763409878496103
-0.5708968949585435
-0.7788955373328627
0.2669941654047881
-0.3814947006679681
0.5052350180430215
-1.2132164631789590
-0.6816493931087915
0.4299672424730184
-0.2375983171056633
0.2554058616512987
-0.7305596844384153
-0.1493555108932207
-1.1876967128158868
0.0007760706883682
-1.2115228608056208
-0.5409251042941173
-0.2807840964139359
-0.8202520028934271
-0.8141963136215691
-0.6113862884093011
0.0744426404104594
-0.2184094567125085
-0.3193117588231142
0.1198308253923117
-0.6125306755554770
0.2982431333406051
-1.3637639439985643
0.0508065962529128
-0.7090209700180377
-0.0621425312173376
-0.4919266345935367
-0.1275357064581972
-0.9108192594081619
0.2173671837983905
-0.5051363548636721
0.1728989429429445
-0.4350598748125879
-0.4077799108082187
-0.5410107787740180
-0.6104921804623240
-0.5857925462157467
0.2554188360563098
0.0774077695267416
-0.0811800076705719
-0.4455880610752018
0.1772628565417895
-0.8393743383338114
-0.2857977068957624
-0.8713668415071494
-1.5714384686414005
-0.5289631961540359
-0.1701307497184687
-0.9462989258246820
-0.6742882021970095
-0.6384158641533028
0.0903429068960250
-0.3155877835521549
-1.0142762375402357
-0.2664515212463081
-0.0228011412056209
-0.7630124265236359
-0.3569303916003529
-0.5330229587541161
-0.3685862810288097
-1.4444628983464827
-1.0682205945502845
-0.0371562969699512
-1.6012627972640296
0.4884980587309504
0.0586674729356588
-1.2103803967016720
-0.4320538471455337
-0.2576822747304616
0.3334250941676886
0.1146854655503074
-0.7275778642378511
0.1700371522253956
-0.1447166356383745
-0.9853544691517611
-0.5729346865239980
-0.2010882435206780
-0.0716698183543582
-0.0582760776531373
0.2497236065383289
0.5980389106454327
0.0481239221728067
0.0983069346155361
-0.4430895989629595
-0.0048206538531766
-0.4553612124410968
-1.3502405083225788
0.2688806633720263
0.2693526426144920
-0.1411634750243518
0.7824409913762188
-0.9460256761580440
-0.5673221051154677
-0.3114802519282380
-0.1885019916294800
-0.5767293467383624
-0.8686666444676224
-0.9770573678891813
-0.0385565347546784
-0.8134378811482945
-0.0455106411309020
-0.8415280834837662
-0.2977759661017175
-0.1936713558223534
0.2250790797801077
-0.3807465760462939
-0.2870457770951420
0.4323740625154175
-1.4618792694146263
0.1267892661708377
0.1522776763300915
-2.2139432042707639
-1.9544151149348283
-0.8578292880607892
-1.5019732858189323
-0.5635038425713488
-0.2278432120757303
-0.4218388136004432
-0.8073518657833448
0.0475783669071022
-0.0656701686161558
-0.4147597640402912
0.1201337628654786
0.1740318022563234
-0.2282509709086964
-0.2906403439325699
0.4987857153112863
0.6779990477997941
0.2309409003602624
0.1572965255034677
0.3860247409025208
0.2841876918959947
0.5074517094772589
-0.2124771556587641
0.0026573882851062
-0.1028179164410239
0.6096302126671490
0.4467131038246371
-0.8652621657032339
0.1117730685447297
0.1332334343880322
-1.2484318575658180
0.0072955794976258
-0.8366682628633426
0.3310164837615648
-0.4127682910988181
-0.2270228611438896
-0.6988376920583041
-0.2143273526503760
0.0019915699997665
-0.8410609770711323
-0.7611748140978759
0.5153743604699422
-0.1389829525780065
-1.0250677641101595
0.1477601129059929
-0.4664322612890973
-0.3062113767817811
-1.0875683553662592
0.0860800403151783
0.1130842439509160
-0.8787933799327492
0.3792430328553901
0.5183701758977117
-1.2272223401013718
0.2213018796808577
-2.1768414447749134
0.1028761180107495
0.1314585702592728
-0.0951780042730394
-0.0689809281955193
-0.4042432170824741
0.0065841819277133
-0.7832363097743362
-0.9645517932210398
-0.0162997095990631
-0.2865085194230185
0.3176906441094551
-0.1867704980579815
-0.3271238524820125
-1.2822622405080957
-0.0629504737266119
0.1644296163130076
-0.2364221958619218
-0.1531843406471763
-0.8673386116299930
-0.8230071415534239
-0.0214793137897463
0.1121240076658499
-0.4074250369046353
-0.3363353485278519
-0.9235749125310850
0.2678072483464877
-0.3205162450675781
-0.3674575999526263
-1.6470075724758355
-0.5832845326840780
-0.3661431737495411
-0.6737479375851467
-0.0331966233826821
-0.1130714851148503
-0.7723612943640688
-0.5095797155556669
0.1977199518483356
0.0469996942198875
-0.5471219361370520
0.5562566527079160
-0.0702803455456053
0.0884699176085140
-0.3474322432742201
-1.2828598375569695
-0.2687651445429363
0.0021309997838740
0.2670610600056426
0.0763206490702518
0.3823142630249259
-1.0112556225323222
-0.2616638508106892
0.2981536097672948
-0.0708150910703066
-0.9362039676058871
-0.6372374964226215
0.5336408853922814
0.3051971213380035
-0.6060282264314171
-0.6983982151670659
-1.2893252599078449
-0.8109673904393150
-1.4257067039382010
0.2543855394935035
-0.2233611598160489
-1.7951140784883108
-1.1027077509710037
-0.5167964221402434
0.2354826902705504
-0.1856245448932191
-0.8680900773247899
-0.7032649631428186
-0.9525782401578132
-0.9163573952432134
0.4713894110913269
0.5585775039298455
-0.7346647270187141
-0.1377125572861622
-1.0909050351805154
-0.7250173969621535
-0.7920929422631441
-0.8632848770576225
0.4327764733698216
-0.0107916731649232
0.3246826209172582
-0.6859759453882103
0.0849006695786900
-0.5842330596155627
-0.0135349471446566
-0.6380525142494549
0.5389465897561347
0.3272523910306814
-0.0610219598944350
-0.1947856814151716
0.2405417470128643
0.1601266386262861
0.0595137362428742
0.3975840212787889
-0.7373995597194395
-0.6905268832558132
0.2634946927569233
-0.3147413447871965
0.3308576816925046
0.3818277433457533
0.5469490593937915
-0.4199909558410126
-0.0440034286294214
-0.0964090089090425
0.5330655135945872
0.4096664214578107
0.1750573728177435
-0.3541545085815561
-0.1901942164319599
0.1757591349571770
-0.1743807573472960
-0.1903852632004704
0.3125900667524056
0.1719392025612743
0.7091887597164558
-0.1643860144012549
-0.5398588875286447
-0.1095486639443804
-0.1865979797830126
-0.1449521838455249
-0.2746539916567994
0.1224000467435783
0.7300456921223860
-0.0304931983851399
-0.4351066160952293
-0.4135075418741858
-1.0413653176151454
-0.3480387140931994
0.0860633964956121
-0.2511557229325914
0.0923929470352194
-0.5820348586389996
-0.4144382922432561
-2.0362306291520409
-0.1847453467303524
-0.2676754674461954
-0.2361340635923139
-0.8406783270776296
-0.4266970843341669
-0.0386233300734088
0.3271714546625042
-0.9586470730049315
-1.2202075805691299
-0.0937439620081592
0.2671815937143582
0.5235158126417669
-0.1349057838894660
0.0175576000586301
-0.6785149751746207
0.2767580881686260
0.2757938611960868
0.0776041948527404
-0.4379282466471670
0.5291159732182150
-0.0994832437530155
-1.0152551325707193
-0.6681908887399896
0.1036885828827114
0.1592739580155441
-0.1303605172771730
-0.2164217481322495
-0.7194119245671853
-0.2838090942205749
0.4718482145597757
-0.1655600715657544
0.2551497670158924
-0.3609077834958451
0.0291659079132109
-0.2120344601288295
0.1343587403923349
-0.0197828706108624
-1.0587682338252162
-0.1582610573625170
0.0399807713402395
-0.4342294360461842
-1.5768445982618529
-0.1971857328302712
-0.3145039071682627
-0.0499046901339198
-0.4266969174125523
-1.0361805084274478
0.2934590019048147
-0.7257616184623250
-0.7662807147520724
0.2169804313307428
-0.4181150145128671
0.0276036223471121
-1.0382840708649925
0.2546683053374315
-1.4696358961203675
0.0070331333152470
-0.0310157300390716
-0.0932847202560022
-0.2313011087184763
-0.5600490094268316
-0.3529627174016443
-0.2441300334749303
0.1523241420517142
-0.2724216953928373
0.6572345337069877
-1.0267362043992072
0.0681123801516692
0.1464044709699471
-0.1078645616172999
0.5932145242909880
0.2795471109150958
-0.1908563641834600
-0.0151748414185841
-0.0820853432081668
-0.5586078136691421
-0.8440364080424186
-0.7416470896005305
-0.2984508016002818
0.0413602185775268
0.0809241108606355
-0.3261067087197971
-0.2827985397481374
-1.0028233837876384
-0.5685198840524046
0.0448498104084478
0.3751472639653748
0.2105215919150442
0.3885393212944592
-0.0352225373550708
-0.1648380633183356
-0.7590072579648312
-0.0786735365329448
-0.0505717000148827
-0.1270575855399751
-0.0437218258887402
-0.4256562474733936
-0.2157354768547625
-1.0133187777786916
0.4420524316806150
0.1970994380345811
-0.7924111342646873
0.3267431818731687
-0.1175086592166987
0.2149498969198232
-0.1567284955459049
-0.1011809403572860
-0.6488922213510093
-0.8625595622427492
0.0886930613446764
-0.4251296895710129
-0.2714531074383128
0.2529881257286651
-0.3969160084993760
0.4042403026084939
0.0438048908965513
0.3844416335254006
0.2375504649453204
0.2736515674212654
-0.5682333066069454
0.1105700368096866
-0.0225400029528251
0.1186644792337371
0.2528856562610783
-0.7368552900404703
0.5678914235460382
-1.1146070301414499
-0.1266555925644558
-0.1144394228973433
0.1517668856155284
-0.1063606941922466
-0.9459866804447009
0.6200799553508309
-1.3594987686844668
-0.1360265280353041
0.1827474257784563
-0.0049158910934695
0.6347675424542476
0.1709920680311431
0.0623586086142020
0.1533457545649475
0.0411515077959549
-0.5874541442542721
0.7279163723571438
-0.2605617720777914
0.5335563075694815
-0.7549227538354072
-0.5431185715703386
-0.0934249071133739
-0.7197553523059632
-0.8900499716913629
-0.4149903018273802
-0.8576145946914584
-0.9325931101133876
0.5436603302316262
0.3763517527717067
-0.1145033626631279
-0.1314094261851509
0.3949017114053384
-0.5650114297685643
-0.5189858534744374
0.2177186452242320
-0.7251607216610173
0.0936564851746810
-1.1376610212240561
-0.0055334764499668
-0.1448103512860895
-0.1733351746074558
-0.9973169583637909
0.0199278894263729
-0.0692671242543344
-0.0743494247066822
-0.7391452332746765
-1.4427773639402151
0.3969699095980880
-0.8125905919861949
0.2893580849039245
0.0204540728481687
-0.6576921726077041
-0.7710755035259619
0.1221019543999895
0.0643852089306265
0.1597334822995798
-0.0415421292809728
-0.0660339557661744
-0.9139807437725901
-1.3551205467460152
0.2881556751571407
-0.6096819156959699
0.0498688110010184
0.0598971400276823
0.1395962682673473
-0.3918748121419934
-0.2621313809734110
-0.2685970774209297
-0.4560052303086166
0.1182536720102792
-1.4996701224220668
-0.3083041276003882
0.0328748383159254
0.0291527451389270
0.0586551055123028
0.1692951265320246
0.0538870562819857
0.0380912513579596
-0.0414590105795999
-0.1372702525231692
0.2434772319140106
-0.7676511611932636
0.4671855783188192
-0.4092204667693199
-0.3404526469369866
0.2430918690003986
-0.0828478980662917
-1.4124651053279000
-0.2140093704461541
-0.0162576338211107
0.1554436940933671
0.3170068644095007
-0.1245439578562586
-2.4023058603029832
-0.3713059399191908
-0.8325643622585857
-0.2976771812486463
-0.7536480684232076
0.2345920766756245
0.2503059232811637
-2.6394809896032849
0.0390186432143724
0.1270106849624321
0.2778518381419686
-0.5083550611923643
0.0818171110567849
0.1743940806949590
0.0196641749626304
-0.3310429154321172
0.2403184209478509
-0.3043103968401516
-0.4116214503949876
-1.0273957248339729
-0.2975705440040246
0.5551584891809429
0.0206161484439742
-1.1279361840806803
-0.8160258044383349
0.3373621511413500
0.0503520393148745
-0.3298546918592012
0.3319422984709289
-1.5016449207769085
-0.2570385939979200
-0.1306582363182438
0.0528167696403863
-0.1054587917649366
-0.7980250826393043
0.2231188481616549
0.2617874772435910
-0.1672043680283168
0.1868600713323883
0.0381138822817801
0.3283057666345883
0.0633897542534387
0.3082836986419201
-1.1864911374294302
0.3351295613055373
-0.7465250049554953
-0.2777071740952459
0.2843117610147209
-0.4524140471848904
-0.4917877678987942
-0.2317212884491656
0.4476104442009630
0.0089087564999227
-0.1101451622858794
-0.0340857654089415
-0.4345369434007550
-0.2304269647299247
-2.0157404236892300
-0.1916121489924333
-1.1583463616664664
0.1385714101983006
-0.0773587948343396
-1.4586712934473001
-0.1674120703810020
-2.1817971680419839
0.3271599953618867
0.2195449147072926
-1.7146449677176503
-1.1546639118728079
-1.1534291766941531
-0.2389959766979303
0.4445131846237131
-1.3010269691012464
-1.2955060725449767
-1.4813349620581873
0.2970361759278001
-0.2174854686605257
-0.8088516248519989
-1.1647296214695646
0.7618776388591066
0.4784406410527900
-0.2183629633508464
-0.0769214588415498
-0.1676121813941326
-0.0467211246888480
0.2705745305715723
0.0043479510178753
0.0448228294257124
-0.1523159897171723
0.0685535195514459
-0.0883393198259003
-0.5184654684030342
0.1168623416738940
-0.1189228176426912
-0.0001413870321604
-0.3260680794162381
-0.5612161095503263
-2.0541738763016242
-0.3591406430841632
-2.0912081885675748
-0.4345997058327737
0.2871625601252660
-0.2740616306763329
0.1829836804759689
0.0872113241249365
-0.1905513860199539
0.3012152580785262
0.3126015325489710
-1.2514572302050577
0.1431599199518690
0.3856787435940278
-0.5129164667390153
0.3150084062682725
-0.4360367617780309
-0.9527490066598309
0.0404511547364078
-0.3780377773303906
0.4233185677059728
-0.2001099430509465
0.3687151856220670
0.0196220364047024
-0.0156288278707772
-0.4424508155833370
-0.1063041103347617
-0.7430520121905612
-0.0078079287014411
-0.6916383118233138
-0.1703413945611722
-0.8469165340838560
-0.2319715444634375
-0.2505133342235902
0.1305442940132686
0.2413673224797372
-0.9494194228519696
0.3755973480841299
-0.1179048783871959
-0.5969866710184768
0.2967762145369811
-0.5766154357942894
0.1363733184007616
-0.1723008734347115
-0.1368322565353166
0.4886905120757039
0.4048847833742458
0.1172169043394303
0.7333816894537695
-0.4032897594712208
0.0149310086141753
-0.3415028129064088
0.2433242866312583
0.0181321101441899
-0.1775953877484514
0.0245453643302536
-0.4704857717814949
-0.3381782264143114
-0.6440643105690825
0.0673859237729354
0.3358386768348540
0.2131333393816066
-0.1700378759624798
-0.6732405325276369
-0.3377291621031123
-1.1227188347838306
-0.4970038034140075
0.3527676632543790
0.3187300184982162
0.3778105246014196
-0.4170876260650684
-1.1434133384378879
0.2211343723657639
-0.6542212132089483
-0.0248954082809469
0.2392293208831246
-1.0167650297256940
-0.6526335975267951
-1.4371570127352380
-0.3968520320777829
-0.9072367567428961
0.6020259634166103
-0.2134995128725281
0.3178261142171321
0.0633683390809524
0.0041614998778547
-0.7723240592919844
-1.3000264615344830
0.2952595791707123
-1.1350195946084825
-0.0506048462908173
0.6400308236589586
0.2397986285590718
-1.2392234987777677
0.2034491653206518
0.2153799679849291
-0.2324456504445868
-0.2489760035917608
0.0994203609479719
0.1062279501271294
-1.7583262632325103
-0.6377803286629887
-1.2302681180072172
-0.0495366223402546
0.3494166928048374
-0.6126056787183506
0.3782660579280352
0.0556051767135748
-0.4052228207591277
-0.1938528199856308
-0.5156905958953695
0.3884479204641623
0.4751143814076709
-0.7503627316878748
0.0903723202709139
0.2941922698451835
-0.3695783601289088
0.9050684980435317
0.0979301388560552
0.0300551920284673
-0.0538889243680555
-0.8322562794657488
0.0037258204758080
0.2360878664443800
0.0699202180552881
-0.2382976342371732
0.4090805215866753
-0.0305367798785399
-0.9495344470688675
-0.3664000068785365
0.4334253526037768
0.4540115358514900
-0.0133303633092096
-0.4007425353825960
0.0816238264239806
-0.0500724772993943
0.0680299006952148
-1.0167629484169773
-0.0481513866761632
-0.2924178318103722
0.2784012312248288
0.3102348913414518
-0.0567406502090904
-0.6260486743599608
-0.6148105545447007
-0.6249326291255742
0.0745218704547899
-0.7549224560201746
-0.3456912306318833
-0.6132656599789899
-0.0291197566850062
-0.2754189113396943
-1.0654167186074612
0.1066418835273044
-0.4101084655959098
-0.4180098143088476
-0.1359425055430111
-0.4968685218845866
0.1934260601990066
-1.1363091328896209
-0.6736362073087431
-0.8657765756694175
0.3833054704330004
-0.0166406508381870
-1.0203200371611858
-0.0928696995686274
0.1252647686945539
-0.2373609717438397
-0.1648062881027336
-0.0208443608735117
-0.7940442372412354
-0.1541303079132318
-1.8166002424722802
-0.1336209918407300
0.2655861544166728
-1.6742077835190530
-0.5101016261851637
-0.9662665785108974
-0.6717434899230882
0.3589028104900129
-0.4776605605816295
-0.3784384300594132
-0.1157525572056870
-1.0047144425011270
-0.4112141205306712
-0.7334689017549878
-0.0620680012289527
-0.5029189177270803
-0.4291752390706814
0.1654991470335787
-0.0605691171353131
-0.5819604200090831
-0.0472358214777096
-0.0027116155659327
-0.3305326224957834
-0.5173892134333468
-0.1830562494747099
0.1564903222917495
-0.4895254869474049
-0.0863393332264649
-0.4968571652382179
0.4248222512368462
-0.8259062145016316
-0.1277431070314469
-0.5064268089095620
-0.3142552288520001
-1.2080300149072183
0.2453386393685339
-0.3274839562194812
0.0424035591863618
-0.4492068769274367
-0.5522511246814574
0.0262155383206715
-1.1200812777061397
-1.0027968289229503
-0.3498470293538124
0.3067618089007118
-1.0603178627116792
0.3272905248598271
0.1482174715270835
0.4314486947925744
-0.5211423846192411
-0.1883937980442710
0.2650398826020998
0.6350377949737387
0.0648089401169620
-0.1897276426437498
-0.7048655328342283
0.0028079369474583
-0.7254135757449335
0.4054371389617860
0.0699904406500393
0.2580568114674373
-1.5152688115745443
0.5635432494131359
-0.6999413503632994
-0.6672990053055867
-0.0626220124418693
-1.0287050005310492
-0.6920929134976053
-0.1606727639448909
-0.4985607940051077
-0.2791069115152433
0.3647550263322593
0.0508079687127569
-0.6549410023666241
0.0291997879395596
-0.4553173531484946
-0.0925353802900278
0.0242361824439780
-0.7143005683914366
-1.9396035009821482
0.3595175830950383
0.3456054832772586
0.2537135417446208
0.3301300212377768
-0.4223733410821650
