0.7476229857951125
0.8671189828586573
0.6139472665404873
0.6112780656009522
0.6330619194784507
0.6433508859890485
0.7187904110809208
0.6327626402414354
0.9210150872855861
0.8014834582551953
0.6399067479162259
0.9580766791027233
0.7405781674166706
0.8238580010516188
0.6356018840171079
0.9928185712087380
0.6241047607555685
0.9120472151783325
0.8725159563674446
1.1989107164366588
0.7060365491028027
0.7011570444291572
0.8717255496510448
1.0772121151332794
0.6487531989374925
0.6022470734839988
0.6342306500049104
0.8155253879596781
0.7980431642544024
0.6784444905148469
0.7898607279351522
0.7233660236567830
0.6259987869219085
0.8482316006821708
0.7368293443574792
0.8199420053235171
0.9884731056575807
1.1443649845950536
0.6249967484644721
0.8215264915817638
0.6290861478459508
0.9025895192265285
0.8620958984637220
0.6132586342363072
0.6249319414132477
0.7909471510266578
0.9226726718338973
0.7106537725775582
0.6175738975073204
0.6076564613617453
1.0001876668829337
0.7188106144505921
0.8677135164379411
0.6379391966507815
0.6209605229447720
0.6556744122052808
1.1030126413597650
0.6501849189731587
0.6002041134731130
0.6051927618869924
0.8606536817424715
0.6878783991874277
0.7120591410720748
0.9711547453506749
0.7751075246997380
0.6531453827233041
0.8443765439953798
0.6197656645422187
1.0500486681419268
0.6002065612516523
1.1331847939881079
0.6102014188852014
0.8536405026617134
0.6574004676840252
0.8011494301107474
0.6272697865407121
0.7197760487663845
0.6328878743913894
0.7812741863816800
0.7353236230563572
0.8809776501443999
0.6964382578661688
0.8216817884877430
0.6287760416674129
0.6073017957579387
0.6264660410483582
0.7210990337292452
0.6392001305046172
0.8969116919016856
1.0226462097142770
0.8262524891421457
0.8219410431111822
0.6366917217723737
0.9740976316617176
0.6014643789265218
0.9916596146922472
0.8928481666026336
0.7441599448600563
1.0062467082058091
0.6153669476650500
0.6718795957432199
0.6019258490216699
0.8043138267185476
0.6002274432374828
0.6287169923249671
0.7311422536941050
0.7871246976190888
0.6545038958368762
0.7444764603139664
0.7803550234568755
0.7283284898941572
0.6387241949926954
0.6074475911348808
0.8518820373848096
0.8161678256501051
1.1132959514515706
0.6701306330232057
0.6048785155273166
1.0360080760347230
0.7330173417032435
0.6038044397572749
0.7015849206964755
1.0477940472828073
0.6006510740225965
0.9658438984673194
0.6037886037641597
0.6659585458286149
0.7208329518700834
0.6411766577957373
0.6246906608340483
0.6527226817053110
0.6613721171540936
0.6653060155983437
0.8793852090816564
1.0909460237282196
1.1164440149700325
0.7352435044005367
0.8089232250887952
1.1734227635733858
0.7585645510056143
0.6342223033434042
0.6241331040165169
0.8233959541708229
0.7151434434519159
0.7100115906532977
0.7789577232429908
0.6348637644475696
0.7675132163657747
1.0952616381116191
0.9723956803927933
0.6330552393636960
0.6686116720956070
0.6325367170508022
0.6200403551871184
1.0895659923222660
1.1165621826440308
1.0221526094179139
0.6693949010928381
0.9134979758122244
0.7188619135437923
0.6124580982177535
0.8887926773916140
0.6272875717782305
0.7506905341016424
0.6251439808922642
0.7149757274014663
0.7404010539880309
1.1128172008002679
0.7846689990071557
1.0385212250456333
0.6922580720164824
0.6135135432847776
0.8309191846254034
0.7708961828715765
0.6566124118996440
0.7667093008168181
0.6320782912514070
0.6880560459968026
0.6592838214320850
0.9303718737255057
0.7604388063227945
0.7647636008596901
1.1062411037559892
0.6003821953153526
0.7017503983968851
0.6103617159528754
0.9434082307458913
0.6016766097198404
0.8381707065128141
0.8271600433359056
0.6028431118397708
0.8375908302418121
0.6051705144248180
1.0525269806482054
0.6877713922768931
0.6207142848150073
0.6422605850215642
0.8570839390486507
0.6137733568182995
0.6663089645949616
0.7610026645729888
0.6746279489089162
0.7636667645548574
0.7227311315781088
0.6394309092350281
0.6431467606207303
0.7423499119103836
0.6791149464350831
0.6143719144763455
0.6922545791315992
0.6470479773161992
0.8288286510117978
1.1794595607339000
0.7113995924318989
0.8003103562539974
0.7401215659514020
0.9075123574325841
0.6004340484859785
1.0324020675834822
1.0865165765477411
0.7405612411207129
0.6855764584716412
1.0759305630363829
1.0142696257703920
0.7031712152494826
0.9693833944275357
0.8399436054946662
0.8213134808059640
0.6080368219739002
0.7433610371328586
0.7268834683538109
0.6094546761053693
0.7476038574532390
0.6179434393278234
0.6079680520848465
0.8380446641976159
0.7149250439267683
0.6241876906376886
0.8393365888085788
0.6170844612845512
0.7303350513593814
0.8457379917350383
0.6254986648441357
0.7639577836827673
0.9588368124977402
0.6847695805848658
0.8176739223380507
0.9563393429262539
0.6459007452568287
0.6005996326238928
0.6116497451362253
0.8018344151855361
1.1415508929150469
0.6753373644644312
0.6631770406248050
0.7919376073769608
0.7788909185404471
0.9305351931668484
0.9090357135210656
0.7929943789660022
0.9957561232847668
1.0596375049710758
0.6399350322207159
0.6181885595107756
0.8002245196939357
0.6342096016518061
0.6802667048532149
0.6313144179543856
0.7255383818594835
0.7372663773210474
0.6016094524750979
0.6854496153951815
0.6024192842491901
0.8788460291047657
0.6372677430310201
0.6346596221027934
0.8715073525342216
0.6210807346784774
0.7387007729783118
0.6086361802846679
0.6331254331377624
0.6400124799403183
0.6828770492616466
0.7309954014503105
0.6011630116448392
0.6224841993442403
0.8454602156422142
0.8225750619723947
0.6382063254496837
0.6766601592660668
0.6779979714547643
0.9993902793571445
0.8057781531988131
0.7662514704507499
0.6100311243151670
0.6114095880802338
0.6653133596153572
0.8040780242204744
0.7658308484717588
0.7075959780325058
0.8015135385663683
1.1497940738989074
0.6608662043191581
0.6792950771808661
0.6683177235731914
1.1814302790968350
0.6128078159929443
1.0582508733953431
0.8637777433314313
0.7881131706297015
0.7146969869229430
1.0134179964192598
0.6672537791042719
0.8958347965320841
0.6015164112798544
0.9895182188484432
1.1098707058346757
0.8316983451647011
0.6347591313894491
0.9920909811354658
0.8049088113600228
1.0724002526635628
0.8629802683611342
0.7019141557927367
1.1235699713356238
1.1466477515833660
0.6449624294049692
0.7258723893506419
0.7488614452515434
1.2733292980320974
0.7299594712999184
1.2361785422085665
0.7408693029972502
0.8672099153271170
0.6946535844755760
0.6959689035424060
0.7591014349082166
1.1297281861925825
0.8289000544547900
0.7662617240163382
0.8607541482629228
0.6280379324036756
0.8041066379330215
1.0427316192379683
0.6060111775235401
1.2085359998261158
0.6153086212030685
0.6701924794629668
0.6416593056162088
0.7320430581528223
0.9281263914775361
0.8409743336533129
0.7084203949339885
0.8604596759856273
0.6536574825350285
0.7362071407205448
0.7286087794909292
0.6910332787319982
0.7396196053751798
0.6011225385857318
0.6593874802772735
0.9879420160904141
0.7671944345469860
0.8007561659343896
0.6659933144842778
0.6583180001265475
0.8123508686129914
0.6036549130494611
0.6561729221231899
0.9320928921400423
0.7083422004406319
0.6101067830146685
0.7534568914732913
0.6430096417897925
0.7090255475966488
0.6976757438920591
0.6899317932077228
0.6865861841044156
0.8150635592796700
0.8631771134487142
0.6451859433792957
0.7480495230657648
0.9516136818362646
0.6003207233244642
0.6934561195888096
0.6026966803987622
0.7530610529660480
0.8343637881665938
0.7373985972269443
0.6028969764475189
0.6284669759302618
0.8958213454165350
0.9765701612851162
0.9179164771696234
0.6568245275908484
0.8653016566005687
1.1783064390128124
0.7579504187981660
0.8499546255469903
1.1465050673110209
1.0702461749051115
0.8146613611343669
0.6112012060541370
0.7941045157611002
0.8243565052972144
1.2096390627693911
1.1749008598449331
0.9504268080301679
0.8036916638196804
0.7801930420022486
1.0160678706062221
0.7582354828066352
0.6006010587159692
0.6858963348332251
0.7041764518088605
0.7518639582575343
0.7123744883579616
0.7748429432073537
0.6861424129210419
0.8215695720398243
0.8534980155503383
0.7487782895002979
0.6009689878196897
0.7276463331186952
0.6040046781425896
0.9421318167236460
0.6551411496016147
0.9268112159434873
1.1008549048802725
0.6597893953011769
0.6067326398243258
0.6037199653202329
0.7929218695381063
0.7365390069116811
0.8733282991983097
0.8546068705655884
1.0309948715157482
0.9145582920779659
1.2455545723179715
0.6661976892234021
0.6027887305471391
0.6230440235349891
0.7912102987655897
0.6090834033800345
0.8500874169756281
0.7162469734587733
1.0868261777349109
1.1837106867877880
0.7124909287737025
0.8265796959136579
1.0199701569877559
0.6956203959317049
0.6274036178885559
0.7131257113598821
0.6001881564929317
0.7257625127327386
0.7207558874836313
0.6479060918406976
0.7968785015524544
0.6638256779937313
0.9430186836797916
0.6074901759357039
0.7022466752141802
0.7459371862609289
0.7496431930412493
0.7314637424472616
0.7754614905041033
0.8151475414594479
0.8073896184104028
0.8086347436116245
0.7684485866657356
0.6396513385635682
0.6318116475377844
0.6270397126057832
1.2777970897849844
0.7859386928773662
0.7229786886665720
0.6801132408510896
1.0799913871468316
0.7571594437678879
0.7673196344915706
0.8799538759810347
0.7644354000000503
0.9328433708310487
0.6512299220228409
0.9396851673762885
0.6932689581296694
0.6042827234007446
0.7172411507951857
0.6605612445208885
0.6095126710379906
0.6421078419930984
0.6028669627634825
0.7012239850857880
0.7572019197505890
1.0194413339353559
1.0593044840694787
0.7902002670073508
0.6037825229787690
1.1523080615615844
0.9685180916883007
0.6995892174015207
0.8867356594442566
0.6894617171720777
0.6350074550526935
0.8129410238357014
0.6234515055152741
0.6526256094668158
0.8887295068486878
1.0384130527300843
0.6049560901164278
0.9709448877341238
0.7849207523844074
0.6726525469408112
0.7414499015335458
1.1389124976517091
0.9802624055603083
0.8384628446435748
0.8160526589915305
0.6657707565961001
0.8539625268211464
0.6990963502551309
0.6389447823682660
0.9329079607684050
0.6219300840073384
0.6691055149648307
0.6235327150687353
0.7541755995442826
0.6732973251930578
1.0403171817561621
0.6737721680778626
0.6870974488314533
0.7547165395656033
0.9791889842286298
0.8527111279214439
0.9037448835657489
0.7453737567757502
0.6837555413505469
0.6080375313823205
0.8254417049554237
0.6582969892242749
0.6151094186847718
0.8521513236327329
0.8657744390642310
1.1172685073793625
0.6117915952940255
0.8307239166396488
0.6124427380475745
0.6266858070340209
0.6382413915001068
0.8198397262759326
1.0071804763715231
1.0349158493338302
0.9248425508062413
1.0257845116147595
0.7589254356081683
0.6395301278974582
0.6354412503876021
0.7182679769299517
0.7077488450970143
0.6024862094816155
0.7697075740780226
1.1198301319684341
0.6541222047996875
0.8682402548173639
0.7689295689890312
0.8715433377034087
0.8579236734414554
0.8790024652143952
0.9143801967763675
0.6801253820861208
0.6071350306256550
0.8884174994055766
0.6033399086668446
0.7849492550324977
0.8004875534796752
0.6008023057336335
0.8403578945644865
0.8362294666930085
1.0581897843898562
0.8486317874239518
0.8050380277788436
1.1397820040765267
0.7942579426701826
0.6301269680763809
1.1108686484022459
0.7922711144050351
0.9272888946689528
0.7190611347921316
0.6002455095868943
0.7448385157500997
0.7090889196613359
0.6265463005791350
0.6126336542682063
0.8665185201105807
0.6552881854848184
0.9098582667225024
0.9817503621531588
0.6003733312264777
0.6168205997158231
0.6607227864605099
0.6990330036525096
0.9481851156257637
0.7762067124073798
0.6912312410668483
0.7974349919973840
0.6917509859860982
0.6098318057144433
0.6558521609353151
0.8932455509702144
0.7068583738111518
0.6951863167279773
0.6228299511024504
0.8811314020311259
0.8724620653497707
0.9102406153619887
0.6092881772046702
1.0495219829209814
0.9837451738054898
0.7239959629714338
0.8163222819495950
0.7491086001865954
1.0452110719012793
0.6462204581948102
0.6023855504875812
0.7054484110541409
0.6902972650133489
0.9037450372978394
0.6700292401287483
0.6798101292623757
0.7004961030878847
1.2273665469739965
0.9346812645325780
0.8454557931656749
0.7148335873791399
0.9251178388675393
0.9809878069540801
0.8300819038712544
1.0666290948642563
1.0331935859269346
0.7867280894246468
0.6019854600144166
0.6150156015876038
0.9974793834386465
0.6126265707106217
0.6013595528705193
0.6724893591757961
0.7374917957452771
0.7279360957884510
0.8179280189653843
0.8063379652027584
0.9964934604907004
0.6877166930228282
0.8355685204497707
0.6207916308850435
1.1877533666928020
0.6502869617294968
0.7434325580973329
0.6601429820949276
1.0800242468116554
1.0437484200568872
0.7656827853524043
0.6736746038223266
0.6843791544486225
1.0255193795528055
0.8569222703078117
0.9844855655872627
0.7511352217407566
0.6633526457420265
0.7453491532649800
0.6106252174705145
0.6002204230523798
0.9300899370351798
0.6576105790449982
0.6013282911052582
0.8935699921687371
0.7219932890238115
0.6025791994619867
1.0542469662145582
0.7185741640701238
0.9425855540622869
0.6237138043380269
1.2303855714146175
0.9668264937784035
0.7191492248361500
0.8746512701656733
0.9559839231296154
0.8904279281534759
0.6652338297778339
1.0351049397812933
0.9586844334702533
0.6959705420742236
1.2266078359644952
0.7955424466625121
0.6582594626069955
0.6196402314629379
0.6747126138839994
0.8180558362736706
0.8031102137023095
0.8768120880095003
0.6009312991387248
0.7995737595175717
1.0408796310630115
0.9876345185780210
0.9396585594284621
1.2486852981633387
0.6559833103169226
0.6715092741999172
0.7212685048416148
0.6064889091964992
0.7300998726351442
0.7800438090561796
1.1179595802315045
0.8657490231934407
0.9091403439399551
0.6507664089293778
0.6651038061046334
0.6901330704473677
0.6427594268614822
0.9555116833211835
0.8106065419144498
0.7180859879351440
0.6078418064065043
0.6470740218736286
0.6011740508726976
0.6763364564534857
0.6928981340498561
0.6462105663874751
0.6510449035393784
0.6185127904021707
0.7964847582363002
0.8451064646272142
0.7274361482887582
0.6623143770569666
0.6675923867524011
0.7368984569670287
0.9848719079569361
0.8178981943311155
0.7516326119067105
1.0246703734694385
0.7883297616617028
0.7678212785972598
0.7901853313211507
0.9012998639215164
0.7354123674978850
0.6282881132671438
0.6431213981420788
0.8203594423528823
0.6212746690544241
0.6112293620153547
0.7231903041803420
0.6155991433167843
0.6585593928407397
1.0258278284400981
0.6167910298314793
0.9982987395661360
0.6978251116223274
1.0016046308320374
0.7129534718494915
0.8109343328227812
0.6360209581311072
0.6998264479363480
0.8431532922761946
0.6803338652980792
0.6259096124640953
1.1163304309341822
0.9153189175713147
0.8716190284046209
0.6625230733864340
0.9675906720780987
0.6708466541942590
1.3119581579385164
1.2543525204545742
1.0850132828168988
0.6682875571948306
1.0623620218691676
0.6128766667769144
0.7728734274691119
0.7224492716571213
0.7208528601708958
1.0028281151426799
0.7171899988300398
0.7046585696333549
1.0424086930112528
1.0909576226236792
0.6215987779732052
0.6364089491039158
0.6615739039315957
0.6486043088395985
0.6004032230688185
0.6036775344174881
0.9583914731266607
0.6056094811945694
1.1644727264554506
0.9875362263434457
0.6030870989161010
0.8090918780800047
0.6359634166858850
0.6916973514941334
0.6006518133624239
0.6651313973255421
0.6514296940825017
0.8265143431654897
0.6142291805662503
0.7034697946600922
0.7175987883512540
0.8057305419361345
0.9889687133656417
0.6859234443316747
0.6474109367309095
0.8272491171433632
0.6928864080297968
1.2301679812734623
0.8598307593852622
0.6051233639780325
0.6076726972487204
1.1743870737117028
0.6181746795612878
1.0000974850470568
0.9677738024000354
0.6896971211078815
1.1316997263983768
0.6696659221259977
0.8573226900265741
0.8173564279718688
0.6616948683928635
0.6491236125566677
0.9285922153015103
1.2635552744491003
0.8029633178237124
0.9548595279441562
0.7305541291276736
1.0726687194084679
0.7228474679906498
0.7044180103285154
0.6943717978625242
0.6665212000253208
0.6016937044224697
0.8549487115776269
0.6042805613796371
0.7885612336199871
0.6676738628629300
0.8302490508108007
0.6582053732774896
0.9400481360831401
0.6635445006667305
0.8886888877473834
0.7750154758461965
0.8251264818309307
0.6645604175910731
0.7107750459403853
0.8718065512027994
0.6100280033189952
1.1338527630047925
0.6403590865156213
0.7338335006726819
0.6673795942928951
0.6234472565760593
0.7373852084479167
0.6537909265592434
0.8363567970252079
0.7790352496642499
0.8818292103034914
0.6122210922310050
0.7065702517097906
1.1541690552082380
0.6728657844356509
1.0471505799222385
0.8912547892741699
0.6539693973724617
1.2020389873737278
0.7282981975064947
0.6256187196835450
1.0268012319607613
0.6034112475015149
1.1704800609844879
0.7895682632156900
0.7553224142334547
1.0989761658645614
0.8042915044739010
0.9013287206208768
0.6809307439034431
0.9216874522279207
0.7171902840415511
0.6163886249042211
0.8006343711489384
0.6996246051442032
0.8613221942764503
1.3027082576306326
0.7315109600679496
0.9223864165371015
0.6078024060572512
0.7575876216174149
0.6018802817251583
0.6776994040636600
1.0846739285860107
0.9329529107994111
0.6612352979669559
0.9495424115292176
0.6223823116364827
0.7831613278501934
0.6709221664230389
0.6071644495384075
0.6476292061165163
1.1481660472524235
0.9225933248523043
0.6195643029611327
1.0917361364462508
0.7740116691078517
0.7366929236044920
0.8036400096501375
0.7416283485731385
0.8331115637513622
0.8115302677881604
0.6579045779398415
0.6230722071766419
0.6845326422693919
0.6055624326983060
0.6376113448956890
0.6245991694163299
0.9365036466362716
0.6066442984808321
0.6848811116761867
1.0438108491656037
0.6001976401473539
0.9038114643166608
0.6778104096828748
0.7130611297803268
0.7074872354920332
0.6003844289201005
0.6445557890226283
0.8268765412886280
0.6685215748704971
0.9627353471837874
0.6393311752733415
0.8983151471391809
0.6688075193474005
0.8892718265783893
0.8470981005700181
0.9979051909771475
0.8371244975536875
1.1772363576644909
0.6069625767000298
0.6980153898663496
0.9586892747266410
0.6433075480191225
0.7387239755752274
0.6262660330119340
1.1880197061516500
0.9094459422919334
0.8344237551919446
0.7504280251401828
0.8254272554482888
1.0972649889802193
0.6337013624113137
0.9367606135534463
1.1287340765238085
0.6302730744564419
0.6045483456594459
0.6312523862029289
0.8634009104428962
0.6527872412947154
0.6686354225581393
1.1304357171479424
0.6682132786502000
0.6411146758784863
0.7182757133523680
0.6548217855487621
0.6161535735291670
0.8224312928194635
0.7076494253631633
0.8132872959365425
0.6851840907462005
1.0073244050238572
0.6007292801737341
1.1817349277139162
0.6391871535336432
0.6431318680414220
0.6053520035802644
0.7519722793031804
0.8964167101679574
0.7641121254821294
0.7742170270312803
0.8954259217536836
0.8244671675606035
0.7714426664315097
0.6524933015354323
0.6418733894271088
0.6511073332386017
0.8562396827153178
0.6262968671282536
0.6002919028188447
0.6205189440018761
0.6737654309189279
0.8532239921520627
0.6749697579103709
0.9688755429598781
0.6749524448366356
0.6297355462416296
0.9008209032367297
