0.4917425067660970
-0.1362950946808440
-0.6897857144483627
-1.4359921851803197
-0.5197032053933774
0.2068276155906067
-1.5644178307928394
-0.4311716863319251
-0.7509957212851691
0.0885960077706261
-1.3275361592070776
0.3497852792303807
-2.2940970089753767
-0.1802317382108355
0.0494252772463497
-0.2493666172693310
-0.2290408625340423
-0.0677314338427671
0.0018683742727214
0.0451161584965834
0.2440074269971453
0.0456975182071410
-0.2336085996528776
-0.4488880900960759
-1.0687458687096234
-0.5469059804988100
0.4828919671769345
-0.9742511300909217
0.2466308926213690
-0.7769251899068573
-0.3158407919717244
-1.5394283550178605
-0.4514912106046054
-1.8882216743409290
-1.6284815963043762
-0.3769893718053426
0.1438070303669383
-0.6230834943566966
-0.6763737287402853
-0.7208417887960399
-0.1864063347960695
0.0078042240396533
-1.0148537861754556
-0.3268143052374589
0.6349563150454829
-0.7937651647079464
-0.4647090635837078
-2.8478723958054024
-1.8903081205925449
0.2726922603489788
0.3571909254309578
0.2274435323508073
-0.0334938506910332
-0.1456895619219828
-0.1682758102890153
-1.5559812727006022
0.2970499839776767
-0.7791752106318131
0.4638424610307241
0.0063397838307669
-0.2736107448117093
-1.0245197503672649
0.1022997038058705
-0.4401183634998494
-0.2178583542837276
-0.8415121031941788
0.4715727770507641
-0.3292902883317186
-0.7336160488069772
0.6624031891925535
0.0460131097092800
-1.4260226522719937
0.3533058705653546
-0.7696245047182841
-0.2931144025646353
-0.5716059255663924
0.1691496864557187
0.7466820046993607
-0.4743261723032720
0.1011087042222266
-0.1805687767291851
-0.1659358120323834
-0.3695959861253868
-0.1242451702949766
-0.0600768043154063
-1.3220298058186786
-0.4377707668371609
-0.2858458629728449
-1.6347053719453315
-0.2566420268914177
-0.6101195469703781
0.0417804706367958
0.3528548901468538
0.2197749004817428
-0.0259907677261165
0.8459765709798676
0.3851402651721529
0.2307278050107323
-0.1731390749076288
0.3141034885583069
0.1378323894697698
-0.1089834198157260
-0.1401391167407173
0.4038055616698671
-0.3977175918952177
0.1759100754770518
0.1853584435114596
0.2748571396604614
-1.3899655151999304
-0.5253013192333679
-0.7912695941817038
0.0021434594297019
0.1541448694491669
-0.1392533923710866
0.3671066113953161
-0.6807803021934570
-0.6303096320706907
-0.0541706429212658
0.0695872107489899
-1.2883716915033241
-0.8930015847978076
-0.0561688513492918
-0.4253949301167257
-0.4407659446630675
-0.2323018894700815
0.2263017882698959
-1.0160344337011178
0.1795695089597159
0.0115996128015587
-0.4889149970114714
-1.9102856937049080
0.0958713801440448
0.0504710372377111
-1.1258147010486004
-0.9672496370948820
-1.3808679291341581
-0.5841463724847638
0.3048275183782032
-0.3116221858229380
-0.3138271941629158
-0.0375458027469735
0.2117134810160336
0.0955422557525571
-0.5986848117095485
-1.4777806206047626
-0.1832626550281958
-0.1226484389482600
-0.0747580229442991
-1.6733887932163010
0.0008293548430849
-0.4765816878649778
-1.1064680935235389
-1.1912157299636605
-0.2202124111156815
-0.2549477992113398
-0.1381286566827875
-0.0678597299215004
-0.2926948155982497
-0.2742769795395240
0.4083309445783826
-0.1890857503956664
-0.1802188069803712
-0.0569026447028422
0.0091074527902341
-0.0611358921881939
-0.5429596431433531
-1.4143040288956317
-0.4834638966632899
-1.3313010093034385
-0.4920255246731902
-1.3654040422976521
-0.2574501150652490
0.2879993586852229
0.1216596467354096
-0.0319952751470709
-0.7136901759647553
-0.0843391039614791
-0.1216101286019902
0.1357578339221852
-0.6846339510939901
-1.0927591323895764
-0.6589456403871802
-1.1022158347086219
-0.6943328114042262
-0.4463118531672099
-0.6877136720868227
-0.5812263070160627
-0.7014718096431288
-0.3538437980726179
-0.2413701635717536
-0.3942558887214598
-1.0917534576028221
0.4767488451252768
-0.0847769979907108
-0.6051121032496044
0.2490452327062606
-0.3690979769310226
0.0411215377894980
0.0971505068624990
0.4075122054251376
-0.1336159587684146
-1.1081559453966563
-1.2760308372713174
0.2484161038605694
-0.5648111567058601
0.3949626585374017
-0.1999575865150817
0.5335503765266221
-0.2608228929259525
-0.1664719909938025
0.3857075083783724
-0.0929549908112191
0.3198233100800737
-0.4784565647730883
-0.5187500277177197
0.6729431201304005
-0.1037101861847889
-0.6209679929046618
-0.5107862093756443
-0.6254898952947427
0.4430556210536737
-0.5261872836257369
-0.4921855063556327
-0.5752299345507667
0.2129415506075427
-0.3071874633700695
-0.2221397429831223
-0.3128152683384384
0.0279514135827112
-0.3822978059350250
-0.2682528008561956
0.5037609686840067
-0.0774234289786331
-0.6986368690350988
-0.2030153153411271
0.2204181519383200
0.3346766379094297
0.2567155468516782
-0.3878112635592346
0.0271105911919688
-0.2816131144255861
-0.3547772554750129
-0.2522299453184024
-1.0996702533064067
-0.0116522704200852
-0.2696457096502210
-0.7991984406385533
-0.1259610091815848
0.0186806231365379
0.1351179990036899
0.3600347356168966
0.1870952713487789
-0.1900805126582092
0.0312647510130911
-0.6176102450420466
-0.2005265753787611
0.1264745747648312
0.1231115974511106
-1.7530299150701623
-0.0388497125422306
-0.1974538588622212
0.0609382655533899
-0.0424061149226213
0.0120134546850550
0.2627011426261427
-0.2058515870206958
-0.0909722554251803
-1.1114655463244469
-0.0821235144543406
-0.8891435400148577
-1.0107245969295526
-1.3973959857071345
0.2786640931966425
-0.8902660873235005
0.0214402573086951
-0.3282410869015752
0.1014589276415754
-0.4840581171715437
-0.2838600325755327
-0.4791692625579869
-0.1112860065857265
0.8202558254253872
0.2686278166703542
-1.2222999501561873
0.3377576687070205
-0.6533753015142330
0.5143004387318295
-0.2421914155716164
-0.2521791478049720
0.3506045129966304
-0.0090988673401022
0.0615620898189054
-0.3561642703021951
0.0953382199781951
-0.3126275942379759
0.2879585857052248
0.5324744201955880
0.6321716010716850
-0.5055837966419178
0.0515604168201957
0.0279846842413368
0.6893737296067547
0.1190731038633552
-0.0202165427664108
0.4198862848921046
-0.3611402060816408
-0.2560130764580165
0.0877320084199592
-0.1127697543102388
-0.0397591881486035
-0.1889421402480245
-0.4960484967392509
0.0567173909601450
-1.2614786845241270
-0.2985875223220197
-1.0389859372103700
-0.2747081660227239
0.0997323823782229
0.2960070261373489
-1.6703370532213868
-0.0214298911746378
-0.7466853899090747
-0.6389020013534515
-0.1852917589404122
-0.1236365607878223
0.6623395807471679
-0.4569273023297286
-0.7474083122655198
0.2539665538820856
-0.0368606976644041
0.1465830923913263
-0.3468239041730632
-0.3509043965971649
0.4727482760063739
0.2233988626926884
0.3457862857165578
-0.9906922278521846
0.1163585794728857
-0.6716654101574316
-1.5032100769099439
-1.8911241025483416
-0.0207831225653246
-1.8559380085058217
0.2189939408074078
-0.9716110056667312
-0.1227430363762104
0.1506521668275885
-1.4055056052277977
0.2272682767529003
-0.5147587662989730
-0.3768950627754268
0.2866218790958502
-0.7591587168005788
0.1229169194883654
-0.9520583518441327
0.3677695832038237
0.4600615904968438
0.5335426977552323
-0.5335303811844471
0.2309052401028948
0.0964163995850162
-0.5857098844824096
0.5557270447413717
-0.6525031921313231
-0.4571705655178854
-2.0579711936794141
-0.6622558416605036
-0.6473533412996602
0.5596001898597264
-0.5807950860479365
-0.4892880573059334
-0.9012925852566217
0.0413548662023852
0.3014721797478139
-2.0849629856218650
-0.7480682579521603
-0.6321743349116253
-0.2756991891448063
0.1243297716977477
-0.1673264384457308
-0.6343143764029253
-0.2624398391329271
-0.2046432331436032
0.1512787485849716
0.3745614673920594
-0.0960826653307725
-0.9509394043348205
-0.2919923705298680
0.8061755112772950
-1.1960367641143523
-0.0272126190721611
0.2889488404043980
-0.0325835395161887
-0.0596505340846814
0.0127242145967200
-1.7216124325511306
0.0004345347229206
-0.3143618431105189
-0.7862763808440528
-0.6643325140438257
-0.4732110924287331
-0.0925545995752966
0.4218483896414998
-1.4349039298883339
-0.5679320037797790
-0.1793764461023728
-0.3919046707375341
-0.1105409831877268
0.0761061083389791
-0.1344300540373470
-0.7705061407780929
-1.0935318119472119
-0.6222629425868000
0.1721771973551061
-0.7494032584666875
-0.3045910789166296
-0.2792991451577044
0.0053536722436946
-0.0055681395227221
-0.7514752903321262
-1.1894273308746657
-0.5115543599242943
0.2918842845180852
0.1759277661714007
0.1157826024733143
-0.8399737247444944
-0.2220753521377405
0.2262640419345063
-0.5609051004148435
0.0969656248521953
-0.3083966967892368
0.1927234421104747
-0.6855989420672242
-0.5925693889799657
-0.3714361073761548
-0.6541578990455831
-1.5211418824642586
-0.6797779176358503
0.5466698789788905
-1.2374161399969636
0.0480582508314245
-0.2992790802724271
-1.2513689384001361
0.4271211213138745
-0.3396916408322728
0.0633118965644597
-1.2360173416792211
-0.6202199534087045
-0.4903450282154008
-2.5074370649391198
0.5890812507232012
-0.6989948255072299
0.1248194494532331
-0.6953422099348873
0.2249671337881877
-0.2952974484182395
-0.3306652210466509
-0.8267584791151827
-1.2416631105728266
-0.2841480359164816
-0.3446473160681166
-0.3234028309257246
0.4726945656575504
-0.3525133124601053
-0.0415325252292471
0.0457093691831841
0.0797150176403103
-0.8117128762974054
0.7703992077810932
0.0774069498036773
-1.0190900037957553
-0.4616228557449491
-0.7021267525420080
-1.2276941295173769
1.1002988413622377
-0.0444896932117140
0.7523607287301128
-0.6907932752761570
0.2127906275885003
-1.4700371081053814
0.1601054322208780
0.4856415939331191
-0.5645396535780413
-0.5406836062534216
-0.3352109856576550
-0.0574304016462079
0.2289869795842669
-0.1399978296777130
-0.4627004901895452
-0.3467096249799722
0.0456868467264075
0.0400336740725800
-0.1734184276911283
0.1784478273320504
0.0017130617837932
0.1116780050870790
-0.5761755459792850
-0.2780139169675127
-0.3133799425219174
-0.8323114768638188
-0.4159087061703047
-0.9131991670815344
-0.0258232414083337
-0.5923829325278570
-1.8649204277048383
0.0516936545472551
-0.5227290360841068
-0.1504121392706811
-0.5918518149074293
-0.5249572271391623
-0.8964759059164658
-1.6055354878663282
0.0353232315333591
-1.1656704147499091
-1.1832804705309783
-0.9572718245920128
-0.4662175493242550
-0.2899125288171913
0.6325846538260995
0.1047320115062963
0.2559465419726999
0.2728758320550346
0.0356560360797607
-0.3994721325585251
0.3094989886265342
-1.0271714154742690
-0.9712512620906262
0.2280213082383062
0.1958558395179921
-0.0030635822030212
0.0760597525625554
-0.5603387614901122
-0.6641328870035094
-1.0682270652545967
-0.7673506139995466
-1.6404391258436917
0.4846589539039448
-0.0934264461383369
-0.6641365113491676
-0.2461660241060362
-0.1863322360260727
-0.1053134370362949
-0.4843567960097236
-0.1869575697479816
0.0841607731241587
0.2903979885634232
-0.8369988268822187
-0.2832305511151341
-0.1576732343799883
-0.0204870119117120
-0.5794350527213391
0.3028188643966132
0.4195639630093015
-0.8016331498172101
0.0875895574834415
-0.3027892942679062
-0.2361964475830149
-0.0878824298436387
0.1867681258180759
0.7345256182753851
-0.4819960090985505
-1.1519276374341993
-0.0124889102897158
0.2822640907898410
-0.8339145142342247
0.4132103054359788
0.3017409202683108
-1.2454289492090429
-0.4245706539574512
-0.4550716209453625
-0.7002556784008880
0.6341643748482766
0.1940992279843021
-0.7670007033417893
0.0936280562444527
0.0453640853865401
-0.4643976486964924
-0.4163459021209310
0.2803950331627093
0.1232490851178277
-0.0816441569018296
-0.3001302285033174
-0.0347295247204394
-2.0746681759856300
-0.2215394657268890
0.0316088013929305
-0.0090896875010353
-0.4258897749703811
0.0044040213902418
0.0296942524027178
-0.7631206695219611
-0.1321133584277737
-0.5540620318315091
-1.3308624873558288
-0.0158755159412019
-0.5909493185941738
-0.2140405031073783
0.0952653357845534
0.2561600427768146
-0.6448636218055483
-0.0523660595662214
-0.1619104130263804
-0.2696686900769182
0.2841996578259661
-0.1251970836846602
0.1164880958739958
-0.7897443670921074
0.0068160510866383
-0.7130589560276545
-0.1522819348191227
0.5289268209268456
-0.0615134616796407
-0.1181480910184214
-0.1339926296898701
0.4595231302010085
-0.0315642780030399
0.0195067553194424
-1.0624541073896281
0.3645134501976694
-0.0563936112424627
-0.0990110094366028
-0.8649353086347045
0.0492831585139818
-0.4871363565772921
-0.1501023806855549
-0.0201152389734374
-0.0462212949968344
0.3384701042318349
0.2175763996575042
0.2519907099477387
-0.7177801904337243
0.3662481016004253
-0.0554071458766958
0.0130843499048850
-0.0507579970289939
0.1813118289225556
-0.4581034490474983
-0.8178209921492218
0.3005239135905091
-0.6167044950551940
-0.2887608426963924
-0.6688738813657883
-0.1370907390755581
0.0631602692601293
-0.5214168219375488
-0.2141515168416371
-0.4182819945301853
0.0976639640531822
0.2174606268767273
-0.1939084580136422
-0.2651009422080533
0.4611579123674227
-0.8828880048491609
0.0859540137178629
-0.8042297768768362
-0.3848671442545679
-0.4489832555197870
0.2630412174714830
-0.1944238347293429
-0.6397665953573700
0.5084612145347633
-1.0595766305470860
-0.2236051771061724
0.2386003065789286
0.2591661066288583
0.2029127476587026
0.1232769451008268
-1.0625927407219726
0.7524709295283573
0.5011155710273687
0.3604842982877295
-0.1481257877805363
-1.9341795233300703
0.3072074558061277
-0.9590454972678432
0.3894225579055677
-0.3732278975409722
0.3560266670770416
-0.6434137297803001
-0.8708947103633473
0.3389994081563033
-0.2449251307867573
-0.8301200062751798
-0.0760106797738624
-0.2980643155758400
0.1421892958918922
0.4022047417496815
0.2450512247399654
-0.6153176127789962
0.0261678812526299
-0.9802327838722177
-0.2553881846782680
0.4007341882359610
-0.3589083083414982
-0.1772697587750190
0.0895599432269974
-0.1739651698544418
-0.2526395248475820
0.2814656125237454
-0.0227993943926466
0.1682066222513072
0.0644716058405953
0.0466574342463889
0.3106278523721006
0.2968839664395465
-0.4015037929211304
0.2475559346648120
-0.0277907523859776
-0.0643347343813346
-1.6957025160207764
0.3199956058981904
-1.4031412524718490
-0.2156102053329089
0.2951097019791457
0.1226999054552941
-0.2090156243003236
-0.6333204875849558
-0.3172814652304679
0.0982423553916417
-0.2625822422347484
-0.6481834565990178
-0.2225959821713331
0.6579747815776139
0.3642368048484180
-0.8203784941502924
-0.4857621773821516
-0.3631301770192951
0.4546821208664754
-0.0188416959198976
0.4687653591677942
0.7308670730500358
0.1174099573273917
-0.8246027616684861
-0.5594656170548222
-0.5078181077075221
-0.5458936957259898
-0.2798678119758243
-0.2468778245669339
-1.0484123958004603
-0.0013728910745287
-0.2768823409903678
0.0959748850679270
0.1803041400789976
-1.4095475703261513
-0.1886164365393889
-0.1086610110047984
-1.8822038969437331
-0.0638522017719460
0.4704734064511907
0.3068681385688273
-1.2150257075379591
-0.0411643046938643
-0.7324106788847159
-0.7178362397748813
-0.0038808475546729
-0.6675710794069609
-1.0533768492994038
-0.0095226596743769
-0.5579479371407208
0.6239316413114097
0.3715674929707298
0.3487140347099656
-0.2335070775157779
0.2058180309256865
0.0441215191408773
0.0508490694111267
0.1385730975261354
0.1879413893873901
0.1170595345732804
0.1226797846488796
0.2080869518184311
0.0756267788829439
0.3324497761156567
-0.3092530323964299
-0.9447487719106314
-0.1828207052961891
0.1169822806053562
-0.0037444236860231
-0.2876429437557273
-1.0956025322830230
-0.1483536398492944
0.8318529599062766
-0.6247714349405660
0.0860667779746935
0.1633202482322432
-0.3859467153747146
-0.2290682855074417
0.4004250541681305
0.3128397077523348
0.0365509428508458
0.1767158874791467
-0.5362240332880841
-1.2990386097544067
-0.3150728093033320
0.1330321327298638
0.4503933090897844
0.1196462951177342
-2.6837706411244522
0.2898708729976065
-1.1042328060810840
-0.9317145021362978
-0.3387548518035201
0.0304246218901237
-0.7254771924946870
0.5896479812012511
-0.1855120690805191
-1.0060807095419957
-0.1088306749395857
-0.3938069581559786
0.3983343462532252
-0.6304830356647414
-0.6336339495781316
-0.0904980502656114
0.1567876332926809
0.1306940118012251
0.2665918338811341
-1.0577821786016597
-1.1478446298120129
-0.3409381851645601
0.1488077308623699
-0.1438570694808769
-0.3855033924714190
-0.1433736248051428
-0.5077950506807277
-0.3907348452483598
-1.8790577205355790
-0.4149233441503692
-0.6611718667904349
-0.9910765135434809
-0.3725456285921168
-0.4729961511732171
0.0375506430437246
-0.2543310089847401
-0.8957860533280090
-0.0080088584968082
-1.6998271000332887
-0.0617974500925968
-0.2391390614588656
-0.1594120818110698
-0.9373575858273941
-0.4316787070311530
-0.8739257923185304
-0.0659778088582808
0.0438391812520686
-0.9406151068037889
-0.4832382558600410
0.2491707215565956
0.3542785437866592
0.2548637293373359
-0.4880749987206113
-0.5246777964594704
-0.6099691225233514
-0.1940221524135108
0.4181760678208081
0.4344740227747418
0.0917287372385458
0.1756578535872759
0.6598743110683570
-2.0132827666257787
-0.0995681326170528
-0.6050551001613774
-0.2242344890113963
0.1105286550199326
-0.1788434022885079
-0.7054519561369267
0.1507495249582240
-0.4083941568042491
-0.2221475545829087
-0.1960980222647649
-0.6432247963366911
0.3019418450913696
-0.1617390924629847
0.2594943226975338
0.2491850081617881
-1.2609638617638694
-0.7026989951651377
0.4238315617600050
-0.3642180289830110
-0.2412185944759291
-0.6819733992816157
0.0599883273080889
0.1755012633150854
-0.2499144779800422
-0.7368779612555454
-0.0486907238026056
0.0134434923527122
0.2744125798986757
-0.7483351613309924
-0.1448372897579351
-1.0877048708043777
-0.1960852758376582
-0.3530165727258731
-0.4953197207210683
-1.1171981745821837
-0.3116839329286042
-0.4512193526002874
-0.0317747380829638
-0.1070308932434551
-0.0238940364081537
-1.0099597823906923
0.0792054521337167
-0.2701998516432614
0.3432666321837986
-0.0359496391263610
-0.5060946560711589
0.3600510570312301
-0.2345408606740176
-0.7430607154388352
0.0736403041040618
-0.3264409785577485
-0.9265218841096786
-0.4792232381407485
0.3727043856770019
0.1619286786808853
-1.0451382134725629
0.1700840014290547
-0.8712333155711249
-0.6493315441427654
-0.0793343009804241
0.2744094008604755
-0.2310936816789379
0.6104014897137359
-1.0824771865295153
-0.4020047537330137
-0.4503889561467295
-0.3746483189607543
-1.0452574846412155
-0.4169879034259934
0.3408264609162642
-0.3275817141252261
0.0833805763170531
0.0353504228047374
0.4576718388624064
-0.1772370867889377
0.4935608525905936
-0.7429483790959925
0.0753593599404560
0.5399447424149195
-0.5724922117153419
-0.0964029987747626
0.7128534711205468
-0.2714404031668955
-0.0732758688382089
-0.0666225291953351
-0.9535339855714532
0.1452591188546691
0.0457053197965801
-0.1048122367306420
-1.1159752243198466
1.1756828106530830
0.3243909464202486
-1.1903717115628523
-0.4648264016319036
-0.2070830656740636
-0.1694098913778103
0.4594213819998417
-0.0259682124036669
-1.3383617340423000
0.0709767858741559
0.2073681400827089
0.4809308095760715
-1.1945573973178827
-0.6591207147691104
-0.6638829527943101
-1.0743556762865791
-0.5616188556276033
-0.0024911220792352
-0.7201469876901694
-0.2703055111972001
-0.7734916817317514
0.1532681502201370
-1.3616235937073453
0.1755929684582519
-0.5650406993284302
-0.6164598131513921
0.3531371992867555
0.2076643899049473
0.0065441927048926
-1.2277678506579188
0.0816476761647956
-0.4523332928179226
-0.0243691163226855
-0.4372730559334042
-0.0341324727765406
0.4363876716217022
0.2680660598500695
0.0114158264427167
0.2920790608922186
0.2746383055468167
0.0246597128705726
-0.3737010738414160
-0.4294361990233572
-0.3069291239927983
0.0609181186444550
-0.6350795853938513
-0.0252737994754340
-0.3998514891887395
-0.0078238686084246
-0.1042289072416859
-0.7731973868030994
