-0.0868603365800299
0.2899986924560146
-0.1694832272056145
0.3882907734136490
0.3477550289942438
-0.3641798760899539
-0.0105370881040692
-0.0239484521390847
-0.1239900520773257
-0.4387020926810070
0.0480447942244119
-0.0567855930028850
0.3020526640135628
-0.2681434675429109
-0.3421838817697480
0.4309249379344140
0.1339316017656833
-0.0550023586583203
-1.8857479492770177
0.1003804781802784
-0.2819100055018981
0.2716279041168290
-0.5286291272544533
-0.0774393385639441
-0.7492032229301679
0.2574894624987897
-1.2998094107349296
0.1940264634961499
0.7604663666106803
0.0546399409586459
0.0990044442730209
0.0074570698362806
0.1622655113706490
-0.3597091045046943
0.5352771247458226
0.0055780824756746
0.0915421002144337
-0.5992636243418854
0.1058138137882296
-0.3381771784729826
-1.7888230472643145
-0.8441829473046417
-0.6180744727464283
0.2191223718666541
0.4429864686584194
-0.0472934158305445
-1.0123113131301062
-0.6386836995276500
-0.4728129104655451
0.1360109146252290
-0.3977980533327174
-0.5510286876763393
0.3334697621877211
0.0366013788948330
-0.1397337742349667
-0.6651822585465560
-0.7064795431262787
-0.6473559429790821
-0.1958894181126308
0.1174347232654676
0.3102089791998139
-0.8698897210147520
0.3342498853557432
0.3050737642038917
0.1174193119140084
-0.8114441950030309
1.0874759205935889
0.1505269175367673
-0.6365053795232083
-0.4269956793795649
-0.0641929010668911
0.5254018424627855
-0.5168252670879455
-0.5485360447795677
0.0428296498941066
-0.9250927672274755
-0.1862041477481639
0.4108943889046190
-0.2734968359593032
-0.0593323188168297
-0.6275688137729495
-0.3554505964809659
-0.0625764655296687
-0.3624389130027769
0.1058240846588366
-0.3266698040537546
0.2277711447407348
-1.0854805114142005
-0.6295134045108652
-0.4366750552432567
-0.1266287016822877
-0.0066590570968136
-1.4969376991942338
0.1205658949559378
-1.3367272505581309
-0.1341664870072586
-0.4879272272960011
0.0838753221998020
-0.0756677557811886
0.2055858422710040
-0.0114024922067473
-0.0226854782145997
-0.6384748435478836
0.1609958795943051
-1.7374098924820676
0.2087428984705632
0.3980094508688345
-0.0049858792407298
-1.0022679075866570
-0.3095469409427564
-0.6064534265775364
0.9525178325559432
-0.1619401463530090
-0.2424458860582168
0.1496997163118457
-0.0356845815930750
0.1443160991284358
-0.2309962316034928
-0.8310290855089536
-0.2284282187189051
0.2160719319789419
0.5365013117195551
-0.2677764234490652
0.3994336281553917
-1.1169215064946580
-0.9429813441903893
-0.0520295106638256
0.3820842325407933
-0.8059348204204144
-0.8136226037126304
-0.7794324918889886
-0.2236442706735819
-2.5394816709772243
0.2051551951197285
0.3044590859551906
0.1286251087909604
-1.1069566575477665
0.3139777752677430
-0.8799072188990078
-0.3382749700875620
-0.5004385360015111
0.4187316689926577
-0.1142854967813299
0.1398354847735765
-1.5945923199459815
0.3533493121686079
-0.1030146002952743
-0.8214017579014273
-0.1793965033541223
-0.2584029291003322
0.1280555963951318
-0.9099523176188721
0.3891159736844479
0.1814959350877509
-0.5168253783428748
-0.4169023652215777
-0.3939636109330102
-1.1215244755312235
-0.4508652864191143
-0.1445447294787092
-0.9183542340627673
-0.1302416854423854
-0.2387321459792227
-0.1118279923686615
-0.3298255593121160
0.0316167711284773
-0.9440440968961666
0.3439361199872486
-0.1689551273268682
-1.5009091771475338
-0.4418308676309308
0.2477604576622296
-1.0637937738592664
-0.1677862711686700
0.5693709563521729
0.2837407778151882
-0.1231065968226776
-0.1528930908547782
0.1281320342267474
0.4101890842906961
-0.0226769697006203
0.0621977656692983
-0.3856526400451674
-0.9116316481132278
-0.1564194148959650
-1.9008436301203173
0.1215094486270976
-0.0521626336495236
0.1862969745544939
0.0914537479481119
-0.3475688368347732
0.1291920010948426
0.2848770151051273
0.0464847568378700
0.0414575118296216
-0.3869431222253717
0.3927613586001976
-1.0377931041097139
0.2732683354953515
-0.6267942327216828
-0.2893475719113304
0.1187055338956290
-0.5229769842549864
0.4124472081614479
-1.1942684177033034
0.0296095210690768
0.2100554539513031
0.2304296169731704
0.3314562505330191
0.0211913524749313
-1.0152179191077668
-0.2978195627080014
-0.4620712822107600
-0.9327556087678808
-0.2280082344102278
0.1075899409900804
0.1560931254194370
-0.2278787852370110
-0.7032199201844802
0.5429961163877814
-0.5669151168884985
-1.2284191999067000
0.0313045295460996
-0.5216852675146056
-0.0468931600963861
-0.6651684472366017
0.4129625043035728
0.0591325547661003
-0.1085721533742844
0.2034389732473976
-0.2436399439687519
-1.3249264661362610
-0.6786043887240298
-0.1868937936509357
0.3161989373355360
-0.3739591240609164
-0.6128001009279236
-1.1079565711541064
-0.7601490893120063
-0.5989388319044137
0.0105266276750531
0.1064865707100149
-0.2794098144084328
-0.2583719581349260
-1.7210795559236234
-0.4642655341650321
-1.2649245737805686
-0.6636022231155250
-0.4531641553065688
-0.4871154247943534
-0.2390294849737961
0.6136893260820732
-0.0865115149467334
-2.6351369066735728
-0.5074244644573315
-0.1916218774050414
-0.8686958259542058
-0.0423252770018996
-0.0185365029863696
-0.6449946371723575
-0.0488875595754735
-0.4588061163254465
-0.0738380030551211
0.4342315060285081
0.1072966734759946
-0.2937117012016057
0.0525368525325409
0.3692650645394221
-0.5078315277485835
0.3729230323874342
-0.6643448042683364
-0.1095364919357986
-0.0905153824509599
0.0210274462924550
-0.2877498333248934
-0.1288118549317164
0.3958469089188629
0.2429895269310082
0.6214291790066957
-0.7774934387624335
0.1746774210308096
0.1688883245570508
-0.1007662514038315
-0.3633196028506554
0.2436533953692966
0.3516465740185000
0.0037749471142247
0.3991748827421505
0.1748227684166348
0.0443290650084949
-0.1559849264966512
0.1137347379331186
-0.0356685203028276
-0.6427335411276285
0.0235545079885629
0.2252495066529102
-1.2990726020955952
-0.6811560263087397
-0.9122104555048329
0.4145710110904969
-1.7440043645457473
0.0437493506760110
0.5413582076559590
-0.5021181557115942
-0.3867594263568269
-0.7074777709061487
-0.2962629891582225
-0.1183101189144147
-0.3503070135641331
-0.0479385294851796
0.4806915757677893
-0.1153328791399535
-0.1533742857235131
0.1361551561271440
-0.7200212839065468
-0.5104522880307505
-0.2750090572053230
-0.1085331558187011
-0.5925028049166514
-1.6151522521927952
-0.4065362493637330
-0.4209063533095794
-0.8171625026261395
0.0155026210654082
-0.0707363252057115
0.0666862461439926
-0.2461120871350848
0.4954873333581649
0.2053815043441778
-0.9055854524579757
0.1533167856165919
-0.3001125858578425
0.2811977929666591
-0.2312575980202149
0.1403965780655521
0.2997805999469045
-2.2326222044523223
-0.0061069853358370
-0.0121018365617114
-1.3788538023486965
0.4221703424167073
-0.5503105977525731
-0.3746435228420292
0.0283509422732830
-1.3077646615017062
-0.1597938100984449
-0.6480730612874436
-0.7160223713041245
-0.6360878706920967
-0.5965678731623262
0.0150328100816492
-0.2363131614212149
-0.7733288411778282
0.4304591123676031
0.4190185856634424
-0.5931429552999425
-0.0306889132535835
-1.4788630541979226
0.3794464795008677
-0.0395414051133201
0.7174141553595001
0.5573212903820035
-0.6189706976165578
-0.1010941131374191
-0.6435966276330151
-0.1564643862568906
-0.7423927111219156
-0.0160577533595143
0.0174722494011606
-1.0795524145146753
-0.1748716820066288
-0.5623788593782929
-0.0037430231797853
-0.4300342311609864
-0.1022877315937333
0.2110955615668421
-0.1183171406228492
-0.3808636951343677
0.1178578365245445
0.3950948459850093
-0.2718651842413664
-0.2705614228297422
-0.4588173071736572
-0.3534599425012299
-0.0253338779541906
-0.4142506592340634
-0.1603062117617005
-0.8495004289634783
0.1376505467082506
0.4526538801532172
0.1826765720148941
0.5937511272454743
-0.0217816055591960
-0.2689542602023330
0.0922916099096135
0.0067624615904529
0.3558199865949603
-0.0935415747616622
-0.4127120894856499
-0.2087769325364910
0.3276883625395118
0.0173712713689148
-0.4349330442414098
-0.0172177745855106
0.0262439753469344
0.7119520310645389
-0.0701562635904483
0.2095881647165693
0.4382589390699083
-1.0908709196423487
0.2931711816397031
0.4136072295918630
-1.1414291944113617
0.2889649227600143
-0.0644189377096616
-0.0737374112122833
-0.3764546256540469
0.2208790451152179
-0.6156670128456058
0.1032386617593123
-0.0748274091920803
-0.6815949763012515
-0.2003224011632027
-1.5479279094329186
-0.4032128222505792
-0.5479488108969420
-0.5055169626786071
0.5134481977121416
-1.4008789442322498
-0.2539166166785721
-0.6914451171919475
-0.2702695864589774
-0.0795001532222424
-1.9895225382316426
-0.1670514099135865
-0.9920107366606475
-2.5056960232090670
-0.5862940787537906
-1.0557096893332159
0.0270500784937744
0.5440470780335249
0.3243691262727356
-0.5328336215402841
-0.3427173530193869
-0.3756337985823163
-0.4164639345213458
-1.1997795477297253
-0.0617707619589947
0.1495957968381992
0.0662144550358362
-0.3483763934499192
-1.5122078565328723
0.1959554300734725
0.0656000228488518
0.0945515838350731
-0.2771044603162631
0.8230546769175052
-0.9124918927335014
-0.4391043982491428
-0.3496613924596242
-0.8638543127171343
0.0285308626983369
0.2215298231350661
0.4444907219512886
0.0688663354984264
0.1840799048633819
0.0867778936855682
-0.5351570620144274
-1.1127199325088841
0.1207645794632544
-0.0546004674640816
-0.6403485890277061
-1.0412133234575023
-0.1253481443508014
-0.7227069534219855
-1.4463195109928728
-0.0739231812307254
-1.4289893547349752
-0.6599247993759716
0.3540291904318175
-0.4340800846249823
0.5811498686868464
0.1419140128748405
-0.1265620853126119
-0.3500473973915536
-1.0213616631512732
0.2457195946045419
-0.9427184209799450
-0.0700445704424438
-1.8469353601964933
-0.1367593085204645
-0.0298782575882043
-0.1362757568343542
-0.2813138774476326
-1.2770235517105617
0.0772293849310352
-0.1999063231744152
-0.3862134318091696
0.7230317823689982
0.1872084771176588
-0.0778138755257278
-0.1566233789359384
-0.7849906339056759
-0.2762536990388897
-0.5010097990689834
-0.2218652783994873
-0.3378192820274754
0.2093260728261979
0.0797935619149970
-0.0881291452803855
0.2356937241877684
-1.0376130772504526
-0.1336590033316951
-0.7328115435032873
-1.6433370247392687
0.1230883767790367
-0.0967083349012308
-1.1100629764874188
-0.9982349559904408
0.1737853802970631
-0.2619793527016885
-0.2200193858909906
0.4031676708667834
-0.2430360783477314
0.3820923177562821
-0.5809100425796661
0.1680100640253935
-0.3004352497125720
0.2291425879081500
-0.8739278627499635
0.3258825392084072
-0.3305749623336803
0.3427284632528354
-1.1796399465662089
-0.4830961219915075
-0.8109266767712805
-1.4217865742635361
-0.2243091643443564
-0.4242751413700877
-0.3861291829417100
0.3774838388821661
-0.7880825320389575
-1.6715249762161117
-0.0241151739397148
-0.4011866429940041
0.3271228457191942
0.0009938964090750
-0.6012054658421739
0.6369563605653702
0.4497669688766423
-0.5192369930167781
0.2587975654553185
0.2684954581234673
-1.9922747935393408
0.3644890481440064
-0.5427426543193073
-0.6769673238667172
-0.1956825486941893
0.2516871985847145
-0.5888463996296068
0.2410267161809108
0.2311402643247567
-0.4214204445749474
-0.3302464294569002
0.5810636179020170
0.1634648189317956
-0.0513908386304200
0.2290785223032918
0.3032088041442838
0.0425572047500266
0.4262816704624239
-0.1095622183898832
-0.5927050956990135
-0.7256833349768466
-0.2269632293005339
0.1470186945549160
0.0791524905148787
-0.6129345466839535
0.4881972221597457
0.0768491775664361
0.6799553948668202
-0.0600067533861185
-0.3845501090145022
-0.0142660622729319
-0.6628048636580333
-0.2484496380947742
0.4323727063455519
0.2633232968358222
-0.0878424724238328
-0.0982166140813100
-1.7282391530947698
-0.4497220124650493
-0.2766878556205438
-0.1461394480462793
-0.3548419467107544
0.1573294049670272
-0.8533149437060843
-1.5424515596362505
-1.3856262604600698
-0.0745820151959288
-0.0588174187987060
-0.3419032331887017
0.3460346698553985
0.4223373813784441
-1.1497781472389248
0.1171230382896136
0.2398853294282679
0.3059092858056769
-0.6598635984176509
-0.3074827595157160
0.2306995009157368
0.1624793394572814
0.0335254826398219
0.2633773739087295
-0.0249695965005927
0.4399291251386906
-0.2731478688649810
0.1216551081167572
-0.1828296758449386
0.2620990817913394
-0.2235899466338471
-0.5385229071662966
-0.7594356679026067
-0.2414335653768382
0.1348312990664997
0.1224017397579846
0.2123110623938353
0.2982445330813586
-0.5347675764672332
0.0711549974998752
-0.2271187652883227
-0.2699980511774324
-0.5309940710957679
-0.9225587148672262
-0.3597218683919747
-0.0804204704196449
-0.9312506935389178
0.2644384626511000
0.9115736814047126
0.0038261922282755
0.3153415380335373
-0.3118171682770686
0.1851562030585627
0.1930958151871624
0.0213687380615231
-0.2490146072131179
0.1927935478474404
0.4874319056998442
-0.6007998213667995
-0.5119162790914600
-0.8888822296356583
-0.2975539344046660
-0.6992025839681333
-0.3611914802061664
0.1597421116777509
-0.5340901422984696
0.5720315992699836
0.2499659415722775
0.1261957584919782
-0.5922649988493455
-0.0366870291707979
0.1361904254206264
0.0345138602840240
0.0725933418189052
-0.0225228174856991
0.1135351058089208
0.4182005480568959
-0.0546363661277375
-0.1256974449827592
0.2816532712839977
-1.0088305249703400
0.1813869716830663
0.0880034352598191
0.2592896943618836
0.5566476086841876
-0.2051404954083113
-0.5519658494748043
0.1479839224551180
-0.2134929681275760
0.1928221265254752
0.1684171552134024
-0.4888809485574857
-0.3917328640929597
-0.1985579905191331
0.0898453258586294
0.1192898079803123
-1.0154362614569736
-0.1425884561177524
-1.1768522447757830
0.2261344288526182
-0.2466922376427371
-0.2593979057287266
0.0757476453658742
-0.3343642811372911
-0.5072751930729229
0.4507326586651787
0.0153672266962582
0.3046032571858898
-0.9559305563099552
-0.3176425155118615
-0.0528695568315597
-0.0987900220474916
-0.6595163096485500
0.1866811948450036
-0.3719952008259549
0.0096496225806410
-0.7653964487065431
0.4873304701316176
-1.7520747850431657
0.6303871205223093
0.2449865102664514
0.5044442851771024
-0.4684157333226682
0.3465938579554573
-0.4249228641939943
-0.2381099453087250
-1.2014949515579003
0.4510622909407368
0.0751338094219810
-1.7247309827895301
-0.3487493279664556
0.0648818731304034
0.1280015816719271
-0.9818747772559112
-0.1587888310809410
-0.0619053095976381
-0.2960499161619484
-0.1081961908371074
0.2554514907818591
-0.5069898536807131
-0.2484527839292123
-0.6592812622766880
-0.0609512550129433
-0.9146332396108598
-0.1171729406007797
0.3726992382099502
0.1939152837225749
-0.3335211551975036
0.0638127190724505
0.5245146752346067
-0.6935086402887460
0.1081636492536650
0.1855635781486560
-0.0895740663338500
-0.0110277453964138
-0.2276876400407591
-1.8702718262667235
0.2736931790586324
-1.6583965375307412
0.4284614980394632
-0.1243504978236516
-0.9192781795940302
-0.5943823104585216
-0.2745359123062341
0.1841540519000389
-0.4363687679814940
0.1623469184976596
0.4270771412139030
0.0628501201602446
-0.6242434644054319
-0.5943362784506547
0.1019623699305492
-0.6477903672426650
-1.0007572531620144
0.4856195246334116
-1.8493544796052293
-0.8352036842133816
-0.5579833157443957
0.1549564720739563
-0.0462068186373570
-0.6975695678567829
-1.5702914626790494
-0.9755974554360001
-0.1114923238489387
-0.0462146219350160
-0.3653674355018784
0.1153569195553921
0.1151123862439340
-1.1247852067510453
-0.7908018465609502
0.2935766559471701
-0.5674759947107595
-0.6817577216771737
0.0889265433217012
-0.0240520279988748
0.4731601027295969
0.0588374063687586
-1.3585721040036798
0.1280192696189325
0.6217847055497424
-0.3604884906624526
0.1626500787759466
-0.2662848311766312
-1.8132780452973201
0.1185653632726413
-0.0707748862470320
0.1146214926046492
0.1235004894852694
0.2653173068879691
-0.4059199379612204
-0.5953226278890225
0.3533418270516187
-0.8640093570306188
-0.0038223968679259
-0.1440730164363160
-0.9726429147078257
0.1701834125603300
-0.1726185791880950
-0.1330228360809356
-0.8210032676647293
0.0575589578040045
-0.2322148941371677
-0.1693859393952749
0.3719597140330462
-0.5539839784187297
-0.4890926727425987
0.2366820254879249
-0.7232872984594476
0.2704507426844692
0.0407976469822678
0.3927609146236908
0.2665321566272928
0.1484424050729405
-0.0776847157389041
0.2925704380138197
-0.6013600676227357
0.3591671413151675
-0.0275071627687408
0.1158112200316202
0.1780349092760330
-0.3078666078730062
0.1198481829337616
-0.8003837723296048
-0.3528405686123157
-0.0673773959171034
-0.4466389339136084
0.0961093757502970
-0.3976986744835435
-0.7299136998090893
-0.8189583369657391
-0.5888819378947785
0.1133419027719894
-0.2250360164928988
-0.1937750913886873
-0.4501230346214178
-0.6858112095524529
-0.9812632837857759
0.1363119258222173
0.0185087466459386
0.3060373655148731
-0.5106125661102009
-1.0517519259692094
-0.0051407274464597
-0.6075357642320778
0.2520325890470827
-0.1888324687279166
-0.5973302856368395
-0.0468447452959342
-0.7768275274226515
-0.1287376288669720
0.2601464474173201
-0.4419549757169191
-0.0526708790538601
-0.5984063901353164
-1.6880859143642613
-0.4734966136203957
-0.4204684792765940
-0.2244482339974562
-1.0225356986739287
-0.1057558179194888
-0.2737585756338076
-0.7568597968736008
0.4662030937047405
0.0702129595914220
0.3132795458535793
0.4765856055973605
0.2437134328852929
0.2213019088284699
0.4000194759869651
-0.9581243563685633
0.1713256768219211
-0.1475709601075760
-0.1375004373800603
-0.0692231644296939
-0.8496244785803778
0.1917751480525639
-0.2006216239241931
-0.5416264248486500
-0.2920319712808808
0.1876938498490821
-0.1862783283831372
0.0910479034802621
0.0489051957050832
-0.0022341281404648
-0.3267729496073010
-0.0584411768880473
0.1819699000161745
-0.7137244863987887
-0.0460022743484632
-0.4788974271895199
-0.8206036496526703
-0.2231106377068022
0.0138472351089343
-0.2086842821786833
0.1573173155392217
-0.8188340738059573
-0.1315255740935816
0.1463550707654704
-0.4161518746735950
0.4393464279690525
-0.4705092327042499
0.8800612776477279
0.1821690577563356
-0.3517369143542217
-0.0294730538216321
-0.1344959273099577
-0.0703681098641121
-0.6097130010009173
-0.1272242349738115
0.6115348258166867
-0.5655982840367145
0.0659932080526615
0.3621586945556892
-0.2056777582581175
-0.3244263190712902
-1.5435383561831877
-0.2706996120987968
0.1424454640915515
0.2040296091256458
0.0560334566927497
0.2883691754717048
-0.1893244407927782
0.1692077704327508
0.6514271832209658
-0.4734223536172130
-0.1816399823533455
0.0194658521525233
-0.0731954265654126
-0.3534463468470651
-0.3522110450637714
-0.9393252473079782
-0.3789068403035092
0.4756203443335916
-0.2918783949967121
0.0620519903672615
-0.5493814410839613
-0.2385181663541416
-1.3470213308594827
0.3437015205349329
-0.2520446023688737
0.2642747826352486
0.2128789052159467
-0.3800411667551856
-0.4131007849508081
-0.9303576399799700
-0.7538166136209730
-0.2008038132776563
-1.2007432727379432
-1.0398331136478951
0.6195524989957057
-0.1433509284480111
-0.3614707780146285
0.2676325074340895
0.1747633107048555
-0.3775951246653383
-0.0367833795578325
0.2048293365421456
-0.2275230818535809
-0.8131702884042370
-0.0169488846133364
0.2133423216014474
0.0224386869088169
-0.0635000615531115
-0.4046728085867318
-0.0887697803198245
-0.1332278476305326
-0.0278235372948172
-1.1816400245698682
-0.6742135719911305
-0.0300411196403549
0.1934693257498847
-1.6490485377227104
0.2680727586691306
-0.4363942484793094
-0.7521878297968150
-0.1570272802701319
-0.5301669742946650
-0.9370545741530548
-0.1282081177110741
-0.0480236179713670
-0.6787026991943437
0.2353798378058139
-0.0946626247554632
-0.3692971306105293
-0.0466971704350395
-0.5308637559741430
0.0376157826326841
-0.1888068268260145
-0.3571012511810747
0.0094916425405740
