-0.0802943853165207
-1.2894697680437608
0.5732268778973343
-0.1594930085596759
0.3828008016973449
-0.2582968215464349
-0.1181145491934305
0.4294169139431925
0.1361153749902810
0.0772412046867423
-0.2931190482352381
0.2654197155733089
-0.5074113677006080
-1.7658466915886968
-0.2026911588068389
0.0302222462209689
-1.1027050555964368
-0.0779349528791464
-0.2578731096947851
-0.4091498406678948
-0.4840099870218935
-0.0089885664547652
0.0002361090113796
-0.2845627040206226
-0.0536276408391334
0.0605690885128461
-0.1419994963764351
0.4022536765974118
0.0288388596652947
-0.2822390182678947
-0.0954603540593529
-1.0003445363328674
-0.6684744497561244
-0.2204053069415239
-0.9609870716403207
-0.5809864535383225
-0.6092070729941994
-0.3186519217270086
-2.5001005281339528
0.7379131015736343
-0.2494883897359072
-0.5295294084878894
-1.1402600569514718
-0.3185903256186268
0.6286452386927369
-0.3810789166789415
-0.3510736662462098
0.5318773866254263
-1.0204622766034155
-0.6937435195172121
-0.0848513609757960
-0.3429563170120966
-0.5420685364903307
-0.0014800531290136
-0.0907734523063446
-1.6627200869304659
-0.4730604573615300
-0.5217463320452542
-0.7974289948739913
-0.5298735511616105
-0.0600320192724492
0.2973775722257826
0.2325330597862572
-0.5371785293498350
-0.3753087685358460
-0.5667881638258537
0.1393746813421010
-0.1437113477601005
-0.5423860475210894
-0.6700061062290155
-1.4562602717129005
-0.3496642277185606
0.5377376556065707
-0.8286106149920673
-1.0597785979735672
-1.8644039511911463
-0.1231969826986800
-1.2774930687766584
-0.5093424941947826
-1.6077007160159777
-1.4619697975604773
0.5068219526496486
-0.5924541451448936
0.0462362040778482
-0.0129999265475397
0.2107319306840700
-0.0121544072587860
0.6792220192897579
-0.3737115714522193
-0.0630918501381589
-0.0752690452536169
0.2117242115906451
0.1733300254407386
-1.3333305720065223
0.1378553659728350
-0.0407254777138608
-0.4241466519787557
0.1426553212784583
-0.1202786516614899
0.3817544849459670
-0.7358638767558232
-0.0096650922971977
0.1022966298918525
-0.2216581112920541
-0.8152835863533312
-0.3195183694704782
0.2077776951696525
0.7042465986978631
-0.5454872264810319
-0.8196576583832721
-1.3492175478293187
0.1886195357846457
-0.3925959341222478
-0.3198196324514740
-0.0428830654146155
-0.8055920886267777
-0.6202572970868772
0.0153540907392091
-0.0207157889149102
0.1026140177617259
-0.4451449971176026
-0.2355509902646175
-0.2115002053908939
0.3589760844364076
-0.5620154293580488
0.5599879385923986
0.3961097964458377
0.5728396716074302
-0.3257187640898340
-0.2961025428383671
0.0927645287278704
-0.3985710092446419
-0.1662550915279099
-0.8658028827120450
0.1783881996966832
-0.7059149793552024
-0.6865315327006206
0.2237911112787294
0.7339747607599317
0.0799796446316634
0.0262555390651216
-0.0998458706239442
-0.7176869725396154
-0.9470758756221718
-1.1637349210331223
-0.7414482543304169
-0.1747267843612517
-0.7184157979106742
0.4093236186234654
-0.3500813635277857
-0.2056771762231011
-0.5150098057471321
0.1644227945985051
0.2963258379721856
-0.6810571138997007
-0.2019358693219449
0.2044260475774264
0.6548369692027193
-0.2208187381657546
-0.3695514051598984
-0.4408973663368130
-0.2360377649206626
-0.2708124634460980
0.2584118746770696
-0.5816645390101259
0.2234963562118261
-1.5473272653352868
0.4206595728243976
-0.8143438665020040
-0.2952564353334635
-1.7423646589569812
0.6474567021440738
0.5944342134455216
0.7463691798467353
-0.2417011475687377
0.0330743461440241
-0.8267798574581723
-0.7073081386710416
0.2833943882121778
-0.7687929057650523
0.7215656185692823
0.2750486557108851
-0.3690547588447962
-1.7494595598912992
0.2629445367444057
0.3128581868841654
-1.7201483266144957
0.0284834491169695
0.1130851650374618
-0.7071993278326870
-0.2699418178889574
-0.2474762890456987
-0.0618449616750985
-0.7369415695493743
-0.4567433454219753
-0.1450900280853007
-0.3656260452186110
-2.4009003347604403
-0.4021436877040908
0.5436254909864466
0.0892135836888364
0.3067968672394460
-0.1762216278217126
-1.9930070431268210
0.2684228413377164
-0.0976985551326449
0.0322206583536720
-0.1414288186691213
-0.6121512498245789
-0.2698929279487881
0.1576127001399297
0.1821984744145464
0.5683425023402383
-0.8752906214362182
0.3216614170274028
-0.6447726294171879
0.0995507588175571
0.4267845141869677
0.5384746224692064
0.0865817315581420
0.1623875966572339
0.1430727852473610
-0.4897697433066882
0.3823885563736257
0.1401646374535746
-0.0077858404157516
-0.0582121480200922
-0.3417467410190293
0.2910809100071018
-0.4709207117066896
-0.3064881973792324
-0.2300678607806153
-0.2095091228841977
-0.6729857283261086
-0.4416137326188157
-0.6608561374641443
0.1514593316484403
-0.7162348423808396
-0.1651288461995488
-0.5177168792944838
0.1639084392394230
-0.6480588416271361
-0.3338828264418291
-0.5959547435070236
0.8428671582250987
0.0717735267155488
0.1910443442862532
0.0681332391898783
-0.3429368131546769
-0.2419728094539010
0.2283089506208921
0.0872129854189371
-0.3380160572715200
0.3040784160602494
-0.7688617016809346
-0.7950019336359527
0.0996910880032675
0.5165699143624857
-0.1865086126128332
-0.4290036533921393
0.0492787721982719
-0.7238967323020730
-0.4730586811854893
-1.0964628787095765
-0.3324597105153843
-0.7925324627642504
0.0953177491852952
-0.0069348162243292
0.3809171508419391
0.1733655791573720
-0.3628692047986334
0.1747884742240709
0.2517070201799970
-0.3572818601609364
0.5580331744822733
0.1436434692102714
-0.3601354565158754
0.1275638900723449
0.4220074126079171
-0.9022313779838151
-0.6031598188108771
-0.1998295896729856
0.0170478920291791
-1.3640094306780135
0.5203301731967251
-1.3028779944491160
-0.0967218648703236
0.3935769655621733
-0.4715324180758587
-0.5618044609194066
0.2479863602767745
-0.0695054858309075
-0.4888277615974104
-0.1871509500046616
-0.6584622157550840
-0.1978794163453649
0.0758607412484946
-0.7484684217038136
0.1774445463569504
-1.8119346421561642
0.2943483977980043
0.4693646868923235
-0.7501550435550668
-0.5224021248990199
-0.4341212795765583
-0.6839933338368285
-0.3015605490533129
0.2129249955096816
0.7175727688134530
-0.8531027597610367
-0.4497759254849059
-0.1764822247208422
0.1086705700378978
-0.1121044961192849
-0.7789509960579184
-0.1232235721297049
0.0126316151584295
0.0313330281007817
-0.2125846280451407
-0.5768103903610727
-0.7673183229749854
0.5396910544981225
-0.1982796483717727
0.1418751049962238
0.0995312027452512
-1.8596047336816786
-0.5059762676670866
0.1467100770656703
0.3862867785599514
0.0571350564828965
-0.4861661317357109
0.1753501282401377
-1.3806891795086740
-0.4071066668164121
-0.4725353952867488
-0.3255765265819175
-0.3481669857083362
-0.3297782836702051
0.0052554107492925
-1.2448084977877705
-0.0542847832695169
-0.3869684481006387
0.5774065889758335
-1.0577438958277872
0.2937601527750352
-0.1291204660241761
-0.5777150211263568
-0.4432328690891352
0.0207961888327050
-1.6009297899415080
-0.0437943791678882
-0.1794161633923308
-0.8412649128492717
-0.3988231487839465
0.5687883368974606
0.0512913593114435
-0.3903328185379532
0.3544354311893086
-0.0217419229734055
-0.6530007629085037
-0.8512926101399645
0.3115855433940347
0.0867420882001721
-0.4466583803028292
-0.0621684388948307
-0.0203264221464062
-0.2729012400237968
-1.5293191893402003
0.0793753859680615
0.7045933140738235
-1.0407002505616367
0.1562258964408052
-0.1347492350004225
0.1215277895704779
-0.3562217520312453
0.1333291665963495
-0.4128318350874040
-1.8691115543988150
-0.0081740434830744
-0.9289872942163263
0.2502307709249239
0.5011611902710571
0.0613478007709205
-0.0706577750765370
-0.5701492811187538
0.0605521661580531
-0.1427197385118245
-0.1055957422647319
-0.2445703557945927
0.1287244338859520
-0.2736249633056499
-0.4682226988241661
-0.2205950254587805
0.2129964693049712
0.3723079654865569
0.2352510281090683
-0.4541144406473977
-1.1465370360449811
0.2417975346496447
-0.7573235565336884
-1.3065428364537341
0.5415783921766234
-0.7494836782819242
-0.4722676536008413
0.0244039745291006
-0.1576753727093367
-1.5100871258885959
0.2877543158182422
-2.2000754636174533
-0.5493163413459557
0.8805296886050328
-1.0729274406662674
-0.8331918145195926
-0.1782699490889925
0.1181403934017230
0.0262149765388339
-0.4787238168021843
-0.8379204283074112
-0.8139024397133535
-0.5740359999743143
-0.4994050967655204
-0.6752540461761897
0.7331814498870268
0.0032636241277909
-0.1216851808430290
0.1433187709688334
-0.1701912291297646
0.0882917439991628
0.2564835575296437
-0.6758691721256961
-0.1332563801711209
-2.6344059081041444
0.4007349727815703
-0.6239950476410611
-0.1838313333607451
-0.3418719957411092
-1.2881866529596460
0.2276769864713614
-0.1608653778185862
-0.0504511092703467
0.0423675619095097
0.0364014412247816
-0.4506895217449909
-0.0407976479387243
-0.9269951379083263
-0.1542201879031114
0.0800277263681529
-0.9367950381882301
0.0393573571134752
-0.3576137660478713
-0.5148823686524734
-0.2075300323032341
-0.4931328139319910
-1.4598802798151542
-0.1865250670454901
-1.6956390867144824
-0.9739377993509827
-0.2938774886974446
-0.4812356644105906
-0.2023370192097579
-0.4095373903876771
-0.1478150472138837
0.0663410572133259
-0.1671764875141653
-1.0029637346467792
-0.1839362925606108
0.4701826905246362
-0.2537803173927560
-0.2839711997014360
-0.0516679695993538
-0.2924055553846804
-0.1066769530274931
0.2520067842452978
-0.4254962791712131
-2.1370859152374329
-0.4090373691067652
0.0259280208833604
0.1641545495164788
-0.6883339919662982
-1.4975171747711800
-0.3398157993430094
-0.4018483538984182
0.4588469831808361
0.4512298932420140
0.2513565743969071
-0.6076369775719390
-1.2947033985901004
-0.5898760028973664
-0.0975879778749028
-0.2655923509238339
-0.6510360930205134
-0.3571626788956198
-0.4325313968002035
-0.5427149993112433
-0.1384838925828258
-0.2190072313020585
0.1890896337569997
-0.7623664906570621
-0.1257124492021394
0.0766898309029459
-0.0079108344403222
-0.6638451958237468
0.3856400085260490
-0.1080434229531624
-0.0071549560209275
0.0332488349165233
0.4210401947655324
-0.3429336099227124
0.3502104078862138
0.0566920955487694
-0.0474583613451389
-0.1985314395379779
-0.6581751285459474
-0.3545826624890033
0.2509930325678013
0.1500346372600063
0.2894293628054184
0.2224164264507257
0.2172757106435969
0.1128563443492503
-0.0904688166228280
0.9353024798343028
-0.2230686558115867
-0.4398535750184471
-0.2454455471129376
-0.6187144457553859
0.0071391222062306
-0.0092807613543231
0.4233543113317088
0.1503620289099754
-0.0159608714821238
0.0985146253452868
0.2182849665178574
0.4162665551411235
0.3054403948263024
-0.3652059460136048
0.4021662783751039
0.6260300507131235
0.5155048516318772
0.1143616577690017
0.2146592169168143
-0.7821354411369775
-0.1141901084835596
0.1830245192319261
-0.1143616400821385
0.0137070022027645
-0.0265039981950248
0.0251757834945676
-0.5992272992365866
0.5939847682545540
-0.1720358634069427
-0.0345013318174344
-0.2571302882399737
-0.4191028128892216
0.1413697278110979
-0.0094234959998237
-0.2038136865700861
0.0626736579511995
-0.5544942254753820
-0.0534166805261255
0.3685722202407208
-1.5091423286810368
-0.0706130687925488
0.0975561962489902
0.2705406040032117
-0.0109512280927980
-0.0075812120216514
-0.5655063432520435
-0.3428965504356867
-0.4950497607519980
0.0353753175732947
0.6870738985745450
-0.7487782818120741
-0.2113693969373805
-0.5005572579125037
-0.3799290787746452
0.5996674237243250
0.0526966663173646
-0.3923305425311989
-0.0763691931391106
-0.9475439587288925
-0.0147801089496011
-0.0071600079487312
0.2626212946075814
-0.3439345985954593
-0.5527277390376549
-0.1381461751534854
-0.2458209999198861
0.1639559969462375
0.0257085373724688
-0.5056170381339447
-0.1802191122848497
-0.1624354454036140
-0.0608407833665891
0.4543706436241731
-0.7355399445397056
-0.2330283478146088
-0.6856498009396219
-0.0225943076463254
-0.4375477038718382
-0.0320967493756485
-0.0997400679029196
-0.2193398831015103
0.7150109413428196
0.2986139942837083
-1.4500851543145796
0.2127650807856820
-0.6515487519074595
0.2148051171401952
-0.4130718370891098
0.4506140383817972
0.0936445877421839
-0.2692573995867060
-0.2944906087783515
-0.1053651686136590
0.3516345692913859
0.3163428530924979
-0.2237053659153028
0.0180341122864143
-0.1911411130061752
0.0248043211258568
-0.4424943307936745
0.6068794180825091
-0.2097552609963936
-1.2030234315586412
0.2630984543686776
-0.0940867735143109
0.1173292228237740
-0.1330110240543970
-0.3187422948088297
-1.1404247900165918
-1.0565186990485675
0.5910507065089800
-0.4695079997076491
-1.6598288576704530
-0.4296297172494852
-0.2134857039757759
0.5019925177184307
-0.2977610858155765
0.0595743221288488
-0.0515636984976786
-1.6593927654716265
-0.8394439103428339
-0.6496317754852419
0.6807191083178026
-0.9005878535279367
0.1578486772086732
0.3139761404981726
-0.2355291226544203
-0.0874271299226774
-0.5723706937119351
0.3014917125333630
-0.1915564090494871
0.2475681589627771
-0.9410297095686130
-0.2406668210016844
-1.3199120912404914
-0.8941140681073385
0.0734630196351219
-0.0815118183261071
0.2524722154816242
-0.9589253499503361
-1.2714456022831444
-1.0881638342321962
0.3168525173378242
0.2141785762372022
-0.1347214023968213
0.2056829679697987
-0.7959488944511628
-0.6902817338828050
-0.8121671816629645
-0.0892339490615321
-0.6994314742364952
0.2160550345229651
0.1206922617397834
0.2890922853522117
-0.0729401741214633
0.0748573748316630
-0.1467285701171783
-0.3360823927353891
0.1004151702398692
-0.0722158475912092
-0.1712491882956541
-0.5302839592729887
-0.4302010296129612
-0.6766615632566261
-0.2807875724210126
-0.0266046136914119
0.4393404654853957
-0.1994093881441363
0.2506784898228966
-0.0254908481518466
-0.3950893421473087
0.3463938569203003
0.0930617645755126
0.0747858797760380
0.2923833613883105
-1.8790028510575234
-0.2417288545787699
-0.8838917668308141
0.7538098039154788
0.0340504905130127
0.5346272824204444
0.0160522135712417
0.1121659066742057
0.1367434511825508
-0.2350118845840558
-0.6864698492254134
-0.4860358499357602
0.2606207855221416
-0.6680177630832078
-0.6885313707438812
0.1158299169051514
0.5639962258109713
0.0798190617994008
0.1000519727458239
-0.2554432365643868
-0.5778350682324460
-0.1400199953098351
-0.3561707818486849
-0.3145884945410591
-1.3603222468629916
-0.0078741418372991
0.7475617724353264
0.2512604236108765
-0.5539390899240195
0.5460906406581192
-0.7074475255080627
-0.2603600048236697
-0.1191597658621049
0.2019338565035466
-0.1351698895172149
0.1896207342821362
-1.5017142624010176
0.3937914883990372
-0.3994169616979514
0.2383503387112949
0.1525743200257706
0.5126409364557009
-1.8693351055450647
-1.5144548151637620
-1.2601874498157994
-0.2389178235121472
-0.7048024828778910
-0.4797916691013898
-1.8840292446057925
-0.6214365727123029
0.1194647116214280
-0.2323823946450914
-0.3506207280460419
-0.6461206849699260
0.5200800748650132
-0.2208542333184821
-0.3806245208601511
-1.3332547963450492
-0.2739470232531151
-1.8448195458165317
0.1531307143942923
0.1413907725290411
-0.5252689783609463
0.1702337887753953
-0.6436038755444333
-0.0482508793571501
-0.2682685025179462
-0.6828716606571027
-1.3024728894853330
0.1286862304898042
-2.4098685722964923
-0.4194451113780019
-0.2344700419253326
0.0320106336738962
-0.0594407664788005
-0.3966660713032109
-0.2136958361441365
0.1061534790490819
-1.3098237890413402
-0.4089023342628880
-0.7296083865503996
-0.4552124146155715
0.3899553025736833
-0.4721886787923632
-1.2180332469666522
-1.6496005373311609
0.2669449165889772
-0.3654578491071390
0.1811481766206893
-0.3380587366928272
-0.3843234845745243
-0.1604408593403132
-0.6120801090075312
0.0558847027795604
-0.2671508933790951
0.0406538693902372
0.3087627495633695
0.2860616260821277
-0.4907891376946698
0.5840978295675189
-0.0666305047018506
-0.1152801909226518
-0.0940698557227952
0.3691555803313215
0.0076265445916636
-0.6120231994995333
-1.5494803291630574
-0.1065257451026303
-0.0490680637087254
-0.4427752765710241
0.2958209286845636
0.2576143750189415
-0.3124055983393499
0.1955639569950655
0.1617637605149165
0.1519684701203828
-1.6964823371091839
0.2057224690185133
0.2617414437095095
0.0756366745435626
0.1608265250841493
-0.2044901432849290
-0.1520856253195519
-0.5226958821820578
-0.0225241878856401
-0.2848556010097157
0.6446442830884287
-1.7324926110474694
-0.1553802314527722
0.2155462202971066
0.2859446433703873
0.1254071527380975
-0.7637800875287837
-0.0726445964223095
0.0695267444326796
-2.0607726256327275
0.0400295593845529
0.2408535467987101
0.0637641469932498
-0.8028799139262671
-0.1047751624578706
-0.8821921405999069
0.2550529269931976
0.0282700656780442
-2.0610611657446349
-0.8227395856756528
0.2254214059270535
-1.1758778616383618
0.4123635555852284
-0.0464290380526917
-0.1802955037422266
-1.0681289515506682
-0.8816149125830861
0.3690299479242513
0.2061558344958178
-0.2876677882277212
0.4617970315321522
-0.2460942784549341
-0.9453090338988468
0.2252542541357357
0.1633037830627326
0.3057334620004005
-0.1669183274460756
-0.1811288125570317
0.7023493727322750
-1.0339137820615889
0.1689830901325896
0.1590321604150226
0.3875863316748033
-0.4573424814187538
-0.4806425220566694
-0.7624763899970974
0.3497182590006435
0.2787473827930058
-0.4474980035299747
-0.8474086550347291
-0.4072827261754797
0.0894065420830582
0.0463642823921683
0.2439334007418267
-0.4438887485703168
0.0518844054870976
-1.0053790836912353
0.0164822144672111
-0.1632653488383168
0.2427121951623458
-0.2683334870656251
-0.7032577074565468
-0.9724537055026342
-1.0005288026518611
-0.0185880037273772
-0.1296782044610655
-0.2878408537979713
-0.1806927140991903
-2.3732726085014928
-0.2851309531465843
0.3132137470854949
0.0144518149377804
-0.4391859718319331
-0.3878463413242978
0.4488286300297132
-0.3667073616782840
-0.0955874112650751
-0.2411482988099772
-0.2697884083178231
0.2788332840714445
-0.9112562584521933
0.1077411952056186
0.2298851240129709
0.0445061970068447
-0.2898726279100631
-0.5067261574592700
-0.4600068288693086
-0.7379449011587107
0.1743183301558790
-0.4410280768721058
0.0241122112768726
-1.7442343900331452
-0.9826755132416173
0.0124485983493835
-1.1635642841530638
-0.4822744301257832
-0.0074777747957884
-0.3636127416968939
0.4428846516310630
-1.6253811678089540
-0.4989535629271245
-0.7343998261102919
0.1256881164961906
-0.7362366346726160
0.0511203814867649
0.1914466020887251
-0.6571788676279028
0.7103161442363680
0.0033333972804481
-1.0281666211417182
0.0914725211683823
-0.6215895601555994
0.2965500938734494
0.1248194239424644
0.0429538425657418
-0.0060718773444291
-0.3443490668775552
0.5347838655375124
-0.2004821776151787
-0.3906592337695658
0.4526471338380773
0.2246256623425547
0.3472159893517871
-0.5465929564016264
-1.8296048995556558
0.6079246412780012
0.6084603624964949
-0.3007006271365882
-0.5663509259052656
-0.9301774276357585
-0.1256358055459789
-0.8996433182014735
-1.0292068500970020
-0.5688055107314670
0.0342345476865487
-0.4462125353134512
-0.0746381968206491
-0.2125827985173796
-0.1324095643948622
-0.0922103827865970
-0.2309291549390176
0.0933022800152558
-1.1783130573942249
-0.2289686103829853
-0.1496301770335679
-0.3879480369087171
-2.0051659498978545
-0.0385141450504720
-0.2053193332110046
-1.3555616874508563
-0.1116884836126669
0.1383431435824533
-1.3979138129642530
-0.1297791742122372
0.7701872013919286
0.4752222449679106
0.0270699726510622
0.2564422956088943
0.6342450551497861
0.0454520770823209
0.4539168354775194
0.0172797152191035
-0.1700464058348006
-0.6829970023609695
-1.1613115997473591
0.0662525950275081
-2.0430067069201190
-0.3482338780684032
0.7174528060843537
-0.5341976565474326
0.2509447097649914
0.5388682606625010
-1.1028534327621908
-0.2800268687364525
0.1134391874567990
-0.1603604696705848
0.3646044715783188
