0.8937067601195743
0.7288235576911559
0.6001901821631634
0.6077035408012382
0.6318010812899718
0.6443587200727056
0.6377811559877670
0.6151816245270025
0.7184614353550318
0.6131630115517808
0.7302261230292965
0.6139955040393692
0.6406029433275572
0.7823456558953086
0.6966066354383169
0.6151506160313295
0.6365330098716612
0.6313488842318340
0.8755921844301118
0.6664933443335781
0.8707288053413177
0.6023272216598690
0.6917233464663385
0.6433280152349673
0.7702505192639808
0.6686972123555640
0.8414220384734322
0.7238307562213641
1.1129163428200111
1.0183924283568502
0.7429210618798366
0.6367385694173684
0.6012147839452662
0.6242764073978019
1.0833566902821847
0.8287631407333014
0.6054891968614364
0.7721428207488392
1.2024432448495623
0.6797178197683921
1.1310739168489592
1.0439677991291079
0.8954691101334873
1.3671170659608525
1.0495040015545296
0.6025045397729047
0.6820233007896942
0.6670764901141715
0.6202360958751545
0.6427121085076359
0.6737362488136482
0.9691849960102281
0.7190886388032783
0.9649477350141866
0.7438325062603154
0.6098573228603251
0.6007382177622843
0.6677918086182265
1.0400627874334412
0.6326884557040255
0.8278251736034059
0.6837445347525652
0.6801375819531018
0.7476373595675888
0.6402719941252407
0.7115194899445338
0.7123855187664163
0.6904144360946326
0.7689981544476111
0.6049603895044465
0.7912833711647731
0.6520054354927749
0.6134445599723729
0.8731629188925032
0.8671984660702382
0.6476962597876782
0.8265950675362318
0.6981235314970623
0.6014315514697591
0.7485532973950578
1.0073637117298584
0.8084483056138140
0.7690158619237907
0.8744530260041574
0.6398097707328312
0.6003827155904893
0.7796407897967041
0.6185341277359222
1.0360811017253682
0.7303246713666016
0.7896023593953942
0.7404640221762659
0.6068544361344520
0.8311035649683650
0.7326719314119967
0.6382538653804911
1.0723349480689555
0.9438573693810666
0.7668232214423153
0.6576761629094384
0.7335168679842384
0.6111584755687279
0.6021536734537595
0.6594846414822374
1.2070510161532988
0.6901464383575084
0.6443908803985035
0.6771800196946957
0.7967849746911927
0.9143817421110559
0.6812340981867948
0.7094848913031854
0.7410494059698552
0.6011466760872894
0.7742375037985918
0.7741501602592030
0.6550012538013594
1.0136625005827860
0.8063966799427295
0.8153096479416991
0.6020939358012577
0.6003865748534780
0.6580713007511200
0.7021538273834252
0.6653890677981278
0.6081698052298592
0.6313829284015122
0.8133737331261253
0.7303341163012396
0.7640961345257643
0.8401183438256917
1.0308014152865694
0.7711823454481522
0.6474208609373909
0.6267034491416741
0.6748065758621321
0.6865195123248099
0.8744529528732677
0.7400097149084320
0.6092226473419196
1.0224953707732523
0.7712583215396527
0.6865678771493463
0.8528948118605205
0.6798724147629494
0.6564499741151857
0.8985693692103525
0.6867775408310433
0.6823659393433806
0.8033434338694512
0.6645593922182026
0.7572239785149347
0.6172730994560138
0.9824480838429427
0.6311836145169140
0.8463350035260087
0.6271709757809553
1.0153917826109153
0.8361175674899349
0.6935529520092674
0.7247680583370589
0.7592356785507037
0.6458561852459885
0.9041124309700190
1.0527170965848391
0.7169107709269278
0.7479499104859603
0.6548063181236990
0.6029850239887120
0.6381904267654730
1.0447815970476140
0.7419028085552483
0.8879643139925393
0.6580394345101586
0.7538579659477554
0.7710699481995379
0.6067374748160562
0.6715989916415308
0.6947488746358504
0.6508453432270123
1.1728356264804709
0.9180323113314033
0.6458916805656507
0.7422913254396345
0.7743562829288704
0.7920343096478535
0.6481122726647447
0.7156593918038475
0.6231701977218663
0.9378929518169890
0.6846468135630877
0.7283017509308731
0.7195832851231958
0.8713036003873323
0.6314105397779204
0.7575919750842003
0.6691488529018830
0.9558439622089449
0.6123628479870294
0.7953359764905884
0.6446444363079056
0.9788344407866345
0.8123111214217510
0.8012669355403539
1.0372231279646524
0.7400086352826338
0.9563471785722906
0.7530235421351757
0.6300166488668932
0.6072001260667833
0.7872155035271516
0.8932386378367387
0.9002500552197559
0.6315134036024123
0.7020387656548114
0.8587666777968387
0.7780042532990209
0.7055007792974720
1.3111791155814108
0.7650614712682514
0.9477134025089773
0.9717543106142247
0.6804697491232636
0.6076484809449076
0.7760024090594628
0.7218258880995906
0.9180801405489031
0.6086160154964484
0.6402046847542991
0.6263064676365095
0.8211856957259408
0.7082146591206536
0.7585674716095843
0.7644045573794453
0.8613957044882860
0.8190437918647784
0.6908281270916194
0.6511922770045301
0.6181347856119819
0.6025816774005966
0.7601278020736054
0.8798069870854865
0.6555891945593412
0.8143580253190609
0.6686640247498840
1.0949928429758633
0.9973892088175232
0.7582367827565482
0.6085205679647669
1.0821631667918747
0.6993615533809863
0.6110196029331137
0.7017353755687528
0.6191329563535461
0.7073935697420312
0.7178235181017458
0.8612773877485852
0.6902045999293319
0.7710324530938365
0.6208233857972288
0.7478331526555176
0.7243509667475346
1.0318029516779514
0.6364062354009293
1.1088303082765574
0.6189133934076749
0.6196195891856200
0.6201859865462263
0.6501785286791907
0.7752728610579618
0.7655415205961144
1.0585380680873495
0.7601807132687499
0.7059659077415056
1.0168198959715153
0.9880068267813578
0.6607932229789120
0.6534432668156549
0.7337938826187698
0.6065895471020631
0.6501229944520225
1.0113991875208861
0.6629605550729973
0.6813644337685721
0.6501245663905049
0.8411450183614357
0.8346239463375500
1.0520381650062032
0.6719210298517211
0.7239494835205603
0.9778687529488986
0.6012092563771408
0.7952752952876628
1.0417020532835506
0.9847245060585887
0.8588350577411868
0.6770514911135674
0.6217966396950723
0.6447757933044843
0.7300620003395267
0.6725500751599149
0.7221068521734365
0.6017295767110736
0.6528726026920164
0.9895067233279570
0.6569796027976582
0.8535911446668843
0.7355040555660314
0.7145980075859720
0.7813475733203598
0.7899182185501121
0.6498772158749019
0.6584682964009255
0.6052536274720108
0.7742973535564152
1.0554899904485695
0.7028955621026185
0.8735901576748039
0.7033562326940416
0.7714903040379509
0.8006552453503640
0.6139832648053903
0.7360928513976293
0.9571731900531937
0.7331434644020136
0.6366061971299005
0.6265187749272884
0.6407109486327791
1.0442796889378061
0.6366224404280406
0.6139151167058235
0.8645774235266908
0.7434564069933622
0.6440163806066797
0.9219086025346980
0.7954899031760260
0.7908262536995885
0.7023321262310811
0.6680713615071197
0.7299406117437616
1.1586696223266810
0.6196292246526364
0.7564750063828907
0.7472835274278837
0.7372807357649978
0.6002492467927915
0.6303055806885862
0.9209316855297430
1.0800176254855680
0.6753151405758663
1.0335095132942358
0.6292902748358832
0.7479210724221591
0.6081003796757425
0.8215426923892655
1.2757005149406950
0.6083988417777580
0.6558591425903042
0.7409097958172206
0.8705900014269512
0.6094956993145937
0.6100559753197559
1.0073858648073515
0.9781306815064097
0.9261931154627506
0.9701685115073494
1.0444914165297348
0.9834761040758055
0.8579725031835505
0.6519525726011695
0.9833597893393003
0.7682591641439094
0.9039316403262555
0.6620317638692258
0.7866742280659798
0.8318586760180572
0.7269105006909978
0.7639070380085977
0.9509441329632449
0.6625688360809447
0.6239704273183664
0.7662277442934489
0.6004227962611849
0.6706410353645403
1.3799599883147744
0.7984537474293611
0.8908103085061700
0.6257489941705837
0.7795186669466612
0.6255094668784492
0.8940171780354667
0.6877161881803496
0.7355359993532576
0.6911936160881770
1.1187977022484781
0.6287190013355609
0.7293796180008599
0.6366491076993014
0.6817998347012788
0.6527762092110748
0.7211122096872109
0.9082645113090929
0.6573734167168543
0.6839764164224231
0.7543843268665611
0.9204466373486184
0.6196584404113027
0.6024003400058674
0.6359493662515867
0.8073276288358616
0.7932501651470990
0.6008978104977554
1.0281611130336781
0.9204184032679433
0.7903225690439083
0.6553257532382728
1.0347032194897803
1.1050121484610622
0.6825313196368530
0.6090739595775113
0.7210205687083898
0.6983577250730266
0.6608500927367971
0.9567291422812751
0.7825628191099085
0.6351739206374963
0.6751231596814598
0.8934978877772071
0.9531366519725886
0.6049899178716028
0.6625905600338113
0.6022555525469272
0.7688208429698756
0.8807322755130862
0.9107118847511518
0.7442340035150381
0.7043113760832933
0.7257563718697057
0.8703744807588577
0.8433168321146274
0.8269624652231224
0.6001846177860631
0.6625987237794576
0.7338133478508779
0.7498530052030498
0.6649965177535108
0.6845448469350127
0.7578157557556109
0.6623130044012099
0.8414670715456043
0.7396590657016694
0.6552695181716114
0.7479013023515624
0.6276317562450769
0.6249640490885948
0.6031398596116240
0.6218032664946029
0.6956550143873194
0.6461213498013273
1.2116386738914937
1.0696195386660479
0.7349754676261904
0.6189709047085745
0.6633417460978509
0.6346298327836662
0.6834998743855154
0.8177467847941786
0.6942067755266800
0.8984124588449902
0.7598119984894743
0.6205372391642059
0.8472251443867690
0.7515645425856857
0.6570857530916914
0.7712110476063888
1.1093725897425477
0.6103207738646642
0.6511971942774841
0.7177807163199521
0.6004511146618260
0.8881841833431331
1.0668758010551094
0.6264236261945002
1.1703469028556823
0.6926135244131435
1.0152742513233415
0.6052901754069823
0.7412097094775159
0.8715056949080789
1.1790959268606023
0.6467684316977844
1.1259067163610361
0.9608880815692573
0.7698978333855488
0.6541202621682078
0.7049883758986646
0.6606094461854127
0.9446978581786436
0.6451024186011499
0.7153721647625131
0.8482976424871174
0.7967321293351352
0.9880443371772895
1.0180851993828937
0.8149023938537172
0.6636877678118072
0.8401203608793049
0.6172996030548141
0.6523689308486090
0.6019980008007840
0.8258780105129900
0.6959489883886548
0.6047478104161310
0.6777442886457022
0.8782075640453494
0.8257881756913386
0.6004479088357476
0.7190844033598688
0.8634749077783358
1.0407565167457222
0.6954066123618230
0.7131923428380915
0.9858833018955613
0.6297941693388133
0.6033933631801609
0.7804754346346605
1.1023996490855397
0.6190405579903568
0.6127649167234173
0.9066039492022704
0.8675047726859023
1.1159725429885761
0.6286765955245340
0.6046997727588805
0.9807922676605501
0.6847413608250119
0.7028379676936128
0.6389602658686948
0.6014476209257839
0.7469814595642303
0.6659480813962753
0.6969060784322909
1.1269590525881041
0.7320219331262117
0.7572836004333737
0.9097089796014139
0.6922622910927053
0.6160239368957454
0.6376918647195575
0.6092369125418062
0.7732254632938105
0.6079383398585805
0.7058330515495955
0.6012153331340693
0.7154216195906232
0.6106717848604383
0.8712047900304239
0.8282479316837975
0.8305121857821550
0.6024994735089991
0.6988857612054138
0.8916390958343117
0.9264922055299738
0.6277478158292706
0.8219048043325580
0.6474374474901827
0.7266263937246452
1.1355814778701783
0.6079737389459795
0.7255941876087930
0.7702017477750365
0.7912671077941608
0.7181333822753715
0.6185400183200632
0.6003438337166095
0.6359631924940577
1.0972824141710427
0.9513658354898255
0.6168008580180969
0.7657150897185159
0.6711515134043674
0.6144677748023752
0.6264392162118593
1.0556057507483876
0.7403682140621066
0.6485419299170344
0.7080589013321885
0.6431063269581190
0.6349915856391150
0.6204159697644905
0.6200122523253480
0.6384260172167809
0.6309015259513158
0.6670339019724575
0.6361901265247591
0.6249328624023814
0.8717988498396405
0.6301146457213520
0.9309298178906643
0.8287185489476091
0.6172283210208852
0.6001922481856490
0.8892901610742623
0.7107706407054668
0.6726230640434386
0.8783894020846171
1.1396599862136145
0.8449318397379006
0.7892642525363781
0.6220534074557666
0.9536178829722165
0.9323056052028064
1.0206286340381066
0.7863723768637754
0.6618975215787265
0.6474227658844157
0.7986636335241938
1.0137835601125329
0.7432385909540077
0.6294063178216550
1.0972847328436690
1.1462442371152488
0.6807570340119727
0.8827812379276683
1.0833548261490922
0.8893960410311839
0.9608125666483115
0.6006249349828165
0.6912975317619960
0.6280742720857637
0.7835729594374919
0.6554634289381193
0.6304427056150693
0.6676114328718571
0.7878295621909337
0.6839717938808286
0.6006403804131434
0.8593172682465607
0.9248263891639885
0.9211535766827864
0.6519354854404172
0.7290982994985179
0.6883873509903621
0.8971032012607137
0.6670151362352740
0.9591029762283442
0.6101444518982898
0.7955947756701619
0.6486640414330213
1.1450360063514062
0.6333538012064904
0.8645402349657845
0.6088882850888716
0.6265564980349247
0.7673197143022668
0.8327256036070436
0.7054465143014739
0.8374751852992830
0.7210623102511449
0.8019972580052696
0.7862830093549982
0.8132265948402954
0.9773105003065167
0.7407919745898252
0.6727877737051001
0.6066097998468312
0.7774757301300050
0.8589273487640280
1.1407125513924445
0.7091486992696665
0.6505603048879430
0.8100582073795266
0.6737636532989767
0.7906894974858160
0.9355338665093301
0.7771151966813298
0.6096776129539393
0.6962137263042650
0.6630509066948741
0.6572787238558541
0.6450615190346350
0.6531940025104177
0.9073433494055576
0.6510230100608709
0.8800346285810614
0.7762263724316023
0.6843595239623765
1.0625282987253153
0.9633320780496069
0.6181324718684542
0.6498083245360131
0.6801866047749046
0.6952341206136088
0.8262044816390026
0.8686019562861659
0.7589785618638317
0.7133079763921204
0.9035299737530035
1.0932167083175943
0.8024596010998546
0.6604040011047443
0.7312616111972399
0.6017761290871302
1.1028329274993600
0.8714705379861248
0.7273608026611161
0.6036817287045914
0.8538225186279198
0.6284334190895517
0.7489590605171020
0.6925125508529922
0.6246987303475281
0.7712665423692461
0.8131936183327364
1.0039554505475763
0.6448596967097265
0.6773007488875673
0.7385338053730436
0.6329346806160336
0.7165489850930081
0.7115979800616845
0.6947170011523633
0.9119450317759642
0.6333483387831778
0.7693721729225297
0.9963403524059226
0.8706681409059801
0.6002238439087347
0.6466017728947893
0.9083980406832033
0.6036837510256821
0.8326347472505502
0.6606930430845122
0.8517114906567539
0.6304820439153257
0.6302865371317526
0.6484395675233890
0.6015851350867463
0.7879244322050922
1.2898328083390880
0.8459637070944453
1.1489958753842824
0.8344559094325721
0.7862763506143058
0.6275449781790041
0.9172268622123042
0.8135832787028345
0.8926018529349962
0.7745832666732793
0.6725225893534128
0.7906678574224438
0.6484136296900206
0.6606278074984382
0.9256372248054870
0.6158842703671753
0.6206091769041597
0.7024040418958911
1.1412468261569972
0.6738893225119981
0.9970343602639345
0.7088428388393733
0.8449883622622945
0.6138538543275111
0.6422990215352254
0.6658302237965336
0.6350269482020415
0.7914369377043363
0.6828538006953765
1.1917036301895509
0.8818078193831120
0.6165498712554400
1.0040449350328884
0.8044740288484925
0.9168199961982842
0.6077863167997303
0.6030704090442560
1.0119170091236143
0.7600494226785143
0.6848231111755170
1.0488238864589277
0.6461761606742882
0.6595136041877137
0.8298426247138183
0.7321696535522189
0.6355858128784400
1.0682813158233766
0.6384303618483629
0.7982218399737373
0.6881728429603028
0.9505299539016901
0.7070147870378526
1.0073649551193979
0.6358433062098338
0.7235320754174845
0.8389466719364254
0.6746657462967012
0.6245418650990150
0.7327838028831740
0.7159990451716981
0.6817950973416848
0.8781477637553073
0.8152195974387204
0.7919211179739001
0.7487057374050458
0.9564768461571910
0.6441018767260297
1.0535300534809333
0.7746022082562884
0.6329644195600612
0.7888705239781317
0.8352508539098837
0.8649493287046510
0.9080263637363390
0.6013540347152746
0.8123102898864950
0.7035450466545007
1.0449438284075212
0.6776241559562305
0.6790530447804758
0.6947684979075368
0.8967950050509075
0.7408958035672546
1.0958073919891467
0.6664638244557005
1.1639314057764676
0.8742562497178422
0.7928110816262572
0.6200006202578547
0.9112204439096734
0.7064484765940983
1.0758380045292439
0.6831601985422784
0.6498949852452884
0.6143768244093113
0.8391687199547309
0.6051943499305746
0.7016953405430838
0.6157305465990058
0.7669434660549980
0.7961124965627181
0.8210975795215751
1.0900407493695654
0.9503991949435817
1.0264925034819052
0.6329705421402518
0.6678705015829408
0.6247846030540481
0.6295902412524017
0.6234673110446327
0.6531467155625230
0.6116975083659522
0.6056442855450845
0.6443782184093257
0.8070010683963427
0.7982210040120294
0.7808162801681614
0.6094441119488808
0.6135289686918308
0.6142601671632862
0.6610961917708710
0.6439658984222336
0.6950444026347062
0.7878951338244349
0.8562362956430348
0.6468371008305942
0.8204618772459950
0.6942807018918207
1.1654462377552706
0.6599380142134700
0.6037754657945275
1.0279513943388601
0.7417737202229227
0.6516997325416977
0.6496401645588530
0.6281404642106260
0.6004630867298409
1.1393389987084792
0.6758093475315340
0.6216640525551734
0.7141285613397360
0.7994317162461487
0.6378723472550805
0.6182543088874397
0.6084320765047888
0.6498254611457487
0.7538555101011469
0.7575770018447612
1.0580075862460170
0.6124551256289756
0.6872295542142508
0.7850489579731230
0.6222389539956060
0.6465707275584660
0.8549457043346723
0.6351674537737282
0.6229232613093466
0.7057535879496388
0.6001947090931240
0.6413179393567586
0.9013911808656272
0.6309016384925683
1.0966823321696078
0.6672387244262419
0.7004438839100108
0.7717814549600872
0.7229898972273611
0.6200966040316525
0.6132034779297930
0.9567421298532685
0.6198183980108590
0.7809212709522061
0.9911786795423145
0.9310141160337405
0.6057833301048650
1.0100907697419166
0.9652819035253959
0.6607976098594451
0.7538538833374413
0.6429330271150073
0.6609491162745749
1.1949812314836157
0.8431207297900243
0.7097370154441198
0.6065705554639302
0.8305849174124278
1.0885242916942151
0.8583850108303346
0.6774090223968449
0.6002592811164175
0.6228087131587766
0.8750120674486913
1.0640340116678846
0.6632854677864450
0.7511396453196091
0.8169975352494960
0.6709255370724787
0.7688843018911058
0.8092732106164051
0.6392173759738968
1.0844885331009824
0.6992512274728324
0.8701691495155244
0.7333029987761489
0.6272488309399091
0.6024789272985615
0.7157957926199431
0.6528374238085828
0.6779111691742404
0.6172618504465521
0.8755384231661876
0.8829753551004397
0.6789220369441767
0.6002414714982364
0.6043555238338851
0.8585490668123202
0.8925403384338514
0.7580434491017388
0.6359999381204692
0.7280855469975899
0.6521356898121791
0.8319480959648790
0.6003320984095388
0.7301417370755814
0.9131221993736862
0.8579176811774484
0.8527547591659965
0.7280633885247748
0.7352802794785499
0.8188506856923399
0.7915836063313613
0.7667412765083262
0.6723486431065208
0.7214683858160621
0.8076737878405891
0.6182978213079083
0.7511672417082969
0.7233292019682549
0.7959159672591984
0.7625463071480358
0.6194744872251953
0.6071805177990693
0.6067588445075627
0.7291262456260128
0.7471197744549612
0.7761650983689998
0.6272146007641498
1.0033446796539913
0.6417454410559342
0.6381559502782851
0.9011988125374054
0.6030847739963029
0.6928539694237293
1.0090950266847918
1.0943333756729468
0.9741868822597489
0.7022511333758056
0.9510111162868213
0.7589090399554964
0.7611618825871357
0.6141687579401564
