0.6049881246135170
0.7771414540251514
0.9095456355635685
1.1558579383349530
0.8666716102571325
0.6046061114850914
1.1597716209702871
0.8137013855458572
0.9212556776107368
0.6399298519705803
1.0851225717028814
0.6079061055455410
1.2560243796364863
0.7210647062252248
0.6700039788708492
0.8515191699717597
0.7535604167893070
0.7061447774602498
0.6773511669851527
0.6943905418748483
0.6093521736856579
0.6669810232310676
0.7984866257573592
0.7700466650152368
0.9642072515280500
0.8812389935347286
0.6019449250702378
0.9818340232891040
0.6446292710051146
0.9986434760178693
0.7752053163821200
1.1882834644277205
0.7718623795352795
1.1863744660256363
1.1597947661789765
0.8388249358973037
0.6238190515169979
0.9151939989570641
0.9156598061921293
0.9239149793404087
0.7555986565692966
0.6838999283678291
1.0693383000332484
0.8283468015616623
0.6072771317780430
0.8959940871635163
0.8415762038000185
1.3547069653798205
1.2592904187995004
0.6614463161394940
0.6142892518219081
0.6169229808113758
0.6709345036211679
0.7257215185422409
0.8053370829968519
1.0965993663320563
0.6018405432710172
0.9562939809070208
0.6025494971566792
0.7219093998882874
0.8241602230422453
1.0336290512327420
0.6578566457004890
0.7781305026641238
0.6967662002030627
0.9774075707781608
0.6005145051271956
0.8412303304356367
0.9701376349468485
0.6038068493230745
0.7704832909312471
1.1453060046359365
0.6582340257910447
1.0252305995077060
0.8031556430214735
0.8826395871396682
0.6163792208615902
0.6202795291877741
0.9171975286066985
0.6819306268294908
0.7940150889778529
0.7225887459587071
0.7959257006820666
0.6974897354636279
0.6861386315507247
1.0799570585083780
0.7645289238406926
0.7762413208422548
1.1672927890578839
0.7797276257428946
0.8944883835603646
0.7133379975166001
0.6136245270428820
0.6201896342509051
0.6317590982022954
0.6295439182863828
0.6234094272854314
0.6127200886860029
0.7448157276036663
0.6448623949291440
0.6264445523496136
0.7213579225719040
0.7537014934842037
0.6007744323435861
0.7921007369650908
0.6456778035436307
0.6328086200270462
0.6313240117528426
1.1516137843504026
0.8497944686491923
0.9451580468021740
0.6857296456303187
0.6478479938528527
0.7410462551201190
0.6166587335753674
0.9257509852170843
0.8781461070836866
0.7886046491270429
0.6624433035344333
1.0885602019482867
0.9497713101152018
0.7453259035810169
0.8305478085384524
0.8084349220775184
0.7665801584267325
0.6416831629341393
1.0660858040881305
0.6451896187244707
0.6556114621919000
0.8052065729067419
1.2245402615361340
0.7356309869136243
0.6828021512089990
1.0552125126620668
1.0334713516980072
1.1665593233688776
0.9317927967324117
0.6123368035650079
0.8204768066510331
0.7804778637741094
0.6764566884848496
0.6509981228872398
0.6593712603631799
0.8453811755665832
1.1040519562809710
0.7135753497910143
0.7154499468263142
0.7090340775904509
1.2169517673581760
0.6728750666286850
0.8672578196619157
1.0600037934524684
1.0478642765080444
0.7779958441664517
0.8498156182337875
0.6679571939240322
0.6851518350502412
0.8015774751829803
0.7485580077090221
0.6188894895034903
0.7312388931146884
0.7188983694737572
0.7739838503303754
0.7480876352973682
0.7026260799917203
0.9501403718137769
1.1368934538405349
0.8878652881937568
1.1829851536213549
0.9158812342095662
1.1245331831174583
0.8722199730356820
0.6317523414513071
0.6349185478779267
0.6991327969175108
1.0115570233597462
0.6910667956451292
0.7483750162688939
0.6882439013311927
0.8680061332397269
1.0430927848741305
0.8858683525018306
1.0169232161997799
0.9946128106399206
0.8770859189431038
0.9028174154637438
0.8166143036251212
0.9630606808706297
0.7757818298140260
0.7630642234376825
0.9536992831151669
1.0977388825834726
0.6070424319369685
0.7511803657818705
0.9129112737634741
0.6002410057580227
0.8359926782861372
0.6610378181277845
0.6822618248337110
0.6002330492152304
0.7038209682275965
1.0948038719062763
1.0499703099080722
0.6002354150394065
0.9087635455031082
0.6012284626233240
0.6902787761240045
0.6030722092812250
0.7194846497570181
0.7223190591760393
0.6033883897882474
0.6527028558529915
0.6003042181138156
0.8512043043179259
0.8911075169713409
0.6297818331413708
0.6520690570408108
0.8959384937117840
0.7797972088059798
0.9043917359453403
0.6789561472761216
0.8893556216868840
0.8848166279337605
0.8913989494017645
0.6373203409506129
0.7617761593747793
0.7145516463943115
0.7979417037670862
0.6532524250748890
0.7819804678036034
0.7723280394983630
0.6011347815508454
0.6444131257808596
0.9438524589764548
0.7321198428179546
0.6514442009611061
0.6476877087124303
0.6166647270265814
0.8169394540871433
0.6952138887680005
0.7762137768596059
0.7312285529534409
0.7224680487725672
1.0003728161755827
0.6841749567143310
0.7308790046427753
0.8974491953211827
0.7098367533906609
0.6625839253961392
0.6499957680390372
0.6005753523520132
0.6054739324255143
0.8131922518539849
0.7063021460651495
0.8506206004940686
0.8149883471097642
0.6121099658274011
0.6361138761942082
1.1917074471674081
0.6878523091844653
0.7859792677651459
0.6784034770588651
0.6801857439835018
0.6430610880521708
0.6198863038507635
0.6953871384753109
0.7347395855141898
1.0556192675969298
0.7212714869623533
0.9731597373680290
1.0191000215647086
1.1504683823764315
0.6003721860145258
1.0409673885614357
0.6462343872203324
0.8513496697359533
0.6654844187826324
0.8323250424527060
0.7761484350498724
0.8632766166223985
0.6596353650833054
0.6717878480327667
0.6142038765348825
1.0833010637982481
0.6198364415791484
0.8949743748058990
0.6028286658742769
0.7369229509266559
0.6761143384585857
0.6022184637603019
0.6773802345368839
0.6623242075161073
0.7439846383962990
0.6697331041638305
0.7686421278219546
0.6030742291988316
0.6030630946883877
0.6014055814860734
0.8475445015537169
0.6748666862390904
0.6274918378591055
0.6036409333597386
0.6387436382065256
0.6915761639435329
0.6075102657390794
0.7488010337147087
0.7684160016051443
0.6870315632395031
0.7240548097717532
0.6846178225191261
0.7886623369801021
0.8544215940530113
0.7056222995714228
1.0876254482624721
0.8046108128558782
1.0037619123740447
0.7942003007485144
0.6810799284618068
0.6242258577593494
1.1595544544234972
0.7163337633734510
1.0327372649593012
1.0080636432774270
0.7104132058338428
0.7643788482155731
0.6036085632392484
0.8401068986648667
0.9465499088727080
0.6166933776377617
0.6549206464333858
0.6498685712001412
0.8403685338938435
0.7602187705842456
0.6035686407770091
0.6235358273872210
0.6057164624709263
0.9842933630120450
0.6393868109429969
0.9122103653297835
1.1687184007874736
1.2132679892398337
0.6713009483370217
1.2300937442672046
0.6669308104201901
1.0178190985245963
0.6895900496631708
0.6394696937126861
1.1265256120686780
0.6146507974636563
0.8986858156014714
0.7297478478529018
0.6182692219267291
1.0293759393319302
0.6694503448666757
1.0138934190461220
0.6028105651700257
0.6002226742475606
0.6015014027783523
0.8798856815065862
0.6606274570293894
0.7275380617407265
0.8562666716165318
0.6079094575117220
0.9669294365106647
0.9069982057388509
1.2582554648235191
0.8605373183304295
0.8712557839896518
0.6039759132393204
0.9493456304492539
0.8168071371818784
0.8973864236761295
0.6369490845799801
0.6130996381970026
1.2553858921145067
0.9444735837247262
0.8449306046128391
0.7490209646243974
0.6234131845775261
0.7511152206566823
0.9273889586132318
0.7299980100610541
0.6976490726408753
0.6318281662466876
0.6226210218250674
0.7198869401415989
0.9951887065460404
0.7739313720130329
0.6130702932225627
1.0346549375900065
0.7117475245371959
0.6239801496283834
0.7296580164884048
0.6413726205306473
0.6949692150361056
1.2268975262605721
0.6529033609094477
0.7381876034455099
0.9714420073915770
0.8993963953044578
0.8249288953353181
0.7196113883247799
0.6099684519681448
1.1347468686854685
0.8556204737311586
0.7522015221085274
0.7463000975859302
0.7211912936091871
0.6578681460171515
0.7855105490386369
0.9892603714536304
1.0187248841791239
0.8396380110836407
0.6553295912589349
0.9768605995268772
0.8074093803378924
0.8171167128686377
0.6768114928424926
0.7282667121284501
0.8939480383411686
1.0386747279812767
0.8342308635150648
0.6280957376576113
0.6219699754998831
0.6443692328877944
1.0113821509111260
0.7528188143864336
0.6316465498586423
0.9148115450965005
0.6771056816980879
0.8345878941121068
0.6339768190015996
0.8360927492701141
0.8110882417397262
0.8158435271432339
0.9078770958740281
1.1795761469329080
1.0030226710880747
0.6136793577782458
1.0459159408550083
0.6600594677335493
0.7191772410844860
1.0547755606646534
0.6005330920777295
0.7593121758259421
0.6636436551173563
1.1053018410729087
0.8955788933692651
0.8837734275282016
1.2971074490574839
0.6002208559170691
0.9402531939753457
0.6398758439296638
0.8941988764566345
0.6121215203807233
0.7232739651105043
0.7095670005850283
0.9661739947728838
1.0507623440807676
0.7418173532402239
0.7792208280999370
0.7675192199297084
0.6016388485773605
0.8433291220806870
0.6756514986350024
0.6263857783518598
0.6544447003370846
0.9276835915177593
0.6237886868600001
0.6844002312788061
1.0546082023643832
0.8821616148982837
0.9593369491014067
1.0923773348219656
0.6607994544302461
0.6986026870044749
0.6024757550703855
0.8563519852646493
0.6661962055384545
1.1458477794702930
0.6698536327657750
0.6174050833666209
0.8895796227997224
0.9484233876444202
0.8961735664308248
0.6512630907227938
0.6608892847720486
0.7021373096939223
0.9380196597020942
0.7901995508557037
0.6347498858758244
0.7116408792659513
0.7093604041541265
0.6324229759422326
0.6535949494061912
0.6610429369970047
0.8856929620756788
0.8237895559516406
0.7301841653185489
0.9843741858053476
0.7922764489421088
1.0112430189915065
0.6911580111206249
0.8502045368189111
1.2124165552286039
0.6621974422743997
0.9160873552799725
0.7779343204719132
0.9532061489516802
0.8646489392110943
0.9256747835038799
1.1572046426055465
0.6590491324544875
1.0785748357446738
1.0700596252465511
0.9957238355530784
0.8177517169854229
0.7687032771454124
0.6170207527882915
0.6503770637582513
0.6370340293321669
0.6285524914207886
0.6569363885776162
0.7725069155846592
0.6023634286618443
0.9778561953882684
0.9878799124992131
0.6445072808359558
0.6036825066552487
0.6865048225422054
0.6494358710445246
0.8416199386350297
0.9111908998073194
0.9930773071777759
0.9532236892149762
1.1866227203832445
0.6005130531063342
0.8245161013720418
0.8928352813571082
0.7868874553873783
0.7366321610883154
0.6872380726287095
0.8666519147415030
0.7178461676853422
0.6482526741967950
0.6120319705523859
1.0584980384456857
0.7771205376472867
0.7653405639242354
0.7204805760047296
0.9038616183017698
0.6320525549567784
0.6008591229061742
0.9482456587582405
0.6890483639317001
0.7915119670297455
0.7693991172761037
0.7093510439736201
0.6388842502224655
0.6072843204447901
0.7737086768159953
1.1103992782574881
0.6902665398776544
0.6040427595225639
0.9380663435706380
0.6088701029043013
0.6061938481436090
1.1336853156932256
0.8536159432690335
0.7684209258582066
0.9958300526458193
0.6143893426177937
0.6370975801200328
0.8829596096971545
0.6292720372817315
0.6274634396350804
0.9321446323316024
0.8154322923651546
0.6127216924647153
0.6181931796905825
0.6724641760114378
0.7619973430915659
0.6754145475002764
1.1954173914497774
0.7486723911117367
0.7317936711238008
0.6719169704635345
0.8454033590619496
0.6836491725958058
0.6512964710217316
0.9764613110432153
0.7024749907205006
0.9231791208647530
1.0380894246840158
0.6823981294527883
0.9697594811286941
0.7266190282710766
0.6557473550153995
0.6401479874691438
0.8976807378760797
0.6711390887572951
0.7766558217173117
0.7413135506540552
0.6402357898524669
0.6949350658172392
0.7037019651942527
1.0113885132658200
0.6993228701578330
0.9134750320922894
0.7089619316571620
0.6197612079719932
0.7409071123413246
0.7687149930152022
0.8117767356711827
0.6052376574935397
0.6645605297219933
0.6772724890970802
1.0320872987213321
0.6034031334924117
0.7033124946661963
0.6670855132253984
1.0234143725795377
0.6681225729870864
0.8348743454346144
0.7526855673745519
0.6838641382732624
0.6612475352692965
0.6129205251926882
0.6172527178277457
0.6022287466452365
0.9396457355508135
0.6301445761285942
0.7123735725078858
0.6467312850649085
0.7189958457324561
0.6375574735597026
0.7907687774180663
0.9736016635448200
0.6161134659908840
0.8720929076876947
0.7801089682533593
0.9157400551025021
0.7990596077124824
0.6584981751103957
0.8155828582470604
0.6959555144113100
0.7644215132318340
0.6540625403332838
0.6096638638988885
0.7764441812414820
0.7822160849798149
0.6310567495349036
1.0180675345821253
0.6430648415203009
1.0150658357423181
0.8324367356769364
0.7856618649945881
0.6143880128618022
0.7049081068144095
0.8968811644198343
0.6001997103903606
0.9682422108262525
0.7667659348258122
0.6389022403556699
0.6600182999910352
0.6162289606192964
0.6397426709325084
1.0531442613603410
0.6344230272622049
0.6010960110332072
0.6243765707714314
0.6871303806915036
1.2652507544869951
0.6068726205843646
1.0369857846307458
0.6199515925615335
0.8144460559931578
0.6016491874516005
0.9371465283353904
0.9420239360583607
0.6498405093352708
0.7426779676008950
0.9400829563544327
0.7839705913674565
0.8210216299393851
0.6746215561553883
0.6164883835736352
0.6109701845335449
0.8339819564038647
0.6884664701473017
0.9822562728065191
0.7661333090943889
0.6178693483487221
0.7978796615123787
0.7930208149463017
0.6816019294157765
0.7764517712479262
0.7049639692253129
0.6060919409556829
0.6696248565420577
0.6312545295562791
0.6709693218065281
0.6835492537130382
0.6220898555096804
0.6028750599865411
0.7452211952192825
0.6708715905494784
0.6436733537278397
0.6906751224522736
1.1881674516447862
0.6328991029323219
1.1338154281863171
0.7600085448774241
0.6195680675494393
0.6569801117349168
0.7115907323922384
0.9386212772439870
0.7832334199029164
0.6426176920133414
0.7731190208903632
0.8557594791124601
0.7919496302544131
0.6058099045124858
0.6066805692485950
0.9158388521186623
0.8759084261325234
0.8067018274859725
0.6267227678655097
0.6308601906790189
0.6188872509809572
0.6165525297841203
0.6387108536010176
0.8918482697734714
0.8630967869000522
0.9412348882295913
0.8380631019639603
0.8093538544909983
0.7497733698305632
1.0290032275161947
0.6624114824995572
0.7942245161040384
0.6298994564863939
0.6546616333082766
1.1870514206849350
0.7352206395669361
0.6645284442501140
1.2286356786436483
0.7360752187527438
0.6022299034768116
0.6151760458400846
1.1653736886769068
0.7568417738783886
0.9024774747431233
0.9606710055243910
0.6843061983948373
0.8874219782839179
0.9956500053809398
0.6731055141676110
0.8307719356240985
0.6001886203855649
0.6020523641635606
0.6385901224071889
0.8214362216527213
0.6531877495897417
0.6843441861390911
0.6653491950781963
0.6356848369902204
0.6411809689139759
0.6121021220121892
0.6548948790408308
0.6752917214380735
0.6841105388164799
0.6001841090726309
0.8964045501897764
0.9966220040509565
0.7738831800489993
0.6730062304466616
0.6742528652183885
0.7603383868672100
1.0215503278290328
0.7265024475322057
0.6552847094027956
0.9225870216533958
0.6878978999265396
0.6220779022745599
0.8185876601240579
0.6782170695203374
0.6046442755831620
0.6018360538967336
0.6751728557965908
0.6843305886743425
0.8661616891810703
1.1119508945990879
0.7453988386829995
0.6908112603592991
0.6240880808908794
0.7020501106844120
1.3271357572054727
0.6368494887278539
1.0081844428094615
1.0057760498117632
0.8429327241093250
0.6807984972905686
0.9586752108146378
0.6110992462884782
0.7197114115426195
0.9718720011859157
0.7440303759132109
0.8068385147374023
0.6002015874812411
0.9214607012291046
0.9698561894440831
0.7598581115557900
0.6509159807898014
0.6544565418873599
0.6326285290598654
1.0724959744942824
1.0699111465808953
0.7790504489028575
0.6138984148524316
0.7280697022887134
0.7297127436733207
0.6657324337370261
0.9126061155545715
0.8801428338326081
1.1998815912158693
0.8278322289308869
0.9032456152528203
1.0565687543952398
0.8320862706540474
0.8136742625905672
0.6642647127453960
0.8015530669360100
0.9314693342029872
0.6729847940038854
1.1816191153106297
0.6686537247367892
0.7428352709892961
0.7042255664574536
0.9767469945077306
0.8175278675922512
1.0141038266565257
0.6911230225925957
0.6503808713216267
0.9871858905433794
0.8179860784903378
0.6122121861529082
0.6124896010863206
0.6042880282805996
0.8612912901052040
0.8524424769143111
0.8631295223027659
0.7420541712176859
0.6005407738480408
0.6142499249358657
0.6791111543029095
0.6988907925579093
0.6031247050441177
1.2468083515121187
0.6751173606865181
0.8761714628868649
0.8251607718585351
0.6786704380231066
0.7920467608401173
0.9584566803944566
0.6469055005025205
0.7872134899123930
0.7303529467650588
0.7583808715486187
0.8729945577037996
0.6113195285312184
0.7004995705008291
0.6169396073462838
0.6182883913062093
1.1124782324132043
0.9430861202941871
0.6027857757162954
0.8035281896640737
0.7767694898410630
0.9262862346397551
0.6853005304613943
0.6294593112984689
0.8610368845173766
0.9316630096997319
0.6948747796211874
0.6940214336772055
0.6285445328064663
0.9888399565712734
0.7003882015723413
1.0394714347703073
0.7602494151635814
0.8423971081671408
0.8013499979807044
1.0521541436585196
0.7994388061824481
0.8083852418828121
0.6987933536526264
0.6973605220651757
0.7158939111562859
1.0429414999244151
0.6305663393467815
0.7989528684622785
0.6048581389351676
0.6840509420808385
0.9004553478116955
0.6086246911303950
0.7918963482102802
0.9196790630447267
0.6488575823725448
0.7469704201000239
0.9669082569287806
0.8316782326862641
0.6048073155093989
0.6330789948597065
1.0663642083405027
0.6247868391393172
0.9631688138135710
0.8370870504890437
0.7569360735172445
0.6048292934434426
0.7342537496202814
0.6022084868406424
1.0540315923622929
0.8472887957233197
0.7835954047120989
0.7851476105779142
1.0249147800283986
0.8947946905608423
0.6528078202432697
0.7843564046908377
0.6647736433747048
0.6667254999665048
0.6001918190231599
0.6966875899028996
0.6076920566196610
0.9280409629967775
0.6683053753822614
0.6053263104997250
0.8415387541496124
0.7004985205433240
0.6015902867781076
0.7669598218412734
0.7550795132990581
0.6792605648003406
1.0366748421200660
0.6473185135943114
0.6389154377578308
0.7659355195413704
1.0793955061588676
0.7112659683511287
0.6264376985916372
1.1130994871837296
0.8667479312715067
0.6891210722095603
0.7561714322050996
0.6021499815635913
0.6856338597835104
1.0518459043069099
0.6478857376394227
0.6175210570935685
0.6220424468792425
1.1189077668993967
0.9786704144350048
0.9281982195998306
1.0403871248800209
0.8612122882532814
0.7102862812131990
0.9017034842296614
0.7754832148166385
1.0168526185734981
0.6102186078239694
1.1073260911482738
0.6690946384608122
0.9336046281558523
0.8625970809127117
0.6023491019507793
0.6919768173671177
0.7282813649994190
1.0641743342190029
0.6958436311363712
0.8186948709505453
0.6803744339040581
0.7955354631687924
0.6680101449384517
0.6034918961856807
0.6700582149685084
0.7221617926051596
0.6211805236495391
0.6595217826681075
0.6426460967261410
0.7630616383141230
0.8208255292774607
0.7990032324795486
0.6756388268923991
0.8262025526293296
0.6697958264560845
0.8486983943290761
0.6806443468179402
0.7433815285509692
0.9932322263825237
