0.1309145310413751
-0.4053200541389528
-0.6422958200283221
-0.8439276147941366
0.0750027434829696
0.3207742513129310
-0.9112386917847093
-0.2441411108986220
-0.1259624604247787
-0.9425950662742455
0.4161339100440807
-0.7998506665399883
-0.0642099787127214
0.2696790372160074
-0.3585901902695086
-0.6861077495554101
-0.6685109588592014
0.4199127908913606
-0.0894703675984516
-0.3987174338538491
0.0214793286325738
0.0822129270979188
0.1280497955272024
-0.4129681302336196
-0.1652932372618447
0.3979624517690519
0.4002320021295432
-0.6483117246818558
-0.0465226010303847
-0.3249228023076140
0.1511422332563173
-0.5979853967259072
-0.5841396383606200
-0.5943051293535121
0.7992695058176330
-0.5445687001741050
-0.6248756844908440
0.4996046519095904
-0.4314846886184689
-0.6508395486355958
-0.7713295392074886
-0.9207606885946394
-0.4667094117733748
-0.9404940588689726
0.1315066393600401
-0.2069957965747993
-0.5017908446421714
-0.9434045494037578
-0.4048698448028883
-0.2920750537219050
0.2449100102951887
-0.0371308820998851
-1.3309109777877901
-0.9983690205438503
0.2456342175762405
0.2680556593234199
-0.0681569381632234
-0.6909151056077748
0.6134213764088111
-0.8215577370538005
-0.4297317835607641
-1.2172883618896266
-0.8124901182644159
-0.7344975912277920
0.3727631019283693
-2.2186683321470060
-0.4007708048443469
-0.0397367022802427
0.2434735321540831
-0.2205228949315774
0.2040857061807517
-1.1530255765322504
-0.5763448830887780
0.4857172277869187
-1.5738532337743811
-0.3656219449207636
-1.1185421147988379
0.6039626461977042
-0.5712063958489834
0.4152162577665746
-0.0594826867497259
-0.6088233749885730
-0.1378296251760824
0.4504659177410109
0.5065081349924377
-0.5835263532984120
-2.5383388630033883
0.0271204182188724
-0.3916369329262878
0.4886520449377239
0.3759302246947414
-1.1858424632562512
-0.4124238032151764
0.2613470414866160
0.2324038376927922
-0.1619617939411904
-0.3404882595190800
-0.1411439724483156
0.7650880135080825
-0.0096506812576650
-1.4381040262393887
-0.7023918266349171
-0.0055141592168827
0.0611881242129618
0.4606890830793022
-0.5570635514424983
-0.9514167338508456
-1.5517096489188922
-0.1601217070552956
-0.2789298910594754
-0.6139039437094936
-0.0288394162906493
-0.4445560269632434
-1.7093907628812242
-0.1677075570982400
-0.6786609197987535
-0.1117814599198040
-0.1448356685199783
-0.1437736635663903
-0.0582320815801923
0.1751579950786726
-0.1627762135403397
0.5126844849477764
-1.3253332588447739
0.2523603599294264
-0.3955065416443159
-0.2510259060638999
-0.3217099999787079
0.3316951583281924
0.2813955727928709
0.2490290147186322
0.0182584711384798
0.0897669751228814
-1.4240301495904504
0.0884407404084810
-0.0419599478874845
-0.8044636872103922
-0.5449167212268338
-1.7969091487724413
0.1777888209966285
0.3785624613240317
0.4886453847160637
-0.1581440706405677
-0.0412857226885307
0.1903255826683871
0.8236516948952813
-0.6120451027975550
0.6626511980336527
0.1184054502873674
0.3554628662777965
-0.0636834810514306
0.0634012011528230
0.5508458665738291
0.8177883526649384
-0.1984258549456006
-0.5794628059630660
-0.7784155290248290
0.3383211459275711
0.0784672568397630
0.3566216119991483
-1.1010499891138137
0.2774345522128793
-0.3348154594277583
-0.2088325471331277
-0.4196318555318826
-0.2521548486797937
0.1647896471665987
0.2476068365452451
-0.0370994489171056
-0.0659337711147623
-0.6554980511421127
-0.0659182974354589
0.2640530226804603
0.1863748921565258
-0.5065419633809438
0.4861575607854918
-0.7979533291731488
-1.6220335001583175
0.2767270801388905
-0.3371861424775491
-0.3427083866082156
-0.0454068432075653
-0.9076970091192191
-1.0919148623139248
0.3061895806724835
0.2119859408156549
-0.2465307501878261
-0.9970239309431332
-0.0186167490564678
-0.1824064244327840
-0.4607081330849839
-0.6447024945339100
-0.7006663344931088
-0.0505703971175936
-0.7357774605087954
-0.4572164213704481
-0.8103362885427451
-0.1594652302297858
0.1698883454008729
0.2227544135253139
0.0140697336632699
-0.2106911236858264
0.3835162686309361
-0.1544189939755327
-0.1403484211165358
0.0906211374432132
-0.1153330418258810
0.2749218665169130
-0.9080183954683969
-0.7972128489854748
0.0083390210057052
0.1788178817532899
0.2995385388798424
-0.3838321776633075
-0.6111322916991243
-0.3185242082052694
-0.0877850673585239
-0.1323746865061694
-0.3899700006513505
-0.1030348037865324
0.1502728047605465
-0.5950774645748773
-0.3652604154875853
-0.5269200219407855
-0.0826074677230747
-1.1362693757079920
0.4089357693967294
0.1676304212916744
-0.7644882002189189
0.0011602227479623
0.1292029645924363
-0.9275641283144976
0.3933956083464116
-0.2073596104066667
0.3367468311097970
-0.1511760067110823
-0.2234505107725511
0.3783413177206574
-0.0266054876743522
-0.4644913154200098
-0.2699175016479631
0.0333504860278549
-0.0449027475738945
-0.0207743645360685
-0.0655596912262727
-0.3562854430231812
-0.2505152102613789
-0.5134413761703427
0.8417721137972682
-0.4018680360524299
-0.0849803654368355
0.4940936632939000
-0.3210554106885219
0.3579861367693488
0.2148401039719993
-0.1872533232076504
0.1103092513747307
0.4517569140806685
0.1604967532823985
-0.1087099351352073
0.6886229901698592
0.3530509844703132
0.3883852035964007
-0.3225423381026524
-0.2123004584539565
0.1150857341799263
-0.6089220792813120
-0.0601515561237371
-1.9594631246379917
0.0742823952259508
-0.1741199871773553
-0.1868572941701573
0.2889430489148873
-0.1797126015989099
-0.4328539443006114
-1.0513220754942953
-0.1255774138901506
0.0936871393219619
0.2202622098738696
-0.1742228718816591
0.3722394892396088
-0.4534492915359519
0.4443507647793629
-0.4243691486993545
0.0379497051403474
-0.6334187488473948
0.2900322891920442
0.0689414977761623
0.0492113680844016
0.5459339460334208
-0.5527942198895235
-0.8479050297560202
0.2378471982560516
-1.2967734088338423
-0.1260711005553705
-0.0020912363248161
0.0511485276621710
-0.9470216712938352
0.0427314553028632
0.2559161522442196
-0.7168865899557085
-0.1064608327892370
0.3721087967886580
0.2116284058931531
0.0992540905868112
0.1442691759212770
-0.6875282275808658
-1.6511740876879595
-0.0617004520117532
-1.0838453434523179
-0.6018530038309712
-1.7462311621069799
-0.5348345909700288
-0.2287487516534024
-1.2910126196684035
0.1500983900710403
0.0019923182924097
-0.4660359352076119
-0.4762886415934464
-0.9509572674441744
-0.4495456644831273
0.1477620334571310
-1.0349719298277009
0.3580477389754987
0.1676728831256704
-0.3645453342275736
0.3360548726592030
0.3572834479644250
-0.2750190901486352
-0.5292847348051309
-0.2844544061371019
-1.1579991413885105
-0.0802062293180629
0.1049123414428682
-0.4712612777688794
-1.5837185390792010
-0.7211033480187756
0.1489479785465539
0.2262547497946988
0.0992598456280517
-0.3239245721137347
-0.7826025255808753
-0.0715173029803773
0.0655565598560173
-0.3018171843055325
-0.0174584391577723
-0.1268806637347599
0.2338742536095965
0.0917248972141180
-0.0134800390711372
-0.3385517729422531
-0.6299507286381641
-0.1802985220566523
-0.1273851298856002
-0.4164998963883619
0.0087072737155619
0.2686897224695077
-0.2515267708939948
0.2735733862090238
0.0616107483097694
-1.2675744539820479
-0.0954931272714537
0.3243297762427595
-0.6158346558227410
-0.1297235558676937
-0.5985646918657436
-0.4751098245882034
0.5591114118115833
-0.1151034949036125
-0.2875134796009476
0.0381032713048020
-0.3543414858319409
-0.2918216955334974
0.0200572934692781
0.3841201682083402
0.0318234619204684
-0.0428705166392890
-0.3020748381670360
-0.1298592988280445
-0.6615171001361544
-0.1492424169355990
0.0326837794650189
-0.5565462946422988
0.0575535887717357
-0.7527332544253008
-1.1651506040719521
-0.6472779542488661
0.2636064391357618
-0.0127749525153900
-1.5454098568441321
0.0483705596684199
0.4469214215424765
0.3219159919395406
0.2740445793728382
-0.6417429728835535
0.6868274789929599
-0.0818249585706286
-0.8698746011546026
-0.2310396504179778
-0.0315537708147815
-0.3647591055942246
-0.3639391066532497
-0.0213175885170911
-0.0044706295370935
-0.1164101336251054
-0.5436885588515062
-0.0865447826451230
0.0253909073031543
-2.1369062484544346
-0.5657343182140376
0.1143478326407891
0.0305044358625914
-0.1907983169340910
-0.0164394419997996
-0.3134443147495595
0.2933398936441471
0.0882980218102401
-0.0252552840677946
-0.9150225828600530
-0.6779850886091615
-1.1382431229111920
-2.1287964563236055
0.4125920998078099
0.3332016933799488
-0.1651197270658226
-0.4731067025562515
-1.2463461215486351
0.0207400529102241
-1.7549091742535896
0.0680622009608748
-1.1665301699192765
0.1849194108093151
0.1426606409655655
0.3109943115203824
-1.2971271258761043
-0.0171951451234379
-1.6704223063228885
0.1883460266752288
0.5726074486658720
-0.0752159308104736
0.5165505630913714
0.0088637835310901
-0.1635971103092503
0.2071959120494900
0.1637780996550159
0.0894849923678609
-0.9890584546572927
-0.2052690545287438
-0.5603956854167225
-1.1293410266125008
-0.3001102681795418
-0.1826749619532833
0.1751890349560831
0.3062236520833317
-0.4455548413216101
-0.1399039492067421
0.1213363411843821
0.1470423226014426
0.5892337162307277
-0.2065679679976326
-0.2121270176499707
-0.6516475800251655
-0.3613116037056058
-0.8387900184372921
-0.2288548772536921
-0.9066412984117485
0.0083020701667155
-0.1502128455931936
0.0549135025011144
0.1565395007455755
-0.6804980273033561
0.4041015749297644
-0.4405050825761573
-0.2780959762642987
0.0659523758827603
-0.1843960739834350
0.3645369405774813
0.0967518447307605
0.0899144379703068
-0.8096309742709081
0.0386331572084986
-0.7216945460509857
-0.1717358482997628
0.0313250174778946
-0.1146746996417560
0.3750081524508915
-0.0710436240086858
0.6160474719991984
-0.6551386365864795
0.7835132113826856
0.3064202550097980
-0.5157325544933019
-0.0159038932811337
0.5963350942041716
0.2245307752221456
-0.2217073321373900
0.1360994543710363
0.4249535539119242
0.2655793813546853
-1.7439811171409816
0.1098501747324095
-0.2373384509338898
-0.3930931626135248
-0.1803955506664605
-1.1001388075680663
-0.1685247455030602
-0.0324844697963519
-0.3044723179103289
0.1235613442522580
-0.4087653731399544
-0.7227627278463452
0.1251486877615918
0.5975891209764976
-0.2032316137041833
-0.8776730126236817
0.1405611509715544
-0.1930255400428237
-0.1713468520125729
0.3399645291599848
0.0366870962839803
-0.1671001605806462
-0.6734100858269663
0.1204121174221128
-1.4910405387958998
-0.1218119898766989
0.6000417892320782
0.0869120264330033
-0.2545770386038625
0.0158384163315252
-0.5217331299590904
-0.5578703538044488
-0.2514644757609258
-0.2308333420591535
0.2877669393651699
0.4167677587988718
-0.4046639840562320
-0.8318821260581948
-0.9352613035686019
-0.0749225196152617
0.3157859020669701
-1.3901652164962752
0.1818141493018228
0.3194043145593511
-0.3031316046016273
-1.3617839413104447
-1.1102355613302584
-0.0864683570920359
-0.1764731472057718
-0.5120946466413422
-0.0869978760178154
-1.9253255865731889
-0.1889140240569019
-0.1459823319781163
-0.3379953277262862
-0.8608328041768951
-1.1479167974886992
-0.3307967857252388
-0.1785444061214761
-0.0837789276381407
0.3679151419190209
-0.0559570335513069
0.1683035101731993
0.2209231114062154
-0.4181935113794685
0.1008783234235201
-0.2494465804934501
-0.7095331218333745
-0.2631141492454280
-0.7850336807984813
-0.8713306413275322
0.0052953137806831
0.1021319231049387
-0.1038890405457940
-0.0296735642071886
0.2372409299668190
-0.7899708306340345
-0.3553143866549160
0.5103685706211537
0.1334821250518075
-1.6605281434641566
-0.1085643221280010
-0.5642148781526070
-0.9346996435654084
-1.4085505835783216
-0.4271496288104679
-0.3560558531757967
0.7113488926390081
-0.3165578936755995
-0.4786203790138189
0.1243507428952473
-0.5319198101168321
-1.5447555301525362
-0.0967772670454683
0.2248096069727764
-0.3276465519744634
0.1384339206368859
-0.1142302645378027
0.0364781870218909
0.4074745214941748
-0.1047808569138762
0.1697246128523217
-2.0216435791860463
-0.2009916923314089
0.3694395600044776
-0.2918034851874312
0.2871053449032105
-1.1444765569259923
-0.0098478311124897
0.0123857924151796
-0.0482121277293425
-1.0802841534991425
-0.3059876364879947
-0.2638092335682372
-0.2027279682076326
-0.0180156974841237
-0.2943976036125963
0.2498917143381142
0.4546737528022450
-0.1138714978020746
-0.2222433214428846
0.3303692738496380
0.0240261868412808
-0.2514819009183018
0.3003351665118384
-0.7349662144491852
-0.0390928648632547
-0.4365265363436678
-1.4220973838931363
-0.1738264438559434
0.3822747832894588
0.2480926950386261
-0.8452949925065505
0.1872277755599309
0.1497118293941995
0.4512448108847903
0.8532210140575165
-0.2414633825709890
0.3233102063464969
-1.0043202172480725
-1.4048144235921693
-0.4813501533816371
-0.7694959194264659
0.0158736430138251
-0.1861831073757151
-0.1157123254557914
0.1655757674045573
-0.1930237173248791
-1.0741819048589776
0.4223538511107706
0.2401184522122892
0.0641815143264501
-1.2564602666258624
-0.6501567731279699
0.0238298708928861
-0.4048210327645552
-0.3250320788103653
-0.7152605872895788
-1.4724420030070107
-2.3901630040230173
-0.7781399623362245
-1.5018144806953384
-0.5019559775175276
0.4379211951634155
-0.6859313999758904
-0.2683844678238684
-0.6543090449982013
-0.4500664599119001
-1.4432711735771302
-0.2356818518402222
-0.5445421000282313
-0.9194199440593538
-0.3399823771661672
-0.1168360384572709
-0.4226431624072762
-0.1143150825231867
-0.2301356034533274
0.2268307637739633
-0.3445224051773228
0.1116925934849880
0.2773881856155615
-0.0346784652920447
0.3308189754826765
0.1034360704935182
-0.0563320181897446
-0.1667883993744765
0.0656911595488014
-1.0498678445445262
-0.3454154318023340
-0.0160121687128893
-0.0808140039264357
-0.4077456787622963
-0.0403541622918975
-0.7920857391681592
-1.0308513337826430
-0.1166673382397413
-0.8683353088017614
-0.6328177203644131
0.0671713220300415
-0.0190713124214942
-0.6306231335015458
-0.3435550866574095
-0.0106562549654923
-0.0326732892811698
0.0704382672492980
-0.2355313320575092
0.3788725298839986
-0.9319605931951666
-0.2856619278491324
-0.4822481999227363
-0.1403654895065480
0.6309034802021776
-0.6977240242665201
-0.0608607052072473
-0.1197643970060128
-0.1546685323301741
0.2548250091460097
0.1640880482194349
-0.0516111039922041
0.1110017889664414
-0.4274854570084600
-0.0351917157250302
-0.5115639773138856
-0.8442876184808545
-1.2315658738657060
0.1792469528751721
0.0868889522347448
-1.2590079387870925
0.1914737588590179
0.0518342828980900
-0.8519337634138673
-0.0071088561185475
-0.2005891674100303
0.2594315590595211
-0.6585527896466548
0.0854008554560867
0.0678500891005134
-0.1742058638144315
0.4172368576884732
-0.5337446915445663
-0.2998549237878544
0.2745597392134052
-2.2280735048516522
-0.5722822432688546
0.0878901158330421
0.1648923480248366
-1.2199234329222477
0.3883179389964227
-0.9478706581919440
0.2538978118270591
0.3630642401216018
0.3993431719418298
0.2313516610736050
0.1345468871363650
0.3295506821899915
-0.0273176665967828
0.4170266819961156
-2.1528027787453961
0.2927194537958422
0.2157300920403903
0.2450499114038300
0.3103887452463934
0.3025020998033369
0.4598947208766427
0.3031846664017079
-0.0934420712062934
-0.8941893690810950
0.0011911179439343
-0.3615015782103088
0.3796674624332804
-0.1525240237148893
0.4465036312727345
0.2759778394137957
0.4593784854898974
-1.7015524778925810
-0.8278753774178846
-0.3877308947284359
-2.3580506021246372
-0.7678988436453414
-1.4064809110926255
-1.6154460099356764
-0.6864281868151011
0.2542220776916894
0.1096084054763722
0.5587899200406543
-0.8455000422275284
0.0992854221304345
0.1241404967181434
-0.2795156877894293
0.2006314648861454
0.1213106134399661
-1.4965598087148984
0.1520457655872519
0.2089317186529139
-0.2141855764180486
-0.3058837574711896
-0.4168271421724916
-0.2916108099892171
-1.1311515473593583
0.0969830694598824
-0.1542140088886138
-0.3044567597342869
-0.2888189891081184
-0.0356585920222125
0.0633504323098572
-0.3646439511802156
0.2160485628064852
-0.1364535012175120
0.3578559520358495
-0.1423689159261737
-0.1648248265305061
0.2671870682925551
0.1909242677713065
-0.8370710534532220
0.0081539499727876
-0.8048600369502291
-0.4798626383841061
-0.4878227646077627
-0.1384349734662046
-0.7313226466583875
-0.5915048571674294
-0.1707083751220148
-1.3197774865205256
-0.1091874292185534
-0.4353345813006337
-0.7557962738518637
-0.7208146918512328
-0.1935530547659816
-0.1015260138280076
-0.2516807321790704
-0.1840213762094287
0.1788664850265617
-0.7396410532367301
0.0620145979879070
-0.7466998575776924
-1.2249209306257254
-0.2607456077686585
-0.4872711488651764
-0.5037460493750816
-0.2245480834211508
-0.7419361541589564
-1.0418562149863266
0.2702179996540331
-0.0857527188263584
-0.2459092722817017
0.4095250399140733
-0.3059602666975513
0.8634216091229562
0.0076089895041818
-0.1459188746143653
0.2905625613771467
1.5139131481026289
0.0827609390115698
0.5437252941060797
-0.4259556426532293
0.1954576300638982
-1.0784871304784145
0.7392738073618098
-0.7192163372429182
0.0379271859922531
-0.1348114019834230
0.1293697824818853
0.2246124448808958
-1.1357768562554589
-0.1417156706830552
-0.3737661057783026
-1.0097295231182353
0.0189245234696322
-1.1484131846388510
-0.6048470255671617
0.1542689983000609
-0.1962845600746186
0.2110263849459474
0.3212161924127103
0.2724955279177286
-0.4503071029009706
0.1782901424709330
0.1675545163808970
-0.4282289066894096
0.5826867395268482
-1.3214504599823043
-0.6509686156301303
0.0523835982654682
-1.3463244904458882
0.2538178719348008
-0.0455165782697726
0.1817479002919067
-1.8261136870849644
-0.4471488734748472
-0.1932469772120426
-0.8724649352128369
0.3753270793078909
0.0417350825484563
-0.0696785584601482
0.1254510850896734
0.3109682365145730
0.1876756228273874
-0.7867811191652161
0.2840337528845671
-0.0702905371913393
-0.5698245209337129
-0.0591286336269018
-0.1677773397004232
0.2034501141927232
0.1525059237287707
-1.0713949662066606
-0.0180410689783617
-0.1448936586134812
-0.3284551113929630
0.4590077407383241
-0.3442788000645472
0.5506642968549645
-0.4458746977290329
-0.2946678642317815
0.4224901191484942
-0.6480473893120641
-0.2469932901995046
0.3763170531736895
0.4995921655307000
-0.2722843690114069
-0.5101701327353964
-0.0069364185595710
-0.0763092012586596
0.4443584415482961
-1.6671379159968489
-0.0802751808388734
0.1671052948362739
-1.4082944066972556
-1.3987554119521679
-0.7069915241360567
0.1883982956043541
-0.1957160684804367
-0.2633102782021483
0.0831509376342009
-0.2384572917731925
-0.6589632169173922
-0.1639607785262323
0.1648929219686359
0.3659883910925515
0.3215516402001034
0.5100651940038949
-0.0037314095241660
-0.1215638932669588
-0.8451715655269163
0.0304292101467761
-0.0579409577736844
-0.4891186566469181
-1.4799849286868829
-0.3556592055484275
0.0008122881952969
-0.1499176366303945
0.1700945944386429
-0.7582497968182953
-0.4371067492966013
-0.5949398733294107
-1.2069033841077810
0.1975616354876849
-1.4849715205194809
-0.7876294994625731
-0.3068387095714104
0.3284062998674481
-1.0745417054085280
0.5542907436951300
-0.2416132653033626
0.0509722445966509
-0.8223879878716163
-0.5215540128758117
-1.1330563660534434
0.3787159475422643
-0.0128192109734349
0.2208227995036966
-0.3892860300488926
-0.5452885877455573
-0.2105644420055733
-1.3386039971013626
0.0179191655860668
-0.5198989894087970
-0.2686405060783164
0.4090141692054759
0.4206600281209398
-1.2487661129519494
0.1302511798771833
-0.0160988939330731
-1.6142271287702523
0.6932836015041897
-0.5654856868313913
-0.0802162238300800
-1.2216768210369018
0.3960791115594262
-0.1706547121618376
-0.8293511498657575
0.6041328369143966
-0.2347718589030749
-0.5821000491069883
-0.5890269240816650
-0.2750521720016520
-0.4728048612377095
0.2986550456506536
-1.0761196343896129
0.1186725516225612
-0.7817691640719222
