0.2319029656452727
-0.2537770105347005
0.2253151444249503
-0.2041593777534881
0.1585588215211833
-0.0599716345454875
0.0038885112449859
0.4855830204137102
0.0221355288356600
0.1152426593220779
-0.2313189377363969
0.2167686131029270
-0.5134138379178174
0.2659073383748598
-0.3855747428958290
-0.4051400367736123
-1.4819912190279894
-1.5148476585762791
0.2530037459521996
-1.2822019142586674
0.0242994387448578
-0.4261698878721577
-0.6295618295265926
0.2756162687896599
-0.5469719555925615
-0.1462854645800150
0.1906466458134440
0.3545771396352521
-0.9570183544482588
0.5001755299571080
-0.7679360215345966
-0.3243148774185447
0.3456785998947971
-0.7641462560532811
-0.1769442285055354
-1.3050742687743306
0.1961598475573262
-0.2910551680375541
0.4510069592130052
-1.2714244309792915
-0.3395096754273369
0.1829279276873376
-1.2363833025914284
0.4820899862627387
-1.0793696290010615
0.2033061689291894
0.1445649008001657
-0.5194091973418817
-2.2322668844944014
-0.0804594680862186
-0.2090461943280301
-0.6702624918512365
-0.3696502776243624
-0.3712840306852132
0.0509762350381794
-0.3409411337253393
0.5843554081845314
-0.1106415080594166
0.3535271037400625
0.2143728660485292
0.1451453455685262
-1.7420956765404962
0.2685611991457785
-0.0074428574303367
0.3506492753382063
0.3528860898838518
-0.7114142228219816
-0.6054875554769940
-0.0477736387087950
0.1119471531305241
-0.0368165889227174
0.3795927147070854
-0.1800461587583346
-0.3606040803292525
-0.7464017105161896
-0.2228658570425058
-1.1159098779810530
-0.3376859587751508
-0.2574397713094195
-0.0315610975025877
-0.5423925350226581
-0.1446166478847606
0.5217517256356805
-0.0488176859076551
-0.6144637587757731
-0.1299132841747309
0.0153897425821185
-1.1832886001457474
-0.4080573909252412
-1.1505087908218967
-0.4155705290648993
0.2785435582849867
-0.0054893193964451
-0.5659754903361086
-0.3767777786352098
0.4393600777701788
0.4493815879504923
0.4005919638605304
-0.5480953926414750
-0.2443445932647936
-0.8401925426244201
0.3418885485316663
-0.1503944850792481
0.4425436898083727
0.3912481635490391
-0.3402150838565527
0.4348514087405837
-0.2734330051210516
-0.1010099649404428
0.1764164928581841
-0.9044343597848449
-0.2816076603060113
-0.3552209686635027
0.4949103958400333
-0.1910638949114929
-0.7279562094033151
0.1212178017805403
-0.2250575606116780
0.1591069962636305
0.6497595338053710
-2.5569739805959983
-0.4676872797249433
-0.7471873005484277
-0.8546046684786964
-1.0873521988875319
-0.0939062903625798
-0.5556126246983141
-0.0580575159280854
0.3156888078007046
0.2788508265145677
0.0662844133682975
0.1575225638808826
0.1600405605388970
0.0898851814480262
-0.7754707311113250
-1.3168052492853650
-1.6057007029534340
-0.1934315623336135
-0.4417460871235774
-0.4175725219831016
-0.3550978073474430
-3.2536230891918398
-0.1376884015075878
0.2387137498918940
-0.0817078527679053
-0.3842255292973829
-0.0816524547190678
0.8659225527635008
-1.4641017492150028
-1.2547857235092679
-0.7977316705276315
0.0250216053064419
0.1389147947746261
-0.0219275924176559
0.4607790423875164
0.1985802150056005
0.1236553309365216
-0.4021010929816134
-1.3786890132983929
0.4034194431260010
-0.6178317382915471
0.6416753841400733
-1.0068632810989357
-0.3876899145864745
-0.7769313946660328
-0.5514861786406604
-0.2769329012432933
0.0876946109336898
-0.9267566775887485
-0.3316656556463408
0.2349567982709753
-0.1052391607476244
-1.3704912722287361
0.2498494037506427
0.1591299226642536
0.0175425373485007
-0.6965406352146276
-0.1176547832513187
-0.1738973850670125
-0.0151797049943303
-0.4922419277585601
0.6102576061732131
-0.2706940938735192
-0.8162910301933438
-1.2482118742051858
-0.0841803853962808
0.0771321249312977
0.2754145603349641
-0.1861492344090313
-0.0295863854572458
0.0542430873681883
-0.0614263628130943
-0.0016531455122087
-1.6176614331863703
0.0710360754783790
-0.4795631218232001
-0.6935057422469487
-0.2657005782237838
0.5463345119021141
-0.7155899287087498
-0.3866252458592508
-0.2160630053706911
-0.0562537311042411
-0.3429352361214447
0.6250008209518736
0.4108899543784029
0.0494095113356024
-0.0058859306821534
-0.4320159206360224
-0.1075141512854306
-2.3401687673524925
-0.6967357837892064
-1.1223107529807654
-0.4256023515502275
-0.2093814470613303
-0.2780617956067792
-0.1020613268432825
0.3918883304326495
0.6266697975397544
0.3978536738112526
-1.5631552773252133
0.2362650469154798
-0.6673601314072110
-0.4950309586707380
0.0282306787196133
-1.4398441514398470
0.2993025582591535
0.4518737004499895
-0.1479408677248449
-0.6805214611332038
0.0971046704184160
-1.1701622650854691
-0.8469356268446316
0.1686067278969149
0.6583100989626681
-0.5970939697849255
-0.1024813058299448
0.3674367249384189
-0.2131943056314058
0.5025025123044895
-0.8977534593708644
0.0432288224371494
-0.7977286416296452
0.3589547984666843
0.4565937296573219
-0.1095151294012312
-1.4845158880648450
-1.4401685383287288
0.0591595256832606
-0.6994553279112777
-1.0628031693291584
-0.2467274756291120
0.3425101715466723
0.0955345378115689
-0.3400536590829166
0.5956341624766224
-0.3246102297929709
0.0359580343005658
0.3457905724111725
-0.3924826747924094
0.7513790823228632
-0.3439678385859796
-0.1692775807012607
-0.4836613707553828
-0.3932192388335669
-0.1175724113373733
-0.2516611891963326
-0.7845773439383500
-0.4836075064626872
0.2712400944492429
-1.0451004336571772
0.1808504669897904
-0.4113855488077040
-0.8811660711411828
-0.5637481101438050
0.7296367484399769
-0.6440815124370765
-0.1598159796238403
-0.3779808503185033
-0.1710618732366990
0.4478881360163823
-1.0306571906428585
-0.4612944224043769
0.3365829694292215
-0.4358275899688705
0.2927161108309687
-0.2240878388114862
-0.3374379922118975
-0.2422910897478249
-0.6869783949777759
0.3458683720455322
0.2157951753759938
1.1453042369278830
0.5497444612412984
-0.1385836013214172
-0.0868689811543508
-0.4303326153653612
0.6601525551905915
0.0273203850131967
0.3705272108480024
-0.4464679275853289
-1.6455230915484482
0.4187203353307092
0.3527189352057766
-1.8658890427699244
-0.9373999843097550
-1.0320586301749375
0.1117274107574631
0.4415733585817230
-0.4376777799704272
0.1476828362861474
-0.1203074957458061
0.3440124870940672
0.4570607348446822
-0.6192948923514197
-0.3703586687047719
-0.4440489856265073
-0.2813211031561492
-0.9330605212392331
0.2124388980545139
-0.0951851579264976
0.1429688943021028
0.0451529803940738
-0.1535305733004904
-1.1787750146814127
0.0078046389823421
-0.5921607622270707
-0.1856415954118102
-1.6780257121240398
-0.6293947537514544
-0.3678353452412203
-0.1806755932400393
-0.2134354239891639
0.4134459267702157
0.0028880297255731
-0.1764027242004405
-1.0805479053221996
-0.3270665841703138
-1.0297051991500406
-1.0483870536218767
-0.4688196550701335
0.6105104919957151
-0.5933498721123587
-0.2125696158409113
0.0309170637877725
-0.7972213400874386
-0.2854127361993837
0.0316381594675616
0.2490482040114901
-1.0427327428749149
-2.3966688462180219
0.2101310910929924
-0.1531492683252806
-0.4015511516329210
-0.7719585636860877
-1.2848108713797011
0.6789913920437924
0.1816870195060811
-0.1205590241224373
-1.3581416403757522
-1.4640996290641557
-0.3886848808328376
0.2797403836314091
-0.4968571026963913
0.3707991710363954
-0.1362446623706705
-0.3176547336786606
-1.4428793235830770
-0.3794232238938482
-0.1085405324077841
-0.5495013258415179
-0.0409779083789537
-0.2908838016376297
-2.6050623103336825
-0.1297607760682499
-0.5204681200361578
-0.5435211678350277
-0.0284795819205935
0.1067161630841043
-0.7360991178333991
0.2888591662507956
0.3978019111178839
-0.6812352958979232
-0.6389153536411301
-0.3934832984971190
-0.8881965239652713
-0.3456765000679629
-0.1664039499282819
-0.1047943629295705
-0.4884792577996748
0.3217137482564805
0.4099516972548335
0.1662831294078563
-0.0787987431958770
-0.6068102399352465
-1.9235697294460208
-0.2717197769176620
-0.5113367356822749
-0.0977618533364939
-0.2978854038987782
-1.3485120495245047
-1.0453100774478641
0.0486355724252291
-0.6387822107138301
0.0928212055108600
-0.3837460989774376
-1.6631344188296706
-0.3240889785964232
0.0792710000147740
0.0574432603098243
-0.2427174537132079
-0.7680870959713421
0.0009675579653183
0.2549480388580262
0.1689707975537205
-0.3104230349504349
0.0848273105278074
-0.0925017651045667
-0.3088605716117891
-0.5355708189054438
0.4347959543043962
-0.3915427730884674
-0.7266231307563894
-0.3637144065500952
-0.5230970588484676
-0.9466762771478765
-0.1673415051917315
0.5671051452188276
0.2627621261687579
-0.1163610786044640
0.9584551184698591
-0.6859388364667340
-0.8264003379202722
-0.0584420035191408
-0.9611323635513987
0.1159305305037421
0.1085290661298887
-0.3304078226225915
-0.6856810485403160
-2.1681029010829778
0.2980263337291580
0.6161454878474882
-0.8680386356143875
-0.8883839846913096
-0.0268921647083157
-0.6016803069443308
-0.1753053760510664
0.0958386360700403
-0.2562529116335175
-0.6891646701343768
-0.4315065320376459
-0.0566986524218735
-0.3492821692219617
-0.4570586034470601
-0.2646775065214846
-0.3067887761246080
-0.1005863768310083
-1.6317506074272101
0.0781357265853256
0.3659219159517152
0.2184070527799822
-0.2063930494872449
-0.2586820997681976
-0.8043587836679857
-0.0665522940408129
0.2616344729260121
0.2162352710010507
0.1883298945476413
-0.0460376182519948
-0.0201744853802905
-0.1921872264333156
-0.1088960511417412
0.3140483134008010
-0.4264005601899291
0.3034171534286420
-0.1659572989515668
-1.0028789871166615
0.1567774272076563
-0.3134694596937085
-0.2596314456529347
0.7732985636617907
-0.9931101888971302
0.2098200776500689
-0.0712927314676950
-1.5070153619507887
-0.2391252754300850
-0.3455209169523457
0.2793489644251412
-0.2374130450395998
-1.0547545266686449
0.3535657479387390
0.0383639725287538
-0.3768830876601032
0.3259043885557322
-0.7637988708295391
0.4147376423388631
-0.4758523979661095
-0.2435298875844271
-0.8282199742056030
-0.1479914503933951
0.0865988198731926
1.1167908616057813
-0.1497629943745800
0.1030775747769252
-0.1967537928561963
-0.1287209075981813
0.1346782849692409
0.3949832458053941
-1.1320213729839246
-0.3037167113417608
-0.5254583786350258
-0.4679496135727512
0.5051762796664456
0.3553365401091918
-0.8714667555631082
0.1207983927193717
0.0535694023562319
-0.1124044651498978
0.2713267146698218
0.3852636643520339
-0.3575795817577200
-0.4417187945248560
-1.0968529856215730
-0.7105553009023324
-0.7103033198533210
0.3261392508842079
0.1442002833009647
-0.3320712962412397
-0.0449539070371751
0.0554292560935524
-0.3471668942254456
-1.0054853878683305
-0.4599956628189605
-0.1765029472042200
-0.3794001907441591
-0.9184158292256512
-0.6741412892448733
-0.1047594414654537
0.1576311012193833
-0.1897614409633038
-0.3619873129944345
-0.0907180345225937
-0.3581330116547600
0.5327458752780088
-0.3306210999123621
0.7506605591111271
0.0048947193489081
-0.9203023614328618
-0.5186738006301347
0.5774048786129183
-0.5739400555265216
0.0827731397317818
-0.4904456424069563
-0.2849706633532877
-0.0218504178409137
0.1767208856374293
-0.3252980104430572
-0.5351207163829103
-0.1312003567109608
-0.2257253738927118
-0.6406671848872599
-0.4294022150610898
-0.3927465970479327
0.8825183106546098
0.3165822109295823
-1.0896665300364201
-0.3341778842688710
0.3623084122794032
-0.4789217942765036
-0.2523485254577882
0.5280751297441366
-0.5216357513485059
-0.7611036549360507
-0.8160883184555152
-0.6369530939822848
-0.8795517863971288
-0.7669184578092068
-0.3042066974189371
-0.3134488154437373
-1.0166794231323704
0.4486978503891528
0.3314245012169309
0.0232991349385762
-0.3104345358578997
0.2367190047115137
-0.2609628910076606
0.2240501223629362
0.3520806760530130
0.2504703024938724
-0.8879432767810447
-0.0940485098721482
0.0210738419870575
-0.8534138896989183
-0.0786581809260712
-0.1497324049130351
-0.4394519143898080
-0.3716194186529476
-0.3948079796848125
0.4122824903617626
-0.1787616607150982
-1.0371008046288497
-0.0552579524197234
0.5211061124827399
-0.3013380690053443
-0.0867608820845635
-0.6065501125609675
-0.9726066729150167
0.4409789554369377
-0.0287998488213734
-1.0367036417380688
-2.0648589945768654
-0.5807098021225120
0.3331013557915204
0.1129365552591819
0.5811456367932677
-0.1273126999376017
0.2316396233341867
0.4721238771680830
1.2012438498047882
-0.7069071959011723
0.0144128628404393
-0.5420289562772721
-0.6540796975250759
-0.1770231012629635
-1.0623285529249211
0.1035369688550109
0.0768621633800682
-0.6374219613882809
-0.7634343871875816
0.0038392669037832
-0.1798716258677210
0.6643836590664944
-0.1662828864338962
-0.4183210215875335
-0.4834432890033147
-0.9586772038089315
-1.7800555548817287
-0.7104754630460647
-0.4319014668664695
-0.3296190818098034
-0.2799769893041411
-0.2349878439504887
-0.3402327909680866
0.4649687146279536
-0.2811027300579101
-0.3521458893268327
0.5814629848782973
0.5055281760301298
-0.6692243390517839
0.1839047584020267
-0.2265921151052240
-0.0968659176824139
-0.2945491825269901
-0.1485962682935572
0.4610281060369759
0.1163721403076733
-0.5272594451489186
-0.2679436177414829
-0.6331925749300321
0.2418313313843366
0.5060953085484601
0.0901274449107770
-0.1080315283695887
-0.1818907206269340
0.1752716236116142
-0.6441640645822636
-1.2309671393655595
-0.0433258253734825
-0.4894675830572551
-2.2225920085453326
-0.6573915869691097
-1.3613094307353188
-0.7160583295521162
0.3313327557084434
0.0270774134757822
0.0788004519240798
0.3019026576161409
0.1054849230335076
-0.3681262662180069
-0.0266101960293671
-0.0585290664826353
-0.4353449484121157
-1.5315613043915666
-0.3183397701300973
-0.4907288264260364
-0.0862905218578738
-0.5498003943616393
-0.1723568587920899
-0.0649383560388395
-0.1443136114118838
0.0308127879291127
-0.1334718937225753
-0.2204756723874715
-0.7403860337035387
-0.5212548818135396
-0.2919508359785054
-0.1387282043569406
0.3669518609378408
-0.2675887425190855
0.2271164049377862
0.3862656462188483
-0.8870379943674431
-0.5210697372936717
0.3652296066054175
-0.0302094426605048
-0.0237491656959495
-1.0984527274535569
-0.2803718179502631
0.2042434304194079
-0.4249280715970722
-0.1981310237856341
0.0871701908174063
-0.4648159767242082
-0.2565296397109572
-0.4660529831235524
-0.8082830808163396
0.1395857775429927
-0.9548093076818449
-0.2627908179401240
0.1320474922798758
-0.6369178979790701
0.0838668710518102
-0.1259346577233361
-0.5447650764409401
-0.3312279715016136
-0.7111070512419008
-0.1377480864485091
0.3109702125593044
-0.3207244052178099
0.0568603213632167
-0.5142857010244655
0.1246926885496189
0.3412085868209834
0.1820777019274384
0.5011376267058198
-0.4059557175354601
0.0619175168583942
-0.1736233648366487
-0.3335141451282390
-1.0636934364404378
-1.1008585676870084
-0.7501734055990551
0.1131582620442023
-0.3859835093192817
-2.4736781580918721
-2.5025537730753409
-1.5090135287802446
0.2316764342242409
-0.1808367099847878
-0.2128298981895826
-1.0584513031567351
-0.7479325070643259
-0.2929670790949813
0.5154796876588175
0.3036152144402769
0.3468246075040601
-0.4670482165409846
-0.3797834861839554
-0.5998851730116186
-1.9172840236999056
-1.7339274394558468
-0.0599576890443835
0.0657883207210105
-0.3024207070484011
-0.2159410055146279
0.1634376547959027
-0.3274921033060043
-0.1799789992878420
-0.0821480224407212
-0.5790719475924717
-0.2701637998023075
-0.5235552353967394
0.2702764423209667
0.0949191458861401
-1.6466006286239485
0.3202085478406961
0.1717563471609665
0.4314788621137245
-0.4081204769175240
-0.1021766478737421
-0.1221896282879391
-0.4022798063559526
-0.8211168737324364
-0.8124794274834551
0.4895919220814093
0.3165565917892305
-0.2295874915205795
0.3104238449980321
-0.2617308939211464
-0.8510856485854644
-0.6832791593816699
0.0624665602881429
-1.1803169068320318
0.3829078043427999
-0.0061765264069613
0.4971027228907029
0.3324230047630107
-0.2586659894689355
0.1106738512075697
-0.3545765167039973
-0.3572465557681400
-0.2298093035428098
-0.0539864540212030
-0.5709160942722866
-0.4776783153510530
-0.6813500728944506
-1.4642804015938564
-0.3812567072951511
-0.4049939234760195
0.1722797804618674
0.2710906817449568
-0.3990000947035197
-0.9435132103070661
-0.0876548127245028
0.1048711454507630
0.1530197478519876
0.2111281023967052
-0.4717377658851274
-1.4327360730431815
-0.4822109336273980
0.1815082817125925
-0.1208646079287286
-0.9497480465686466
-1.3532957345742038
0.5116423881661206
0.0378135220959249
-0.5093514347398178
-0.9834717777224110
0.3528339737151921
-0.1885869138921890
-0.5274936694385495
-0.2410683276115350
0.4624115940229692
-0.5186751545944717
-0.6198683285566158
-0.3649412478875499
-0.9538919406371941
0.6280790398713618
-0.0538384596476533
0.5255627045765779
0.3310075536390879
-0.4423162266815452
-0.0316176537577353
0.0756490065587187
-0.8857149558264008
0.1987047403265370
0.1846778354351317
-0.4769868035963454
0.0004009321443922
-0.2379230343399627
-0.4252163148594900
-1.3437632134731952
-0.3927862369379631
-2.2499511659929992
0.0516635365160512
-0.3810837405628669
0.0199069650120264
0.6620282895065327
0.4355463049403548
-0.6324316574116400
-0.2941998880363554
-0.0828293362240611
-0.0421796514527865
-0.1433072328806902
-1.2268974744752845
0.8441857532468312
0.2119682972426843
-0.3545363174730581
-0.1549285175615757
0.8075405831942304
-0.1831154877701871
-0.8618849344096935
-0.3368794882337467
-0.4268529112481038
0.2056997079178253
-0.2211522260030273
-0.2544134855612774
-0.0525592834516725
0.2427468488126825
0.0617564407671126
0.0249693381580914
0.3823058319787734
-0.0857157664698953
-1.2359081810023242
-0.4803410677726648
-0.4302100278243205
-0.7543693948238519
-0.0742611641594010
-0.3460718171256780
-0.6219987047914712
0.0341878079148186
0.3961110106385541
-1.0675054708928211
-0.0563439581568264
-0.4085402366822044
-0.2581460307486225
-0.3872512086672369
-0.1719665592411250
0.7843424235861747
0.1555933865860490
-0.3206823937485970
-0.1711314332952228
-0.8148794050652294
-0.3601769464025462
-0.7871331431469287
-0.9236595348201063
-0.6820329495389564
-0.6289204795424468
0.5566560667472378
0.2080331876066210
-1.0327428634026670
-0.1785995430543575
-0.9001780051320253
-0.7792630645622916
-0.1102674441040500
0.0491311234217828
-0.0309872476642836
-1.2664689473052491
0.5152636679411471
0.1304017839955159
-0.0298922254707731
-0.6714923264160159
-0.2941534285478378
0.7113631080019260
0.0688032974930999
0.2732164125486143
-0.4836414344594080
0.8366450115474535
-0.5861963478004825
-1.9256827689021361
0.2203572302284844
0.3976244711538169
0.2898897206383607
-1.1963948424199757
-0.1037661343115173
-0.6849866705065282
-0.3589567056355415
0.1750700876609626
0.4016440576233934
0.1486451079044198
0.0904938823661496
-2.2135967932857761
-0.5875181578930806
1.0658126207015033
0.3183797628306020
0.4731960113651190
0.3610805924554070
-0.5808110146243659
0.0981271065367643
-1.2400455234579335
-0.1592895744958468
0.0162721348606399
0.1800443411661181
0.2456050561595877
-1.1498265709786164
0.0181518275515873
-0.0230257442026559
-0.1360905440120493
-0.0676607106334266
-0.6619440113353786
-1.0832258137554920
0.4865781263065036
0.3393014870074688
-0.2876523515086770
-2.8392684511394459
0.4237789009577860
0.2214640497950306
-0.4050327450403530
0.2773185332627183
-0.3943097590941825
0.0430220118699400
0.1680809482079271
-1.2717192889244120
0.5014108971788653
-0.9623038709605742
0.1558915517171836
0.0601570348904402
0.4263607211196721
-1.7327748357513981
-0.3053975567852523
0.0423254393916577
-1.0103352441367321
-0.2545142574751413
0.0128967736476785
-0.5601764610730985
-0.4419782492855228
-0.4541342648314464
-0.1057224363126543
-0.2804257385999515
-0.3986713710712571
0.2185743224419496
-1.6302566618592487
-0.3685850168645898
0.1915769847296151
-0.5938149243311714
0.6071954835196484
-2.0956379817639346
0.0279629378979335
-0.1818568476170110
0.4855222226869803
