-0.3022684688337545
-0.5822024015234181
-0.3511212048606160
-0.4359360978497405
0.0666699898324068
-0.0270531519877183
-0.3749816735594865
-0.2275400500939591
-0.6168428915787512
-0.7966268494812222
0.0962468829555693
0.5256226008884759
-0.3855357209699220
0.2658344407066730
-0.3774712245959153
-0.4501177356819203
0.1839482499532751
-0.4228409833790607
-0.8152424318293904
-0.8804847578072231
-0.0956354366540356
0.0241371149679995
-2.4277985167377842
-0.1885967559461607
-0.7874039187398183
0.1141345467570624
-0.2119630220456773
0.1887585447041799
0.0331440481134605
-0.5304357450664159
-1.6924255587161798
-0.3807223716609703
0.0821691547611269
0.2279691560585270
-0.4595591701508388
-0.1737071962238721
-0.4657271648807601
0.0607681380003422
-0.1132881980536821
0.2898702710946187
-0.3016704824674346
0.0120382945581045
0.5238423006063766
0.1094259483138172
0.3690937107776986
-0.3472684937978966
-0.3366194421528201
0.4796353500250055
0.0398166236795009
-0.7489011191728177
-0.1243489668661456
-0.1692874433075719
-0.6626027558550757
0.1809187329298480
-0.6829114572377241
-0.6504628307024845
-0.1059081330966846
0.1618906984998047
-1.3309106867126859
-0.0620313411104612
-1.2606694117572073
-0.4736108841761147
0.0672308145531326
0.4155581778775534
-0.4649517398681018
-0.0330597432548308
0.0370360068051666
-0.7267331198473507
0.1446651876657229
0.4069695595896820
-0.8971455836900909
-1.2354767816135412
-0.2839861391172885
-0.1793612613260513
0.3253403089906656
-0.5516622416113387
0.0750570891243139
-0.6200961741982822
-0.3406560567912047
0.1388395364682541
-0.0421220730216633
-1.1160539651832093
0.2006982815972105
-0.0004087061125850
0.3734733770684143
-0.3010114284355621
-0.2323089351093281
0.1704045044906790
-0.6224975088421211
-0.1712554831868585
-0.2081635940093318
-0.6965475600685025
-1.1670865848590466
-0.4307114763368308
-0.8645018847246875
0.3650739972804454
-0.2163495356713154
-0.0607914775270327
0.5329742478095150
-1.3233070584318019
0.1231513414672481
0.1696857718584076
-0.2488439728125180
-0.7677115745086106
0.4171114627744254
0.2000073850099092
-1.9706060450720699
0.8669391534003127
-0.2386838964986976
0.0901536284470386
-0.4461584958079800
-1.8450660395091647
-0.2096857536706763
-0.1787675075985736
-0.0036455139478578
0.0094970707021138
-0.5479402933842674
-1.1942419007244565
-0.0883158769180960
0.3131812477623473
0.1307061370350139
-0.1617852768597766
-1.2691915234116993
0.2063995446125178
-0.1818324497828234
-0.1913355751613537
-0.3668207644419595
-0.7580482406242954
-0.1371943253206432
-0.3581745008087059
-0.1917060543403709
-0.5254500275306229
0.7574501375392918
0.0413614090902520
-0.1003274871672399
0.2728971955084740
0.1383367460849793
0.4102138701600044
-0.6932303889604599
0.1272124963235259
0.2521874913033446
0.3438427137006596
-0.5061000502423905
-1.2928842382719437
-1.2951652935864328
-0.2090110690376809
0.0628063407214553
-0.7551705726943522
-0.3608944076946143
-0.1044758120006042
0.0598164566455327
-0.4060733804245072
0.2843064122126492
-0.3574204336397244
0.4104554489003178
0.0442655830226778
-0.1009137387962742
-0.4338988163639581
0.5219269562028609
-0.0790051830198769
-0.1813842080675071
-0.1565968320670562
0.1409238705884607
-0.3061887637997524
-0.9271001374793131
-0.1279973991813884
-0.3262411261353317
0.3762156198153032
-0.5788555605183230
0.2146658095449847
-0.3280249840942919
-0.6973393921069302
0.2412751695095702
0.1961849113435030
-0.0517575834866960
-0.4340313798045055
-0.1273875423641800
0.0106014505135978
-0.4911231156903075
-0.7972576600149238
-0.1115828509360001
1.0177014604452608
-0.0448621352014537
-0.4050772256552700
-0.2586145156471550
-0.2317345519984046
-0.9547669802065667
-0.2638015596027596
-0.1690609722909165
-0.5316777679657794
0.5950784340654192
-0.8511544163284543
0.1362451096909261
-0.3937228540747567
-0.4131790254633290
-1.0645383353624884
0.0062572755253685
-0.5411179922118763
0.0709284927993992
0.2020811879706456
-0.8146501780803166
-0.2339704378082214
0.0013133089688112
-0.8116789247264121
-0.1569519417576528
-0.5322272972127930
-0.7273908013225097
-0.0514889718982808
-0.2488324765899836
-0.3283016725652603
-0.3381180543454327
0.1830168622656619
0.4485155136140149
-0.7475838257309710
0.4116008179386325
-1.8930666324475804
0.2912128015066268
-1.3596585732906554
-0.1743185438710500
-0.5530624267219617
0.2065456385660349
-0.2498194901943805
-0.3180544884614873
0.2566353147399359
0.0090791878024961
-0.2440577424778703
-0.9607185095379651
-0.4571155166467896
-0.0423169872937897
-0.3620533856439755
-0.6207978435502260
-0.1527095846101310
-1.0613195987377966
0.0680242339306652
0.1710842697488690
-1.4475341721531332
0.3416571706521640
-0.0897923019199446
-0.5244753213211564
-0.3864958381437458
-1.3348089828670544
-0.1439820031056320
-1.9202403900005351
-1.1245420579427661
-0.2809867819275621
0.0167306609797113
-1.4565665270832098
-0.3799071189874748
0.0387517262544111
-0.4042102147528153
-0.1926511946953644
0.2100848761638746
-0.2693875967013622
-0.0182683634994090
0.0267749522746129
0.4518320626738417
-0.2875947193271256
0.4121602641491542
-0.6714796030218496
-0.0026729378549327
0.0369587722480107
-0.3815641913697138
-0.7940448130067103
0.1344109147862710
0.4924310365120792
-0.9777147557492334
-0.0514424253710674
-0.2798207962736501
0.0073481072071588
-0.1587798559278411
-0.0725059795808946
0.2548396831470698
0.2496495088250987
-0.3162197315495662
0.8564499222613217
0.3268790610938274
-1.1906884893493890
-0.2318853268374892
-0.3637640090973320
-0.7245400378950779
-0.3499383484285161
-0.6883044971773770
0.1327955738765001
0.0199802387580858
0.0662250287189537
-0.1593525075926733
-0.7402642517767158
-1.7270954281660233
-1.4772723168906876
-0.9899046260274172
0.3168001622283665
-0.1717892277140261
0.1816883216372015
-0.7510176474882193
0.2227738444795896
-0.4692873191872021
0.1815872218565452
0.4363722949458857
-0.0702336808631650
-0.7673197864263408
-0.0536961846558384
-0.8198211205223118
-0.3082986588381855
-0.3521639266108009
0.0416086984268606
-1.0525802850967119
0.0363799994734942
-0.0073388858818362
-0.4478632582349457
-0.9424320276991502
-0.4718115207453478
-0.3004042322740507
0.2531690381282807
0.0693040003768123
-1.0519857717259513
-0.1216596705894291
0.2140089881418613
-0.1989979525310631
0.0403569321302847
-0.9109779617757464
0.2462035206536588
0.0401541183023588
0.6574915383323038
0.2601318820148408
-0.5407765485012180
-0.5054985827734596
-0.0152276642255506
0.3226122840662557
-0.7461018117809101
0.0038017588373762
-2.4866090784531423
-0.3619542124096394
0.3421624252305164
-0.6200411591487336
-0.3058761075282759
0.1887420083054230
-0.0147183814715897
-0.2680390090065409
0.4106547787984812
0.4053901341185381
-0.5366468837608823
-0.5800717526157275
-0.2309914172463405
-0.6426678349574614
-0.4853014014397619
-0.1718807082323329
-0.0064485304756965
-0.7319036921968445
-0.1270313804524710
-0.3700137216540039
-0.5568955641078022
0.0321353404780326
-0.1947888738623834
-0.2370735504505091
0.3934057555978037
0.1807987841768215
-0.0480250717116742
-0.5327013293620392
0.0691627556979716
-0.5061403585460289
-0.5634277037870707
0.5704231559429188
-1.4792385703875652
0.0296859190830666
-0.3329594620460463
-0.3366545051255093
-1.2496636443111802
-0.0981277282781753
0.3499944715732537
-0.3859405984277809
0.3627311744563961
-0.1350556609592245
-0.7858691546207480
-0.4492164113003003
0.1283050710313494
0.0918870054609466
-0.1854777732590586
-0.3883704998784294
0.2226103708886090
0.0029975362412722
-0.0493243283014725
-1.5760670396743253
-0.3182198019933207
-0.0423932198236791
-0.2556455229395829
-1.0517765304384299
-0.1700314748303063
-0.0815080277429556
-0.2615300513573005
0.1428534397685901
0.2694841015790513
-0.2519926223738916
-0.7121756893085087
0.4264050807761274
0.2594367869151136
-0.1683347317574146
0.1400931941310524
-1.3699323807918684
-0.3474840762042750
0.4356061971193924
-1.2940627626976491
0.0690593452784471
-0.1482127188391945
-0.1130606059048834
-0.2022079367869856
0.6039079168671150
-0.1260726200582618
0.0921105186647837
-0.8497732760009333
-1.6932172319114611
-0.1743752147909770
-1.2770075632830284
0.3638197140618366
0.0664757324006525
0.2821314553392283
-0.0317034551728431
0.0840522208349184
-0.4347385346858256
-0.1956711253596927
0.0685441825308872
0.2620853528863355
0.0987507002706374
0.1768961619067841
-0.0178040902210308
-0.1249506897979802
-0.1238627383950796
0.3575965242321107
0.3430022425135666
-1.8607778197312566
-0.3991022425090949
-0.6370983319276139
0.6271688241179422
-0.2856231100259879
-0.6334112285354884
1.0025150442994342
-0.1737455828263440
-0.5934958780091137
-0.2166161993973908
-0.0469402981052272
0.3092514123683681
-0.9032599130386596
0.4507835159141455
-2.4422425792869622
-0.1063870892481951
-0.0933377250085438
0.8313362149319351
0.2482485136150705
0.0876375722702534
-0.0374289410894513
0.7667114146355221
-0.3863484764033896
0.0128762656428673
-0.0248655525318073
0.1881365617530525
-1.0829659230325828
-0.6427120592965617
0.0795224524513840
-0.0313505926093721
-1.9256749901193639
-0.0156419115999152
-0.8876402591095480
-1.0516700746235121
-0.2118166452950320
-0.7146361480124696
-0.4069036663393101
0.0601818348267021
-0.3101770709763178
-0.3630643381821645
-0.2587851541041208
-0.8068912858856244
-0.6237367857127971
-0.1749085155827486
-0.4512984227701838
-0.2138551840193558
-0.1883758805609937
-1.2207474223174974
-0.0524638567758907
-0.4798508833934823
-0.2461555594966187
0.3001397120320466
-0.3218587643958751
-0.1547223528031814
-0.1677392577518282
-0.3373858660889168
-0.9922436915807551
0.0362465482684364
-0.6160316780806847
-0.2075821757808561
-0.3582985165724566
0.2986717223608275
-0.0441830106962778
-0.2425583217458563
-0.7796520521589200
-0.3935375368964527
0.2153306638599715
-0.3653029665070163
-0.1092752085578931
0.6235837736643131
-0.3844352125130788
-0.2117375327191301
0.2215533674438116
-0.6260256466828799
0.0448369541806430
-0.8774625468281025
-1.3076069581578704
-0.2796077184460162
-0.2373580523565487
-0.8739440740761061
0.3327601958010403
-0.3028893035577610
0.2419726451002087
0.3084610482028319
0.3498479762025976
-0.4041212010637942
-0.5992225905407431
-0.8280592749501482
-1.1718067672023713
-0.0581268580643350
-0.1433799546049427
0.4626999924334112
-0.4216354376948073
-0.1175307652314506
0.1508491173544071
-0.5430339196040692
0.2422496921637270
0.1535753524365450
-0.6210146950612000
-1.0874825740923628
0.0594405509228969
-1.0397802240362550
-0.3239940417510720
-0.8957860311920149
0.2906824295932611
0.5271782684524730
-0.2383000386470893
-0.8190349331627624
-0.7326126473108894
-0.2292482143091717
0.1520903336548958
-0.6230687209454603
-0.6299202301795720
-0.9810788538722602
-0.2230048100088856
-0.4263522450927299
0.1670559684128511
0.1780505734098090
-0.5091770154664255
0.1222418446554190
0.0444529011506146
-0.1608864503284526
-0.2911379831955160
-0.5202503012514218
-1.8418633660981423
-0.0542698077292374
-0.0209408776836112
-0.1975037207677701
-0.2268759145092578
-0.6207012437678587
-0.2144329184992148
0.1953548740200447
-0.2512889129278312
0.1466098955906650
0.1225542159445593
0.5110659487533273
-1.3478171167436268
0.0000301154044789
0.5276680627588803
-0.0782234134670120
-0.2584286636477517
-0.2772385989040937
-0.6389593051771300
0.0662897456771613
-1.2441548180000528
-0.8174672667648366
0.1271672215515432
0.1499074389842043
-0.4479003444675531
0.2304917037535987
0.6824374346287381
-1.9067244091721327
0.1279120026993184
0.5789544453822616
-0.7254723944965601
-0.6289416718415671
0.1221424234088935
-0.5700001260241083
0.1204577140412276
-0.5928853247524609
0.2946987155626342
-1.6126120871874252
-1.1618727302715819
-0.8176219468900946
-0.1737965613404279
0.0599553062338975
0.2992549665766291
0.1718665288176597
-0.5284640649466122
-0.1348153692558773
0.1022898864035072
-0.3830816128225680
0.1868238260487459
0.2851054694019177
-0.5538936101638579
-1.1430678992643883
0.0002630022876924
0.0283406008174657
-1.0031707916687704
0.0267960029665232
0.1588767244385694
-0.8694889760176353
-1.1489648119832339
0.6149602494245562
0.0062426189280643
0.5813902230420941
-0.1552998839498014
-0.8977714659209549
0.2001143351444027
-0.0764721833265970
0.1598126472721100
-0.3718207773560418
0.0236994899311852
-0.5340948411747892
-0.1210123869564275
-0.1263362838732335
-1.3232212602881797
0.0227756090570973
0.0223307456094967
-0.8394365956505836
-0.1241806445896149
-0.1575904378034471
-0.1229475666601857
-0.2018201281902265
-2.0518569488213760
-0.5260561182145121
-0.2230987700082428
-0.6520790949934434
-0.2640200155835489
-0.1020276112024953
-0.8926808645479630
-0.1095525849114347
0.2573134155007273
-0.3673881076013377
-0.0202592737551506
0.3276657530854113
0.0249792780322078
-0.8441866347408190
-0.2735185012104447
-0.4879233559394770
-1.0325344545168718
-0.6858658773092530
-0.5216710330533960
-0.2971605090270799
0.3131733435190086
-1.2567225627804386
-0.5865984258414069
0.2827701784982982
-0.5704850163118388
-1.6173320567267324
0.3246924820627649
0.0438234779384109
-0.1953069329481177
-0.1898551049728252
0.1082161513120156
-0.4755546564380660
-0.4745424451386318
-0.0268162296535183
-0.1103062464219487
-0.1711222982583553
-0.5415092415503550
0.5413829910685097
0.3238959489955789
-0.9384071598539960
-0.1532169622126281
-0.5789598157171350
-0.4361157299287908
-0.5201833408140683
-0.7149447351461398
-0.7855034386777205
0.4381743621758950
-0.2170503067473555
-0.1481996952885879
-0.3387231314193856
-0.7238413738667332
0.4263520064254390
0.3522723633137029
-1.1560198571979541
-0.0815626589418427
-0.4776084267573347
-0.1634187239424679
-0.3604021535627654
-0.1144782571888893
-0.0167367632563263
0.1934770919202342
0.4244143709630659
0.2264562713377336
0.1678665643420925
-0.7899457738484367
-0.6613482375013321
0.0406014204487680
-0.3864368905218208
0.1966361042614911
0.2397132612176213
-0.1856058929742684
-0.3562518452349951
0.0971253403564055
0.0068867147274444
0.2951346323402025
-0.3329513218854330
-0.1893500761140129
-0.4799018219910645
-0.3213040528166453
-0.8391079140490921
-0.3229342465899065
-0.1560162615093685
-0.5949031348808214
-0.0767806659583060
0.4174036400635574
-0.8550902042011279
-1.9141851882101797
0.1575356072872879
-0.6209311977571800
-0.0527584965851452
-0.4657014806038480
0.4450215438981735
0.2367095686809471
0.7386796698739111
0.1138046968652267
-2.3014705443125063
-0.0796089103750624
0.1841308402058799
-0.6199300254661704
0.0333920208451445
0.3421694287951796
0.4089547099370041
-0.9726691037160485
-0.3216820885247846
0.4400072133980950
-0.5073624065163268
-1.4041005250680780
-0.1753685805227250
-0.4936146676546946
-0.0602564127135764
-0.6230456692605989
-0.3647455135687140
-0.1931638019068568
0.4460233138742666
-0.5230048484753369
-0.6966226264144052
-0.5142670177270271
-0.1318375012578443
-0.3571562167674831
0.2021415649306139
-1.0017843709140672
-0.2972559155341832
-0.6102171084463519
-0.4415630004668404
0.0838537960772761
-1.3094653629877111
-0.1012196616860317
-0.3514942816896797
-0.6635315109339582
0.0606251545462711
-1.2844328056053407
-0.2093409679560785
-0.0615021524612671
0.3925995476146537
-0.6613545865099482
-0.1773420221905798
0.3366621050478259
-0.3163837996387881
-0.3351862336287152
0.2944296400297106
-0.0879167923552949
-0.0868679925592968
-1.4854035375195831
-0.3382928937012503
-0.4327583329510671
-0.4182612554475955
-0.4743497853696128
-0.3417960724965280
-0.8807970191020126
-0.8181707513452562
-0.0470625852694346
-0.5795983585681993
-1.7130335114330164
-0.3433802964355703
0.2284250653794804
-0.9147487361098107
0.1186083473531257
-1.3830891480252139
0.5852095539649532
0.1952873993790823
-1.1600814785678981
-0.8566589358722515
0.4282847473630786
-0.0422111074196413
-0.0407684337791344
-0.0518964249712082
0.1010624820216364
-0.5559751718045609
-0.2026994237238490
-0.5255935689437357
-0.3883875171497401
0.3061318297045362
-0.5088165806426410
-0.4273376945968731
-0.3496792586270084
-0.3860231253432447
0.1589184783184786
-0.0392536577798879
0.2841419356943338
0.1681947296450878
-0.6582102982574365
-0.1905624143890714
0.5658304861676700
-1.4339620151494250
-0.0455533111269006
0.1272183246875236
-0.3545074571877646
0.3513091938385743
-0.8582583603205869
0.1943090305447875
-0.9651457753645948
0.1972176541347657
0.2831102585712326
0.0939702584453381
0.1022295343548428
-0.3218774326231492
0.1508960682598636
-0.8934975142600204
0.2097934411399256
-1.6423941206580375
-1.2699396130500276
-0.1488932441250503
0.0176831081424371
-0.3761803692917037
-0.3107048663119105
-0.6404113733834108
-0.0152839465058191
-0.1549295705249405
0.1613140869625526
-0.6156191055382966
-3.0500727829140835
0.1626815308776771
0.1283575128652063
-0.2000988405897278
-0.1390369117508276
0.2031077537616142
0.0054420991723417
0.1824906414828648
0.1022092152919496
-1.0170076673685613
-0.8507604783739524
0.0453484336538169
-0.8760542449213204
-0.0688699293412513
-1.1479937082577523
-0.7058350853462220
-0.3745095001151124
0.2764781603196103
-1.5379509327204564
0.0047871911025966
-0.1911120684334031
-0.0103242317781929
-1.4124305973126001
-0.0413035988473422
-0.2464791941603265
-0.1358661701581989
0.3203324627313758
-0.8806050126535370
-0.6083135720504640
-0.6908929365240201
0.0005419928118245
-0.6373070171306030
-0.1549190188318385
-0.1265801460972104
-0.0372206863064023
-0.7337742263637600
0.4821215283917569
0.1069528904226613
-1.1673577325105737
-0.4211823341001107
-1.1513329730787589
0.1752778055895590
-0.6656980574326327
0.4188842050024471
-0.6576699714477577
-0.6611783945315177
-0.2580794781399963
-0.3850766943101988
0.4685820577337279
-0.0193514770725434
-0.7466700605997287
0.0733415022339344
-0.3376279775672525
-0.2737795613074548
0.3632396291568125
-0.1154776398785784
-0.6592100276425633
0.0946241147940626
-0.6584594831833966
-0.6785644287105459
-1.1444293481176213
0.3397567634039914
0.2760228757626004
0.7226744924665416
-0.4290583147274942
-0.0633569578943159
-0.1054846330124100
0.2065114309274093
-0.9638404105167322
-0.1393817613980394
-1.4169528987992650
0.4246174185402156
0.0056802948689096
0.0921394870137101
-0.8089355114356749
0.8203289565330368
0.2723972889043217
-0.3594171870931081
-1.0965519505469112
-0.1323038666707911
0.1741057574552816
-0.6922098205505701
-0.0934251977647930
-0.0411138698343420
0.0285812040617417
-0.6322561554504935
0.5944427874758285
-1.1597938614583927
-1.1911161626494284
-0.3531984843500430
-0.5044021769684748
0.1409268882720471
-0.2351324237164521
-1.3063089821668945
-0.3891207230665786
-0.2889607113462016
0.1584932540281293
-0.8033521608224120
-1.9177879609925874
-0.7792283192073224
-0.1013316228394384
-2.0789645288277714
0.0142757217366934
-0.0872932136028995
-0.7944793940915448
-0.0353236347864774
0.3638005805709302
-0.4227925985857579
0.0154240792747264
0.0479617296042208
-0.2952043606137600
-0.9499972201839419
-1.0398840184459470
-0.0660562005725212
0.1100318858786094
0.0314038805056070
-0.4327651662170779
0.0007273333247318
0.1348994898477726
0.2533720295212401
-1.1302800918321112
-0.3761844033866626
0.6058156969868302
-0.2281900960576937
0.0955618303155307
0.8885200571729456
-0.0664599248278119
-0.2586939644703571
0.0714847406472973
0.1768528055292853
0.1454315990062104
0.0430713162008850
0.2255906926683058
-0.0701631872776348
-0.0214518653841154
-0.0559183916708768
-0.1638894023102606
0.0051082241304073
0.0366929144372132
0.0077746726971383
-0.5137132981528481
0.1643584171410627
-0.3259420232758928
-0.3235847115274431
-0.0236864280654654
0.2772701574352739
-0.5794229883451766
0.2208796439742562
-0.8225578158937374
-0.0100834162255831
0.3139186800632040
-1.0605380900671206
-1.1303134148742811
-0.2459780200928149
-0.5049513416923715
0.2667958848643045
0.3504876419138580
0.2803335514129146
