-0.2308789055831039
-0.5731964307727210
0.2345483057840334
0.6972891546282542
0.2055389582036505
0.1798419230333200
-0.1242762151925979
0.1506639862539668
-0.7729750955183951
-0.3442401885158072
0.1799190156752976
-0.6564156747720565
-0.2021267583881567
-0.3482428158554702
0.1610599037428060
-0.8397665525914586
0.2840322508016446
-0.6584914364386285
-0.6467578403195267
-1.5434737080507135
-0.0904324628029114
0.0156356351225574
-0.4303337794482856
-1.0879365829411560
0.0228174225387780
0.3532460977516941
0.1981146735565037
-0.4883788794121759
-0.4729743200093081
-0.0028233163896987
-0.3509852670237567
-0.0938860420907549
0.2953011073739248
-0.4973566741099463
-0.0259751856290133
-0.3072966689627509
-0.8053907673320383
-1.4610592622383960
0.2947628237643846
-0.4875655812799391
0.3383373311829256
-0.6751854157439536
-0.5437461487819267
0.2429375957442406
0.2224194277934527
-0.2674949246338655
-0.5810633837415666
0.0526466584087714
0.3111603459083953
0.4530075374297221
-0.9822841187621340
-0.1569617233207936
-0.5697756763716505
0.1196082400172974
0.2071020106174618
0.1162615398359421
-1.1434359033318733
0.0019469211582105
0.5617496637327889
0.5682526377876115
-0.4102651140736608
-0.0465562802840365
-0.1694418994860713
-0.8521280837248081
-0.2877324081100703
0.0852219891914211
-0.4154742299082888
0.6208096376153610
-1.1746532441646707
0.5033691036984005
-1.3187379140935223
0.3223079376459534
-0.6314758858405306
0.1045847796791584
-0.2852228369238881
0.2232601074435750
-0.1362666376618714
0.1218364244162690
-0.3250959967888519
-0.0583764121172284
-0.5717966166452474
-0.0974948648927565
-0.2802655554078832
0.0995057287359822
0.6741448291875249
0.2751673279673034
-0.0713367712935435
0.2020014611590054
-0.6841064269718818
-0.9525303514100228
-0.4611643395480543
-0.4977708205265186
0.1678573662150548
-0.8401013957902510
0.4719130371550037
-0.8955775214230853
-0.5739286257725897
-0.2568038042378967
-0.8860707347974567
0.1641105554956652
0.1142852920777411
0.3290497795084653
-0.2458645326182580
0.5536977435229173
0.1799416560904891
0.0570200964233759
-0.2053796670665623
0.0067279680736498
-0.0872700316408620
-0.1998172646307683
-0.2422916189729056
0.2883370499677816
0.6961122388919152
-0.5800841257938774
-0.4190442236420561
-1.3175901381593080
0.1231421974020883
0.2800288186154488
-1.1304298557387100
-0.1732638029072772
0.3224443479309397
-0.0684305917892481
-0.9847042215585262
0.3875789221168711
-0.8684940635153756
0.4087118958617486
0.0623762894672480
-0.1686647521301111
0.1506581101212799
0.2536853183503801
0.1035675849197326
0.1023841770445323
0.0946706999127651
-0.5416194768212901
-1.2456883142269188
-1.4680233305062300
0.0303150486620624
-0.3091785988399296
-1.8107088759315939
-0.2584986666193604
0.1949517360634913
0.2598895689182044
-0.5075084319391087
-0.1155215223713126
-0.3072147548377621
-0.2334123072451673
0.1096372640934774
-0.3884085336600673
-1.3646910071509364
-0.7264918128892798
0.1451804537762993
0.1270548801082432
0.1540279420583135
0.2778337252904025
-1.1529959582773015
-1.3612079344257217
-1.0474083799137275
0.0704887414989712
-0.6192313042334603
-0.0218906345266127
0.2345972094683949
-0.5342637099692682
0.2878549524971525
-0.2339951039221602
0.3481264658450932
-0.1507129201865198
-0.1550465375780072
-1.4151038381835606
-0.3938086686726410
-0.9466299786007537
-0.1370621815194520
0.3292309756393583
-0.3973367899309503
-0.2016985421974483
0.0753540310018448
-0.3285348168357274
0.2730848395572365
-0.0496530331206484
0.1210066242608783
-0.6310387928768399
-0.2817050241400800
-0.2986610405355083
-1.2581455641770500
0.5252437305570073
0.0151239684699929
0.2765535030550315
-0.5861962988250163
0.4907379195008525
-0.4911473498264929
-0.3654132180617616
0.5259002144452607
-0.4713288565366099
0.1181071961131332
-1.1197805086045132
0.1359685512005146
0.3530765492288278
0.1682566707824561
-0.6322909731280366
0.6106027913913069
0.0733700226192095
-0.2947873730432800
-0.1556743510970809
-0.3631208561878547
-0.0145376865452783
0.1514267271050901
0.1784774190059152
-0.1184607004758191
-0.0432400512078036
0.7218732621199915
0.0075681316830938
0.2627454982222493
-0.5538333515807350
-1.6693780895150871
-0.0006671950093707
-0.5187485470340727
-0.1795120778488781
-0.7090196729452196
0.4613407027299945
-1.0116360777521294
-1.2330463592188554
-0.1221706607845201
-0.0188638434194296
-1.2580640383684736
-0.8564153711047293
-0.1333352441238692
-0.8157342190951445
-0.5705153860280131
-0.5019130344741226
0.3608070162888868
-0.2790684592622377
-0.1352205744971014
0.2778552229348708
-0.0978572820507024
0.8348642739348717
0.3327919895687611
-0.4664475822970858
-0.1209983452117605
0.3467335065134934
-0.4616207085048017
0.1289711975468941
-0.1147473247533245
-0.4316205662472649
0.2439233031831015
-0.3683198773198066
-0.7775893480762276
0.0899730624891212
-0.4461834219177793
-0.6230586009413941
0.1118867632593797
0.6029971230946218
0.3458796715831609
-0.2410742655056430
-1.4213701226769080
-0.0367292510014860
0.8216372691109014
-0.4623109988625838
-0.2854905472773635
-0.7192299989456457
-0.6543749431490589
-0.3112170159000309
-0.9339574725791602
-0.9541022689530333
0.1167700057670951
0.3140143637802387
-0.3481275716418560
0.1231766620612159
-0.0220905119462203
0.2061211775936153
-0.1399200831972107
-0.2154006462161021
0.5848276024899725
0.1203605715254089
0.4813856549040771
-0.5842628396196643
0.0504237615208922
0.2471511974412056
-0.4539920444843318
0.2761717120369776
-0.2801006684581821
0.1917826216206187
0.1335432968029222
0.1050026129358363
-0.0414745184235810
-0.1358964741528392
0.5050964440064826
0.3011306157558575
-0.4830140314094983
-0.4367228603701255
0.2208072124517925
0.0034369358884410
-0.0491272182944196
-0.8989600174707735
-0.4404904504751784
-0.3334063692168329
0.1947910179342162
0.3403836251973096
-0.0013586436472043
-0.2859697423335741
-0.0904406962643092
-0.1801529935607660
-0.2847779553761082
-1.3291874433005533
0.0960620585316594
0.0731508635620315
0.1080191808565641
-1.6382427668274469
0.7721804030062147
-1.1155826242892075
-0.4505141746718870
-0.1889448363249787
-0.1419723215919985
-0.9549888923268695
0.0403124110635139
-0.6521438182501037
0.5444263658258500
-0.9781165468462319
-1.4247253592110278
-0.3732958859481304
0.1548919776863595
-0.9218874179562478
-0.2182357408333724
-1.2202867634952197
-0.4426978788050276
-0.0781099529672603
-1.1899525487370193
-1.5980495103850731
0.2061577752272074
0.0411033176580374
-0.2939262285957556
-2.1588505016198911
-0.2314215480520270
-1.9496005064648443
-0.2580339933283253
-0.5796609649116182
-0.0453749551708207
0.0083259017616229
-0.2884861033854588
-1.6363287714111867
-0.3877249798097019
-0.2369281845310105
-0.4360845056981140
0.1323839797022836
-0.3912080442606156
-1.0081822716039957
0.2816822126770175
-1.7207201545644526
0.6314268704585938
-0.0308832250413530
0.1456689058635127
-0.1818992855720695
-0.6173706069697735
-0.5232310953699041
-0.0365437700954419
-0.6863953578412643
0.1129630112140390
-0.1429673636871593
-0.2064228344045313
-0.1453661368978501
-0.1178308440991347
0.6182981250765249
0.0878406657306298
-0.8988903128695885
-0.2807686508118514
-0.3200179801218243
0.0068100851449712
0.0576395228845413
-0.3472833845840950
0.5595379039032849
0.1129070446127364
-0.6144455881002537
-0.0228720670526332
0.3107877285117815
-0.1517253208010119
0.1117427279418782
-0.0862031956454093
-0.1233931833155537
-0.0536953952027363
-0.1055872936754967
-0.4095501826442273
-0.4357800032472028
0.0365222512494604
-0.1538628302642241
-0.7636120465404675
0.4923099836085769
-0.0123087961446049
0.5479363772186028
-0.1330023500386604
-0.3678973699761137
-0.1794754809220916
0.3522853857163213
0.0855013690281989
-0.5759515885550763
-0.7504148222379100
-0.7207394829712428
0.0203749079925494
-0.7502692489639105
-1.6376264621566399
-0.3715851337163032
-0.4506636275186621
-1.4047034829700007
-1.4176691214486772
-0.2767529121471626
0.2826704268897302
-0.3116951083517895
-0.3574891667282337
-1.7327822172960192
-1.5298489813925447
-0.8304103742446606
-0.2846839248032813
-0.2129896202289240
-0.7758165405298000
-0.3022641828738126
0.4003143464630233
-0.0588128924568108
-0.0087195758824846
-0.1400955674362912
0.0431466699245923
-0.2378920994667853
0.0331194122955409
-0.3993127006185661
-0.4304411645221887
-0.2238719694402632
0.5467945287655742
-0.1107945599921790
0.3643973330456028
-0.5965303208673707
0.0319415847068516
-0.6311114854853584
-1.2942719555470155
0.1338517379791499
0.3768494314303867
0.4051350181553199
-0.4471146363542154
-0.2602835983010558
-0.5350532301927271
-0.4691488417171433
-1.1478535489933732
-0.6122912647026004
-1.9615982377740626
0.1342193888905251
0.4193402730483011
0.1793053792174270
-0.5393247278179245
0.3332970435781354
-0.4367496219397778
0.0245917051208284
-1.2772893360958431
-1.5594811336216501
-0.1536539394885669
-0.4378714269900372
-0.9700081604244926
-0.0122144602156764
0.2331594131732774
-0.0846001989647021
0.5665175005427239
-0.1230473691985102
-0.2162717735595553
0.1558684954406657
-0.3419399022858524
0.1367716972610307
-0.6602888927774659
0.4495471880360440
-0.2211652738698348
-0.2414062284346104
-0.1002764345534365
-0.1494777870397403
-0.3056576092398075
-0.3161852939328827
-0.5042381577691147
-0.3719946550591632
-0.3657302644220610
0.2128380847908735
0.1956850171031093
0.2431322477694835
-2.1038336137457443
-0.3607806275567430
-0.1126369761428682
0.0124200592708006
-1.1763450348619675
-0.1179705668969545
-0.3218840840444203
-0.6147373196149138
-0.2802443747232761
-0.6819273696873364
0.1032511259720467
-0.7090138358157752
-0.1184601487595459
0.4539248228656431
-0.2065361940089310
0.0451591320445327
0.2602993703641314
0.1954518710470148
0.3749220149697031
-0.0710642073182059
-0.0559570660113325
-1.0437840238591640
-1.2182767223053568
-0.3666610447198668
0.4896305384959343
-1.5052883451184180
-0.6673767749613737
-0.0877223474281646
-0.4272617484758563
0.0810591078354650
0.0575784074039176
-0.4018541466834467
0.0625632684198069
0.1058148796124774
-0.5647024702562145
-1.0137423460488826
0.5413533845090093
-0.7609448860403016
-0.2225306910267913
0.1969319829541499
-0.2565886027405159
-1.2598951207711981
-0.6158608999185223
-0.4662933478633213
-0.3095404025857575
-0.0504014948144253
-0.6043421685344955
0.0243183698020849
0.0451164258607995
-0.5812143700821143
0.2128050698651824
0.0428058569502284
0.1163361690366347
-0.3621315263875226
-0.0148735201759589
-0.9787314341132135
0.0034786182975432
-0.0138669617265594
-0.2763062987459776
-0.9349763783283899
-0.4305317138067553
-0.7113182586720601
-0.1146967322024541
0.0001862752275531
0.2979695079867197
-0.4761312890429421
0.0229077898398191
0.2775885797513384
-0.4128737817915102
-0.5012686467010028
-1.2316205585927240
0.3312529839083763
-0.4668725615323811
0.3463464750215688
0.8151345715056053
0.2100724640657233
-0.3006015432293506
-1.0479828485824754
-0.9413644478817549
-0.7026233471454194
-1.0797522945038864
-0.3234601939220369
0.1678302733363234
0.2714830951576819
-0.2000694050278826
0.0446219971576244
0.5083503406206131
-0.3860402482140740
-1.4085780096573997
0.0985765185791418
-0.4276663304185782
-0.2234873226189488
-0.4044187789096359
-0.4894097972632536
-0.4809616893921959
-0.5401625121041573
0.1061456853216156
0.6023084649849558
-0.5964875680772354
0.4149598958769369
-0.3389509568656601
-0.3903076265015362
0.4998286208943205
-0.4454061286629474
-0.3464248448118525
-1.0941763809601195
-0.4425850903829976
-0.3145944975736761
-1.4990351563835369
-0.3107487448145695
0.1216949244773725
-1.3859601911223225
-0.2526078455288979
-0.7525744318353702
-0.1799989110484373
0.5488767025839609
-0.0459123902778028
-0.0345480618558160
0.2349835591404704
0.3196490498455981
-0.5618066475614059
0.0246886946040590
-0.6826975116670020
-0.8967364712017593
0.4562430399417201
0.1855965183994012
0.2569397261366031
-0.0250717376610026
-0.7266262409453778
-0.0889420715108296
-0.0507592844759817
-0.3665186456450049
-0.0790121301290148
0.3329877814751728
0.0308956167936305
-0.4870268501302847
-0.0583659140781992
-0.0011340152592756
0.3033289084361350
-0.4459524501684876
-0.3607102227327135
-0.6426789560992662
0.3970572464804621
-1.1862592756915609
-0.8901344717934526
-0.1405720657881778
-0.4350387743241753
-0.1400805567908956
-1.0920766977273035
0.0703819848211649
0.3122899059624386
-0.1049567657695225
0.0380784286093366
-0.6736465083778904
0.0974155126168017
0.0500123991611729
-0.1079814492038817
-1.8445551372663882
-0.6699711720075109
-0.4734745016677858
-0.0763981099008836
-0.7320517318039346
-0.7937299167830192
-0.4404093231001390
-1.0428333257941722
-1.0220190108477358
-0.1656276394343052
0.4681152838079250
0.3624308609050220
-0.8695921753191377
0.3723586009754546
0.4656724214090421
0.0204649798069042
-0.1571272080162265
-0.1385629919860677
-0.4018553312535036
-0.3413761247416185
-0.8235244204538164
-0.0532982216281701
-0.2745210381270781
0.4172882667784791
-1.5467226421618165
0.0579680427448260
-0.1845063735362923
0.0409579452234416
-1.1823168515725475
-1.1386767061211926
-0.3407340348882463
-0.0215508600928358
-0.1108135599398867
-1.0945734894493970
-0.5670679252555830
-0.8554878391257164
-0.1208163638850348
-0.0026463766196454
-0.1858764671942754
0.2197037387447732
0.4072579889931035
-0.6609991932382608
0.1277384070438793
0.5573172536711724
-0.7517627705705311
-0.1370874607440554
0.3882677547066130
-1.0649488922099140
-0.1849794360186804
-0.6312500336644691
0.1811604599133666
-1.9959704641626728
-0.7903096173787655
-0.1210925614900369
-0.6278270692257362
-0.7294481566342105
-0.5217568849643025
0.1602267231703884
-1.2054905685461033
-0.8698663698467765
0.0618530948184615
-1.8751492830598691
-0.2913892988839793
-0.0578093036291267
0.3941269900038470
0.0372875889336839
-0.4636069568812902
-0.5697138097590672
-0.4428114629478835
0.6073623460292540
-0.3668255907818728
-0.9162724690607252
-0.6876044700468645
-0.7947696607951165
-1.9714729214696254
0.1054212137662563
0.0477146751793925
-0.0849229992196174
0.6516194485608282
-0.1833158789931076
-0.5316279374855724
-1.3215329713366855
-0.5075249205138034
-0.7882550040765827
0.1415237259201481
0.1069392165943456
-0.0938750363074363
0.2845967470324210
-0.8301437722369306
-0.3000212187085564
-0.1020875641201939
0.3890374561080946
-0.0117876017017094
0.4963396234465832
0.0345181702852343
-0.0145546579188353
0.3001551783034268
0.0560226885595932
0.6331718959315032
-0.3270343702057482
-0.4049063535022970
-0.1433192433659358
0.0388969284958988
0.0332547267340267
-0.1336009960545693
-0.8037381763096242
-0.4190992721896644
-0.1122850339320990
-1.1072287093752824
-0.2173819978279405
-0.3183454165319326
-0.3653918264980269
-0.7482663002001505
-0.2371303042161620
0.1253606089233490
0.0838260831871373
-0.5130329340185065
0.3571819570664611
0.6766803729432592
-0.0968689304970651
0.3603404158778730
-0.0418925047554891
-1.1285371267086965
0.2669512486076848
-0.8000630807408580
-0.1531533582377680
-0.9055937549152465
-0.1865004478836999
-0.5112139854747858
0.1938197166632296
0.0289099566878186
-0.3619619316414867
0.0279263111190956
0.2683452319786881
-1.2411220112896311
-0.7406375586847880
-0.5073163666189000
0.1403942585579563
-0.8307055412674037
-0.0291521079436068
-2.3784435209284895
-2.0054033402026299
-1.0613131349928580
0.0673350457089337
-0.9909219620665168
0.3423780502304715
-0.2259764145056526
-0.1328428431834271
-0.0860158082774772
-0.8755284113512510
-0.2770917523231760
-0.1133789273696943
-0.9422408127328017
-1.1480604700157773
0.1361819138014632
0.1052539441989090
0.0959100719627422
0.0834549783360517
0.4053916275103318
0.2773928383447025
-0.7879502452606865
0.4310485367550697
-1.5835339207994512
-0.8277909808312871
0.4482922608161903
-0.4313240222046545
0.0910572964018882
-0.0755998757730447
0.3876819852986715
0.0109198219506671
0.1268054276525023
-0.4263026454489764
0.2994860068316149
-0.0001982023521109
-0.2693858666753191
-0.3913490161927791
-1.0819027434110362
-0.0027057856917677
0.0904035363537681
-0.3889978748725949
-0.0352980157175202
-1.9365670175364695
-0.4545954503437279
0.4227686231135090
0.4980705557583948
-1.4645736573026169
0.6965091062132064
-0.8300172253974994
-0.8304980174529866
0.0201860436631016
-1.4075967958272204
0.1297929780071720
-0.5503456252540226
-0.4441253948733119
0.1262223603830235
0.0648273104517044
-0.5822127141785025
-2.3002497048623933
-0.1571129454304854
-0.6931323977108907
-0.2417023485888919
-1.1299792412599692
-0.1608265920371157
-0.2137637446384926
-0.2362627443861874
0.0452331847589796
0.4303663117398535
-0.5026513372815551
0.5162095864348801
-0.3515228409773047
0.1958914872929259
-0.4157648824489530
0.0049431477983988
-0.6508800159426815
0.0926603293116190
-0.4265843383630021
-0.3474104546754159
-0.4566263038468778
0.0308461736865241
-0.0628432636030387
-0.5472323400304102
0.3115486316572168
-1.2584337284178144
0.1394710343552616
-0.1133253425475757
-0.0033791210178296
0.2351596785574147
-0.3589281218679463
0.1228123363389753
-0.2769206581516589
-0.2059964425868833
-0.6226150089460547
0.2142584318465108
-0.1250759408482381
-1.4049115352199359
0.0525046170384874
-1.0550337778235563
-0.5689342229054012
0.0261399087831715
-1.7880746018489966
-0.2419129441957943
0.2640459480624530
-1.0472897889634414
0.4272131785454744
-1.6135776593549553
-0.4935427182414811
-0.2157544411950445
-1.2506887173771899
-0.3370529997047128
-0.4928795361929793
-0.1174475337378754
-0.8611197382289856
1.0232931188016834
0.3572408184832797
-0.3126542314071541
-0.0632650156332532
-0.5526873106840647
-2.5328619749432977
-0.1867267934695517
-0.6265470037586971
0.3894372762639045
-0.2791909138559367
0.4049359855703366
0.0281146999512599
-1.2064177239285028
-0.8003466678101337
0.0131702010516497
-0.7539517775844597
0.3724204261827516
-0.1712520273308506
0.0072541838237903
0.3373417337507013
0.1939651369086927
-1.4042765354533577
-0.4639896675774875
0.1608176503810490
-1.4112370202039093
-0.2673419355878514
-0.1581049499470984
-0.4490573832414999
-0.2097003291223115
-0.5058769568240048
-0.2980571946494679
0.2111468363730058
0.2380008989422375
-0.0359527445162974
0.3323518985178556
0.1269212264853162
0.8242796030069558
-0.6522259503332970
0.4369094160567019
-0.0791846676968510
-1.1014267593572813
0.3779992390553603
-0.6733205090824227
0.1273910675590099
-0.2531206685564861
-0.0078342905602720
0.4379269915965515
0.1057834687080289
-0.4012818967145714
0.0165744241094522
-0.8120968523652928
-0.0170023081559854
-0.5977849839118616
0.0416805896308379
-0.5135138738315178
-0.2507455014798515
-0.9810555569002025
-0.2962970339130725
-1.5360315049211326
0.4126229624827796
-0.0475322577239471
-0.7144358868159023
0.2437333195158820
-0.2524168660966241
0.2909519096063190
-1.6975251606975090
-0.7176558467308972
-0.4053360725580376
-0.1565210874244562
-0.3551058759669334
-1.2892122371866073
0.2255490845744102
-0.7655842509169629
-1.5978398417829798
0.3595205526191746
0.3199541570459029
0.1072887812273757
-0.6130307482475998
0.2189738464930431
0.0150192924762908
-1.3004920799531305
0.0402198742239464
0.0688706170993956
-0.0593426568799610
0.0588333548412553
0.8639227795852045
-0.4681075228566762
-0.0914226135880991
-0.1893375826281429
0.1043391568113493
-0.8857901624838737
0.3728117424084176
-1.7039920105710618
0.1940509960420246
0.1886970081950760
0.5272592455034453
-0.1455725320928530
-0.6104482574290678
-0.2404972078648291
-0.3139363213128961
-0.7073985716075446
-0.4516819757574782
-0.2681648421447608
0.2271414298987797
0.1608905124334866
0.0354707926216911
-0.4812980684774008
0.2895327756763596
0.3155460944927633
0.2821863282569771
-0.0410994963178155
-0.4444118223028071
0.1694457899818919
-0.8540713846884028
0.0025337510689880
0.2169718961048645
-0.7057528708627825
