0.1031870325065674
0.2763520237382373
-0.3573061819246844
-1.1043015198927968
-0.3231226568447207
-0.2080115440582092
-0.3399792136908191
-0.3472694853383970
0.1461850217752440
0.0989132516754900
-0.2136572376093021
-0.5990335536246068
-0.0399673784834092
-0.1164137602890702
-0.1182835618864494
-2.2322203982345368
-0.7043537247437165
-0.4806565232225917
-0.6307793285378036
0.0695008835706252
0.1841158851329242
-1.0645618214392789
-0.8720364203863155
-0.2032044163663989
0.3778099625732964
-0.6990626492117502
0.0151078872861190
-0.0696698042954218
0.2608173209105002
-0.6187585495516419
-1.4586907140365748
-0.0124201231536201
-0.0066037218083663
0.0899512245505439
-1.3865576730293543
-0.5385792608184230
-1.2751525383742075
-0.0440970771006526
-0.0862431556463440
-0.6833581298672348
-0.2660457198760773
-1.4975409854467929
0.2557893481061331
0.6063781331764614
0.4040117911339505
-0.0812360878630792
1.2260325675007768
0.3442015461340114
-0.9117400301576520
-1.0003356743929452
0.1987164294378305
-0.1000448699519114
-0.1733778418013855
0.0872318225090600
-0.1006637584038319
-0.7278833950993804
-1.8798138637790589
0.1887331056437214
-0.3300280377627730
0.0906725856630040
0.1736316052733019
-0.0211559578929528
0.5537860388984636
-0.4272034064684362
-1.1690023964604026
0.5438305592123387
-0.0400117116573675
0.4629512983848718
-0.8134840414511958
-0.0398436679340908
0.2512186508741224
0.2224721520139431
0.1892332136582859
0.1629322609029909
-0.1692922869580444
-1.4666494429383907
0.0899275915899357
0.2876932308431401
-0.2994753775588272
-0.4256104776419473
0.2291525326096009
-0.4990820893564856
0.0532650485327970
-1.1577210180496409
-0.1684176838588661
0.3974657359836143
0.0346223766300817
-0.9480401942346367
-0.2575804386145563
-0.9395925101953858
-0.1144621967096172
0.4995543284542285
0.2526691359164394
0.0367506825675013
0.5630693051944043
0.3172909500863387
-1.5009344169856358
0.1088463112838942
-0.1037713110881158
0.1397720689764227
0.0032141751904405
-1.1641305061338634
0.3749321333291245
-1.2095189142473852
-1.2244271834788918
-0.5676107079603188
0.4962183789774155
0.2501596322595714
0.1819022356291884
0.5076063746638890
0.3694265846151672
0.1281132516074196
0.4165001054705936
0.5817697291587304
0.2836485617337371
-0.1441038711025925
-0.5419012191361245
-0.4601024971683189
-0.0617857994842949
-0.7110208631913743
-2.0729849173663637
-1.2599452462728105
-1.1569234577998000
-0.8189395006210942
-0.7950228951194130
-0.0727729586762104
0.0602217278979565
-0.1961741400804820
-0.1711618224347217
0.0005372052682214
-0.8121526874583941
-0.2194801210954317
-1.4175298627761823
-0.4280892104573928
-0.0297899253955506
-0.6454871894608799
0.0401279537376309
0.0881917781904468
-0.2258201335158176
0.1926686323033160
-0.0904524828600016
0.2133998104888243
0.1728218894236498
-2.0720499833306865
0.1559340830446377
0.0285824804419090
-0.8957342745325856
-0.3019180109739086
-0.0791612972319720
0.2235526742123504
-0.0961884727229348
-1.0624023793257009
-0.8102900588501948
-0.2944985980384855
-0.1219416091684233
-0.4615652109680047
0.2028723205451507
-0.2733931155390061
-0.3188926169462830
-0.6750484471805596
-0.0811290260922567
-1.3854048594855186
-1.0542088134445904
-0.4953626332113780
0.7827705338852100
-0.8232843423526454
-1.1698609177998935
-0.2573702999140063
-0.7722498287971420
0.2707269347164822
0.2256025051512774
-0.3647925141052227
-1.2820511281600437
0.1026706077812315
-1.2052623636340256
-0.9236670509357763
-0.6943607724337066
-0.3559715767101109
-0.1429628895604907
-0.1929371183174301
-0.7465512810575314
0.3485399807090973
0.3012516234217190
-0.9922798534616227
0.0432804280796716
-0.5247025425415806
-0.3194360637497591
0.6243596135527926
0.3767628504735372
0.1908454332974421
-0.1909664738854435
0.0381640142095752
-0.9877020138019450
-1.1209152975430667
-0.0689744456115763
-0.2615610809354269
-0.2842652691391677
0.1521277561233149
0.2603740160694686
0.4458821841824023
-0.3648861793550360
0.1618895281773035
0.2939314079933067
-1.4538811521461164
-0.7411933944023732
0.1927700165708093
-0.9369120818922538
-0.8095113949639046
0.3448288660657507
-0.3437627484234591
0.3124503042591438
0.1188520440381670
0.0255673882142736
0.1409488466917003
-0.2918240982275205
-0.7957318363153146
-0.2648108105744430
-0.5942974627192233
-0.3844702856722509
-0.4853400193666789
0.2157422302961056
-0.4528069596924814
0.1140413085721741
-0.4828298075726427
-0.1611457565850222
0.5615373672664078
0.0833643119722353
-1.0646804646652597
-0.1184259115429576
-0.0028117505372815
-0.5314576291965218
0.5664084010394854
0.1804829917634012
-0.4331821353430028
-0.1301677639563978
0.1643113304120612
-0.8602355301206511
-0.4233245489014996
0.0437387168114705
-0.4659917534801045
0.0596888880578678
-0.4265864170151246
-0.1089227708729748
-0.5540792961026088
0.4990570881827643
0.1843159069751930
-0.3849377346117605
-0.7344162908950491
-1.1466318125456170
-0.5088168761962600
0.1174470032074529
0.3077842511019016
-0.3355877296593774
0.0032148807242189
0.2626852157294972
-0.2667382215807768
-0.9346191020588084
-0.9554945630632414
-0.7989540904111104
-0.9797477534527617
-0.6775503528965706
-0.0307048385631391
0.0868308236601892
0.1921587223976244
0.0697149757073080
-0.3068743740683963
0.0627629476509466
-0.2905726012907736
-0.6186659332337427
-0.6745319757527064
-0.4153409428685851
-0.1803420250623421
-0.2317160000156745
0.2853821510419049
-0.4412591446088215
-0.1592724348856821
-0.1458918579403747
-0.0449465607194849
0.6612081584396599
0.0134966285764921
-0.5932218056586854
0.5920990614098671
0.0690858325959258
-1.1783359729072309
0.2834948012266251
-0.2002467221618023
-0.2519430858149548
-0.6151534831607679
-0.2902632760240926
-1.6916451694768695
-0.2100462244882939
0.0496890973311452
-0.2604072419152753
0.2914475660398793
0.1607995267438548
-1.2739593156414304
-0.5657786116485530
-0.3211510687513605
0.0501680612400349
-0.0068696550775228
-0.2423748072747357
-0.2087361294546426
0.0900033794631350
0.3242039064110606
0.0140812327205677
-0.3127894484598517
0.1831416226171895
0.0788994631632519
-0.0714939427447523
0.5812115467075224
-0.9374498630485530
-0.0937822748483344
-0.3733430645193953
-0.9731435270111446
0.1914249629527803
0.0931227239042086
-0.7008470325829419
-0.7424494229840359
-0.3185292140422329
0.2312246490641623
0.3908812427403262
-0.3334094343616494
-0.4193764280520098
0.0487552037066996
-1.2575758804458566
0.0446132536861732
-0.0699469744337171
-0.1361786861340605
-0.1064569294013028
0.1672178952221329
0.0909663942066816
-0.4685159951905295
0.4720049048083602
-0.2103242625763114
-0.1505633369316524
0.0183660602972785
0.1717656417313980
0.0708012478033666
-0.0105433214954621
-0.0907929080795588
-1.8208063619403718
-0.9002566270179539
-0.3170404200143663
-0.2282448893881772
-0.4065367474342014
-0.7995662799307682
0.7574487520439227
-0.0601425841729585
0.0418247007393889
0.3025049873467116
-0.9666552687788067
0.4958201013293096
-0.5631671304457931
-0.5957285586960811
0.1792393079719763
-0.7474129975774655
-0.4245729263427280
0.1729492510440986
-0.1288510463162538
-1.1129907168548929
-0.9019384917840129
-0.1396751338781629
-0.3832913482499751
-0.2952580988414746
-0.7793534445027821
0.1888451199732549
0.0082016706118908
-0.3501617788286482
-0.6037347519339459
-0.5091472807045230
-0.1298529940850231
0.0943498484602080
-0.2586482616388381
-0.3587514793258509
-0.2136372464718399
0.2601187346524271
-0.1066878260701629
0.1332363853052434
-0.3998444467300492
-0.1223053961530080
-0.0203536467525777
-0.4023446866719216
0.0150135503142885
-0.1058029577143006
0.3851292124586422
-0.8771346480714909
0.2854215435770696
0.1596710526787103
-0.3768902099697617
-0.0880858706745790
0.0322823552455610
-0.2415463257262708
-0.0540487880929208
-0.3096651434163600
0.0163845226222438
-0.6647455310058046
0.1915398167157476
0.0164489480191922
-0.6709099151925750
-0.1989722811555198
-0.1985624233728879
0.1320062121524985
-0.2367204757995932
-0.5248400800878655
-1.6648871770914975
-0.3156043997474569
-1.0447233433728280
-0.0972800813234019
-0.8563521760385768
-0.7310508389276250
0.0655863073930711
0.3757374535352656
0.1835207223244163
-0.7884254309838665
-1.2022377029370261
-0.3823417472533225
0.4005752433392363
-0.1305662828542874
-0.4829023806647113
0.0591134574751134
0.0859724620767967
0.1877625026052571
-0.7184316723995008
-1.7099297784228327
0.3664131121476421
-0.7598646467854521
0.2187383076595238
-0.4935240560455633
-0.4024583551938072
-0.8418740421744260
-0.5729445643371649
0.1005613559809287
0.0539435841606159
-0.4621348788314963
0.1441213253720845
0.1220613787241139
0.1738806677618371
0.1694278232454441
-0.6962698919429803
0.1299093397352509
-0.0208843611796240
-3.4902957056867430
-0.4535015485869916
0.1691221661950745
0.6801055725814392
-0.3998288814447739
-0.1721556220187215
-0.6598690986219770
-1.0723217844685891
-0.0259554114690817
0.4493366130375666
-0.3002695914259834
-0.7557988636096399
-1.3321049609928661
-0.7722763601806139
0.9973391540436551
-0.6194445426953461
-1.4007351611057837
-2.5252619819764792
-0.3403865708122604
-0.1521389433098654
-0.2044422059331805
-0.1733915771571000
-0.5876294797103286
-0.0637538936474442
0.1045291942302558
-0.2779752594532794
0.0497823861974659
0.0734024826078956
-0.5062281060447266
-0.0468669629753704
-0.2934061154723475
0.3316188464835014
-0.0561184822119632
-0.2440966661598317
-0.4174926645121517
-0.1003709925647654
0.0786818292251968
0.3140496749708400
-0.0339436070763314
-0.0612115584578819
-0.2666637568205718
0.4213798529841186
-0.0041329778600584
0.8049817784905301
-0.2971682272963259
0.4491203301171506
0.0491473171283080
0.3743435579551669
-0.1518080989388893
-0.5628633693518552
0.1718465842084169
-0.3010914795152010
0.2310378360204711
-0.7115201682226987
0.3581053092793469
-0.0147422011488950
-0.3239398926864692
-0.4488479242217986
-0.2353758607116639
0.3077248988386256
-0.3248994045607519
-0.0071367160748082
-0.1022320108168259
0.0206162482637825
-0.4477431493741704
0.1078204143683904
0.6927506909324161
0.0012252101589301
0.0737048188683173
0.3604390262561702
-0.0074942986108984
0.1936517171925776
0.0019437098768525
0.0522258455495949
-0.1122347438225247
0.0644854333104694
0.4745817275740438
-0.1220382038015013
-0.6821780997631900
-0.8470380554698498
0.0220733010613355
-1.0187978314581809
0.5817644661592341
0.4743824173259207
-0.5605897512592464
-1.5783946879877018
0.3226160846761938
0.4997731206940863
-0.2225466902100798
0.1130000776178861
-0.3851966964686785
-0.7435239066887481
0.6864543139552410
0.1053760463571332
-0.5325414716656214
0.4373953571286096
0.2009627472753051
0.2195213555740698
-0.6921369062771446
0.0391896653349188
0.0768779412641606
0.0502865923944743
-0.7501398874448474
-1.2892985103521248
-0.4413011579036977
-0.2942974078874645
-0.6566057875492042
-1.0765899095294693
0.4970166710949387
-0.3715637949710296
-0.4215027526850298
-0.0960602876022309
-0.2390870854284982
-0.0396220146910592
0.6348943285812452
-0.4686752027804377
-0.1231265997026892
0.4314028941342385
-0.7677220660819901
-0.3828971209522800
-0.2941644006741465
-0.2832758993649936
-0.2717435141355825
-0.9525247858216693
-1.4526385645505231
0.2085949358463929
-0.0134140079224265
0.6336799811821014
-2.0003654950303926
-0.1985626903282987
0.6119085878215285
-0.0853367592381861
-0.7175289357149208
-0.2270070447984792
0.3146624930122534
0.0210531708458086
-1.1675333450944008
-0.4160441560468170
0.1715590808025859
-0.4735078056487528
0.4174563037266412
0.5278345044081996
-0.0908188032970584
-0.5062180061896174
-0.1023806614540321
-0.8842237416631248
-1.3071015859823065
0.1464720393261432
-0.9491160050092264
0.3173277720572751
-1.6072715040509025
0.9331746405653816
-0.4620833178238554
-0.1769081021759069
0.5250152320092286
-0.4318141760560186
-0.5188061557717919
0.1220596349789240
-1.2850892031145644
-0.0552239388602488
0.1340157698583150
-0.1914090144493457
0.0915065151952266
0.3311532594608141
0.0709537269770435
-0.3837821924062386
-0.7225036613397102
0.7010365775938782
-0.2506829282500360
0.1687253232606333
0.2676815294639109
-1.2247250644039236
-0.2566487776173730
-1.7198018692111847
0.0696373933164349
-0.5748088404736857
-1.6475711777006716
-2.1219572435663210
0.3198707515771073
-0.3755212330567584
-1.3232865546934593
0.4644585822517159
-0.7492840294520465
-0.3529235164091580
-0.2221450698485936
-0.9645342060621248
0.1790352734613135
0.0952719889815318
-0.3125457306016035
-1.6402113276645509
-0.5430253638747931
0.6004500814443876
0.0770265659729713
0.3247829342492849
-0.2745737879613024
0.1672048669106385
-0.4194624990491226
-1.4263815937115070
-1.0140280105999864
0.3414741282135652
0.4581518450961116
-0.5405201015206419
-0.2420149550061975
-0.9761687681505433
0.3279052194155677
-0.5896328806469764
-0.2958042592946276
0.1462250061079583
-0.0756222398106046
-0.3200609836746041
-0.5808639996146049
0.0130303123282638
0.1139464180184559
-0.6421822536981145
-0.2367117895612327
-0.1725630229777652
-0.7403065429656214
-1.0014051629071063
-0.3384211475218200
-1.3835618239425849
0.0271497000248275
0.2289381152964761
0.2467076830029698
0.1884947361140836
-0.4684394353473258
0.3802103995500783
-0.1048986588070573
0.5086930287931135
-0.5704002998164643
-0.4987461116625573
0.0595005398561176
-0.0955704793360655
-0.3051737112269284
-0.3920677043082701
0.1841828788113192
-1.2837857483478046
-0.1312691261496986
0.0330894280606773
-0.2211482657335596
0.2240468670361800
0.0518670491853309
-0.3275965813694045
0.4140987355446895
0.3533388720972601
-0.6083124949622548
-0.2932767686108115
0.3377389722853241
-0.3119435263436323
0.2575588097253887
0.0585842455496172
0.4655247087589833
0.2868444157182740
0.1631711199048715
-0.1583912136350414
-0.8116408708302352
0.3898428271479327
-0.5907357014334914
-0.7514786178250927
-2.7858693093480054
-0.9299615413988316
-0.4597640239433640
-0.1062247795239610
-0.7065752436255892
-0.5746951182571483
0.3911078415545254
-0.2986250491914657
0.2741978157305732
-0.9365575467244955
0.0331055394943059
0.1469137776081453
-0.5358059775654510
0.0339715487691033
-0.1959024290621593
-0.5179225621696595
-0.0608129029540512
0.0608997658683358
-1.0849288184820276
0.2678395984522055
-0.4542598091671589
-0.2371845316752847
0.0029668384634225
-0.2667448591716730
-0.2234737595713766
0.0968162396551982
-0.4002596941970077
-0.6038494086376708
0.0533024659739147
-0.1105090259286652
0.4537938907842512
-0.5447019063816173
-0.9747796301456910
-0.6001522566163283
-1.1832973040327235
-0.8664428233454246
-0.5200383487614244
0.1633603602195897
-0.1903871021492768
-0.2406539468000479
-0.8607868279051863
0.1183423755770814
-0.3107246639796328
-0.4370342409115497
0.2398082579215972
0.1286342713673388
-0.0201029124451866
0.0096641920382946
0.0614562394912746
0.4100184030674608
-0.3215257321104578
-0.0812511340516711
-1.4866529853881896
-0.7284975829288033
0.0071357631779914
-0.3919523032227574
0.3800796866201361
0.5664374027313276
-0.0016247305314041
-0.3628128886029581
0.1292851550715213
-0.2445272717744220
-0.5247492631266922
0.1379156192998638
0.5502494859637025
-0.2090988162459076
0.1284806940525976
-0.1196005538807357
-0.7870218177824143
-0.3667599849510827
-0.4449666122642449
-1.3988400617636860
-0.9917170932234871
-0.3516169115872899
-0.0661581384259534
-0.2580122922359063
-0.4501136833742434
-0.2608162796085940
-1.9583871640567303
0.4289417565014104
-0.0912946315771518
-0.5433466084532429
0.1694844323978730
0.2583433474393545
0.0471112524540545
-0.2199629358302576
-0.6186792733990902
-0.9262175372769141
-0.8288061642671445
-0.1585147204558800
-1.3613695148273417
0.6971229921992210
-0.2967003621464380
-0.2822738338659534
0.2911304167775203
-0.3076021547844408
-0.7126810672664904
-0.1388204330598998
0.3630222269460350
-0.8173313483494158
-0.5634300303323794
-0.5509480089852642
-1.2637141427192384
0.3753740422444952
0.0617517672327410
0.3750389506010599
-0.9772769063660915
0.2815978354351409
0.3817034550475199
-0.2490740748299084
-0.8658689798511195
-0.0067516241102692
-0.4010803704706950
-0.8676841518694695
-0.5924990730968385
-0.2990134075164082
0.1025443795484688
-0.2077324078957690
-1.7548153199371122
-0.2261891116487225
-0.6474532741338104
-0.1726612070858024
-0.2808145209582835
-0.8486587260043663
0.2003378986490789
-0.8963071146467098
0.3916619295337664
-0.7935088300821447
-0.3595478443496528
-0.1934727698098515
0.3381829730347680
-0.1393577859769052
-0.3730571354959026
-1.7980915583203361
-0.1917634547478621
-0.0149101390135979
0.0590252057108294
0.1089214293665201
0.0099875682695100
-0.4020740693779882
-0.1435242419134862
-0.1160283888275009
-0.1041991812160091
-0.0838519546301162
-0.5491678379708766
-1.7406170380439498
0.1166046191807544
0.5526588572437003
0.3152927990146769
-0.0157973409108923
-0.1098695421824092
-0.5590175001637486
0.1163463037279917
-0.7051749734905052
0.3211408872031166
-0.9069458793777521
0.2180049849472453
0.3960248621099347
-0.2254694428639394
0.0059685434655954
-0.4798219134541101
-0.0539637736744470
0.0808154319584642
0.2934263887724378
-0.2411026615908941
-0.3687231023387422
0.0674088498700349
0.1975651286596322
-1.0648228387413279
-0.7110474629840484
-0.4345472302181291
0.0646994060993447
-1.6398789168618173
0.1912291263146425
0.0436870946907629
-0.1928939870960045
-0.9710292884483377
-0.8832846831150157
0.2342477866228707
-0.3105500909706916
-0.0720918804058358
0.5026459648347859
-0.1495372672705732
0.2069787642488891
0.2453006954475151
-0.4711774119033438
-0.2031646658034653
0.1987365707545536
0.0393571703219627
0.1295098102296520
-0.8305955964378503
0.2083730245530609
-0.1611225093204723
-0.2977854115683246
0.3425235426533167
-0.1750629258992868
0.1812941149201534
-0.1215200953037437
0.1405281482387259
0.3571078438914301
-0.1468824298675671
-0.2978279312998341
-0.1750352116456244
-1.6546572111296916
-1.0316321516568516
-1.0565033791869400
0.5214469355578759
-0.3997513597244960
0.6556817942070045
-0.6614825166157098
0.3950544162484252
-0.4828602839870027
-0.4276367210997012
-0.1650704367448699
-0.1079743262974710
0.0479919981063913
-1.3992839412427924
0.1686098143329303
0.2491959273844984
0.0405078426833227
-0.5338168926502646
-0.0513441716113320
0.2935771648753978
-0.2126156084931037
0.0384400627692874
0.3048523981213079
0.3134155326133948
0.1708745855559763
-0.3123682958768781
-0.2524408123256559
-0.6506589397258069
0.6744841837284281
-0.4208131096152542
-0.5839639175856105
0.2152676685019789
0.0136567223177332
-0.0865194600209762
-0.8227993140293184
-0.6168896948643776
-0.2869608053066632
-0.0853177288071520
-0.5283096699741590
-1.0709578315653123
-0.1830909356328440
-0.0139291475179540
-0.5327750360014304
-0.0991805362002356
-0.6026787208974093
-0.2454795337870934
-0.7099498273876889
-0.4439701690891666
-0.1543202615794255
0.1292595155195875
-0.2434963688799584
-0.4018907320663213
-0.4872974343432486
-0.9457670653633135
-0.0164978494826304
0.0332949013553171
-0.1361490430256476
0.1150684264350502
-0.1879251341313486
-0.2555090633456519
-0.2231897072745912
0.5161000513350320
-0.1009371071089173
-0.2652761052803602
-0.6623586983976646
-0.8576876621736523
0.3263173259023184
0.2787522392315926
0.5094610165956435
-0.5519655793584285
0.0469736696449631
-0.3240539720339438
-0.4252492753952035
-0.6868012687051550
-0.4509595119469285
0.3782120362721289
0.4427667087189464
-0.8102565249346383
-0.0214782190090670
0.2645634053964463
-1.1785765118277218
0.2188860673226483
0.1743867209899148
-1.0284477335227555
-0.0676171938215094
-0.9126262517473200
0.2992813794762046
-0.1151805870921439
-0.4522257722273174
0.0223000435316908
-0.3982421359868379
-0.4691089699287863
-1.6996094714938028
-0.8869271152566779
-0.5982872061984308
0.1215724345289758
-0.3622551346528171
-0.6168524996229316
