-0.2673235614747843
-1.0151143747631532
-1.2475842231365899
0.3116370514252872
1.1446546354628704
-0.4605127263466687
0.4624486138842139
0.6211407834845888
0.2371135972028088
-1.4798531696772503
0.0669110031062026
0.3064977322029617
0.3672961852229069
0.3664151450378831
1.3080606364995473
-1.4791674044429683
-1.9278427359176136
1.6538834331077641
0.0455637387678569
0.4384243482219120
0.8172100855084276
-0.9067594526103118
-0.6828650564547800
-0.4478308738997699
0.1270588888910666
0.9774277417978585
0.3019045333534702
0.0443757033805869
-0.7870343616710308
0.2289007353083212
0.5731537648142438
-1.1793983604726157
-1.0836285598324160
0.1001685148059422
0.0850356957270224
-0.6206539336902239
-1.8443963947023552
1.4173201434791269
0.5659144805162095
0.2047445407093056
0.5855183247417352
0.1251414656051405
0.1353012587392622
-0.4125906136299898
-0.0469560741008019
0.5793207569247744
0.1921463190895729
0.7469890299373229
0.6823908207754613
0.4182434840165809
0.9122405486008295
0.3463508629074361
-0.6515293009784483
0.2383147548344735
-0.2774758610967579
1.3609310070757414
1.3914511296634413
1.8532674731209333
-0.0577393262560541
-0.0709297004898586
1.7163614812706578
0.5183741168738545
-1.2242546213178462
1.6559388832060771
0.0748469524265450
-0.9853423817759956
-0.4903409546038627
0.6027525512688447
-0.6666191934750371
-0.2152541582521224
-0.1126313048847682
-1.0472340576467603
-0.5061027439449186
0.7765393841088214
-0.3169461971583723
-0.7267494272440471
-0.1351552565202674
0.9932682355745248
0.4580140298436140
0.5579396642400229
-0.7397894383290343
-0.1351785350788437
0.8316756787770262
0.6885548848204647
2.5000362799054554
-0.0401879378056411
-1.0798748070369064
0.8165183556073318
1.3772280464033140
-1.6498260099346542
1.2070111160583672
0.2964468120277081
2.3173876508746862
0.4024956968258608
0.3450428610819249
1.1273156150145967
-1.2160859275880680
-0.4405285867842581
-0.3566629211329512
-0.3752122322945418
1.5484867696964717
0.0044834381550476
1.9201931086711526
0.2537797699029211
0.8770205102577142
-0.2470070935355069
-2.4228480356524993
-0.2309927129612872
0.7263035231619978
-0.8577202167409382
0.1812701528579622
1.0983457620091746
0.0917256607316178
-0.6913011704969471
-0.9288634430320593
0.0806990121243475
-0.1870949681197549
0.7076015985617673
0.4485528732062180
0.3996213858846555
0.5028187128503087
1.2944440196767115
-0.8051749288982125
-0.2248582533103655
-0.9251366052354350
-0.8808269135461071
0.5085944885060687
-0.6895138583361639
0.6533082446916302
0.1816682158949721
0.2810588532692376
-0.2084786560655795
-2.5197086980592172
-0.8435790834310779
-0.2313822679310623
-1.1434054544066159
-0.4038930239631306
-1.1934645965833874
0.8405230282646622
-2.3676154818359438
0.0111796538115021
0.5999814189894075
1.3378304480606711
-0.7807242866783775
0.8496398942005561
-0.4544770327977235
-0.3517918591216402
-1.0443885497075214
0.9602874155768329
1.2070881758224441
-0.8711824989597364
0.4088766591264519
-1.7397960082842261
0.2880254526270623
-0.2046642095611486
-1.0091090459199561
-0.5611609689317527
-1.6558569369338547
-0.8970756349457273
-0.9182140524429769
0.9269711755946681
0.1117518098272383
0.2076281552568763
-0.5831441832474031
2.5638719265926655
1.2201534048448246
-0.8409589542687674
0.3163688234601016
0.8426526352851093
-0.4637331408124259
0.3462632886674273
0.1516235694444122
1.8060607838124085
0.2290196586232525
-0.6088863679805808
-0.9288066813962742
-0.0957130455289673
1.1667115076006056
-1.6528343938447525
-0.3161166789149460
1.9138981795622267
-0.1292032222339569
-0.6322611870291959
1.4115784553300226
0.2618023170235071
1.4939117962539390
0.6044828886646495
0.8306179821190062
-0.6104709152213584
-0.5515159725229793
1.0814786312767319
-0.4519413148685578
1.8861730259671152
0.0279599621043231
-0.3104081031967761
-0.1996008465817706
0.7718172724887964
0.2965943195927929
-1.2752415319353558
1.6636598280885966
0.0564945084378761
-0.3696348067444565
0.6273878310606688
-0.6036631635109093
-1.4033135223962196
1.3750887153124760
0.9093193575704061
-2.3351791655771228
-0.1347179749198662
-0.7723402168970976
-1.4320375354719934
-0.1417077360487706
-0.7599337846049489
-0.6265396964830131
-1.3442187583891052
-0.2642327104134593
0.2141205334532643
0.5683837398425305
0.4742145224076529
-0.3051737172462700
-0.0706842912620760
0.4113025689542258
0.9483822016253376
1.3198218792173455
1.7101259812935137
-2.3449346862188869
-0.4752646153100374
-0.2559255556730056
0.1695009490088407
1.3549945739442830
0.6811772524955715
-1.2551619914632399
-1.1645973214825234
0.8668326443527289
-0.5560640735093251
-0.1896231652032780
1.9405980968173711
2.2523031087241163
-0.2958703409406544
0.4683906545088901
-0.3766039679791814
1.4167987256701524
-1.2649826293962081
0.5104554668449047
0.7849159248792156
0.1364135084553307
0.5910094383288680
1.7944615639069765
-1.4281261878489160
0.9438040772985355
1.0687093254730544
-1.2006401376346620
-0.8683081358133177
0.2118971138297705
1.1209908680870069
1.5368463836352442
-0.6406078503709541
0.7852129745393986
1.9184080514186390
-0.6662816372115171
-1.0296667608431278
0.9764080367490076
0.6776915345935671
0.8133800188954763
1.8696119293912437
-1.9700005534756155
0.5326247761455358
1.4007768070842244
0.9006653337369127
0.5553240751151642
-0.7950689577919520
-0.4123500986522823
1.4991221953025018
0.5839150879166575
-0.8877561663491664
-0.4449878593019367
-1.1806623408075079
-1.0117583750185564
-0.1175194526771402
1.1831304396571960
1.2272088249617357
0.1618288963110726
2.0710283044709481
0.8522496049026512
-1.6659126445270711
-0.9860558916804132
-1.4886250125819285
1.2722476173783299
1.2540112731512392
-0.6761363641499829
-1.3407679961119601
0.4665932734965161
-0.5080985031461416
-0.5369675191111457
0.5540560989229196
-0.1146949091749363
1.5593942704687673
1.3529764489375642
0.8262590905969343
1.0734275791499861
1.7228108229254617
0.1305966166153061
1.2332911149454133
0.9609554670505768
0.3252902074095864
1.6090057560001523
-0.1648396382906454
0.9144434235628240
0.0822726175990175
-1.6617606512267791
0.4949947504888566
-0.7626082023926523
-1.3221975784892281
0.0375733592709240
-0.4924129622180203
0.0387393769636889
-0.1611013890588127
-0.4094151484764733
1.8576392454593427
-0.0643232800805480
0.5808069046463787
1.2907037335696316
-0.4478374679004033
-0.6703055585970881
-0.1941485514916431
-0.0670869786978097
0.3946182696015780
-1.3688297871081456
-0.9823556525381116
0.9828412321140964
1.6073160667010042
-0.2056746644932057
-0.5968640079402121
0.1770891328787521
1.1761631284690104
-0.5668075729365355
1.7690525270781543
-0.4477791987925152
-1.3136852402548784
-1.0888658338416903
-1.5959823252164864
-1.1337283154990152
-0.6456922017483558
1.0842771993599518
-0.1585286270866462
-1.0344676326991618
0.3812406426622641
0.2002295366357681
-0.5371161607969331
0.8832704038550931
0.7875466768694204
-0.3281363830841034
-0.3799919886057844
0.8272142393761208
1.0513996426304952
0.1966511309401123
-0.4487695935090538
0.8297796745047923
0.7897190978508246
0.9016542482991053
0.6525824008988477
0.0280647822298189
0.8886287494805879
1.2546533975896159
0.9395051876507523
1.0668738099032025
1.5886036531470051
0.0095977011920453
-0.0090881403874817
0.9450120386951573
-2.5134026948350443
1.8269590883269233
0.5464171552980973
0.9278565860467836
0.3104558540810538
-0.1833552628725411
0.5663519516726865
-1.8360575687880023
0.1840561579521471
1.7909189153955383
-0.6581536119905086
0.7757199309839461
-0.7093277468042339
-0.9295640443128810
-1.2783055372688132
-0.0754092260638813
1.7489564228330938
0.6532574134808083
-0.8733610096230756
-2.1356732010423394
0.2663384857000634
-1.1960149750557700
0.0082019023579429
-0.4695155435409192
-0.5166467521984329
0.7072350497434203
-0.8063115088916109
-1.2803849607005686
1.4308393185043247
-0.3725712526708836
-0.2097171603026908
-0.2523986820604530
-1.2226339585078396
0.2600382660838088
0.0859247915205061
0.3037086515690426
-0.2604316697789560
0.4772744623575721
-0.0830113261768205
1.4005913400779662
1.0931100201794741
-0.3780115010945808
1.3705008039963651
1.6090084792125434
1.8567539066294876
0.3431154676185189
0.2471659310500508
-1.5541171395537206
0.8796019328466871
2.5074480760332936
-0.4453964191516647
-0.6785838142584489
1.2523086048159253
0.5185988810233770
-1.5417690234582371
0.4492054324788037
-0.4027593615829452
-0.6395315918667785
-0.5002485788146445
0.4257952836171608
-0.7279242941335498
0.5737013219158547
0.2961011291181078
-0.9394648570369089
1.8402491838986494
-1.9529661120119406
2.3018446483238870
-0.3361434887468217
-0.5973992509591897
-0.3717250462857271
-0.8795647081255912
-0.4934205250831763
0.1803927209022161
-1.0258168691836689
-0.5184317118105751
-0.0557979737382399
1.4641349818659362
-0.1514749672210896
-1.3785441485567713
0.9159350723066463
0.5180437516061204
-0.5007165131570421
1.9537942982001659
-0.0210842442984737
-0.4532195156790336
-0.8763039237161043
1.8219620771392302
0.1282095232852709
-0.0039460874377064
-0.1940150478142384
0.7200311799482685
1.3592101968870753
0.1242059858911649
-0.8335752006440980
-0.3162560241126174
-0.5242775057939055
0.1771616270430333
-0.4843963532001875
-1.7370370327533984
0.7603093966117274
-0.1797806596869468
-0.7556804487000857
-0.8911467129680661
1.0530192301256398
0.0153574495363956
-1.4877801146817684
-0.1164065609746070
0.4853057608213329
-0.0146386625688973
0.4023096119849779
1.6413033911717549
0.4657153546482281
-0.0732040930144641
-0.2473446146100709
1.7640821320921183
1.3523535497355113
-0.0150104448061730
-1.3999364066472404
-0.0673166627340367
-0.3352444563321841
-0.8516537177038488
0.4599124582643418
0.9468447910049339
-0.4825496363448905
0.1951289705748135
1.5301750515495869
0.2764362038831784
0.1201399930406460
1.9472487515765182
-1.0159184224533924
-0.1480514222109051
-0.9095166975616820
-0.3418801026660807
-1.8485804969400641
-1.6023708103385668
0.2055935711343438
1.7239681189622393
-1.2172425898078991
-0.7773718805705135
-2.9675268958931618
0.0891841758145271
-0.2592652296292186
-0.4509377774835570
1.5601086431802669
-0.1474471055829792
1.0908254008268419
1.7104136196247353
-0.8587204260478080
-2.0431143048631886
1.9185768553926024
-0.4548090896996058
-1.2532358099966225
-0.7042796814334278
-0.6899523527593105
0.5166257063411352
-0.3402877235374814
0.0658013406896500
-0.6602930506279423
-0.4242539665436868
-0.0011136926472434
0.3012552406503897
-0.2108120216252474
0.9301751277431308
-1.0393101191148704
0.3124121438940221
-0.7207988845554281
0.0536389830946780
0.1871627758129545
-0.0048148572108486
-0.0421849245484056
-1.3252942241305414
-0.8616470113963196
1.0793394494928918
1.6781961280427888
0.8179663441894975
-0.8519132691144866
-0.7942084596783239
-0.0958694149173366
1.2288721835980865
-0.7934539381452540
-1.2680505983750705
1.8204497986106645
0.0266975402914061
-0.4905614219457424
-0.5088327270826348
0.9562209109838962
-1.6463298317213257
-0.9893970112026655
-0.2399080591651732
-0.7355112010072646
-3.3558874940155246
0.3199424891791197
0.7499961098881068
0.3464296754984375
1.2001350759816380
-0.2858880953283451
-0.4597078186160521
1.6979055920794428
-1.3219255664959744
0.4410605262809542
0.6778643791359358
-0.8794527609601943
0.4324490776646687
0.6538114527433379
-1.4994071730673013
0.7251428915343568
-0.3255210525512146
0.3441539322043855
0.6266347597091216
0.4201376707544267
-0.4093202042681067
0.9322551642003817
-1.6032630317374417
-1.2331020598972178
-1.2295836175472379
0.3701549402214595
-1.6210843383029214
-0.9006980561840727
0.4100404191928366
-0.2040100681976372
-0.4276270824635183
-1.4478040179845610
-1.2280648625534787
-1.1398187264594932
-2.0154742744796712
1.4421074590573151
-2.0560039333855120
0.6182103446552639
1.7091470877984816
0.8250518710749318
-0.1518523636244211
1.4063409563626881
-1.8035903725781190
-0.3087173955201021
0.0808288111640987
2.4282761012049030
-0.2828201779374854
0.7000059014157314
0.6282731150517966
-0.6914078032936952
-0.0177399145517886
-2.2862280564063746
0.4119871827057428
0.2945963659599614
-0.5845815503107508
0.0632167315779643
0.1800898672193832
0.5430463950466683
-0.6826516090352674
0.4256514310452701
0.1295741482816891
1.1076956334618340
1.3463664907067914
2.2527970794184360
2.6494499172722268
1.9923625369014526
-0.9932413899167961
1.1274088116013881
0.8683279558028100
-1.5783833940972423
0.9880006164015078
1.0782281300182230
0.2678214600498867
0.7178522687225294
-0.6756718240303767
1.2157213480809419
0.6327918361921873
0.1225998950440988
1.2188579562373996
0.0270908130157387
-1.2785835995836841
0.7365958855415546
0.9551041376473053
0.1029587722922284
-0.5432969069744422
-0.6053431244182277
-0.0262285752792582
-0.4035970737540874
-0.3776571504742977
-0.2965473325489170
-0.0558504923690557
1.2118647132342200
2.0237234902418888
-0.4479717511949334
-0.7073371251461560
1.9127206926360283
2.1925428741885264
0.6979465688027912
-1.0494164690196894
0.0003460337700660
0.2804202295239464
0.4801455507710386
-0.7010313096562263
-1.3518763901473596
0.1682211212651032
2.0977890030734554
-1.1145941625151499
0.1228522708580646
1.4685536258899770
0.4666745693594342
-1.2725210948410286
0.4951117118021987
-0.6338200439891666
0.4134300054524490
-0.2074619468836615
0.5500645105055950
2.0332796514912559
-0.0137422691791893
1.5428596937262640
1.4655507867684967
-0.1493095588385104
-0.4522326403089679
1.3627102681637482
-0.1565636305738469
0.8338850268590364
0.2448650767941844
0.9848821682434483
0.0043419190864560
-1.0338582048178837
0.7360553505507347
-0.1410374662989904
-0.8795778684271395
1.3528174199056207
2.9866267914819047
0.8488494616672403
-1.4800752969595492
0.5406418030527019
-0.3133355365922602
1.4923192969554295
-1.7991037918299364
-0.0891433715601867
0.4431526557339235
-1.8349110785321969
1.0862780536604655
0.3657006094275274
2.2845192052985359
0.5752089873416223
-1.2303539148273761
-0.6951770822347225
-1.0456794266441241
0.3784077052288522
-1.5915837059210332
0.0037090537415222
0.4293266211754472
0.5684310387195399
-1.9951268699859259
-0.7177897644787077
-0.5239604532183993
-0.3544516562645290
-1.9134687746310766
-1.6739598165466962
-1.2808180605236312
1.5722645344248121
0.7346082210578095
0.1313332545828341
1.9290669479678269
1.2511521520562847
-1.0031368376955792
0.1588030015331735
1.0067193674795361
0.6575479945034139
0.9970438902110083
0.4406969122369290
-0.2855176459484079
-0.2523151227341217
-1.2128288016873126
0.4261461651160752
0.0710522040159626
-0.2494424840312235
0.3529345717057610
-0.0434372252140988
-1.1887215930050379
0.8054760850641566
-1.0211813373809377
-0.2537041788708877
1.3332465693853301
0.3132623315269360
-0.2878796088531605
0.2507410419999195
1.3260266456197247
-1.6647514500524450
-0.2762284833978589
-0.9608090107114625
1.5554797158540918
-0.2077006868640496
-0.5616157529732065
3.1430872676498645
-0.3934017486781688
-0.6820104158991790
-0.5402741408624928
-2.4697059906193317
0.1325722994991325
-0.0690625563243960
0.8058103474834388
0.4925730797764597
-0.4564715935269940
-0.8217962608316849
0.1456006913981676
0.8999179140285720
0.7272215845470613
-1.1509041619513956
-0.0050397524967753
-0.1535052735275138
1.0513392670816850
0.0200038093299861
0.1695194498830286
0.6016722961195201
0.9760553792616133
-0.7501065844481115
0.2210605267859983
-0.2341879109978599
-0.3275541875708608
-0.5048216292734382
1.6889422853054827
-0.2479584495621564
-0.4905697750739911
0.4813185229393471
1.7436380812470922
0.0361688128296940
-1.5303148819875829
2.9049476304270554
2.2454169214817394
0.7968473425139944
0.1422166086162080
-0.7221320131298187
-0.4749527517759871
-0.6312690114128114
0.7847196515595579
-1.2199138211157479
1.3437539746358176
2.0718389326874926
1.1442886056760697
-0.2644031279297211
-0.8672820072105736
1.3952443174980935
1.1880231076846413
1.5140422021959146
-1.2799605252565438
0.0993215282845095
1.8817352438657060
0.1391025851494123
0.6646166289469591
-0.3981757994667506
0.2302367827740712
1.8270841562700595
1.3316786217762244
0.3918976794602806
-0.4018400431584728
0.0362476838188183
1.6545116317796134
1.4666604208596186
-0.7095015739764348
-0.6878829573582129
-1.0403781618611958
1.4399616745420873
-0.2777758689983530
-0.6676452959241195
-0.1680530765184504
-0.2490659092698506
-0.1023171612910954
0.1820103174082414
-0.7732468359561308
0.5844292139690465
-1.2775362627662934
0.2887979244016535
0.6673880683485131
-0.7964340627073171
-0.5254685693081328
-0.2170550715292347
-0.3375606222668102
1.3188466294351848
0.3212610985217001
-0.5715983130628670
-0.4647357501705048
1.9107804089083109
0.6369657288836366
0.5693111825345812
-1.9164172568167022
-2.5547171267731996
-0.6500999477675724
2.0727797327538049
1.0515961263599281
1.4155926588203085
-1.5151187596230971
-0.0251767426147820
1.2471320118266913
-0.4235365814125401
1.4649000841638748
-1.2350613026769248
-1.1152085062214796
1.4531344200653429
-0.1789581507182428
0.6753430866635282
-0.2746018571872428
-1.6101574046865137
0.5644641610166302
2.1552615920759366
1.0730300729618507
-0.6811696466349390
-0.5472017968733677
0.3402856259773789
-0.3907085531008149
-0.2801919583135975
-0.8217262307225781
-2.0905845381623798
0.6056660450820472
0.0909209304231811
-0.8476099794545514
-1.0006974139878007
-0.5298489921761302
-0.0853863360073024
1.2344621863098588
0.1523980190215704
0.3457008901321803
2.2671308447727778
-0.4259773347380249
0.9189656818690606
0.3433663545932540
-1.4198978878461987
0.7899243751736205
2.4264329794672745
0.3945697325567915
-1.5389740215779864
-1.2200146660353832
0.7801095729348189
-1.7409359529620649
-0.0052906833203167
-0.4436246504731409
1.9116708614808400
-0.7139480898552694
-0.5455564384731573
0.7563984038529192
-0.5077933955458128
-0.1579543139330148
-1.4790849510815753
-0.5801086570414136
-0.8110810669556615
0.6564875791627437
-1.6078983958850452
-0.0409016242931307
-1.2711268157340276
1.1678134244726461
-0.7870481271041763
-2.3014123060943152
0.0743333607484594
-0.1917453953143383
-0.3762283194079186
1.0184472332504189
0.1421554881113470
2.0247237671646836
0.0908659904505374
-0.7010609927480848
0.3479119257754688
-0.8717549108592858
-0.5864402576035400
0.4393576510436685
-1.0193770367075041
-0.6161494861315663
-1.9628198535939545
-1.4107174485784000
-0.7185522835527250
1.0548469502221975
2.5311662607560024
-0.7584343650868294
-0.7497070073351725
0.2558665042997212
-0.2916184457651531
0.2418755112883978
0.4111875380275626
0.2077531416969461
0.3592785511183428
0.4005772311112743
-0.4708390999838475
-0.4625033102832719
1.9022865221214293
0.0751312336407892
1.4213068928164430
0.9974154455874343
2.1989659321021504
0.3489656290905490
0.6500357595303374
1.0114073933380363
1.1582854722654301
-0.5363457299267066
0.6296502740465255
0.4002776371950533
-0.4860837954723688
-0.2658155466020933
0.2015128459816377
-0.3939968437182882
-0.6888717135559659
1.3299396041763591
-0.3360295382932621
1.2342266779050701
0.6171737848131301
0.8338774895659324
0.3152604118843845
-0.3996827158284492
-1.2163975335193040
-1.0352742348580544
-0.9536674318583577
-1.1309610317792245
1.3187046398189610
1.4478846905587330
0.7971403439989048
-0.6353530024468252
0.1503867559314403
-2.1486803971007324
0.1452403133633024
-0.9568915192423971
-0.3531070436333620
-0.8376869537722252
0.3518746083280095
0.7790434911362768
0.6205280202927145
-0.0966563739808531
-0.6943880783331893
0.3752247631442456
0.1970365536282703
1.8604676560469531
-1.2568357014594063
-1.4693352343992134
-1.4379818943152014
-0.2196979673266255
-0.0432994057335881
0.4832380418108707
1.1668454696129396
0.9403990806550344
-0.6109714667871521
-0.3555275945680043
