3.1521708290883610
3.4543224589614971
-0.7191591582255900
-0.0608309749780738
-2.3139042480386873
0.8670917434442842
-2.3772046012782906
-0.6031687674832487
-4.1250151442166301
2.1642896543886994
1.0099919141340037
0.6024120450115876
-1.7259293124203026
-4.3824277566169476
-7.2350008792418228
0.7501688890298058
8.4589923143544326
2.1659227257412224
-2.2621736543893727
-5.9366564408408227
-1.5077648607137597
0.3055633800364475
-6.7001450896181325
-6.1280710074267661
-0.7039660705093175
-0.7712702469847950
-1.2740218164434989
-3.4133414052063684
-2.0120687693473598
4.9239660475858065
-0.6853838557115705
-4.3095519693106006
-3.8106753001780009
-7.3840344954435970
-0.4199252187537209
-1.7934970955292220
-7.1782189074444744
-5.3089414573058660
-2.8400313818647969
-5.0382380498751616
-0.1177103604084911
-0.3393584212933458
-0.1414172579679524
-3.7661259735152388
1.8429887322723337
0.3470165074818122
-5.3728667953344340
2.0967504084088788
-0.2257637732846329
-2.8841361118056250
-2.6520328402157083
-1.7313701862628501
-0.3626020536457831
-1.5092815981159993
-4.9138007662953536
-0.2890121700650329
-4.9364355746712532
2.5317795277850852
-3.4331111253583675
1.1912623947637917
-7.4044002466213792
-3.7503458327494590
-2.6024688155755471
1.7960363395353460
-3.0304679980143221
-2.8317192612759792
-2.5558701621942062
-4.4887934432982508
-2.4446652741542549
-3.8795004813200786
-5.0122521573124263
4.7884499152205908
1.9955570540212606
-0.1501412627719738
-0.5186265154361954
-0.1444976137454703
-1.6834509622011937
-3.6055769241727074
-1.7947962091380942
-1.3507405748370096
-0.7195911036896809
-5.1772195164637713
-2.1662861620738090
-2.3428207062159756
0.5773815749341038
-2.0778017283335743
-3.1170408283232778
-3.4000717878033404
-5.2382082464374244
-3.8378639284334630
-6.7458636158251970
-6.9147270566469032
-4.5139410110093330
0.3396220250571733
-1.9373159787323155
-2.0003886141223624
-1.3976760556393377
2.4168075963357456
-4.0916231562907051
-3.5487971760751229
-3.5019823995036061
-0.2370050735410129
0.4943771035769239
-1.8173047473964370
-4.8093948088505574
0.2811649657229209
6.4895227432849198
3.4280531058367658
-0.4945830667785873
1.1273734262459547
-2.1054225454293523
1.7965254395260595
0.4195620948657938
2.8891570952448693
-7.7698499525461102
-2.5269178288409848
-2.4555100366506211
0.2078249599359554
6.3113456075629069
0.2711120878506001
-0.4679310811725180
-1.8679877998804142
-0.4619885770421615
-4.9870289509420171
-1.1808706129138080
-1.0698116110728801
0.1375641604242230
-1.0900995763198336
-0.6488067373585384
-2.4992756596782613
-4.9013961772935222
-5.4055346126403299
5.5678363002912414
-5.7057866029405639
-4.4873111721259065
-5.5929715129085036
0.1709627115364862
-7.7100588319384418
5.2641456187083362
-0.5085806882195493
-3.1350071605930738
-1.7477214937983396
-2.4755129941010989
-0.0893140229860086
-0.5629630193374296
-4.4446168630531728
-4.5829769148414607
-0.8730544718149222
-4.9535564022323726
0.1603325300506896
3.2824669329038390
-3.7614452834858558
-3.3242965615238260
-4.0111594278221281
-1.2557027141231314
-1.5734208834027825
-0.6339590500092058
-5.0638561329121750
-0.3094113143866229
-3.6654400316691942
-0.8658094654724151
0.5444027115704813
-1.8982485729295542
1.7828321732700783
-3.7255571513747285
-1.5516246767309230
-0.4522157211466882
-2.1210394681875187
-1.6501834630364349
-0.4334700065463529
-2.0460500002713990
-1.8371814612571267
-4.3386181458351905
0.6007345668927451
-4.6504680961090283
-2.3212263139647624
-2.8106493189611603
-1.6320214069961738
-2.4656640967574610
-6.3230895953266923
-1.1700308030289885
-4.3827925240355343
-5.4137726299391487
-2.1921633825452593
-2.8031938863997214
-1.4921298295456067
-0.1234655414385487
2.2630618117027756
-3.9802981051438051
-6.8645581677260443
2.8649870478244850
0.0397180368387919
-0.3411314410521679
-1.6698451278939428
0.1461718518446876
-0.5740754440007806
3.1266977955485413
-1.6139823997232443
0.1530661341956517
0.3229068340824441
-0.8199064557036695
-2.7244961025114103
0.9794006477779645
0.4830020425783937
-0.6708152329802203
2.0504038825282946
0.2244081311928542
-0.7290715777522024
-3.2319401205517186
-0.4459356304101471
-0.3707174617830087
-6.8820151065503499
0.6816493896850070
1.0056316365104994
3.3032206572324454
-0.7972001872586009
-2.3294614298928766
3.7673024691587740
0.4181096576850966
-0.3125131602849967
-5.7952678601474039
-1.8200507716781000
-1.0173455966546747
-8.1029335163556553
-5.1719449378595357
-0.1157200544584231
3.2971651939153546
-3.2081484104541609
-1.3781162896487309
2.5137806444374142
-2.1268596555071557
-0.9646865619630866
-0.3533282551959001
-3.1324623964372824
0.3067828564941522
0.9948360860959564
-0.6481228881834055
-0.6033304864707395
-2.8241374643789250
2.0170620762481151
-6.5635815118955652
-1.0653739847251615
0.2370721805655751
-4.9698158131970480
-0.8217120192865416
-4.5145689251305585
-3.9307514119243412
-3.6288321317591663
-0.1442333132407348
1.6230174107533391
5.4672922663283945
-0.4479885612679483
-6.8950919480183854
0.4058702879838406
0.0883553503850454
-2.3952937466765021
1.5691067469848585
-5.6942261546785247
-3.6017561484244411
-3.9492257941159292
-0.5069111012351812
0.5319538133309382
2.8325719808140990
-0.9816088269967950
-5.6293791509450966
-3.1801279284871011
-3.8405598397301635
-1.0531411072210415
0.4851334914817220
0.2698418225481649
-4.9811617827395684
0.2345455668690067
-2.7900106015922699
-0.7193306597724178
-0.6400142079858732
-0.7144364227075760
-1.2704001549513946
-3.5405752781331459
-1.4050420791941318
-0.5728593017072602
-1.0530371615973668
-2.3027178229214833
-0.9105850127733240
-1.0189232981767116
-1.2520099869171644
-1.4933608961296334
-3.9752433952471700
-3.2085638177750035
-5.2347319437593631
4.1056894071539221
-1.6014075084933537
5.7561324085780576
-2.4075754209126967
5.1738418129482637
-9.1385655225933196
-4.4834395533336870
-1.7868871967394699
-5.0038916045491026
-2.9965267155116879
-1.0674161294840294
0.2753548334795757
-6.5512292929885501
0.9510093657081724
1.5738753529681042
-2.7887740615212913
-0.3082181583825057
-1.8263243952438386
-3.1446312251948578
-1.5344391580344685
-4.4666676556534464
0.2100710136093932
-3.5466824042693923
-1.4587896197124377
-0.3045646574383692
-0.6271257134863439
-2.2179246795555168
-2.6961844304135778
-0.2374794556895319
-2.6251977803982576
4.5018233965828029
-4.3693438546995873
2.6269194504974105
-0.2788633229998242
-5.1169686469584290
-2.1847655565189625
-2.9005763079085720
-4.6897678094765753
4.8421766564622510
-2.1461820318436167
-1.3179415703419639
-1.6398859748398167
-4.3378041259894218
-1.1615919981432563
6.1009130127328621
3.4068735310761555
-2.7137256190801784
1.1275562185293766
-1.6461094003495251
-2.7403175196559260
4.1360120401569027
-6.2109363444631631
5.4876454405605131
-6.3755687283881155
-0.4742218650519179
0.1321833362588051
3.7560286316065974
-3.0354487218546762
-0.6744522371724418
-4.6100897870166966
-0.6606864505942032
-2.9981573390210814
-1.9641647710600108
-1.3619366594612750
-2.5443399192957692
-2.4100876672479536
-1.0177592727223985
-1.4947513759937563
-2.1284676490076859
-1.2685868167655516
-0.5719746012334206
1.3681064411314561
-0.4935384268023515
-2.5998760113206592
-3.0601231020153179
-2.4671911919353779
-1.3700289984989946
-3.0414681833175852
3.7915827151187216
-2.4147323137892203
-1.0358627203261674
5.1896127405317705
-4.8380325594571714
0.5006192642596463
-2.9962544494684962
-2.2976517576418907
-2.9495509907212543
-1.0545023186620934
-5.4764034337626510
-2.3564064795304227
-0.2950152080963220
-2.4715017559738071
-0.9761039866914669
-4.8641622599317929
4.2015110986183117
-4.0551578617440747
-0.0287340626640267
0.6496913885670468
-4.9583466607265212
-1.5698515479510629
-1.2331281069862530
-5.3173260495037322
-1.0014154620506588
-2.9525122707915656
-7.3410694243602643
-2.7460930016901886
-4.6989326918255108
-2.8514121872757543
3.3942132565335994
6.4262804526552202
3.6836963140017716
-0.0340064294132924
-3.7933308373294468
1.2619427348798993
4.6888471660338711
-1.1795649117137328
-7.3252482472343559
-5.7768049464900750
-4.3161909809349810
-2.0068097700379428
-2.2736059307105978
0.2342158030037972
-0.6122231260182360
-1.6527961995769527
3.5411346264445536
4.1588429457477281
-0.9405465343937770
-4.9303174672909762
-1.8570738876142800
3.0230181983557802
-3.6743455695198715
4.7623381465956953
-1.9288808922823688
-3.3161646114847065
-5.9616131973347262
-2.1224094482699480
-2.0829362559934448
-3.8000929354693116
-0.2624703849061630
-1.5972899703887922
-2.4960318231117853
-0.7525029147005239
0.2023676113083230
-0.7298827570629792
-2.7361832237479802
-2.4086864933619214
-0.4707656253775736
-0.6037607451123382
-3.9101203040880019
-6.3100649721128068
-2.0560588766333048
-6.1698907121572484
-1.3505436823546988
1.5952911697253995
-1.2049453685609930
-2.4919762158656340
-4.3556685549403662
0.9988567913973112
-0.1945917843426041
-5.2829784255053243
1.2297820605416845
-0.5988131184774019
0.2063239596895206
-6.4664322034677175
-3.5514771739465165
-1.4814131864953690
0.3563845749535806
-1.1518733899147853
0.0944672216061054
-1.6839638273256496
-3.6324595734177203
-0.6634778989747024
0.4565750206389735
-0.8023297841958522
-2.3973381339628483
-1.4668274336880502
-1.7198494352190739
-4.1371187691209412
4.4430515178900825
-2.5631469632917261
3.4471928379224752
-1.0689363204422273
-8.6341077430689008
-2.5609493716181966
-1.5644670994975345
4.8300574159261167
-0.2978984256239390
-0.8982572425883889
-4.4423997002317535
-1.3330279771623923
-1.9741682205545787
2.6929459726150999
1.3631063666806125
-0.4540410658165244
0.3230293045928661
-4.3967109852671307
-3.5636498030686994
-3.8408627739797669
-9.3586837498842002
-4.3822482884972498
-2.7323007937829669
0.6729338676144023
-0.9809602851612891
-1.9430540355345727
3.0991754972059482
-0.7560998843521715
-0.3783060280353435
0.9791925058604732
1.0216268147117971
-0.9833262808229025
-0.2867467066660120
-1.7733226339519517
-1.2790378273987564
1.6534247224746328
6.1976737485247577
-3.1598990078123310
-1.7006582166967239
-0.2052078121797961
-2.0983459811599299
-6.0299752635944319
1.4266125720967702
-0.1262857690618430
0.0959318032354837
-3.6263479998674617
-4.1418129188365693
3.4886168250839562
7.8836937118275152
0.6584236097977728
-2.9459823466665447
-0.0251358223658253
-2.2923493139487374
0.7206875932959106
-1.9553790761130938
-3.6766543522868855
-1.2899971757718534
0.7320311258732687
-2.6389498642933096
2.2255066347172665
3.8808708802238998
3.0811252890428196
-3.3948220184044526
1.3379472034883635
3.7741790502255230
-2.3952915515263928
-0.4859579055628693
5.1374625128643006
-2.3551856032177811
-3.7437700636384061
-2.8337788703087199
-4.2161448968569228
1.6690966368292426
8.9450215071670875
0.8449596196834311
3.8071017193478558
-4.4677950508403796
-3.3420795494508915
0.4744555912684016
-2.9465497589207419
-2.5866712093079922
-2.9840195050777969
0.3518496581634089
1.2396830764379383
1.0776865193776750
-1.1013137393445391
0.7429668895375808
-4.0574437714416689
-2.5916119592828353
2.1517638372940842
-4.8993834668646024
3.5326019302190672
-5.0536212143208532
-3.2900037017455142
0.2093540022425722
-3.6415057230739749
-3.6975363967677013
0.9639400648639976
-1.4007018693451336
-3.9550666910463859
-0.4906955913002418
-0.0070260252770231
-1.1150087175659420
0.0649955662641793
-4.1822639793340892
-0.1279392208644818
-5.6604469231632715
3.1507695483414522
-0.5219634688421547
-2.8238129959642659
-0.9053585953072816
-5.5623616095109885
0.1140193080483996
-1.7081694352299135
1.5490632292155322
-2.0286164087527716
1.3227637976356499
4.7351637392705186
4.0798181621325718
-8.4763935001724615
2.4426757718208103
-0.8121052461794108
-2.2106506981561247
-1.0861451867231722
-2.6097481049796425
0.0667594498413714
-1.7416681595358736
-2.7600144860546143
-2.2471127035868865
-1.6983389714516011
-0.0150204340770735
2.5005906161163134
-5.4555841911712557
-0.3869939882656005
0.5453291113343852
-1.9821678920559656
-1.6693656075855003
2.9245508282199939
-2.0885052561603503
0.2420869244552692
0.1075160884363499
-1.7469281600140756
-5.8918032565599345
4.0212872603254217
0.6515873926828595
-2.2684068857508444
-1.2382791498510437
-1.1767101476133728
0.0719187620637436
-1.4353987779829231
-5.8784863628873536
1.9708400365454606
-0.6018561849834859
-5.6710957127899384
-2.3310396071305668
-3.0711248614812678
-3.0796778650270160
-2.8597425114361315
6.1100218399326369
-1.2134131457421133
4.4674602551383762
0.0732853551889464
-1.4204511631486856
-0.0044226060486502
-4.0770876275722401
2.5882089527368208
3.2330214558144723
-2.1753010889874362
-2.1106404873758069
0.6681294663323003
-1.0789489757101953
-1.3694724833725214
-8.9125539324994438
-1.7192902166922168
-1.6028934582391430
-5.5960977405279735
-1.0986993336048327
-1.5631173446647426
-3.9172954333678343
-6.7487761272422162
6.4397287102329086
-3.4293553931958525
-1.1052567892084673
-3.4313200791156215
0.0681051627863082
-7.9859486734990215
-4.2525076553863128
-0.0117868457044888
-1.9127791819942335
0.3425141619048261
-2.2377840812544076
-1.8164681480981615
-2.0322304871501378
1.1914982592271104
-0.9013330069175401
-1.2616199725624047
-2.4755317936802794
-3.1100263328321507
0.8498014298305485
-3.4139598691383313
-4.0107317359513779
-1.9855684588789622
1.6522547633501408
0.3119100001587490
-1.2350684995952457
-3.6602365894099234
2.2124969328217885
-2.5259681184300784
-0.8811602412788716
-3.8091855534214467
-1.6124228139592487
3.8175393671489308
-4.3592394656441167
-1.3172759291452509
-2.6583764206966296
2.9131308149506743
-3.2690046916832576
5.3466601820326733
-0.9704663957331290
0.5323377887035539
0.6535980942027277
-1.9720410344538699
-0.4445893362856385
-0.8519687972457510
-2.5973047181452364
-2.0524249538377681
-0.9036298380051981
0.3769406321767589
-3.0396396846854126
-0.4335152049206554
3.7830705052014926
-0.7289436814783293
1.8090998570333021
3.6408932322942604
-5.3376975806214624
5.0300825099510513
-1.5088626227674595
-5.3076158306039822
-4.0612606484135929
-5.5318580870167766
-1.9836887290077725
0.0406032352333510
-0.3763606788147868
-2.8477644433142419
-2.8550922234489824
-3.5697817864132135
-0.2397746086747302
-4.2606687737685842
-1.6011386500160492
-5.3842638603509947
-2.4501870055966686
-0.4990862447275547
-6.5669919271287602
-1.7148278636897285
-0.3354133722783983
-6.6622053142237574
-0.8174543052498543
0.5778064052691977
-5.5061801517443971
2.4148758908843950
2.4186751699278712
9.0174178321345995
-1.5330152984123209
-4.9284422568093564
-3.8056904962767364
1.9090264136201034
0.1389785522483686
-4.9060528842906965
0.2318093610385966
-3.8896274930712922
2.8541241297932065
2.1770006903094483
-0.9290994366288599
-3.7431669498843019
-0.9532928073382737
-1.3086624990331504
2.6791149942828767
-0.2552423835024447
-9.2480318610500962
6.0451838439888412
-2.1581312510835629
5.6610102990518714
1.3669627409651151
7.4962148715451278
-2.3220903113460047
-1.3323640989963614
0.0467323209756492
-0.7111273039618181
-2.6570246490020262
-2.3554323467909430
0.9675218155157085
-3.3233994508150304
-5.2658600033804079
-1.4009500434869120
-2.1636513977173184
2.1289290527639619
-0.6939302733742345
0.3475955272607504
-2.7402455028670358
-0.7088964232271217
-0.0985707077154944
5.2114802316852042
-0.5728693984515045
-3.5622713068351617
-0.7041464145951445
-0.7047211860773220
-2.1319337322003462
2.9074734127070103
-3.6765407354156299
-1.0045046443062939
-0.9249134429634144
-4.6398345504513729
1.6019508408359959
-1.8867963701234967
-3.2578213113764276
-3.4374121582431201
5.2432873921734560
-0.0987739576664893
-2.4742315200495684
-6.8657637871688015
0.4119742631548443
0.0391539178640720
-4.4178212384522846
-4.8159386640507877
0.4374735116641257
2.4861850564064167
-1.4365505649608896
-2.7293501310243684
-2.3556873189800074
-1.8392879783445502
-1.5645044236843411
-1.3599836852000309
-5.6447087090331669
-0.2929666001185672
-5.7993335143509501
-0.8137429866579604
-1.0716909969045338
0.1653356932548768
-7.8009861587134903
-8.5539843614618789
3.1177524653244011
5.0643242249399627
-1.6468029033888618
-8.0457340155811430
-5.5759504025234214
-0.1251531922921763
-0.6302345045845951
-1.3752492715300206
-0.9009979184769992
-0.4699118018927245
-0.3040347076871381
-0.8837905597972313
-1.5902843781241374
-1.6783893741061788
-6.5835895038517398
-3.5690002527357971
2.8666827657449927
-0.1325177053841496
-4.5039697484870631
-4.2234270287884010
-0.0575918397095800
-0.3940428790688771
-3.7909004925836505
-3.3557770148024288
-2.0190508862224799
-1.8588257005873403
-4.7056940580454629
-2.1197358204707117
1.2640650359105066
-0.8461231396335602
-0.7484857377822821
-0.6294514232458686
7.1448900908778503
0.0749414702470858
0.1979707026737758
-0.3725116295173124
-3.0171092807735365
-1.6921956955958017
2.2599667630305209
-2.7574831513484126
-0.3184078761737064
-1.6125298839276254
-3.5539583847099112
-3.7003655350249125
2.7645991659144893
-2.4874896557449460
-0.8806461822236977
-0.8473155868395289
-1.6381058323263358
-0.9060275597165869
-3.7135984349131519
-1.6730880472079737
0.1858136615925063
-2.2335075608299024
1.5619566709178032
3.7916646932227311
-0.2953026509714101
-1.0384325045645113
-0.3052728573193274
0.1508814108679735
0.6457039030543710
-1.1641260416186849
-2.2205267098204891
-2.9751903570265421
-4.6229962567028604
-1.6976775019125838
-4.9047489346086364
-5.3835462830894523
-2.8030358463895548
-0.6767303897460862
-0.6753891372560207
-2.7928612469190179
0.5925694088024556
-0.8343852062283423
-2.4605944606090207
-2.1590452064558350
-8.0240694484662480
-2.5816537337572019
2.7886716192715575
0.4903896357038519
1.8795128414180164
-1.5542771487743756
-5.3108558688644871
0.3071731855303007
-3.9428486302713721
-2.1203862699724727
1.2889432740256828
-0.6522625333239704
-1.2093149571189674
-1.8541169887058817
-6.1891276338844845
-10.0392737055573580
-2.5157806314756210
1.1545744670808513
3.1640350888370423
0.1651353413628761
-5.0267749105029269
0.6007238280240980
-1.9907316467577170
-0.5323743410729758
5.8343124818728125
-3.2443675918831429
7.0094848479744059
-1.6936077259725077
-2.3308946822638936
-2.9390497669984441
0.2026160922623211
-1.2864912687905792
1.7627598838594900
-2.4601018716991283
1.3118843008894920
1.3631739565086076
2.2338867145302714
-3.7925623176248444
-0.5781835176761400
-4.9387590900564549
-4.9919358425897329
-1.9253200112552735
-2.3417392671705008
-2.3070565857426368
-4.0495344692377850
0.2021987477003705
0.6757011585947862
2.3984377744380345
-4.7926144810191555
-2.8686353075373230
-2.8350864846349277
-2.4080097479466063
-4.7279748374518951
-4.0129633747408011
-1.7361621324526908
0.4939347856128877
-2.3955547393765060
-1.7726121292768338
0.2527426297723328
1.3724227314587947
-4.7995962471794114
-3.9976270845742317
6.9932484602035441
2.6552938170165490
2.5713649839587038
-0.1950442712694027
-6.9069543355833298
-0.6916459817362014
-0.2018310309843697
-3.3264068206130917
-3.5886185157176724
0.5153143495693879
-1.8186149345440648
-0.5497604736431567
-4.3668189635919745
-0.8483324770575849
4.9697910484669130
-0.0858383556697952
2.4303175468376019
-3.6524487293549797
2.4239980485852799
0.1422417436162369
-2.3535751169214882
0.0910144386174441
-0.4811005218940516
-3.3151160518075571
-6.4580381805467262
1.3543019695198459
-2.2195646082541285
-2.0428020895109302
-1.7350306109524616
-4.2292262137593788
2.3734202943712424
3.0651063970034018
-4.2616460801673508
-6.5574941116264132
-0.7871491895342818
-1.3772315062793814
-1.1995530698241759
-1.3449189063267546
0.0658246740421327
-1.9434563278650516
8.3039316483767003
-1.3204344263375425
-3.3286854376053685
-1.6157987727854153
-1.8946306304759779
-3.5490614342341469
0.1688229826560704
-4.5901220635540163
-0.1965044488060356
-1.4199072443358187
-3.3943804319449495
-1.0890208592165527
7.7703077952336015
-2.3806807121652787
-3.5743658410654069
