-7.0087393045043731
-7.7994079231953251
-4.3381012524709979
0.3436476341835868
1.8472076556119921
-1.7258144901900332
-0.3960338789076672
-4.0284054237911313
2.4048129534189746
-4.0473374019259269
-3.0741902436600994
-6.3036676889995373
0.2652083549644312
5.0378490348748057
3.0090049507620873
-0.2135426744172071
-3.2328448539704593
3.1612625372464458
0.3658446871487898
-1.0447908934409746
-2.3543466992365771
-1.5396410077918352
-5.7237083710685042
0.1981974112210737
-2.0084337857969849
2.7640132542644262
0.2954129613117693
-6.9418878873101617
-4.0567977986217345
-6.1363458374125770
3.1543787277784956
-0.7039347741701519
-1.6028703444117418
2.7995754941972959
1.6799103124337360
-0.2055169502851367
-4.8203435124969527
-2.8570031585503117
2.1616898916559362
-0.5907533067529372
-6.1022012108832078
7.5940877578881345
-2.4455240132846452
-2.4059568394166790
-3.1318740691675715
-0.0106032409750228
-1.2526351292544509
0.2251582496948886
0.2294014296511367
-10.4635295891934774
-0.4183263243788907
0.2886768471527877
0.2599191567030696
-6.9390186035097168
-0.5739744839260152
-3.1820391803824366
0.7681711276487191
-2.5505757077475284
6.0073285571355672
1.5581184515584883
-1.5951198931839179
-4.8278320655892015
-2.4607538699106670
-4.4506879377344362
-2.8445064621938800
-3.9910331179208645
-2.4337027910086864
-4.0139568788352040
-6.5703628805077257
-3.0188938946384360
-4.3412619299077679
-2.4304005037344916
-6.2135365369379896
-0.3496141184590008
-2.0187303773374734
-5.1802411796727519
3.0287057247535714
0.7191711734723348
2.7961178686454615
-2.7265761356952045
-1.5797438306820464
0.2709171230143473
-2.8019658413722630
-0.4951103918011276
-0.1127642486631457
-3.0608104083175212
7.7411032891753457
-4.0182754598366834
-0.2809919785938474
-0.8142337485690502
-2.7732352230235677
-3.6463954188891172
-0.9046069830052915
-2.9381242408416535
-1.3249883809827894
-0.7794126384499025
-0.3673449747810476
-0.5574960510070219
-2.8839846653806664
-1.4007069760800201
-0.7040101607266461
-3.4956874382753367
-4.6703145760432809
-4.5219916770973239
-4.1136451567472223
3.1801877004802344
-0.9053396258348837
-0.1687548579134219
-3.9022854627980794
-4.4778238798308285
1.3134851890173449
1.2812284494142880
0.9010922292785749
-3.9224013093378995
4.2302241142255168
2.1572577177893990
-1.9328611291081919
0.2162940715019039
1.2422061487986831
4.9835340746850800
-2.7781031457215777
0.6075379531697294
1.5947783810697858
1.1352226880170715
-5.0938718480371277
-0.8284716801047869
-2.4578312770270676
-2.6287114793537789
-3.6019082109708815
-0.1509086995012990
-8.6944110882430934
-8.1498928865709210
-2.3374337127488998
-5.7082901283395771
-1.8271765726416256
-2.0309512798430269
-3.8051477981236381
-2.9525623144521935
-0.6983104638451754
7.0553188592934308
-1.0992616915709024
2.6179048902320474
2.8152727635966546
0.6569112756224292
-3.3996429149879597
-3.5335983323585558
-4.4411327219729078
-1.3342830401046373
0.2728632299362364
2.5223673923200014
-6.5416490989526954
0.3178151865488419
-0.3591022386684342
-1.8982777852321986
1.2044000586778940
-0.8366532220691947
-1.9932995357707872
-4.8624949469475842
-3.4830454990206281
1.6439244355356759
-3.5610210148674128
0.8456626268789234
0.0726585458069944
-2.3175719851343768
-1.0936502358120144
-1.5387806733739944
-3.7900486400035311
-4.0755733557737743
-3.4770690661451309
-2.3553277652590925
-2.2069402927431727
-0.2394569261714904
-1.5574209340022165
-0.4486836699624588
-2.0446534031336907
-3.6406431548927549
0.2056935706168460
-2.1030765580369599
-4.8898114405118127
0.1344079036482911
6.7373700682899855
1.3875663651761960
-1.3693482396538859
-0.4925619580222693
-0.1412034371360674
-1.4102293688881820
-2.4843116833380332
-3.4807849152289947
-0.6656666162459667
-0.0634762016143103
-3.9735202739639810
3.6798413918635058
-0.2842188379687890
-1.8125847594317059
-0.8177594422067441
-1.1834444165963696
-3.0362191902561637
-3.5907214871545023
-3.3918659436448277
-2.0230146635639623
-5.2007195374262549
-5.1588768635835347
1.7954637867962171
-9.7723179658922934
0.1822162621191615
-4.3114404582461976
-1.0442183358399877
4.3252222433279544
-0.7454202040888326
-3.6021452205666984
-1.7238325054551291
-3.5673174744844633
-3.3671075803487280
-0.1772485305232118
-0.7913189808947542
-0.0639586009975472
2.2590282140423246
-3.7842171660436024
-3.1693412783360411
0.5635786765661351
-2.9896508485555673
-2.3121644280780584
1.6531591514051405
-1.3409577369230197
3.4225975874925929
0.3094065467217526
0.6118674427852918
-0.2317604829790974
1.4901917194812830
-0.0889504921119708
-5.5901727731535242
-3.8416586088172981
2.2348047261532171
0.8805250580676541
0.4246453199344026
0.3552717473530739
-4.0522177150291290
-0.9495481089985439
2.3308605927201618
-5.1127211105073593
-0.3781439762437006
-1.6690709074111303
-0.8191828637364287
-4.4578013581110056
-4.4152694941368980
-0.0028601143770232
-1.1397973191392945
0.1367476219071762
-0.3094837853062750
-5.2998077863988158
1.1763581380364487
-0.3069552568598534
0.8226155776536812
-1.5240309182915763
0.3705934122059291
-1.2542121749627553
-4.6135404446765547
-1.7421746787582406
-2.4523100588541058
-2.8676013661318480
-1.8948008236749398
-1.2828591227103054
0.8851526574799762
-2.3072805140751780
0.9227996827675217
-2.7565946437010669
2.0912476835593696
-0.2246673384656309
-0.4345233688719065
-2.0935046917723446
-6.8434144265989234
-2.2428194030132369
-0.9614822519892384
-2.7594452944633732
-1.9197510425632713
0.0148275622135768
3.9173795654861499
-3.8508942432921893
0.4017150100518503
-0.0443590370842200
-1.2938797221480434
0.3339634532822952
1.9405470038136392
-4.4652678776521322
-1.9337653009307307
-3.7903604269385549
5.4058771924482345
-1.2938897508490013
-2.2186317175164447
-2.9151301440112296
-4.3425496914309605
0.7773332266390317
-2.4364904660168634
-4.1489785995489967
0.3925645612967384
-2.5654618972397425
2.8732777607280111
-6.8764484086763940
-0.0075968069043107
-3.9716853501061600
2.0792133046961729
0.6718950783418621
3.6393608521878771
-7.1715352546091617
-3.4372984043808232
-1.6372077136284218
-5.5006677719373052
0.8990707156446875
1.5491510808178364
0.2148462441458427
-2.9644090875101590
3.0192696670298482
-4.6311716407471195
-0.3621329786126618
1.2405508711461655
-0.0732948910406408
-3.2449119626811296
2.1163361904368694
-2.8866377174572522
-5.2044335157004999
-4.5777543958976983
-0.4644370629726315
0.5021591604771186
-1.7974394101819715
-0.9192745278380898
0.4752806474534128
-7.2975349678498560
2.5504554652499700
-0.9232538995584210
-2.4394648938977741
-2.9755856831020293
-0.8596985597986223
0.4959371013577272
-0.8517766685636361
-3.4714123896540738
-1.3681134064685230
-0.2666696798131782
-2.0862422678879193
-2.0699015965620520
-3.8546608763680097
-0.0537208409523658
-2.7065813683590156
-4.9380053880109518
3.1459370986434134
-5.1924897726727250
2.6926778044516735
-0.5212283641797938
0.3533897650271815
1.9062130800589858
-1.1390801013918290
1.1023280644384967
0.6617929075436094
-0.8012137002026022
-2.2566594810773233
2.9964430708818388
-1.7889909910586319
1.7939366813791422
-1.1069323082096170
7.4079315814439699
1.6176546673813235
1.0803680336299342
-0.0913752431088360
-1.7650382591451110
4.4545388132276171
-4.3278586483619339
0.0961123038004835
-4.8061762753030468
-0.3340120195992557
-0.5189618571307525
0.9172929123400334
-2.2178228303207908
0.0317298869438862
-3.3284165731464208
-3.3763672345026103
-3.2467585809369806
-3.0082116085863291
0.4189246653327408
-0.5378966365254858
0.1161445892306361
-0.2083098671261041
0.4708825159632963
-2.4229807357709716
-3.3019572305179681
-2.5362258063642344
-3.2752820981108508
1.1923908561307079
3.3370519628182183
-0.9563536101203618
-2.2601277383845644
-3.0512325945298207
1.2917499441017610
-2.1717432416566242
6.8651700941805789
-3.2539664357884188
-2.4916952778292036
2.7856428051001942
-0.6656859223106533
-3.4839494276345602
-5.9677519524974025
-3.9416058533428742
3.9241280486784627
-3.2121066581275328
0.4273353970748305
-4.3581099458747712
0.0505253483753605
-0.0319527846524587
-1.0508052740119942
1.4341536598996356
-0.6003770991066107
0.7448830189864345
-4.5161993605331903
-2.9413681813423480
-0.7175541509626645
-0.0382378645643988
-3.1214033158963788
-4.6213209585338699
-2.2634207861278313
-2.5328124787040367
-0.2832236375384860
-3.4901311562860831
0.7050905473539953
-4.0042917071115074
-2.6179619936041658
-4.0038055167934594
-0.4976899913298528
-2.3499063427560754
-0.7509315375736751
-0.1141268237295954
-2.9371903127329109
1.3938899643671638
-2.5017437743553588
2.0512158786455217
-5.1259134931652328
4.2187284386569317
-1.7737211967873743
-2.2031795873081994
-5.5138175685006550
-6.5931292715385768
-1.9402241528046347
-0.1282471075998220
3.1550426108776759
1.6404582054719241
1.0419605401160243
1.8163138171920996
-1.8005847574352991
-1.1309063976808091
3.9325648027787072
-0.3798146748603799
-1.9262125264579699
6.6992257398075665
0.1917680531106602
-4.0547280618059567
-3.0983489606744627
-1.0247092829641058
5.4701183289100426
-2.7581333629982745
-2.2269744281869044
0.2002123353221454
4.0800936193151154
-5.7843140039521677
2.8020021494203813
-0.1333260034280719
-2.1867309584630852
2.1085040849432435
-0.7132078652641337
-1.0621770157455466
-1.5028933480431486
-4.9882840631105045
-3.3114810883695402
-0.0445612522985897
-0.7825710384551644
-4.5931599540935641
-2.4919478376556672
-2.8654197658738916
0.9794528752780827
-1.7981330544458525
-0.8692343123961641
-2.3592931987120669
-0.2505085803328622
0.4886888552047502
-5.8012514185639024
-3.2556383979984487
-0.8598513096875751
0.3878000519935505
-1.7362638107364867
-0.7434063439788758
1.5984991460824869
5.9256078195910575
-0.8291707837438427
-4.5585742857638234
4.3599710327627328
1.1468234236370365
0.2327505835243025
0.5497006768322211
-1.1986994338588639
3.2954378995134173
-2.8336540102251684
-4.1487521091317108
-1.3954017986524665
-0.4613011681462805
-2.0544218401506043
-1.5289094068738494
-0.9122375129336204
-1.2011866751334335
-2.0367223367617551
-0.7842714043307781
-0.5166271715191750
4.5573448734078807
-0.1709952436066347
-2.2733257034405190
0.2957554319321422
-1.7592680213807117
5.5239968006064704
-4.9539591547475572
-2.3681640117640090
1.3374985780927557
-3.2222727922288619
0.0801602611328487
-0.1828729127273318
-2.3014999449541418
-3.8940270744152086
-4.1617509009786513
0.0400157812741862
-5.4027879395749245
-0.1272404254100239
-4.3545361660074517
-1.4148001395614784
2.6994849503074025
-6.6198633141627328
-6.7935516917931746
-0.4633967070731491
0.3360650109681232
-2.9782648415392985
-0.7056940296753328
1.9064818975018247
-3.0185229990881242
-0.5435087856625278
-2.6460849988557231
-0.5346328410745758
0.1802080017392819
-0.3390751139089895
6.0800454521488758
-1.6106878424697526
-3.2023255577352110
-1.0801693395557068
6.1785681391657681
-3.1836525111516720
-2.6283079865440517
-2.0555277075925091
-1.5356805679269998
-5.8134952461877187
3.8902632599295561
-2.9162150059259484
-4.3797413617462846
-0.6444544702594951
-2.7106658394592960
-5.1894565406676394
0.9338205324661295
4.3919084189823501
0.5099259566293580
1.8978559851995731
-4.7930740152177398
-2.8790857659479401
0.2053745291333451
-3.8044104216756840
-0.8067388174369509
-3.9319431417466189
3.1482752654151356
-2.4245969664396623
-2.1707722863634693
-4.6155054985979973
-3.4278405065666484
-2.8615492699375178
-2.3477743157731026
-2.8344251786902461
-1.2724940749402847
-0.4663483046878142
-1.4846035279359475
-0.5309139516946053
-2.3902328488404563
-2.3290527986981480
-0.5761551479391562
3.5418744390307566
-0.8050899767959364
-7.8562663551079561
-2.4859381423445446
0.0067340995458874
-3.3117076255335953
-2.6146532311496844
6.0638676176112991
-1.2153325241264792
-1.0693398503637699
-0.5916435476152705
-2.9137288398471175
-1.4783127790147192
-0.5280474273007952
3.1411105186673356
-4.9641558741510918
5.6723374791611016
0.1428643533135450
-3.1623475189800256
0.4701506451122598
-3.0549314252594195
-0.1060249785520593
-6.7877591722485588
-4.3386480328858843
-0.5742206420480209
1.4125957177759296
-1.9603517578379608
-1.8015205721920500
2.8254307109240853
-1.0042345644345325
2.8801053730707040
-4.3601469628065876
-0.7141229519272758
-3.8372874348632569
-1.1857404886740830
-0.2570630921478472
-5.7570986696901594
4.4788460911064147
0.5095236837604360
-0.0453073513005770
-0.1372489832749554
-1.9305852627072211
0.3185156884600187
-2.6372234382488227
-0.5571113337779160
-2.9897123529473211
-4.8165824270198447
-3.6088340002481627
0.2727108432886043
-5.0239804081038537
-2.2659071475310730
-1.2378190183405133
-2.7362129690666994
-1.8323989011027888
-1.8019325523734342
-4.8203469637019216
-1.8667532886767568
2.8867677185954426
-1.2245813592247639
-1.1473277021019850
-0.4289237267864518
-3.7903224382134573
-4.6565857631781418
-1.9302793671131826
-2.6079684562596497
-2.3733833932535635
-3.9074101810809716
-1.9773465999590820
0.1599889141874003
-2.0494558085192836
2.7777601817077060
-0.0401129492943501
-2.5199510623523218
-0.2007685801385632
-1.1249457521442752
-0.4829127463711022
1.8407748567322266
-3.7064814535197157
-2.3611599065383428
-1.6113883342838908
-3.8110651274844662
-2.6844637343065951
-2.3255777026057824
2.6043286104187642
-2.6007082287396783
4.1752152603369677
0.8725329751938592
-1.0625643954927169
-0.9991718858009855
-5.9076702386969009
1.3999767398813137
-4.2005668142287043
-1.3843367594625198
-0.5707520631649118
-2.5311975926629406
-4.1236208113108015
-1.6383491907312056
-0.3171961325312798
0.1440877201285245
5.3368343055171117
-0.5046225177062543
-2.9121656875019251
-0.6677907511587310
-1.6889135164543225
-2.1469476105315364
-0.0490872096968025
-0.3855564311469609
-0.5175921473804462
0.2957532993937335
-0.6093192693174642
-0.2553085855311122
-4.3692768251284999
-1.1939332943004464
-4.8369170141920721
-5.0247713044267517
-1.6451170551543699
-2.4290578835553664
-1.7883963187403904
-0.9582889034937534
-4.9119435764140382
-3.4103537580067873
-2.0420987752537445
-1.3014985943149002
-4.8651603576186533
-3.3650478591788939
-2.7019791275200604
-3.7501718154819481
4.8037191130383921
-0.8850346001717482
-1.5943671717314916
-4.3998106562746138
-1.1735706878400245
-7.0024987615356373
-2.8158299999782792
-2.2120837708728951
-2.5652544645800193
-0.3294933909814578
-1.3070832871238747
5.0610332769215853
-1.2465869487948984
0.8826223909637394
-2.4813104866919797
0.9205243951041560
-0.2830409615685886
0.9297449010297035
-2.5021068069856591
-2.0516879063061770
-10.9557247431645148
-0.5464419231789388
-1.6179040753722767
-0.6194472625324884
-1.1322701659965781
-1.3474949357092196
2.6655658775544020
-0.4943614107639205
4.2821751407856796
-3.4572003003978944
-1.4014779151716299
-1.0822997658803222
-3.5322661152840338
-7.5549260216272858
0.2806548867678693
-2.4044287967143778
-0.7076202976587662
-0.7472182896756241
-1.1186374438310729
0.6886840929439297
0.0796681347527841
0.3589646745141524
-2.0303808412935607
-4.1688316563986927
-1.3812112377529657
0.0095972603940496
0.4242454128804312
-4.1975631278701178
-5.0637319562205834
-0.8680640644675837
-1.2135468405944116
-6.3555481750606493
-2.2987697876133941
-3.9146363986979429
-3.8153788117068603
-1.9246063591378784
-7.2814567218266024
3.6973368112237468
-2.9370094253375485
-0.2447019374281818
-0.0973328733352041
-5.1455451120332860
3.0546696911750519
0.0912434368703537
1.9484126211906116
1.1007473778485251
-2.6545839845300709
-1.6583606941025779
-1.1895263654652048
-3.2793876303580918
0.0913567125979099
-2.9641789740504221
-0.9769924954579743
-2.3111482604873479
0.3641026403825449
-2.8984636881214918
-0.5873801746145703
-4.7789652485537193
-0.2459446606665825
-3.0051666616751809
0.3237428930960800
2.3092284792051276
-3.6899866423322174
-1.6246494594667971
0.1668482178744402
-2.8665404806204520
-4.5942182855764582
-1.9323238794827660
3.6650909688953495
-5.3372358019569823
4.7282439910276830
0.6496771640807976
-6.2914871145157765
-2.1909760859351866
-1.3050909788519147
4.2662039717843019
-0.8114928830588088
2.2384855014795346
-4.0564700505221651
-3.6422031327532007
-0.3967282740220723
2.6402496028898170
0.1993562472790168
4.5561733089851275
1.2430119011309242
0.1123214478849338
0.0138667673612016
2.9240867279436253
0.0208932232362523
1.8332735416203310
2.0586872965849268
-0.4643637150137145
-1.2626031417698189
-0.0751263423477610
1.6173028351039538
-2.4185877380888434
-4.1467837457492074
-3.1381441355158723
0.1827150044116716
-0.4116649545345603
-4.2307600914669496
0.6811132010974893
-3.5427527961718965
-0.2454090294377256
-6.8476081511877105
-2.5303602742868323
-0.0585908569458044
-0.2936460658517942
-2.8326493786590907
2.4127366158899943
-3.8283338965459066
-2.0970769243863634
-4.8077446244047337
-6.0122619685090353
0.1207266571220520
0.6111593930684955
-4.8984980714797040
4.2490462299752902
-2.6516403325122240
0.8359745734491292
-0.2259449363140264
-0.5699878711153372
0.1546940738049028
-4.9701596150321272
-3.8188673777263586
-2.5929384220630829
4.1832659908606216
-0.3447017678525971
-3.5802189639810766
-1.0973633219410277
9.3350157972998833
-1.9961219739231355
0.4635980555665539
-2.9005119462822337
-1.8287835722027170
4.2202321177676234
1.4723266991166002
-2.2047047911633051
-1.3680111773466468
2.4102286760936829
-2.4077780094965684
-2.0792952247610588
-3.6576727198565555
-0.4017216772612356
-1.2089334730489687
-3.2969031671800897
-1.4331417015658441
-5.7697330553600361
-0.9224797974122493
-3.7339747158207928
-1.6262178062572785
-2.2920918389104830
-10.1049779432379410
-1.9363183362135108
-6.1862782687391338
-3.0842894257114639
-0.6568099845929420
-0.0916349990673048
-3.9146297687993439
-3.9864365376616298
2.2340872323218202
-1.4794819160620301
-0.7609912617536798
-5.5748976967378328
-0.5029553798562807
-3.8220545720294958
-6.9945566912453030
4.8585255275375463
-1.3553450566417442
-1.1008944680256616
1.5393383168305028
0.1143580039762443
-5.4295532966839248
-1.7312825210214224
-1.8143813953727854
-0.4343673566768995
-5.8464923487353992
0.5402249584919949
-1.3803751799978266
1.7832837181721124
-0.3631478554856288
0.2253926421582141
1.0851739768457991
-1.5709518242390554
0.3264228512231063
1.2069294584149506
0.3413055917749936
-0.3296797849800028
1.6411633336948428
4.1616308564371876
-2.2688249158068015
3.9360385434659779
-1.5332135227920785
-1.1791882885332938
-2.5052843443148975
-1.2493605769772393
-2.4925001789277181
-1.1371643220336762
1.5813703281940503
-4.1268185573571916
2.1639453019091128
3.9994879686927027
-1.6245636689079410
1.9648709186829445
-0.7846407958352442
-3.0524074905206162
-2.5000908691831971
-4.8405461252960666
1.0111260532020889
-0.6439915814025724
2.5673936148402370
1.7426144337855027
-5.4079689809737435
-6.7116974295115295
-5.3817491843689025
4.0116596887050031
-0.2650427806768238
5.3908506937683134
2.8203952849953855
-1.1475749585807131
-1.9950796872350747
0.8552684384947871
-4.3505126459141161
0.6515357479702275
-1.9585539335308251
-0.0250003268424818
-3.9003703927117983
-1.2205677340702064
-1.3249967423263092
-2.7699093353660524
0.6253652525293523
-4.4965980247243813
1.8680161223181051
1.4330929806470740
4.3235425078873497
0.3148614980347059
-0.2684152427619294
-1.4022639557757046
-5.8306061097013666
-2.5228856179219488
-1.7351114986709302
-5.7245888330488448
-2.4868913450576113
-0.5737370814002621
-0.9467227349503314
2.2816209480360943
0.3031933072903373
-2.3890436536726458
-1.4160513935209909
-3.1082557613039659
-0.0012479231709916
-3.2157899714844715
-3.4518122187941618
-2.2486904183880565
-1.0331522978064385
-3.4732503430300956
-2.1566457693333789
-2.1762278575841911
-0.5389315082497081
-6.0949994420454754
1.4837159597033003
3.5933972740938578
-4.5781044577544039
-1.2889921661085666
-2.8660172162337001
-1.5319489275360278
1.2843837712310262
0.0081427934704362
-2.6717858527056157
4.7894373380273088
-2.8484829563639154
