0.7629377504023228
-1.3305291951729667
-4.9413789916161797
-5.4192305419077105
-2.7144178959141509
-3.1687834531940533
-1.0518123148922263
-2.8379919879196094
-0.8663884858841359
-4.1633571034258230
-5.5401467900614980
-4.8971570502519137
-5.6659501521407947
0.4217112440593426
-1.1026152158296036
-1.2558226154024794
1.5116409260304720
-1.6229347834744392
-4.2091929856841226
-0.8286737911293302
-2.3447730370459587
1.3673672671073860
-3.1569635514614429
-2.8735490151970922
-3.6411582860908012
-0.0807899946111262
0.0501693711679480
-1.2353734969020957
-1.4005452394906854
-0.6253350815115176
-2.3490869476781739
-1.7264034526754912
-5.3301556951875160
2.3661158513271947
-4.3370597268827122
-3.5529963637057391
4.8459470096892439
0.0638090315760365
-2.4361438947781577
-0.4166491643911069
-6.6349861461804345
-3.2931156746159793
-0.5945815989968715
-0.2586964918252523
1.1245842697302297
0.1064422364082187
-0.0184357703898170
-1.4190034573063433
-1.6920577637286967
1.8662345443266275
-0.9682107340551870
-4.2014060659352284
3.2913928909811694
0.8076441138207276
0.0623825110353703
-1.0361835572745459
-5.0489421458656158
-0.9932117331984589
-2.6590642328927410
2.8356472924481562
-4.6150083342189507
0.1163698036824947
-1.7950947526047250
-2.5069195680948564
-4.2820553313896017
0.2031790447442574
-4.7147164535723425
-2.6138567508195476
4.0859107057205417
-3.3004375117920755
0.2664273347351983
-2.4170516179833417
-2.1368222152015433
1.2769555352902866
-5.5436672701679219
-3.4693770311628347
-2.4879964549554296
-4.1828473629568510
-1.8113901416128624
-0.0468571438707384
-3.8256877264818723
-0.6151413094552640
0.1372157155469706
-2.1127232730202614
-0.3527901456296508
-2.9299954729383284
-3.6570925408818167
-3.5726876001711987
-2.5453916728400423
-3.5520737657829744
-0.1802081761798570
2.1294315383883853
-0.5637925146180832
4.3068650388777341
-3.0923191113934050
0.5583089366580479
-1.2873924602121947
-2.8965263764845282
-0.7637682669024543
-2.8107020195542072
1.7825126630246426
-0.5294006287006044
-3.0908257774025838
1.9960732594080319
-1.7970239983814038
-1.9847680312768432
-2.5142680945873983
-2.7573635621093011
-2.4726966719945196
-2.6417666689123802
-0.8705080992999908
-0.2309822155337007
10.1732937769313772
-5.2722930216640886
0.8047188065416332
-3.8038992274786438
0.5730575536293931
-0.8428880661555496
-4.3183481164811965
-3.5147918492682964
0.4857923508951218
7.2938324704703046
-3.3199652714688197
-0.2120835075689934
-2.7326026832910131
-3.2816398321162237
-4.4746830102834423
0.1915353025828259
-3.1492120789354736
0.6977290402906755
-1.9272371154532888
1.7967148690985622
-5.9517610517382415
-0.8791744574681539
-0.6749889367569136
-0.7445313560871877
-0.6370965047168324
1.6572080437282217
-0.6336030626166040
4.7513781896027005
-0.5814156249940597
-2.0046468655759431
2.4640635350024520
-1.5485187721857232
1.7565244264240238
1.0115030675506522
-2.6146046723991079
-6.4841516501653684
0.4128089205230139
4.0383675465644950
0.8363672095266610
1.1530099246884458
-2.6695956921510979
-2.2439840560487210
-7.2874202565017692
-3.1682093205626805
-0.9460575661659933
-1.7646171546081952
-1.2208438791322112
-4.7645815817016475
-2.1873008350664818
4.0314481104489808
-3.0777754190163304
2.9698979463114408
-2.0562095205176285
1.7436120657684300
-0.7481867998374081
-4.8336611593305161
-6.0308162333806665
2.7319593866393803
-0.4670281506676214
-2.1401147962877722
-10.4993564349426123
7.1136558001582966
3.9665784663522885
-1.0050138626251026
-1.3468815019438622
-0.1395177935731334
-0.2803623597416144
0.4651140284311693
-0.2797576811823217
-4.8655269261715262
3.7903246686660079
-2.7917016186190802
-3.2447565356414740
3.7952109031108314
0.1120223442506398
-0.3105488349641546
0.4034960633990999
-5.3556894076595603
2.2269360878818545
0.9402034076534475
-2.7380393695889191
-3.0709250255945477
4.3648574480956830
-0.0720792183809450
8.2825496258712512
-4.5868579105736771
2.3763076050968244
-0.1608842585963904
0.0816509956190989
-0.3289203075011455
-1.0763776248082599
-0.7634341857403667
-2.5536565122492738
-0.1852418342804949
-1.8025557045246858
-4.3117732083696394
2.2481325857295937
1.0027509666129091
2.1506057188584893
-1.3033970423962919
0.1600582375381423
-3.3292632657546330
-2.2036593501441657
-1.5062963721597382
-1.3508033778552031
0.8747356181219809
4.0590799943271838
-2.8781797676199750
0.1516876790420285
-1.0326198866111518
-1.3804098238579094
-6.9785341826574090
-3.7736893784706105
-4.0115324628116289
0.9635077588004927
5.6171497324222255
-5.5818532648570027
-7.6638689787542038
1.1508604993286458
-4.1167124808588866
-2.1255183895884016
-1.2269232736146984
-6.8407673386348158
-0.0528197429682944
0.6812002612717026
2.8388474967269715
-2.2562113979282592
0.6139755140464267
-1.5586839230848015
1.6143358458515928
-3.3727430506248699
2.1351296172468928
-0.8354875256946878
-3.3222983333679554
-2.1832786645608073
6.3294730374423498
0.1047694723393426
1.7169389544670193
0.0045934205778406
-2.4038400147933880
-1.0109638809705956
0.0566057785864258
-4.4191060377930382
-1.6454269825807568
1.7995470563157316
-9.0197968185660873
-7.1507402882719830
0.8484203974771898
5.0007942131726253
-7.3905275630063283
-4.0655382037095409
-2.4254977507822004
-3.1989734376726418
3.6515450097557860
-2.9013920042390686
-3.6389697706329178
1.8591937334183379
0.2746628138066914
-6.6041146248330715
-6.4709080261528173
-5.7425905370006198
2.3744192313453714
-0.3093340776548627
0.4899544702889952
-3.6528838002219466
0.5189725668279791
6.3048961915635546
0.2794378959443151
0.0658416531866155
0.0120738890224028
-2.3805014132766589
-1.3808607817213141
-1.9335640493456565
-0.7080194921616667
-0.1980631151885042
1.1096068172782334
-0.7029880688742675
-2.2254899198501987
-2.0717142451013486
-0.2417820860801161
-0.7250200960784883
0.3736416231323968
-6.1415370545192118
-2.7212105499693937
-1.4554144880817856
-4.0677723182435903
-7.6125304896742225
-0.4904377462974692
-4.8230572282829902
0.3068301831837478
-1.9926835285688547
-0.1936902282587425
-1.8815939959904262
2.3126547469769680
-3.4408703300607608
-2.3952166650137348
-2.2181332738232231
-1.2807298292558746
-2.3625418629020083
-2.5078595086322744
0.1200276245062165
-3.5762696322617589
-3.8793225577113102
-1.6537882578378797
3.1671493307225340
-0.5550454740864219
-4.8435402112170642
-1.7400401978585029
-0.3843888557558947
0.5892715756912039
-1.2046061573715086
-0.3315528666162115
-0.4268404626632537
-3.4660651457721716
-0.0237517823021430
-1.0796414130202940
-1.4780644558332687
-2.3458068890079038
1.0064058036569099
1.2026395946155339
-1.1160317937957736
-3.4034079496253398
-0.1340127559279966
-1.1973413448463728
-5.3895855678935991
-4.3115042581037013
0.1261669011736963
1.4695370741580673
-1.1518104533856046
-0.3312979485078392
-7.2986059356745852
-3.6200348988929218
-2.4847924444588410
-1.1653976293995447
-0.1271065367448883
-0.3934321666444963
0.0486999871454179
5.6930534681223701
2.0922099438119948
0.9201987715455974
4.0897546531262492
-3.6907188214477973
2.3165026917379214
-2.8364601636564699
-0.6678499542213653
-1.9865046298073705
2.5248394975271666
3.9676594165112191
-1.4196143764405953
-0.1651097729661469
0.0248476568948549
-1.4039680512138542
-4.2292562086417309
-3.9254271779413079
-3.1547727630151656
6.1207947052926075
0.4374031040728908
-2.3029655568475325
-3.6196156945122167
-2.2448627874441796
-1.5491106188879153
7.9770915348686033
-5.7992803661079311
1.7413918410230016
-0.7656234673794343
-0.9340835317165388
4.0281482500233263
-6.5530854547712432
0.4159983417139870
-6.3540484533749915
-0.4814388284705555
-1.3004930413104336
-4.8597166432103336
-4.2731991409961472
-1.0885608757003693
-6.2444261956763443
-0.0454805967996655
-1.5694620901251370
-2.0111946787335722
-3.4829321000806193
-3.6901904668846921
-3.8945344092240104
-1.1612240341517157
-2.0110339088286540
0.0784887167644301
0.4674193033822076
-1.3658822930091958
-0.2308380971356703
-2.8667035861523189
-3.0689195790401174
-2.3010928805418875
-2.1435296058888706
-2.5068797244215886
-3.7216505686990611
4.9451566147529551
1.7076198463913044
-3.0750403828932908
-4.9498792717220557
7.7616317485871908
0.3106441237248821
-0.9324316475403323
0.3151201370431108
4.5350325720972409
-4.4125064803919365
0.6801286887357155
-3.2884325130077290
-2.5220801187292485
-2.8521082514222504
-4.5403298897235702
-2.4123553446974921
0.7412519934667264
1.0179854980056324
0.0910516275532559
1.6071640383240586
4.3808916029025502
-1.0513613453612070
-4.8056792376189348
-0.9329499191321855
-2.0874008200156720
-5.6682462211318674
-2.9926046877140720
5.2464726343928003
-1.1861086718761602
-1.3399996702130601
-2.5270188435343095
-1.9750904773335460
-1.9453994939481345
-0.2994783237644127
-4.5125583375903204
-0.2729705851886981
-3.4159160643867374
-2.0918958868386750
1.2366308794470737
-0.3523195727249185
-0.2252202875297628
3.9382381226168399
-2.5757260876155712
-6.2486677574665324
-0.8795154131978673
2.7278381480625402
-2.7240633441226629
3.6852081822319600
-1.5902082962388109
-0.2801247754012139
-6.8716652680496733
2.7148457592018658
-0.8616826323309974
-1.0244866724224539
-0.2940221465293021
-1.0344261721473109
-1.1930466661951336
4.7993341697372713
-8.5724707199435919
-0.5292381838037472
-2.8072352220428201
3.4275826293646023
-3.0416263364391147
-0.7543444190009073
-1.0834014651409809
-0.3932812150460276
-2.7372602111340201
-1.1790560662920504
3.1619129664989796
-1.6270291024820560
-0.6650334340497592
0.3722460839784512
-1.1809098628162142
0.9791542725181192
-1.0880601564524766
1.8281172012576361
2.5058852728176140
-0.2884049995729562
-1.3914349030041469
-2.0738961973308907
-2.9259536402763540
-1.5570624736794161
-5.0599872313970691
-2.1689588631011119
-1.1129545379365038
-4.3140086637828627
1.0412766973411665
-5.5612885199273387
0.2759244984368229
1.7104178685682296
2.9251492895092857
-2.3900297726910589
-6.2858683544869498
-8.3600165294252164
-1.8142976789895273
-0.6837923300505973
-2.5575086560928479
-2.0190289581922838
-2.6203959989143404
-0.8871868216484907
-1.1161126427622490
4.9398932051606774
-1.3935371251838076
-3.5154806517774446
-3.3937597591285766
1.8811044496727676
-0.2726607676420602
0.6920639471022547
-1.1432286075039815
-6.9312040146266671
-5.8131871734918255
-0.9749679321782907
-2.6114794723483041
-1.0706664066987024
-1.9784290125537436
-1.0070725141947110
0.1777477614687930
-1.2755204399859641
0.0357322488089965
-1.3689018320126587
-3.3530906137772223
-3.3799042035514519
-0.2918177657402279
-3.2922682865457751
-3.5109212421619467
4.0206333026374050
-7.6932925966693686
-0.6096643763256571
3.0833914859272671
-3.8014842620126776
-1.3715297848080441
-0.3862094681254254
0.0598557217487778
0.7048913703431735
-5.7109677934750502
-3.5020181714756844
-1.8933801401582422
2.1165291252711183
-1.2061990561569280
-0.3234887000490109
-3.2901921477071312
0.0110585642045251
0.2196815815756232
-4.4194077656609956
1.2254830458516535
2.8463814194512596
0.2330254419871420
-3.6471453017182101
-2.5877175750558581
-1.3928242159526312
-3.4337382919298816
-2.0840687933150295
4.9663560427131817
0.7722639106710505
-0.8780744608790175
0.5554610043615977
-4.7924101115135009
-2.2276323233555537
-0.0533433173766174
-5.0714011181799563
-2.0657867420993434
-3.9216726446244321
6.1174578807808464
-4.3595725419264326
-0.6040440076238387
2.2755790226378880
-3.7812246217006296
0.4916290007624679
0.3125547486886586
-1.0748591360622917
-1.7455168110253398
-2.2081497175259055
-2.3610947283915755
-3.8342173845603669
-0.9411305130494029
-0.0513087996682463
-4.7533305405918105
-2.1346365742175801
-3.5302935145948489
-5.5916168458053441
0.1870032313267642
2.0907943312411996
-4.2793607166048480
-1.2183533867429457
3.7525899534793568
0.5858757246290524
0.3442972389891641
1.0945376031551128
-4.0086059810615238
-1.1597066595658325
-0.8528139313834319
-4.1400011417173879
-0.9463676837981934
-0.1928443457229344
-0.8673004722957868
-1.4246232213577530
2.1174322861941648
-2.9053464864250147
-6.2837931365481303
3.3019226345208530
5.2037475704818492
0.4770957678945694
2.3066978479165043
-1.0126872571358592
0.9715802996016212
0.0519487211238770
-3.1581547290603420
-2.6650794098102941
-1.8253924519346849
-3.9900211744861789
-5.9189468676101251
-4.2470154314083279
-4.0724792967131913
-5.1635404881815452
-7.8155132634246902
-2.5129638394981662
1.7813812586702378
2.5331753069564833
-2.6278772042394727
3.5746928035891643
-1.3817759373387535
-4.9105859819291036
-0.4070220889441201
0.8218386323661176
-2.1233242190356130
2.6738447482126673
-4.1176973804648531
-1.3130337982950826
-1.2126380279846767
-3.6005660956769017
-1.9518782485990587
-3.7663781787756090
-2.5711498453701038
1.2885476139941534
-3.1031523306813455
-2.4193927521866603
-3.8178957116618371
0.3361923068777454
0.3860046685374089
-0.5199359224746567
-0.1689454139389096
-6.1004279317168004
3.7216269776954758
5.7716159259113793
-5.6277833931465517
5.3944049027374144
1.1711824308513707
-3.7878238647032219
-2.6852345526681440
-0.2718534592734052
-6.8628347172857316
1.8230521983499348
-0.9612184082378488
0.4292799877428031
-2.2195263472825215
5.3520729172912915
-5.9442223876972973
-3.0341832505560227
-8.3571802282584180
-1.2319732305650217
-0.1237201312201748
-1.5460792169445903
-4.0823510610316340
-2.0445369815536951
-0.7034435218774784
-2.5409225853883326
-2.5464062883401795
-2.6185372627226036
-9.5165955315001973
0.2947017074670795
-2.9162160732814231
1.2124867656107086
0.1568067239266296
-2.7760669540082921
0.2859655272820173
-4.1734955263032552
-0.3960467911812923
-1.7106908392330467
-0.1833589768144436
-6.1389389469754692
-3.6530265052762414
3.4512619190077611
-2.4767074379456826
-4.9647966258391261
-2.1362049433036399
-3.2482174537424751
-3.7257934018082319
-4.6152800664790954
5.6689684682293562
0.8633691524924153
2.9484076858313184
-1.7137069446997757
-0.8377673943713333
2.6540793913495202
-1.6945776610439174
-1.2714647902654352
-2.2791479545277351
-1.5916657807510066
-2.1974058333109121
-2.1759833745614161
5.2783858359173550
-6.2971008528025312
-0.4761805686842838
0.3886406730889824
0.0797908247064749
0.2777175836457797
-1.2994107268794135
-5.4323840069379044
-0.1293867819692549
3.8918765134219302
-0.8569719277581280
-0.3838606569054639
-5.0505792438904793
-0.2125421812867567
-3.3847973748944700
1.1547213432235226
-5.6591119011580471
-2.0539272529875587
-1.1036674281348704
-1.5215058904297820
-1.8641563093518261
0.3182373784835320
3.2860946414400019
1.0434617124463565
-2.1748654303493731
-4.3434696655381524
-1.4313283548587326
-0.3993433285749893
0.3043164918183654
-1.2520997222711374
-4.1244656477952084
-2.5497874121513244
-1.2400924116223897
-1.3133997737908931
-0.8102057886601446
3.6768352308333254
-2.0360198891087040
-5.7413583748860209
-0.9013360529677937
-2.2644577748383758
-0.0324827896914006
-1.5387880655658928
-1.3628041776272959
-0.9413028031690012
-4.3758002708403536
-7.5834111398232231
2.2553476089979987
-0.2721764076683656
-1.0514224505717162
-3.4931013790585310
-0.9674109688475829
1.3206709890369919
0.2267269305912148
-2.9021058156044695
-1.7392497548348229
1.4314077735080803
-0.9681880881122311
-3.6501180814593659
4.8597635937540691
-2.7026574617918970
-4.3426902849747444
2.6662375301497070
-1.8637146366083635
-1.5562423956978995
5.5624009097012461
-3.2883465573521473
-1.2763798012861058
3.7099006065284943
-5.0711232399674797
-3.1802075582181750
-1.0828534465056097
-6.1712658077528300
-4.3635816531072926
-0.3019165243623157
-3.9113697538150882
-0.9665221477975082
-1.6987786429670817
-0.3921807594240334
10.4350278231006559
0.1456373014636009
-2.9167808050329307
2.4545148211343113
-1.6140037662624909
-1.8402231020258100
-0.5913793578874083
-5.7458021520629075
-2.9602051730955137
-0.0383227448865741
-3.0303535670327215
-9.0719312716567231
-2.1078023994015260
-2.5451978063600289
-7.1809993863802353
-1.3613660193938775
-5.2034284400740285
-0.9236618404900190
-0.7604157916779225
1.1384342993040009
-0.2724038041681947
1.7612880669451807
-1.3943835685180206
0.1631008581670585
-0.4179000584245147
-2.2693588679963859
1.7576774711542851
-5.9226773504222008
1.1404772206445517
-3.7649574325417907
0.0472217650694352
0.2356714967908894
-0.1845756024146807
-0.7698197939861013
-0.6623651975199273
1.0588431960903535
-1.7358647164810808
0.3120224829918178
0.0826016759034442
-2.4925405278129267
0.4746745659009845
-1.8695272681481196
-2.3631027646752680
-2.7448279244666525
-0.4285630486287531
0.4970377157901796
-0.4033522661049626
3.2422239138948905
-1.7623982502983346
1.8328660358124220
-0.8626481362656038
0.6772686910370037
0.2662998706328812
-1.4182131661353958
-5.1868764407500478
1.2628126765090637
0.3257311469090879
-0.4910265570158688
7.5605485066151816
1.1543672320210896
1.8248976770818677
2.2844787194705298
-0.3230263432628884
-1.8453440360363373
-0.1749149107597457
-0.4558889123721948
-4.0958533335484377
-2.9485632787065392
-0.3244054333609233
-1.3110691146625979
-1.0069976511297638
-4.9930713905687085
-1.6770678973907143
-4.3983047336868051
-1.2267250191372669
-1.8453629208594851
-3.7336090406000535
-1.6604418219816237
1.5355840140442389
1.8145210962307958
-0.5004268189771454
-3.0527593733197698
-4.1687660694834179
5.6037488188104074
-0.4616600306111442
-0.8600853510094937
-2.0619130020897050
-0.8230916421346102
3.1030777766086706
-1.7832541730712141
-5.9681744327582855
-2.3784822908214074
2.6034203465377903
-5.7217053742946042
-2.2019640800383202
-1.0713634976415867
0.3448087729254057
1.0864277275533487
5.1901266954305330
-4.9400976043201661
-1.8307361935716873
-0.8965607273999071
-1.2561443045009399
1.1092958925262419
-0.5280059453195075
-3.0909189212794863
3.3566661911408846
1.3949826017531926
1.8059770608427881
-3.1733525744460698
-0.2410880456664668
-3.0193273644589236
3.3808365942743173
-0.4554765521910397
-7.4917429042474710
-5.4441330472847280
-4.4577148369245476
-2.2485291628757924
-0.8970967545984445
-0.6918531630775536
0.6961309778140994
-0.4819500312620331
-2.2311683672560076
-3.0243554610074823
-3.6993738069232656
-0.2235885601773121
2.2489400360639573
0.5740362141195405
-2.8292920546788185
-7.2147268634776491
-2.0544143766968013
-0.8060332535511352
-4.4201362466794780
0.5006404529071061
-2.6987746286624197
-1.4006633119279326
0.2162819345152762
-0.0215007644864856
-2.7125005170113421
2.6503758941582518
-0.3544300996330297
-5.0158590302746742
-0.2789870975907547
-2.2667147667369081
-1.8892844071103518
-2.7639309527715068
6.7473409116730307
-3.4738302307408064
-2.9356983740636426
-3.2469636774187234
-0.0719092025953694
2.2937467617175487
-4.3692983365156071
-9.2729541417963883
-2.1474577688972936
3.0682159941226406
5.7668560448836326
-2.8245613347274290
-0.2257328975867616
-3.0275510827207945
-1.4497707368842576
3.4404211176463089
-2.5820459278566563
-0.0878615878283728
-2.0896318287225641
-4.0376890629554794
-0.5353975608895319
-0.7493655641310648
9.2533086546872063
1.6304524138541829
0.9554287397284609
-0.7658048929272123
6.8081359733648448
-1.2216753708767265
-1.6601115972748057
0.1682489369001919
-3.5250445163408299
-0.4199929227465320
-2.4714065966502861
-0.0315126545900368
-3.1896377298398955
-7.2514271544902575
0.3065056678368048
-3.2558421227066137
0.0265967926223928
2.0305222644653451
1.3903090364111417
8.8788991025392949
-1.0366766978520550
-1.5509372649721487
-1.7657409658711234
-3.4630149869714755
-11.6757286000879699
-2.1339620687873380
-2.0185332843546560
-5.5419380799699365
-0.9028602681602008
-0.4815812940174413
-0.0435673451443667
-0.7331236448903696
2.4091115822735087
-1.5045994845152180
-7.3546601125355124
-4.4342298558652482
-0.6022096003534256
-2.4776900675403688
-0.6763579234275564
-6.9219074628046187
-3.0856946788671604
-4.7816899621168201
-3.3659930660194965
-0.0862763103502313
-1.1615729338713690
-3.5367580791247777
-0.3490572483501343
2.9771768516784194
