4.8175324560030424
-5.9136875651897176
-2.9106310008749650
6.9904471831007573
-1.4018999170382254
-9.0078488219220016
-0.9664483378198524
-0.0987284829121119
-6.5454649290975029
-7.0866449264833999
-0.5114086453426331
0.4635831488091625
-8.6934448516077687
-0.4877579746829742
1.6443903696065274
1.6376463773325505
5.7425531692317806
3.1678400045194826
-1.9861086408599182
-2.9481942212195760
-3.0547386585439700
-0.8456224872438509
-7.4163962707151079
-0.8107604135396183
-1.4985469731495444
-2.9514668526075871
-0.8950860385910097
-6.7041293026519169
-0.2767521207408553
-3.4914542577987455
1.3745990866989950
0.4084285883213574
-0.6363391278854078
0.9755591969369459
-1.9583618442006825
-1.6349365140584813
2.9449825896575690
-4.5734677387213472
-1.1907652275275757
-1.2340941594994377
4.7707882190423101
-1.6353217602126280
-4.7287329360995294
-3.8307192720301892
-1.5271864791697147
-3.3570973242475417
-4.6121955427572257
2.3475393999749676
-3.3680414821752773
-2.3290935071452217
1.4501152683516672
-2.6940153305695267
1.8272265052273777
-1.8410691287736753
-0.0083280461165979
-1.6656261679481326
-0.5346409271057804
0.0220319024974790
-3.3322112203156564
-4.7282857985659668
0.0759151690577131
-2.9856007038557073
-7.3387405938142622
1.1766625479173944
-2.3600264073229682
-2.7084069521260141
-1.3683217146929507
-1.4071106397426918
-3.5464186902368584
5.4143470591105691
0.1213086231397848
-2.2688622325619923
-3.0218578696919129
-0.3991179429000294
-6.3217950206041715
-4.8713028237444371
5.4318194267595334
-7.9130242418971601
-7.7176256939721952
-3.5341379130209156
0.4357009924164854
-2.4757386568774469
-7.0963242267233877
-1.3325417842458491
-2.5346148022663337
-0.1690672413655529
-5.7541211603491291
1.0807231847009233
-4.2710880296658615
-3.9659058489055421
-4.4240037278362854
-1.5130696087341671
-4.3368092033269035
-2.2771625360878938
-2.1041420482622160
-0.8629845682158747
0.8451584258326394
0.6621722368267819
0.0788445133431412
2.3593205407816069
-4.0835387284010825
-10.5655206201617720
2.0606817860627262
3.0547114995607232
-2.7755099578241307
-0.6653125843519390
0.7741221482741357
-3.2151619179174880
2.8213688269560651
-1.2757623720913507
-3.1518479878443619
1.6571879805090315
-5.1920512245468045
2.9245442650940188
0.4432658652303038
-2.7032553737260314
-1.3811695343346089
-1.5836025625734913
0.9103911696048921
-1.3925385531272152
-6.3309454290289340
-8.0322999096503409
1.3906925509044559
-5.9264255475145697
0.4176326216292381
-0.1161746968138928
4.1557205988417598
0.3593587696084991
-1.4010503859815899
0.8291532847064369
-2.1787645912219804
-0.2409422891974258
-4.1952487385163471
-1.2752887295795869
3.7103847461190087
0.5209054938724054
4.0897752946525143
-3.8297407165870632
-3.2319302958357885
0.2775679911333896
-5.6416772377770634
-4.2670991790793966
-2.3073623349821037
-7.3162058006181372
-0.8782523274588663
4.0427948307555255
-3.5472914643273041
-0.9380374851427178
-5.4162873845285944
1.1665476345458439
-1.5110008557070163
-3.8550525985749915
-7.6426685100315099
-1.0853078452660085
-2.4424027045047980
-3.6693757014831081
-2.7784893198252085
-3.4861791688172232
-2.3723958117445805
-4.9575019155639550
-0.5573164626153458
-1.2455351787465829
-4.1761120468037980
-1.6073787177348615
-7.3540338213517664
-0.4033552593570660
-3.1176647880657198
-0.7609105882531073
-0.9501732617930226
-3.5044595043348896
-6.7708171074204841
-0.9864851588565884
-8.4460993856542643
-3.1719784201777115
0.2560514322320331
-3.2823351190737946
-4.0481048016992194
-7.2611172970199247
-4.2007185068040762
-2.6604629324400277
-1.9416572522883464
-7.0834596005856092
-2.3598639257356600
-4.0748150814385671
-2.2385202557735617
-3.6805047026374371
0.3242095475321698
-2.5354645950130057
3.0933469295345093
5.5984329266468968
-2.5085889068740777
-4.3632342609347887
-3.6692557162452162
1.1418083801471732
4.5836887040822969
-2.1369573679925056
-9.6494262479326061
0.1204018331810921
-2.2545716080347411
-0.5931270598561074
-6.4694208585848179
-1.3357875845994098
-0.8602601615037855
4.2801896428156656
2.9627070198212380
-0.8915706780665253
5.1289996115952841
-3.3848770370742405
3.6952805232271388
3.1551311806489157
-2.1968426192974513
2.0587185694304875
-3.3342008566348746
-2.4406402671501408
-2.3388231811814322
-3.2587723675600162
-2.6098394178888773
-1.9165696200731959
-1.1689081555395062
-5.8869443592714372
-1.6411515136922046
-1.4546029455492213
-7.1820864665187374
-1.9132444981781005
0.6352099650268606
-1.7789264320654836
-1.8514403913664008
-2.4590693079880688
-1.3939693143912359
-2.7289336635887844
2.9448667752763491
-2.7336265098843948
-1.9377495712873449
-0.2845588471202178
-0.0605940097323411
3.1805524192568240
-1.1716589728894302
1.1385251106834369
4.1437121450912455
-1.4740228503173016
9.3896766248831867
-3.6857031227837318
-4.8291695051942352
-0.0147944071115531
3.0866755508510084
-1.4489458177070123
-1.9344125166219526
6.1709788183160601
-2.7125830124368484
-1.7928809063537665
-1.1546173443201302
-6.9246832728861634
-0.3180309297872276
-4.3606339883636149
0.8864115475491672
-6.1210857845635465
-2.0401573073322536
-4.9631163976644261
-2.7461511504350731
1.9733025646246125
2.5219653941760511
-7.2829591316104088
4.3462528039676149
-1.1335125433129947
0.6592258490009729
-4.6886923823220323
-0.8820126286415503
-0.6049944209357643
-2.2737064902904844
-2.3022026905132069
1.5749797279859530
-2.1862771656855884
0.8693075221483121
0.8435566020875146
-1.2737588274349494
-0.7595069144048759
-0.7734628100844587
-6.2751243626987048
-4.9838614844038487
-0.0111409754080295
0.3353306326646992
-5.2218251269002502
-4.5506623904757655
-4.4746573203448543
-0.9662752313953268
2.9480454982761302
1.2169048831504696
-5.4353997437897359
0.8272697447396081
-3.9087128350813698
-3.2452427750147232
-4.2986412642546821
-0.8105817029429898
-2.2167293269793862
-0.6341604836877301
-2.0094886714774836
-1.7637652369809280
-0.0078650214738876
-6.5596832334733728
-4.4409856394914149
-2.4073621685417059
0.9355793269107123
-3.5787571775946563
-1.5323346048534383
-0.4271191915457804
-1.1289577387784173
-0.4182701437070637
4.8837367409877261
-1.1015428829612979
-1.1559309782257454
1.9847083929341998
1.5445432530331618
-0.0803665067059813
-0.1055086792117850
-3.9693574591300589
-1.4433137077958900
2.8468479535742914
-4.2961865953365486
-3.2524308707616041
-1.2354066343978891
-2.7378014598924634
-0.2147523554811080
0.0173659596944135
0.6111234513336431
-2.3839012427418824
-2.7366532953457914
-4.4382384441803469
-2.2643335727879750
-2.3013557951585368
-1.2333103262548535
-1.0710581765886689
-2.8800434913698481
-6.0398021208993535
-0.7408827971372434
-1.2874868356907923
-5.9229609300606940
-7.4761327567200375
-0.2081099627998357
-4.6209190270475462
-2.8058386717411223
-2.0926151340100709
-2.2909280186278855
-3.2748370517256964
0.3936895218325691
-5.0705651350019894
-3.5266572864992547
3.9152485337394913
2.5571116840304495
-0.2462541737130831
-3.6240407105207013
-0.1043330438401274
-5.0997278326091378
-2.8858382901849580
-1.9369685315428056
0.6883089364535837
0.9878211844047240
-1.9210449409310641
3.6704530685223369
0.3912502996226488
-5.8020475096888351
-2.0818307038169896
-4.9125115268289505
-4.1942419878703276
-1.1773959081371059
-2.9808667154507527
0.1206335271705997
-6.3772923556751362
-0.4721664032708719
0.0095711691581879
-0.5659601629441299
-0.1549526907060098
-3.2126494681526592
-1.3715369362239933
-2.1172306653865411
1.6828420160076634
-1.7727960951013633
-3.8408768004100469
4.4591017167063010
2.7955595659472450
-3.7044588559291780
-3.6173651739929014
-1.2474384181434652
-3.5976876932700108
3.4653590348013221
-0.2927346068078930
-3.3047572124472255
0.1696777413083303
-7.4346946001826346
-3.3453558844057576
3.2981124017068733
-4.8437469006162353
-3.6389093710302789
0.5524445594062508
-1.1409080296085954
-0.1976788830490518
-2.5098663996164436
-3.3417226022056536
-3.4339485667864200
-6.1809438328043029
-3.0875660701372172
-2.4304551549410092
-5.1634511091982898
3.0754771401189309
0.5771156812622208
0.0493926012484710
2.1299207282914665
-6.3688673724025708
-2.2341470716644420
0.2827163054055735
-4.6594882635461428
0.1376899670720009
-3.1043144878551630
0.7781437522905037
-2.0819473403389432
-0.0315285129970363
-5.7773347733325906
-1.2249068929361715
-0.0026065494859658
-4.6924675859561704
-2.8690583258736124
2.4106421698177924
-11.8232387788678288
-7.8067197621503475
3.0627671926127253
-0.9917290240539418
-2.3384943809698475
-0.4963004444645125
0.1886746140115215
-1.5899531718327831
-3.0259189912486426
-2.2607232287044585
-0.8921359870508114
-5.9056603328301698
5.8532194124746608
-2.6239553704325544
-3.1834409867094315
-3.7693613248857027
2.8867213799431251
-9.3662845977212044
-0.6388070611323774
-1.9876197501235577
-2.2279056445876568
5.1067431356964414
-7.3025821169604335
-1.4319921322886615
3.0324572670681560
-0.8943899082991215
-0.2144414196371113
0.7137976232123324
-5.0620142549946570
0.3725662098754893
-0.7082960811910268
-1.6066334858829645
-4.6387651030636210
-3.4833015514812820
5.0276204338289991
1.7477577240871947
-5.8527049887624312
-3.4652315752184881
4.9785120105534411
-2.9424971475505064
-3.4897133223703221
-2.6670891590949841
-4.5855781192480656
-2.4658632322645175
-0.6165026278188667
1.2219974635024262
-2.0036314826395247
-3.0584511120142901
-0.0739493403588562
-3.4699554397451435
-2.1986876312832604
-0.8194467376945895
-3.4669352421527626
-1.1849641650597427
-7.4585449412034892
1.3385922477785324
2.5888362590530112
-1.8768270133667089
-4.3482899958215837
-1.9554212839185598
-2.7607631552431435
0.9633917257371525
0.2811330848274358
2.5866181264411470
0.4637484451335955
-1.4420115426480264
-2.4118553865264909
-1.2895431351985154
-1.6872748160278537
-1.8811635196580248
0.2247305877704834
0.3127795989443907
-0.3498788039758126
-0.0750130971814255
-1.4728938336834623
-1.9471441222731911
-0.1832796575492840
-3.9346483146759965
7.4435527234548911
-0.1480148210253789
0.4742541124670209
-4.2752838204498671
4.2867653462588953
-0.6042731123391236
-0.3476000579129837
-0.5447617753743440
-1.5733745375777390
-2.3385913150251452
3.9629530539285014
6.9096606073616575
-4.9262001403936164
0.1758449567384875
-2.4386181890108762
-5.2594429908654492
0.3905250017292297
-2.5464292077857253
4.5393073239734951
0.5988742262699968
-1.2734671983874413
-1.8206740206787460
-3.6677295060553896
-4.2076536094266395
-5.7794009710425840
0.4930774686384270
-1.5120072212264408
-3.5594015943242301
-0.6254145664889849
0.5214525927344825
-0.1820020278154035
3.7739146243923876
-6.6105037806578570
-7.2670432500938773
-1.0315889754254002
-2.1515643062868155
-1.6333959327753067
-3.0432322641295526
1.8357330564915952
3.4000145469120766
-0.9312588929073493
-3.6723176761198824
1.2016923926635321
-2.8121290396794154
-0.5948921398341931
0.0662292163074726
-3.4720071521442564
-2.0876915850355382
-5.0053374220632598
4.5080968544659479
2.0207429092283249
-2.7991664915510719
-3.0340782328195939
-2.6598865792372468
-2.5046588815826203
0.1133229280471357
-1.6582909229655982
-3.2077079606908581
-2.7045584715752384
-0.7335997814129330
-4.3899081523594408
-0.6441760033948314
-4.8470998450876674
-2.5748856296812717
-2.5074778489080813
3.1892026510831757
5.0043805367307233
-0.1992858858867822
-4.3503603044501409
-2.5473110812835271
-7.1444316001523998
0.4077144009567908
-0.5051565804320379
-3.2678650104308331
0.5199314375886741
-0.5299393682884475
-3.0386319416096201
-1.3495760203916498
-0.3371772498755319
-8.2947817479547901
8.1119425165652110
-2.2627669738737484
1.3430760101085344
-1.3783360586219571
-6.1438339528433286
-1.5241130017950217
5.4197306850517073
-1.7753742126440883
-3.4646572299800580
5.3453690316524867
3.5748166593361268
-2.6410823149921772
-2.5791996758685940
-1.7929357082813451
0.0056785905457810
-3.7139892716491301
-2.2904062015591506
1.4311697125886929
3.0306388003598301
-2.0373049700589072
-0.5114697673350708
0.2426158555284817
-2.1400775699910790
-0.9680127425774940
-1.5369570885797417
-5.6048656999661457
1.7375822401403007
-2.2535514799846093
0.2886349741876733
-4.4619654797219654
-1.1127633604255573
6.2467561955199509
-0.7833590499629461
-6.0640694015558916
-1.2420711676060046
0.0202734408714122
1.1799218941464211
-0.3515357729681047
1.6757478048461008
-5.9752744809570499
-7.1637983492265116
2.9790036472263619
-0.3059073692308725
-4.8379872200659717
5.7677043723561017
2.2184133585918491
-1.7595646764374300
-3.8372361417633933
-1.6776715217466285
-3.8922101669281295
-1.4789167314152973
-1.0710717453850509
-4.8219111803786934
4.7404138395510245
-0.2764787233407734
-3.6808382561821920
1.8539464845459646
-1.2350361641897569
-5.8950580492981866
-0.9595391543548502
-11.9844623172099904
-2.4600432717243566
-2.1050476206110820
3.8224188879165282
1.9664415851334880
-3.0408773529389257
-0.4609264950525014
-0.0255575537168624
1.6118121086613766
-2.6933493109289999
-2.6624663778284141
0.8991583105515513
0.6695421203250653
-1.4639120324841006
-3.0825928573378270
0.6088395836409184
-0.0830977781418402
-1.3502602799244496
1.8778429027759929
-3.2278442486925329
-5.9128642055958860
-4.4492001818075240
0.2643649455400387
2.3728869240705182
-1.4943372702477287
-2.7090407277521780
-1.2922377493122821
-1.7811250142040420
0.1214879354039423
-1.5820295716991106
-1.0943602282806832
0.4852260981864526
-1.5269993455505289
-1.2140548454074398
-4.1519516570672570
-1.2342767035446818
-3.5287049406037037
-6.8587917667805254
-2.3573844772000081
5.9733324305894948
-3.4707686240195885
-0.2121968405722872
-2.1636268527932287
-0.3130952372670404
-0.7497569276018500
-3.7640089828839023
-0.7221864985700152
-1.5922881438823000
-0.2316764066553205
-2.2577886749855636
-5.1954390236329475
1.8908951881607889
0.0074467021863422
0.0221100289119785
-1.5362869187046126
-10.8840812931481086
-3.3873187272836307
5.1533732094607307
-1.4942203279470661
0.3815335062458666
0.3475193405824172
-4.2517792808293260
-1.4287471089545503
3.5203672795176573
-0.6853044079299248
0.7733229329707376
5.3995453085178537
-5.0816419495990246
-5.2070918756609474
-5.2682374207679912
-1.0956716828388686
4.9716141244053969
-4.3857516968278132
-1.2107955180429466
-4.5397076803287559
-3.5134228171854369
-0.0370097169511410
-0.5126916369300720
1.1049300546954217
-1.6796598953064938
-4.8270422407622133
-0.5941541918307546
-2.1070856222341865
-3.6832694857556141
-0.6629366904996310
-1.1928543357861126
0.1612466893121972
-0.1708294446567485
-0.4205857464949174
-4.0543470161187791
1.8661296326429480
-1.7624015212799189
-1.2095579507626737
-0.4526001217881150
-3.4922383800785330
-0.9663502917343635
-1.0987755119843738
-1.4275174478683919
-0.7088063776454245
-3.9750796361223801
3.9145953422505619
-3.0754656606284638
-5.2704057950168446
-3.4463679975197121
2.3765081047077028
-4.5225181100823972
-0.8518215543984193
-3.3592073486642424
-0.4644706781156391
2.1291088893861572
0.6098090679653736
-5.2880252215002113
1.6764863922769597
-0.9629145314037659
-1.2983356809072963
0.2076202777275937
-1.8062858027157678
-3.8490615509276083
5.4821003375543338
2.0018070367211096
-6.8373345292555836
-0.0020483152766912
-3.0564749506225675
6.3255342018388649
0.0347809459368697
-1.9260554920222406
-6.0004684645349622
0.3654111910725050
-1.8544721700873019
-3.1201249584969881
2.0422651294461587
1.0663307190859852
0.7182035347698070
-3.6151435408775194
-3.1720228353075157
-0.9528990830008526
-4.0713832952397926
1.0962356990737008
5.6377681119834202
-1.8341313738455312
-3.2034308739739554
0.7119821494283231
4.2154076877666293
-4.3048762872662785
-3.4645049375381700
3.0904844884520930
-0.7526452620675179
-1.8272910526887292
0.5901537126529470
-0.8069200233460556
-0.7279581641331595
2.2968680688094976
-1.1949965376748670
1.1756095382048328
0.1212750879393056
1.6681177630372406
-1.3803734854260012
-1.7538304034958656
-3.3581248041763678
2.0760673655940440
7.5285901686589316
0.4198721410277403
0.8841061518417000
0.7333727478140180
-0.6766422497252620
-0.2244484159753646
-2.7479820497517493
-1.9423912068098794
-1.9740559458869369
6.3497876419095949
-4.5230570711221425
-5.2959484222210369
-1.3853484742916757
-0.3880938086224736
0.6820158756891460
-4.3139558289451285
-0.1196275253718623
-2.2173789043178549
-5.1017358469267862
-0.4744778898306735
-3.7719952847823057
-1.3770803186057501
2.1740220114728301
-3.2053806805193616
0.3401203134598203
-1.5751521363366841
-7.3214661418962583
-1.6134212378688959
-0.9699667388727593
0.4000918483060369
-3.0636556709115590
-2.7499505265693918
2.6209435845955249
-3.4925198988849329
-3.8123049370777831
-4.1865341859215244
-1.4603042230621566
0.3335387726220227
-0.5248606418567174
4.4468342582563940
-0.9514177064289040
0.3261453468310712
-0.0141718932242620
0.2263839463613816
3.8030243721544017
-1.1545088531552126
-3.4090074835557367
-5.1163399452003384
6.5629818082753308
0.5191210651400749
-5.7543720127100126
6.0005999488035791
2.5489547963017065
-5.7741174026813535
-4.8309409514598407
-3.9639029355401352
-3.8172253509639220
-0.3164466296181370
-4.9940418225639283
-0.8021781085236006
1.7918874015021125
-4.9463943565043849
-3.9369305368653662
-0.4097957470017848
-2.3549494805134592
-3.7968038183526778
-2.3595443876178357
-3.6486636850417216
-1.1701033300108401
-1.2861091099386395
-5.0595210297718118
-0.6696700839477256
-0.0492389677906156
-2.1583168991388506
0.2184257822691862
2.7141593898005731
-1.2240624458448157
0.7521113874360309
3.1425747974793881
3.0338327649916996
-3.5476061231807945
0.4259050299233584
-6.6600932794018197
3.3594598856837616
-2.5280780090228103
-1.2726822820347976
0.2379543359220343
-4.2601772749942333
-4.9442766624550689
-2.6877076746890469
-5.5437435695481163
-3.0002569533170687
-3.1035570840764350
-3.8053754135599314
-4.2109602227445055
-2.4374373253866284
-2.6532782818780603
3.4170672092181364
2.1354255317474902
1.5252354109553439
-0.6919131690400613
-3.7057291155047438
-0.9463754586417286
-5.4391995894080889
3.2591656640769280
-3.1568083665218412
-2.6013620118295702
-2.4339808154745803
3.9373090418535441
1.7599537647517183
2.8704373536187395
-0.7947534671199959
3.4291209476011026
-3.7138032756961965
-2.5586231537411623
5.6891177186140869
-9.2496982888671546
1.0522705082479491
2.3622667840990479
4.7757751184528558
2.2844830106478566
1.7100114270876257
-0.9704620043509345
-9.0054781774973058
-6.4723817455109716
-6.5743678472285447
-0.2164936014637115
-6.2408442502115093
-1.1126141515571741
5.5941856377594235
-2.4904357309213578
-3.5198502497268245
-1.5111700583854522
0.0405466774408764
-3.9446357067729028
-2.5338213545860855
-1.7645357643391424
-4.6557225662899802
-1.7235858913564301
-1.4388837124079443
-0.4970838518821353
-2.5141580564199044
-0.9231275716109320
-3.7445775076622034
0.2155371604614730
-4.8997737835758919
-1.2848915396069971
0.0460583523036014
-0.1075815422321515
0.9677779763865422
-2.2286320865793443
-3.1979732428535743
-5.6252189684042797
-1.2223651061192671
-3.6844664205513653
-6.5073257953508561
-2.5717300052475749
-1.9774825773538780
-0.6914254717592281
-0.2491731883159408
-2.3119220767604429
-4.7883472154143512
-3.5684165515149853
-0.9208868663507478
-0.8022091942505876
-0.2610606291324989
-4.4536653517295859
-2.5613487369565791
-0.1965095413015132
-5.1576960612801104
-0.2001600730956188
0.1434034454892130
-3.9440154147554156
3.6318273712475784
-2.0018519323867272
-0.2996575188192711
-1.3392755241630372
-1.1541605678251283
0.1747942331044761
-6.4136205884418942
0.1389066595946292
-0.6499704150238671
-4.2710864851369994
-1.6578953075640681
-4.4658505192619993
-3.8172818527951882
-2.4835219424793991
-3.9910849011606446
-3.8422676445826141
0.5915546826806781
-0.1238793529639913
-8.7181036708594650
3.6376437084090854
-0.1123358856607838
0.5083727339938042
-1.9783192723923628
0.0855486766928985
-2.3157501288889448
-1.0807483874840342
-1.4838317700164310
-4.9631665365697035
