-1.8164457322264578
5.7797925181921466
4.1283611628407293
-0.9735280820294917
-0.7610313734760568
-1.9284731497149723
-1.9792432490590777
-1.5959574312784828
-2.6363012905149619
-0.7457949821337873
-0.5888238235156806
5.8099934038508856
-3.9051676089853391
-0.0345944950356411
-4.7242807139776444
2.0166055468776891
-3.0620629810420783
-2.9196740384781465
0.1114112126420608
-1.1125700452556475
0.6445094139661789
-0.4223538328696765
5.7466384527786509
-2.4475122092816282
-1.0417115656510034
1.7553189037076915
-3.7849153682873751
-0.0304651007224676
-0.8641837496101397
-1.1180207182869673
-3.9456427532136722
-0.0017043596150502
-5.4982251315864756
-2.5615919704944883
-1.5017744400376660
-1.8000800846703469
-1.7165965310606741
-1.7010751396790900
2.0724666009355164
-0.7593005119900355
-2.7287399806048263
2.9076761536722935
-5.3961609119840377
-0.1984530964766247
-2.6246486073985187
-1.4184314864716683
-6.1670664688492547
-4.1320270256340814
-1.8412864008292287
3.0962099917841637
0.1211914382725588
-4.9347940880611638
-1.9381891786955079
-1.0661083464509740
2.3207174275594360
3.6950276813812439
-3.5445013479760550
2.2702874853887041
-2.1968454605911494
-2.2320644542733006
-0.1459579207653096
0.9786366917149903
-1.0865872382772914
-1.8736074754696250
3.4932947538930508
-3.2122556065813122
-1.9170505168443603
-1.1204837544133714
-5.2249704557529819
-0.7356061823994482
-0.3532002502225509
-3.2956352040970449
-5.9361894523385281
2.0365719671551705
-0.4009983074538530
-0.3627858203217099
-2.0292884514335174
-1.9272214471098981
1.5790435368821192
-3.9343620027791064
-0.3466237866695727
0.0537780312253478
0.3160351310307038
-1.2421274145077608
-4.6521394803555998
-2.0107209270563655
-2.0772892008141390
-4.2241425314654624
0.1981592422473038
3.5393327436677255
-2.6297830948981771
-1.4197899988348510
-4.5385203029604755
1.2516912486920464
1.8770420422921519
-3.4155244767846851
-3.3623751340793389
-2.2189899240152258
-3.1074845490443677
-4.3404582654319679
-1.0594645201200119
-0.5640876570703397
-0.0735498861297380
-2.4625880821303028
-2.0538738946470727
2.8946523789695098
-0.4925061827837450
-1.0846031895047377
3.1309864828997878
0.4141459990328092
2.5525260070169753
0.4386193940146170
-1.7641619672044597
2.8859597256651037
1.1116435477753059
-1.9806351059140788
-3.2629164392540622
-3.5529117859425914
-1.9142239929911200
5.3054983916424385
-9.7231081868246516
1.3835406045414054
1.9336979331775239
-0.2115155359218534
-0.2258546512708677
0.6933132596069896
-2.0934947696214428
-7.9911906641824597
-3.4833568677614539
-1.7139545759877231
-4.9358202521732766
3.0365725087445652
0.4291373589981345
-0.5604001116099607
-0.0499193819451620
-1.8176793699200724
3.5617407902689178
-3.9212428732335978
-0.0907276002956072
0.2175649661931357
-2.9026608331989223
0.7685049301484904
0.0020976697212782
-0.8491961466846679
1.7751445839600446
-5.7227922299297393
-0.5466755266735321
1.9786039220038674
-2.0770873257375349
-6.1163637379644546
-7.3955824214933701
0.7839969897770979
-0.8130918769977918
-0.1631968326048095
-4.1962064724131043
-1.0722085225328448
-3.3787908899216093
-6.2213130887468946
-3.1334154225738082
-2.8237858456635263
0.0675634139151128
-1.2311584146741139
-0.7748686465784510
2.8852292812943960
-3.7038872977504367
0.8458283777640287
-2.2415507983431322
-5.4615319604142396
4.2597903713732972
-2.3775572309539248
2.1722357403233747
-4.0357704288528149
0.3171939999952597
0.4166233943302215
-5.6644519943389140
0.3856466705915042
0.0274132740215025
-2.7873715649527129
-0.0092724510980809
-3.3591359708611881
-3.4940171992057065
3.8363161727793846
-2.6415870223042055
3.9625942778309611
1.6830839378442739
-0.3256818520057246
4.4389480983541327
-1.0409029660509497
3.2105682154295452
-2.8087888109924615
-2.9760366608913120
-2.4285478241766296
-0.4358229524790257
-2.1978256798745153
2.0864098975068899
-1.1696394807653461
-3.8111021893399113
-1.5895579115410083
-2.7613887277136220
-1.4571748109160971
-2.4739698783568969
-4.1393763525431035
0.1454615397238339
-1.3113005828111848
-1.9330358552178972
-0.4762156205708675
4.8323157101552514
0.6892800258152064
-0.6320568172789829
5.2609994671877391
-0.2028638650917248
4.2144118906446861
-1.5659922232074519
-5.7111432415170515
1.2475976953609493
2.2197735461427364
-0.4534583506581904
-3.0866818376714802
-7.4880500956060878
-0.3282300770927121
-0.0774124211236858
1.1250376758549858
-6.4956928341037328
-5.3401228497311823
-1.0149063977824377
1.3149263842068497
0.4846953554293140
-5.9276072795453523
-3.7640720491701223
-1.9888089044811119
3.1178587187153415
-5.2201422048909656
-4.3847035636903833
-0.6748266523099102
-1.0121463672920201
0.7088527661363523
-6.5955588969335084
-0.3698046813977235
-0.1756251556300193
-1.1175638304847912
-1.0302991001983453
2.3088300609640533
6.0650068280493503
-1.2560004452181495
0.3049961767063292
2.7576359057699271
-0.1476517419644758
0.2118402728886451
0.7631701289323304
0.9840809975754876
-4.8752343034422481
0.0368239419775305
-3.4399229887576728
0.6689241551454037
-3.6362596171612043
-1.0576808641026398
-1.8985620950915971
-3.7652833466610067
4.3521012615319377
2.5136855786043504
-3.5783966659925972
1.7478424244863566
-0.9851679489360576
-5.4924570639576542
0.0449283594081738
-1.1393719645558105
-0.7999004205699902
-1.5941564373728931
0.4260343637756140
-1.8106089177163343
0.2050630957856966
0.2264707342184341
-1.3020330154046067
-0.2189953155251894
-1.3331451577131639
-2.8759415235129939
2.4776423188451209
-2.0375992964418894
-1.9752091225721295
-3.3222851710502637
-0.0142372938549728
5.0745525471186044
-0.0508985915577363
-0.4231457587842293
-2.6560294367006874
2.5510400389369723
-2.6251174832251611
-4.1942254420784399
-1.5347404690344948
5.2113059773502695
0.0823036630984733
0.5304983447725559
-0.7856522676922633
2.8727297321511851
0.4056931584209422
0.2271923719297670
1.8477361648684762
5.9054401049585774
-1.0047908896943296
-3.1794659552785065
0.6226193793218846
-0.7082905986515233
1.2838106147444523
0.3310152794293515
2.0774537325355626
-2.8992296715632100
0.1050012145008321
-1.6344730891659351
0.3289235936521353
-2.4527462859975411
-5.6805645260089790
-2.5638159701331040
-2.6127966420308146
0.9296938126253758
-1.6500327439561890
-1.0132940149044671
-2.1738210205372530
-2.9053841993759884
1.6779584661748046
-5.0891734679632226
4.2786404586327222
-2.4377043487768946
-1.5692554398890803
-3.6056425969288939
-9.3538237665390902
-3.0860964475516552
-1.2898515883328110
-4.5885736149673360
4.2514889152889905
-2.8369165386257689
1.9593745338979420
-2.6594820348882511
-4.6942293757680371
-7.3437028491203922
-1.9645258483675059
-1.2222710343801411
2.9618228178505741
-4.4738758049479381
-4.4677646858962916
-0.6907599761358771
-3.2830388262836867
0.4761716456101543
-4.2084000269269159
0.5783231599260461
-2.7850364022994047
0.2912300986997941
-2.3511775824741634
-3.7519752256473828
-1.0832265196172945
-1.2314045382670493
4.1199029641461946
-1.2950831116930113
-0.2849690452896010
1.0141289195026044
-3.1380708315547796
-2.0537793957638941
-1.7488788371112851
1.0915936439900289
4.3311232362027159
0.0873601688386056
2.3599188819891741
4.9220787365168723
-4.8581501822978881
-0.4429576355342789
-1.9570932882620753
-0.4756929831719600
3.5803952430459294
-1.7915912524300848
-1.8470361398676318
-4.9199041878185144
1.3228216364516776
-4.8744650514638810
2.4555488607597660
-2.4776628376614931
1.2147725316500297
-1.8406450587458614
-0.6314921056155995
-3.4765873023999663
5.2385127360347292
0.4119112250834136
-2.0696679681940156
0.5105673140898336
-2.8932397129406788
-0.0449526182551039
-0.8988113490521819
0.0953006362117623
6.9064777817531446
-2.0175190743942060
-1.4180131383293733
1.7418569871777161
1.1643215021848869
-0.5092228456779765
-5.4894307681667671
-2.0948211156506318
-0.0608296949356808
-2.5184009396102707
-5.6705957519462826
-1.9240456973952000
0.1285328548046901
1.4781417365464893
-2.6267509852730133
-2.5036565346229831
-3.0342987247747177
-4.4404128104580893
-0.7674958746461846
7.0288773691534390
-1.4044697760900022
3.0316291113163509
4.2801670801936940
-1.2507657923632616
0.1200513025049701
-2.4876141650019004
-0.9045607002726582
-3.2812945476657509
0.2584253579103145
0.7172282321476348
4.0737333926479309
1.7827154085007018
-1.5196565171826522
-1.3982837887279471
0.1542622988160162
0.0130187127127454
-3.8187114708620888
-5.5995001106765967
-3.0620666339578535
-1.5809958015052539
-0.2842003802391707
3.4755628813205179
0.1078690683427011
-2.5778678913330930
-3.4719482976843348
-1.1934091910426337
-3.4554315120101107
-3.1344221430447932
4.9728689500808994
-0.6080195602052691
-4.4866304739482175
-2.5480493502740926
-3.4329642432032692
0.0969463471948346
1.5038669357844583
-0.2427940170548013
-2.2403378121835775
-2.1480874179821634
-3.9765982019616568
-4.2300246113687914
-0.4755965813392172
-0.2689283229929511
-2.1170174753248996
0.5739029879220960
2.4719990123522408
-1.4614307564013906
-6.1768740462780070
0.7909323336753611
-0.1353466421366717
-0.4392012738960398
-1.5434841507405941
-0.9528143312031491
-0.5407397316152495
-5.2521543007924141
-4.0146899293063258
-2.5468759770264340
-0.7103539550403207
-4.5055813170465822
-2.0474411774438241
0.2156206183705816
-1.9415505248355758
-2.2268192818568067
0.0274974848137308
0.1265839677534589
-3.4810651112542215
-1.7814384335156701
-3.9758486959690522
-2.2797922629558753
0.5961320634971796
0.3189400435923110
-2.5239113780972784
-5.7229421904855986
-0.0658242682143810
-7.3889450289919818
-1.2403359282627782
-1.6326256039135771
-7.1825340192922305
1.5183375065742508
0.3881678042040703
-0.1582991186590945
0.6132323111504121
-0.4032749078538547
-3.4751487877613054
0.1197647664198355
-4.4909232463247157
-3.1728320328754744
-1.7506838989169526
-1.4818862249783489
-1.6409957586345438
-0.9716608894363885
-2.7608340278600698
-2.6676348622093808
-1.7502136073272461
-4.8791529519808101
5.6800125757849411
0.3439785232558883
-5.7882318333556544
4.2139678606438569
-3.3924275980390419
0.1972375873040831
-1.3924350425169494
-3.6614610560235952
-3.6247422681008925
4.5594879176363161
2.4216541285849686
-2.2912880675594884
-0.2581271520317439
-1.7584373094439452
0.0286272394233069
-3.1380642182333296
-0.0175629994339414
-1.8766711909011040
-2.3323098750441336
0.1254108563531225
-0.9955669119989877
5.0203696671305469
3.7342465382063783
1.1863195045592372
-0.8566939097784657
-2.3340504562266053
-3.3783466012502372
-3.0009654927680076
-0.0631074230928594
-2.6800675686846551
-1.5559429387705608
-3.6277161049158799
2.6661417466215553
-3.1123100610256227
-0.3079945244650433
-0.6720390994383411
-0.2368398380835312
2.7267588082251462
-5.8257866956668289
-0.7784414500886219
0.2859145111793550
-1.1844512692158355
-1.2636652444782928
-0.8395843050315752
-0.5000690707017215
-2.7996597712281530
3.3890581226459546
-1.7845543932532633
5.1906007729291721
-5.2712201130928449
-0.1704708819471335
-2.1385714486916942
0.9799277861127476
-5.7710499684853360
-1.4177722763428966
-2.2194253973585716
-1.3594171256347241
-0.0990272721677436
1.7369005324510534
-6.3939201779216770
0.0502237266124306
4.8678876451408577
-1.6654968423468508
-2.7433900418030590
1.3533104818067765
-5.1665156211748560
-0.0932491307193110
-1.1551562413506846
-1.1055896090884330
-0.7540297628728511
-4.0498952955082990
-1.3328403222452461
-5.5704572205421670
-6.4678336154318909
-2.5342262096676746
-4.2727227856587522
-3.1327593118697101
-1.0572474160034626
-0.1515551653134030
0.4220735333003032
-2.5753653682189048
-3.3503038345662848
-0.9997158806749556
-3.4034215872605476
-0.5293232402310682
-3.4225419839207007
-3.9396484226429949
-0.6697930473512091
-0.6956199788262980
8.7630010782696068
-1.4481022979713367
-0.8310962795426777
-1.3682923893806618
-2.2741933923574558
4.6642130272037372
-1.4417013263447249
-0.2517829299021619
-1.7247456609930265
-0.1746989569525931
0.2308828734413035
-2.1394733657610052
-2.5473080490560687
-0.3091786824129104
-3.4781641733121829
1.1772880051774799
-4.8274158770884155
-0.2941382958679855
0.2437964426838689
2.6761619482127919
0.3907234145302393
-0.8495753543219603
-2.9083818582573340
0.3322341587492125
-4.7333244846280280
-1.3985511720123796
-0.0634570320317195
-2.8839743095503363
-1.3245607915870661
-2.6428925785458794
-4.0128600008935873
-0.5424136240503132
-3.1560761519802862
3.1099369677221045
-2.3085283831987580
0.1845382506655807
-1.1563883571583049
-0.1643289992993345
-3.2157012644819916
-3.6709956400187047
-0.4715259728821205
-2.0184720694264802
-0.5221404345151892
3.3376511979002119
-2.7572071439483303
-5.5723847805256721
-4.5580832940579059
-2.2037918206663432
-4.4080824377821886
-0.1317782984444952
-0.9634490948609373
0.0726251102593717
-2.2742007702618205
-1.0788899895559865
-0.2792135528662931
-7.1793388966906377
0.3028292887505221
4.4910317330171834
6.2848051359455921
0.3568346143716963
6.1551482254986203
-1.7521244024713818
-3.0491959325837117
-2.9047076912234173
0.0171609346866038
0.5951537672679399
-0.7240282535125443
-0.5370020910042661
-0.8940239303706213
-7.2645208557265617
-0.7227687961895035
0.3660999335695931
8.3437088453322339
-1.2496363840994691
-3.4403999434125141
-1.4116016177982720
-3.2053332652951361
2.4454986141861901
-3.4986127553945963
-2.3342285733200323
-3.9768051934537993
-3.1340524988011711
-2.2074725197203851
-0.2853951748844126
-2.5167519916949650
-4.7387028777550038
-2.1527840935367766
-5.6180692284788920
-9.2607287272367493
-4.0601301730292105
4.1900861687925559
-4.8491429951474796
-6.1119266734511912
0.8983662297238042
-0.9924952972135915
-0.7705597401264592
0.5858079180498615
-1.0742650089569932
1.3457454820807553
-3.7732367894017238
0.3515587083627644
-2.3922215295856075
-3.2087138224915437
-3.4385423870318821
-1.7032226389230671
3.1664568386000456
-1.7645246267306396
-0.5922634160462982
-2.3051422605747183
6.4632408991098744
-1.2490726102938334
0.3344973137756778
-0.9278157684000852
-4.1441905142265734
-1.1294634909858510
0.9854424207595516
-6.6419457492728657
-0.9146237305896756
1.5731200031681600
-0.6774370058861138
-1.0625481645506112
-1.2721129614558429
4.7137008837146270
-4.0681357409097663
-0.8192444478810852
-4.1163624610491807
-1.1779058334539600
0.0409083284034000
-3.4943164033756942
-0.2121016971574745
-0.8050241761150911
-5.1757345664336238
-0.7164277140976743
-0.4755195666733337
-2.4732489224862699
-0.7605666692835336
-0.0519270720370813
-1.5546565238371686
2.2575629656505609
-1.2840268987924364
-0.0308665755738657
-0.8819266612617221
2.5628292365942982
-1.6173370937368463
-0.5360694444134233
0.8975804938377521
0.1831917555423278
-1.7307469734579208
-2.0972575480179803
-2.5351183215637847
-0.1534165529446038
-2.2525808051697398
-2.8849286364215563
-3.2861911020149472
1.8437591925510610
-0.0522523053662535
-1.4828655632802101
3.6080072768251990
-1.2756168704399415
-0.6737626915952410
-1.2794875899482865
-3.7719812760412781
-4.1096744104770417
0.3620710167062164
-0.2292954312440428
-1.7049941101340707
-3.2307931630029416
4.1837573760976987
0.5317239825306477
-1.5351326387881972
-2.1229126874446953
-5.3741006473525079
-6.0871752706509712
-0.5670610502503073
-4.6183395323280640
2.7882941968536326
0.6514257716502647
-0.8267970319053011
-1.5828916713543584
0.1935340053275170
-2.6919702511073260
-2.3040225486611221
-3.8618880337564510
-0.8617180201559992
-4.7172442693813972
-0.4972837728282257
-2.4840148861762685
-1.0197698217546307
-1.0374108743480439
-3.8637322674799797
-0.5465886298036478
1.2053907812259623
5.1877960536604135
2.8299556479870001
-0.4782845884707587
-0.5232311922820249
-1.0497773531172818
-0.3073386052790606
2.1754486673023603
0.0402451340472579
-1.0958251552507148
-1.3771861857397809
0.3574579384627742
-2.2733091112546240
-6.4622241658700323
-0.1811312797087073
-1.5838266337818967
0.7937242008339189
-4.9707448758429837
-1.8604187888653023
-1.0759910773941832
0.1051602874616329
-1.3556526742898756
-0.3645266597567665
2.7644471654456533
-1.0567890033391374
-2.1863056651950163
-0.9999409785302333
-3.3962447742857287
-2.2129588041022745
-0.9111889616801767
-1.1655516449060499
-3.8973918195908990
0.2400066209572354
-3.8119022897358659
1.6945316870548313
-0.9284448447875521
-3.0107467479209795
3.7492746444262979
0.1966679811143627
-1.8754759377834254
0.2674739920287242
-5.4036419494232444
-2.0844418465987671
-1.3760846024454283
-3.2921565352387789
0.0807020949135746
-3.3946005349709907
5.1844087179194975
-1.9859616051660334
1.8931031926262438
-2.9662631801049266
-3.6730032064738372
-8.4470382475855317
0.5772133676735873
0.8388371096867601
2.0141963540694388
0.2831799995593994
-7.4569983091101193
-1.3859703266406256
-0.9907241489160195
-0.8543099761899499
-2.0112586920030870
-3.2867922658587974
-2.0264416013332860
0.2788922045771799
-0.0208328891583745
-6.5148782156636624
-5.1917736135351751
-2.8747178680425849
-1.3093682306655954
-0.0970136901945443
2.9502085195659151
1.0357368947580563
-4.5117152955733744
2.2388897657770324
-1.4151478832406565
-2.1284319805280725
-5.5757079288457545
0.8349188689957587
-1.9122159962369787
0.1730831990843417
-4.6729155797283033
3.5734288637572296
-1.6752984040032310
-2.3273344758735757
-3.9388549916361919
-1.3400383093480783
-5.1301613147433098
-0.1299085473294136
-0.1460758356262006
-1.4631966754175010
-1.8414916204627594
0.1050512728743251
6.1250386923283777
2.0923748178142985
-3.3013567803038297
-1.8156189980318573
0.7857371603746333
-4.1279918909644362
2.3661327993318966
-0.2054045581888255
0.9959234169858836
-5.4525639896570564
-6.2466657951803581
2.4602738099838537
-5.0107360487754100
-0.5423721945999779
-1.1998346473840280
0.0055636302526026
-0.8044085228772201
-6.5235855933212479
0.0745917502264059
2.2773044176512105
-2.5540069894706541
0.5495542582267657
-1.8787768337544757
1.8849632232242139
-3.2667768112057360
-3.3100631878019078
0.1309481541921667
-6.0901225539675048
-2.9710817827918268
-3.3762868669151369
-1.7886514127139050
0.9638597899949842
-2.6501395861560106
-3.9216216462990752
-0.9267509071156862
-4.4539614587704905
-0.6633997042629802
0.6732636143507666
-1.1236128386601181
4.1185526060698381
-2.6526796512680160
6.6816495374459031
-1.5883327798006244
1.4491048364341588
-2.0370596665695397
-0.7720103022277714
-1.4193152848526780
-3.6728649121407342
-0.0624106813145032
0.0255456689173346
-2.5827646753716551
-0.3634898083505311
5.0990401132043921
-0.4233063354197399
-3.5513143534122680
-5.5956403129146084
4.2858318448880750
-2.0583011002861058
-2.6861314428245828
-1.6059456073152516
0.2999946783882308
-0.8914777329533711
-4.1742831550675525
-5.5095496441434832
-0.3929531590216034
2.2465477962757920
-0.4914147703668055
-0.2514174674689037
-0.3134853811982696
-1.1389711694396141
5.4598604392055492
-2.5404961922693006
-2.5972861892319012
-1.2202505072237675
-3.2830471408954072
-0.9192807827208569
-4.7567396818504646
-1.7884057398660849
-1.7928334239984025
-5.1496442961100799
-1.5679280687582902
-4.0635119692953454
-4.0786972933517003
-1.4261457181672530
2.8454186958854604
-0.0461274056507729
-2.9947863378717425
-2.5273440643181084
-1.3250641573708382
0.1289161582081822
-0.5530389749763094
-0.1288220492936603
0.0101068823440982
-0.3844801178337497
3.4819661088163540
-4.5441160684313981
-2.2847939982101839
0.7842136506644511
-2.1996826333153634
-0.6142211121380599
3.3809130170735942
-2.8357585359771442
-0.2422654434006717
-1.6371295659961198
-4.7410881147968089
0.5295385763703421
-1.5134650016417566
0.2213588919889597
0.3307278162110868
-0.8669408066652361
9.8707556282008149
-1.6303568572074920
1.2303213916530966
2.8964997277896036
2.6914888890833626
-0.5789973841734775
0.0346235900538270
-3.3785091137666945
-4.3980607786955987
-1.3386716233717129
4.4645931814349851
1.7553193637007165
-5.7229378279879120
-3.7769275057744802
0.3357551911827427
-0.0991627470327908
-2.5858773449276495
