0.3986195446796064
1.0928670124540480
0.7901907899408233
1.0896264228136734
1.0891623377875865
1.0714688585576901
1.0058701385562696
1.0927645710991347
1.0985082111381752
0.5200616643071466
1.0481099108908707
1.0391853021434119
0.5595048861748375
0.2809394115004594
1.0485727916250405
0.7250326856983291
1.0937794477061571
1.0499553611091825
1.0841784642193113
1.0796789903084925
1.0960275955658929
1.0960420252373317
1.0713240181664228
1.0701625175919813
1.0704914277642059
1.0955666501092103
1.0759954963020120
0.8353779413355616
1.0945680110872171
1.0740154469698597
1.0769417748124914
1.0855922405123368
1.0066257728437913
0.9171767859615830
1.0954723809087030
1.0812824370284735
0.8026227455846325
0.8960842667613536
1.0939378469553018
1.0712382765682946
0.4560284492954670
1.0869432996676214
1.0823189589437208
1.0861487260343070
1.0659427302224003
1.0973268042111874
1.0814076061928097
0.9062627577946375
1.0372661226461923
1.0941808545545697
1.0878829160111481
1.0992037287074750
1.0839880421849108
1.0859462036632210
1.0913719616048727
1.0920112539058908
1.0345396835627934
0.8733218812499145
1.0976933963627153
1.0718490334761523
1.0972877463819504
1.0745512669836434
0.4221823231784260
1.0870000942585225
0.5589464063479520
0.7208382566798378
1.0948916035193783
1.0913401870510679
0.8103406148340377
1.0766781198186846
1.0751601597590998
1.0961015492589041
1.0812345819978710
0.2817086628201607
1.0971797853133234
1.0842658834034737
1.0966566999391332
1.0077211934934132
0.9445262991790042
1.0961245095231837
1.0815920148242308
1.0629104018153894
1.0811531192920387
1.0939777994545090
1.0895010678135841
1.0603872636512348
1.0972563022078674
1.0852662970330260
1.0967777282760256
0.3377564422157211
1.0845353486654423
0.9161508754388302
1.0905189088465430
0.9324238419668530
0.4043067752284779
1.0691682069025568
1.0917008496243683
0.8561110756608775
0.9826037786801285
1.0899030996104517
1.0713026966192403
1.0503149100334650
1.0773921617746094
1.0943447735025571
1.0519338272708718
1.0922995288364621
1.0951383640739734
0.9923819883465657
1.0956264813176435
1.0917041545082440
1.0188509648953001
1.0945178426840798
1.0955625889065290
1.0513378680607062
1.0987660068434273
1.0783058307002791
1.0970720940364629
0.8080147744515184
1.0189905339893766
1.0700966870326265
1.0659264770244481
0.6169771643548038
1.0846981595856828
1.0853607285559954
1.0937570461564090
1.0870039282758586
1.0895175558975598
1.0952067398141019
1.0959582152571725
1.0343004956407533
1.0947216430965403
1.0828534525066431
1.0735051255550461
1.0894164664841473
1.0855557402281031
1.0951518944660814
1.0975569553825284
0.9856930202452975
1.0925047394469347
1.0988629599595927
0.7823005396509795
1.0955729198943003
1.0936397370913666
1.0923286593191526
1.0072703631245083
1.0927717209764203
0.6973097290083926
1.0607070158342335
1.0985632634039546
0.6507414892234396
1.0686470341163230
1.0056291985911237
1.0972821906741568
1.0040724645656354
0.3084315219761558
1.0298387670867530
1.0574020965889497
1.0852202620075999
1.0253867682170066
1.0407308605890040
1.0979509992226064
1.0862407717730593
1.0769696461278093
1.0894136015628801
1.0775732481847349
1.0765492619203987
1.0936856295054664
1.0957591704488736
1.0719974300375561
1.0964569186682336
1.0963680936619915
1.0923333492140153
1.0928981429382842
1.0950649504812582
1.0893042809968174
1.0943377578326001
1.0951335343976127
1.0926874674782801
1.0579226650676496
1.0974478946685482
1.0962950148201365
1.0945931027031677
1.0957592077454001
0.7062823461413069
1.0935203821933204
1.0979359971498164
1.0967823400679466
1.0670828826601957
0.5979906339583986
0.6605375107796675
1.0966437346884133
1.0601995829871591
1.0836835075862163
1.0886953757654485
0.7645295008659625
0.9887796105383224
1.0795941851696385
0.9657023681448569
1.0976706113112966
1.0965534776681536
1.0878017083401026
1.0630679854908962
0.9206641810084427
1.0019359102749053
1.0769066118303905
1.0896140031193771
0.7775666440700666
1.0481630355917715
1.0944239512622160
0.9833342418865749
0.3459929383647540
1.0863693594343107
0.9811210156616359
1.0842711529359257
1.0934773111137868
0.4735685070027334
1.0892354905636517
1.0946942671916315
1.0857118449686920
1.0931320343522346
1.0837143375288747
0.5382971726186382
0.3184815238345513
0.9294164615454032
1.0903432578700025
1.0903240923902391
1.0909733831678337
1.0896284360210524
1.0463193295207052
1.0984951132694796
0.9483902022508816
1.0963201244113505
1.0913460920360101
1.0535346386911144
0.9558884998138175
0.9855446300666335
0.5077820588437769
1.0144830616365701
0.9136405655984672
0.9286413716425923
1.0833296344522663
1.0722157442252513
1.0958809185128329
1.0699329082209641
1.0987508735970102
1.0784975196562514
0.9820611005145963
1.0909563101804935
1.0912061829036015
1.0833058634005241
1.0929244974358148
0.5885756521962033
1.0876633594248224
0.9624156461731477
1.0826738883674842
1.0830141754833864
1.0532934145476138
1.0958214207879888
1.0778920620748675
0.4416473347988862
1.0742430889747938
0.4291760158105590
1.0732314474504712
1.0903470981894228
1.0963599848444499
1.0878376701622794
0.2808936803019844
1.0635725284036350
0.9791582984952550
1.0707731058207046
1.0827331633769173
1.0895666232841583
0.8840363091273179
1.0930410249802081
1.0810942660807668
0.9634549084109494
1.0881260546699985
1.0968794486125704
1.0883334152916100
1.0933220587091448
0.5689462651370876
1.0852637362933228
1.0666969653791092
0.9438819157778960
1.0940525290294090
1.0976539140704737
0.8203451876537806
1.0893480000966878
1.0972727193584944
0.9223012572809303
0.5686677263071546
1.0028596514752381
1.0974431100011239
1.0569709580210613
1.0327434495954839
1.0981038841986484
1.0377751973759168
0.9623360818048475
1.0955567188670206
1.0794107187072226
0.7037735648885745
1.0522554003214715
1.0776487321242278
0.9265393411833897
1.0988078296461770
1.0810359595681822
1.0389962110398290
1.0974993745064592
0.6548561668736143
1.0669350130533455
1.0730088553095594
0.6984824563438022
1.0596733615553713
0.9109932992127863
0.5959823387133624
1.0518506472559763
1.0408220372248687
0.4907454680035681
0.9382977946267592
1.0852342498920173
0.6086088372631500
1.0955630175786830
1.0984184396720089
1.0498176979850791
1.0616998156016719
1.0241753992831248
0.9253826032959512
0.9204367608598135
1.0885639829836902
0.8017004271374385
1.0955337269411374
1.0975082292943348
1.0984652005306448
1.0973493385485711
0.8346618916729046
1.0948230812304345
1.0876574621889836
1.0915495729297267
1.0976819682694732
1.0948648747817544
1.0925844846003419
1.0951192933754450
1.0892708707508343
0.8273818125933068
0.8692260491983819
1.0902419579615943
1.0888536910257653
1.0944523198069831
1.0821741369728950
1.0964706366816435
0.9416113282258985
0.8468570783119952
1.0137280190413074
0.7885372424629712
1.0949832952438918
1.0955178629875661
0.3327941550078043
0.5740846613179823
1.0809178287783479
1.0932388023574759
1.0815358107762254
1.0966428117777807
0.6603888294835916
1.0690320942900566
1.0867679627286575
1.0933328778396956
1.0959813798744715
0.9253355577851763
1.0898649169859655
1.0577895730142048
0.9162102863758194
1.0942469764375125
1.0846751250012343
1.0294405816341436
0.8623862420683344
1.0873660138751930
0.9479171443253664
0.9464134461980819
1.0342355029679200
1.0956635110510196
1.0921903959238104
1.0964548701047636
1.0769288268319379
1.0948220191605684
1.0978960065144563
1.0931045903007350
1.0968965440640395
1.0950478376604607
0.9911362614785513
1.0895864886453310
1.0873857873001618
0.7281964853191546
0.2817970526616041
1.0814762490422973
1.0912211484062220
0.8218710046111457
1.0854909976220883
1.0860821017445239
1.0709231451789463
0.9900995561585036
1.0001349990595005
0.4492349492306539
1.0648136878470109
0.9083971826245038
1.0873633488830434
1.0760280491007399
0.4378412793140616
1.0226385848515895
1.0720945989751596
1.0929913066712125
1.0678299249151675
1.0980684324579819
1.0887088258110393
1.0538534419749499
1.0964601521548247
1.0950843129154542
1.0985353436509351
1.0966762766124800
1.0809142306930193
1.0836297086250057
1.0927221352482266
1.0913400682501293
1.0923920646344021
1.0870964203473119
1.0764957126118075
0.9750198061370886
1.0937512754023575
1.0043509873280192
1.0947786754640481
0.8676619992658757
1.0719164017226799
1.0950352680720075
1.0976332768075983
1.0890950527086285
0.2866786881191468
1.0660239385738359
1.0955335950013312
0.3720964045106122
1.0961578392522255
1.0701720423703827
0.3925922708597299
1.0785620892333458
0.6511493618966985
1.0925529020799334
1.0953070912285776
1.0974531111633488
0.9969416390745465
1.0895601738869440
1.0856453581333181
1.0920669899962017
1.0974411863463498
0.9103098299980250
1.0476149219936961
1.0573188155627875
0.3554919766660073
0.9689051025292351
1.0439711510189396
1.0232218064576464
1.0591462493820714
0.9838136827543326
1.0406257328353195
1.0654460767240004
0.4132489596988168
1.0977113020078109
1.0698896503056741
1.0889947748891027
1.0561094593263642
1.0923474740944339
0.4747910906905810
1.0899937092558278
1.0956995752493217
1.0750601461229086
1.0939669915261232
1.0966498703146812
1.0971397330197672
1.0555349899666253
0.4542338851632568
1.0872715814930971
1.0868224780284994
1.0625943721339783
1.0123743437053190
0.6868738082984818
1.0898466475934934
0.7559801167999636
1.0963595557179568
1.0593820835026988
1.0963486508510276
1.0732125844047080
0.9924725727217624
1.0940036453509436
1.0401431104052514
1.0835279574718972
1.0755779641578755
1.0898630057391059
0.9929288463293103
0.2846177774124172
1.0201413583241530
0.8874551752655062
1.0908339704330159
1.0554227001826793
1.0955012330636562
0.9122413459793544
0.9438472890351197
1.0934350006816880
1.0922175137466075
1.0085017302431993
1.0720336393795917
1.0095107277855138
1.0573323305647571
1.0561848583137687
0.9992168607597164
1.0568059456204910
1.0917348981899944
1.0486169609075662
1.0400976383044214
1.0901432057238667
1.0978252545327762
1.0430080756906963
1.0961476060659854
1.0952488874120583
0.5892525054069456
1.0726471492285830
1.0939643690661751
1.0944120221289728
0.9734565378558190
1.0858340906448720
1.0866343119256194
1.0137636239654368
1.0520038360420019
0.9186706275251076
1.0560201682269956
1.0898646512826511
1.0887754609608198
1.0653338349547754
1.0959873900559052
0.8245127456553262
1.0767190895509635
1.0855008762656040
1.0989679655882176
0.9745101215032568
1.0940538718945643
1.0918087360415591
1.0871663538552792
1.0946839156799519
1.0209425435765147
1.0697066137297131
1.0982972304658150
1.0601549445895746
1.0542039097710585
0.3158586073388942
1.0750997727477694
1.0921450108768358
1.0914589048348327
0.9153027864206491
1.0973544806425153
1.0847668896115548
0.9743811262413010
1.0844226248816411
1.0378292685365735
1.0955996312111651
1.0701029283199701
1.0760898017659708
1.0817724642128257
1.0983016891329458
1.0959973560398373
1.0774496858033418
0.7635928383872528
1.0652939682428599
0.6682691551079493
1.0802495537282222
1.0928934724458053
1.0934183442530288
1.0977095587290944
1.0949271840415691
0.9526768671359045
1.0730918173702446
1.0724204849105932
0.8298905081980288
1.0890541334917672
1.0877215285024793
0.9764196795686334
1.0730299967227244
1.0911678983361113
1.0868198357945016
1.0981313489649893
1.0924766120713962
1.0868473372784075
1.0862632032644857
0.7134784057913602
1.0722174876136665
0.8930140760319304
1.0577105607128614
1.0975191458958884
1.0957946978413728
0.3081776519322552
1.0574356766117796
1.0679127295734681
1.0939852114316471
0.9671980939476661
1.0826060912755660
1.0969826086710563
0.7311731297731174
1.0810879977794605
1.0224644626713000
1.0498108068032788
0.8977510782925515
1.0884595967272099
0.2818929314723173
1.0885110121377963
0.7141100579604738
1.0881777534710049
1.0045417004085511
1.0918055139696643
0.5721642479223675
1.0549622464134969
1.0918477928044281
1.0962256325041595
1.0896462134212201
0.9380348870977506
1.0851587118041330
1.0877037866237733
0.4682077947223721
1.0916008265641703
1.0574817719754803
1.0825061498056223
1.0965490033264969
0.9546809219370361
1.0551482062223170
1.0878548289645704
1.0670317974303594
0.8454591840147994
1.0942039639580801
0.9111744190969057
0.9916469263038763
1.0949916431674451
0.7779359191296363
1.0833680993562338
0.4454003220169051
1.0935747174447001
1.0924663649309674
0.6794125288620139
0.9738958185723624
0.3124126029350777
1.0749694615446439
1.0347825929943668
1.0729535396448342
1.0906847790423375
1.0868620725463300
1.0452751063822587
1.0873256011019867
0.8810484343470095
1.0936101852229962
1.0941564505607091
1.0917771482006264
0.9332153765805465
1.0657221213903636
1.0842715551693343
0.8272391002206471
0.4002255195654878
0.4097212318431528
1.0905976040581811
0.8505684587704044
1.0914389341886814
1.0878847013130688
1.0740156541070365
1.0966847600621155
1.0754066062793133
1.0040323082842455
0.4107975840888810
1.0047893924073013
1.0924340299457642
1.0929781295065935
1.0530098038554838
0.2944993107380960
1.0519924502124789
1.0970526201234698
0.8030834457558378
1.0830245873790347
0.8640129015547535
1.0121691667033581
0.6619248912102547
0.3463457133142761
1.0785852042055755
1.0925813740083372
1.0966264327697832
0.5733150449966518
1.0678548848048266
0.8702994449042302
0.7796203164322043
1.0969122803701625
1.0968232325823211
1.0581215782163627
1.0800099668909842
1.0879236573408795
1.0978391940806485
0.9172831653341533
1.0720103250580879
1.0914900796655429
1.0929861509970307
1.0935708660156116
1.0807346763139059
1.0696676092455588
0.9238573567629748
0.9529418323629821
1.0621443806754605
1.0956162930043087
1.0862461242382653
1.0737914966096198
0.5775240726187885
1.0845282322320424
1.0766938946726579
0.4464083290715226
1.0934213420417467
1.0590845166362217
1.0942494631951052
0.7164300700122691
1.0578135944102396
1.0873825933983154
1.0968023757470231
1.0959462284283412
0.7688336221964918
1.0975900474757425
1.0914970798877381
1.0526471405093709
1.0619851398034885
0.9523908534005385
1.0830026127999903
0.8876437011299555
1.0723821622261467
1.0982985180019107
1.0618857302189288
1.0840347406520967
1.0843048535772963
1.0954350855547723
0.9528053097256611
1.0935453047435071
1.0860408651375673
1.0607818086686331
1.0926404920496879
1.0418364767827630
0.3649445003405052
0.8870155117661143
1.0820335954575355
0.4554826819377720
1.0824375038123373
1.0185465123897137
1.0856426762106344
1.0781097201193743
0.4048209709364020
0.8650501173675119
0.7647383839414825
0.4261170396695183
0.9287878694856290
1.0853846646596090
1.0869560001539340
1.0676795182682708
1.0791275787162011
1.0778780710207108
1.0880011854216460
1.0351136617696837
1.0777006934929692
0.7366407767173596
0.9498357269210508
1.0625971467570381
1.0787649833711945
1.0750569948336086
1.0737442477190433
1.0912358356315850
1.0967858713132652
1.0898908290150431
1.0920356759538941
1.0960753616634211
1.0813383143089148
1.0938312671559012
0.7618771534554057
0.8104255474069488
1.0945487313660356
1.0654478489217365
1.0577830406788769
1.0778525070805911
1.0956471536279393
0.4776871362051610
1.0695952482652826
1.0838464191998158
1.0953339498243881
1.0948680171302414
0.7493398389395869
1.0866655709125506
1.0653084684664040
1.0950770769073102
0.8933279058847602
1.0877154842318308
1.0059841218079411
0.9905468640790051
1.0948655381006662
1.0977136558696190
1.0580141483998324
1.0962371706436316
1.0808145190735474
0.9748149837866494
1.0927786069959233
1.0776184627960472
1.0844539593053639
1.0557322560649129
1.0976154252112702
1.0317755452718260
1.0584959299675434
1.0958383514863159
1.0590937384365127
1.0859100010603413
1.0291686115238463
0.9392087011789313
1.0345153543191330
0.5045664585116006
0.8200377505482315
1.0931434934419011
1.0945237325231778
0.3732204452763497
1.0825257400576009
0.9765747583970630
1.0929415864268612
1.0948982638349429
1.0854203414889956
0.8750519656066025
1.0356172624148474
1.0739267685243101
1.0882030079998137
0.9750859080517029
1.0958414310086162
1.0422674765237139
1.0862945019421761
1.0777966014345504
1.0889476485908494
1.0058841159925460
1.0646128868403582
1.0856681214946293
1.0647001833134393
1.0458419935454100
0.7615008480903327
0.3197588614047036
1.0966910322510268
1.0845073172866564
1.0978922092708145
1.0836468785804714
1.0897356865591177
0.2997334390623523
1.0876584856006313
0.3475037069976674
1.0955322042008715
1.0549046647475140
0.7712920138046775
1.0973697994719653
0.3096700541606580
0.9189061228170254
1.0902451295672220
1.0944798851594675
1.0948909557671382
1.0875494047367611
1.0063904503005368
1.0396418552296114
0.4308286671589184
1.0707121569882583
1.0143422395979453
1.0976260805159086
1.0851447491346611
1.0761226877670933
1.0871339207561292
1.0737686179848349
1.0286507390613937
0.8159667765950444
0.3148385180512549
0.9900017016392630
1.0520119217641883
0.2889388185253038
0.8058481939564300
1.0233111559544277
1.0708631049988457
1.0966549874057729
1.0859544691278886
1.0081328182733711
1.0961469570241273
1.0958871056896586
1.0962652273918947
1.0362827390834042
1.0913316649617468
1.0974721422913467
0.9652816501839446
1.0389828580903560
1.0969229780035150
1.0986628918080064
1.0316640736732567
0.5434711011928379
1.0239844822901312
1.0974229521207064
1.0817999780387537
1.0924603711378764
1.0951327469244352
1.0967585309462649
1.0921526060178470
1.0907970171926140
0.9901812425138348
0.9303608991601604
1.0888098667797206
1.0936061244926034
1.0090784054103907
1.0556656243336024
0.7881120887412784
0.9522773276377604
1.0951736125904479
1.0959400354617639
1.0951771042580452
1.0953366339499582
1.0882474712296712
0.8333200502674825
1.0910575215845628
1.0915900989435690
1.0023381532837259
1.0656642473806166
0.4993378327501777
1.0413562020491800
0.9800443627301285
1.0977342522422187
1.0671337257797575
1.0596645321122864
1.0860349103074389
1.0808358846919088
1.0875045790849496
1.0540613179300058
1.0981397214454711
1.0963655199448652
1.0967642049355373
1.0458826285363898
1.0906205882064319
1.0903277600080190
1.0860363586420549
0.8559894306293787
1.0882691136446003
1.0839236935179095
1.0637108466254714
0.2922041427679343
1.0903460726645673
1.0959752067804762
1.0890427870563117
1.0938158102176438
1.0871716424565350
1.0130078127694209
0.6632954604766915
1.0788506253187717
1.0878626960115843
1.0568665098241814
1.0875743818246715
1.0868443814148303
1.0604818132953284
1.0843913095018463
1.0861145551877307
1.0301964461120425
1.0951557093183255
1.0652021762645856
1.0897477595713607
1.0275617293040067
1.0976019056389335
1.0893919640025713
1.0466811226051287
1.0917796718455171
0.5038552437329488
1.0914606627786527
0.5685539006197869
1.0913049668007184
1.0899805566093466
1.0468205902116621
1.0972063308899422
0.9918353975902781
1.0835932964519126
1.0612820913028647
1.0524120071472682
1.0087651366009731
1.0963779327702119
1.0735270515330559
1.0819829659836424
1.0944593921534287
0.7678573298010598
1.0867317507955396
0.8264976425347565
1.0930959035607513
1.0899030458706647
1.0827719886620120
1.0760207355512299
1.0487216598302631
1.0646777174617434
0.8749758462719317
1.0959664972804353
1.0227653692643637
1.0836179996330815
1.0653598250817820
1.0844633973757685
1.0308651869619387
1.0807050289149496
1.0353321200364174
0.8629791763653363
1.0814499507473110
