-2.6277104810162899
-4.1477854608958387
5.2711758898290011
-2.3369738807598517
3.4786169421712838
-1.2627130843400494
-3.1607350985457754
-1.8198280084608800
1.5918094715749354
3.0446810819396788
-1.1689981070493269
-2.0325350833711346
0.0959507820954158
-2.2726948965576379
1.1070348954321647
-12.8483659616150447
-3.9217306782640700
2.6311807788507418
0.5206959270248626
-0.5617755387265271
0.2522348489079495
-0.8971590788804655
-1.3263205587589566
-4.1162169464105105
-0.5253537573668905
-2.2745366093252133
-1.4887025552035182
2.3643170470675865
-3.1095526638386488
2.8831837791882546
-0.5568601170184505
1.5806047918365151
-3.4664711611748942
-4.9171389572770989
-2.9493159678478427
-2.0038122590478959
2.5023553782454417
-4.3101139887616018
1.0511830865786398
5.1107991473328829
-5.6533470209190426
-0.6475612862579414
-4.3880835827091769
-3.8547380671444116
-1.1174222415933706
-5.2922590010481523
-2.3198143700138805
-1.3955679306524824
-0.8169179407601981
-2.4601173115919317
8.6931286130799688
-2.0316132456304783
-3.6688442414275824
-1.8912734659791295
-0.8042227271291448
-5.0432501435606998
-0.5682362748672640
0.6005040052059446
0.9260406552515149
-1.5442853778898407
-1.4800524143236071
-0.0738048182738348
-2.9770478208383899
-0.4068519547513014
-3.7502366354890775
-2.5088718145465538
-1.1023454202723366
-7.3034764187737800
-1.1755659044684807
4.2463510065516195
-4.8724292580249804
-0.6698435493345883
-2.1949436748357316
-2.9501943659355994
-3.6842801446906885
-1.8099173782122306
-3.2039168922517014
0.4363680133610934
3.6568603611268728
-3.4307919611827526
-1.1749202327070916
-2.0378535704210159
2.5030320080084119
1.3125349156073680
-2.5363138669910024
1.0129315335321221
5.0981637401105493
-1.8372389144163763
-1.4048663822598517
-0.5492984370558763
1.5107973012551528
1.5793104294555689
-0.2875475200203093
-5.0874878033425626
-2.9233511621253294
-4.3274532514619422
2.5019517818602948
-1.9085482546674799
0.0547168235099812
-8.7345069027675120
-1.6186877837732290
-2.3748988983277939
-0.5611560523380427
2.1319065636305310
-0.3057063725045199
-0.0951912234074428
0.5805088179136210
-5.5412081510308600
-2.6834655836421821
-5.5657627647839174
0.1337852657733151
1.9020379829475591
-2.4123934282471868
-7.5248112851347964
4.0081767861201634
-1.9392878166466427
-6.7274769276929360
-3.5655124029494569
-0.0853078066271488
-4.1112606585340679
-4.3176009510843105
2.7232537651763100
-1.7093052703414102
-8.3627619695550770
-0.8959490560123021
-2.8850080079822815
-5.0963799044973603
-1.5243058672338352
-2.6802768848938019
0.3968196766178852
2.2361501051435759
-2.4128177077645403
0.7679135036002624
-1.4670868180350904
6.0602759723748996
-1.3282650292848452
-6.6906749062756905
-4.3251434697123630
-7.3504297037299011
-4.2471759845768213
0.2598420336410910
-3.7786192467878124
-2.0534688659957832
-3.6024291672666484
-2.7383132420598550
-2.5215173021854258
-0.8399775848531514
-0.5638981849191996
-1.3473236538262843
-4.9522682662146300
-2.7546320918859171
-0.4264091841465581
-2.3925700748618635
-0.1964441507736840
-3.8045427145514505
-0.3687628658948638
0.1925781647083235
-2.9114049142934548
-1.8518672024013845
-2.5291726905186462
-2.3324371644820583
-2.5234122830367460
-2.4730909942894805
1.7657236800060572
0.6522208687881014
0.9002425911583526
-0.7856323933954652
-0.3108705224223182
-2.9012464093178729
-0.2569403282170959
-0.5167415874169687
-5.5994369162387558
0.3115656959047192
1.0554944913588273
-3.6420102927224089
-0.1581778536055669
1.5332016653780227
-2.0792330057942672
0.3392945005679709
-1.3506151398591952
-8.2719966416138782
-4.6776983610794129
-1.1741907246062127
-0.1100352885127878
-2.9592234093158445
-0.4897450878617751
-0.7465545967727290
-5.7398585779663316
-2.0088688562722941
-2.9556825374655129
3.3486617871693403
-1.1359604544617337
-4.2911092474240631
-3.1078656175881654
1.3514941049509894
-2.7865822035336842
-0.6627044270248665
-0.9822276818524116
-1.3685751705904667
0.3158162559015217
1.0623334996257501
-2.3902165321224786
-4.0612563889686024
-0.8029272841656413
-6.0832512499129967
-3.2651450487723555
-2.7800908872580798
5.1041077293015666
-3.5461983021517711
-0.4374892627111659
-2.3012048497280495
2.5622061192403138
-1.6261574939744601
-0.2322025934890346
-4.2774474019095843
-2.6184262666517646
-1.8167584758066218
-0.3892012009998597
-3.9541434870721259
-0.3325552900872585
2.3005490324533557
1.9656900720965609
-3.0634923119866855
-2.4438337657716862
0.3641010670433322
-4.3696869994469498
-0.0885875132970902
1.2335862354685829
-2.8066850042257010
0.0831022356037930
-1.3382947120233333
-0.2207222895020484
-3.2589204915199450
0.5801526620214970
-5.5676867618305383
-0.8357860969314391
6.7049903260807122
4.0671136116488551
-1.1565967400429555
-3.5531498574652263
-3.5029441702797328
-0.9596252798323786
-5.6456774010310822
5.1690772360497537
-3.7973114869804170
-1.9929385304412055
2.1715036527791796
0.0540523432270440
-4.1539962180947620
-0.9512578286184101
-6.5877966995700632
-1.4384685596535398
2.0183944675947560
-0.1451302321875015
-0.9905313844816248
3.5036008348361678
-0.9588908169439584
2.2521552210571456
1.3482305359796491
3.3301560104889556
-0.6279512036357183
-5.1343297064234239
-0.3387512267481145
0.5291973903884022
-2.4254368531853894
-5.2356025097733001
1.7676359672075979
-0.9732883998279596
-8.5517602299567308
0.9919458991358568
-0.3390765962740332
0.1269452565161514
-5.3150996390285146
0.1378812510592000
-3.9974976007892633
1.7622469774040184
2.4752778676299156
0.2466625213613142
-0.9245157324904409
-6.6031558998382973
-3.2490957275130361
0.1683909624399085
-0.0303954094454072
4.7321236601080132
2.7456347363170184
-3.2650930427769693
-2.3988733683945007
-4.6317850230277573
-2.6966090196526644
-4.6270054072465205
-3.6701718989350920
-0.4441781411827735
0.0714929624383306
-2.1351358658054367
-8.0586827132759691
3.1486272487761719
-0.2590634487116007
-7.0250404985320225
1.6195078814000468
4.5672800852191209
-6.2089867670612300
0.2094009790426256
-2.6787241355859406
-2.6933073559617693
-5.1291856219014695
-2.7523318576066371
-4.1003393969920161
-0.7511327818795084
-0.1445903729953189
5.5622320404769310
0.5602116876789534
2.1341617987430372
6.5687967776007223
3.5302802452539517
6.0806306056009944
3.8393921355745078
0.9952608671701481
2.2014225305705959
-2.6339618657438293
-1.3329836259470029
-0.8350346419475311
0.2986906578203448
1.2921422267431488
-0.0926168264972436
-6.4162585922793518
-0.3839218432621910
-3.6195663580924289
-0.7758896565025818
3.4352893701740008
-2.9704681601520502
-1.5583821444311865
-0.7382437174337220
-6.2097145654269408
0.9950925102456892
-6.3858424031873069
0.2890205331545261
1.4301763859663470
2.7375319070064332
-3.7019083901688297
2.2914744851391498
5.2598125742325452
-7.7565281290651305
-4.8919913017613563
-1.4495633895936419
-2.9867198204627297
-2.3177488214433764
0.1226743583894601
-6.2641476955309656
0.6185711954593509
-2.6442070955689347
-1.7303492873255901
-5.0043050168330350
2.7421679337579148
4.5265851817780014
0.2589248893339547
-6.1776388148099084
-3.9929445089548286
-0.5839198911688814
-4.0068296453351788
4.0026493026623928
1.8019224040908877
-1.1651661150918049
-0.3236713932138777
-3.3507096396719906
-5.7541508590997781
-0.0523685406557394
-4.4368993470213072
-2.6406937050963650
-1.2547074902589450
-4.8599830832400555
-4.9955978095981273
-2.0144375824412886
-2.5090791637362018
-1.4877004079167300
-5.8111340486067409
0.3761179977533325
-0.6937230380468721
-4.0828627595805731
-0.3907694172682758
-4.7951520728723169
-1.4396552270419298
6.7385520212844714
-3.0017307043927945
-1.4600587079230456
-1.3133622087297772
2.7624909099800354
-0.5240500773572219
-1.5069505622726040
0.1287340012381481
-3.3202816179021233
0.8508765070459143
0.2274816213940944
-5.8316362836359108
-1.0928012163443390
-3.1909610410388933
-1.1649724509519805
1.2141840903740146
1.4745923137978103
-2.1590252040296600
-0.4229489136293374
0.9152640633975199
-3.6145884950565188
-0.8974664652602413
-4.8397449326572772
-0.6585727741578282
-2.0672198970561899
0.6112952542596810
-5.0419319756490584
2.7235099144811086
-3.3314033101172917
-3.9366754527459165
-5.2036919939055855
-6.6754382865020894
-0.2032790095485940
-0.8540443890286959
-2.6782467940307106
-3.0059022576059604
3.1704942993902221
-0.4983166790945598
6.1647038511208931
1.2274144554399804
-2.2787352488763748
-6.5597741758800483
-0.7139724904398407
-0.7082849436358762
1.7652778468871808
2.0977101012666539
-0.9404822188433595
-0.4704672649513328
-2.3680248484532402
-0.8150832760812893
3.8448925424226279
-2.4280535682539677
2.0176431315776444
5.5090587342069304
-0.9556781910900706
-2.9404722993090271
2.5234503452270705
-3.9276982330284289
-3.6539224156981507
-3.1259302432765796
-1.0135842082864042
-5.0838729731871215
2.8037013164223148
-4.3972596426298143
-1.5276126900511013
-2.3411406272060145
0.9946210827127161
-2.3236387829258462
1.5232391201077011
3.5324781674370733
0.5801462206433283
1.6424819967084479
0.0759166128217732
-0.6513547158695588
0.4115496338418372
0.3226161954749518
-5.1321196946199041
-3.4119433638557619
-1.0268815191112275
-6.9419600856809209
3.5420792058064419
-0.0324392985471258
-3.8702151442069592
-1.1609476625662951
-8.2734126002856847
1.3534375182589200
-2.3063143108088711
0.1201336177225541
-3.4549869847006747
-4.1412130452741529
-2.3099379498853430
-7.4054511567597432
-0.4745762698993534
-1.1081036372199609
-2.0450840349963872
-4.0786511430823502
3.0689375688477631
-2.6253726206143511
-2.2464641890748247
-1.2796282099772391
-0.9090812462525169
2.1410824129537280
1.8083161995413382
-5.1951558307130146
-5.9941994127484195
-4.8008366087333778
-2.5955505683734645
-7.0768586438591372
-0.5003657286602962
2.8133945548500603
1.8013299142508692
0.8383172122688114
-0.8302819878572295
1.9950577473180224
-3.4471542462084335
-2.1119871532844137
-2.4269184303002609
-2.7111453446790907
-1.0422271024736278
-0.8448929846193425
-0.6776184115886025
-0.0726977168970045
-5.2379111680502044
-3.7056135142998929
-3.9415437079563018
0.0312786580676577
0.1057890568227861
-2.8116723584360295
-2.0434449366841365
-6.8159628265959187
-1.4343313044419836
-3.1869368023508762
-0.8303133481981141
-1.0714802485871131
-0.4350102744743041
0.0169068945162148
-0.5740953015569514
-0.8937821495645510
-1.7323658584363861
-4.1354498620620861
-10.2342650876488470
-0.0037548344770941
-0.2064763879720211
-0.4934866267023195
-1.4805774106836407
-0.2235555885226837
-2.4847031924630421
-1.7489767592667071
-1.7361095505342137
-4.0577975018931083
-4.8341721219046505
-2.2867926204250830
-2.7885469052046017
-3.3471762238393765
-1.0927517554542705
-2.9210796561246521
-1.7757490380904228
-0.3226969541916372
3.9988091313477905
-1.1043619095569086
7.5770860251448964
-1.1508775455351399
7.9298666459880867
-3.9083910578595371
-2.8652742009270815
1.8477954929193394
-1.7619573601333443
-1.0523320226699568
-1.2598812350778945
-2.5719127660093823
0.1351484034700762
-6.4251865566311333
-4.1031213849814812
-0.7383983366073193
-2.6378746758515534
2.7815179828217684
-4.6248584631357605
-1.8618692721432273
-0.6631854955685783
-0.8771615152890527
-1.0427748257101885
4.9529446680393745
-0.4316164568940649
-0.2983000359429435
-5.3734979943661410
0.1151968562185906
-1.6693137206970152
-0.6138367819827686
-5.6999934737286289
-1.2019938728308601
-7.1905955880901473
3.3421352705034661
5.2210880455593802
-2.0273846242430342
-1.2305965444932825
-3.7861166146853531
-4.8370859336479919
-3.9321583204981367
3.5258611332446481
-0.1096890289477160
-0.6132285019712063
0.1091871425944940
0.0005604992188715
4.1561377062778035
-0.5023186965228861
-2.3785405730424642
0.6387352416999504
1.5139532378320466
-1.3671398706922697
-1.3653453825675919
0.1281430861358093
-1.1154185695098000
0.3611591418480923
-4.6909389669190364
-2.1812789798832961
-2.3671577778792905
-6.8088314608299356
1.0173326245111700
-0.1795027943572766
0.1079298178820312
-1.2831032121085373
-2.0359353878078905
0.4999242504914761
7.4232700771764817
-1.7650612828536609
-3.0838130897702607
-1.4282275577822201
-3.2521514736951409
-5.2298953887684059
-1.8804178798747564
-2.0569028377627663
-0.3007046762207930
-2.4411761719209131
-3.0352063916634973
-2.4570611638637270
3.8438167740144520
0.1065377024810361
-2.4792502600587216
3.8235699206674081
-0.7610617253655994
-2.4828395103603049
2.8892589712004684
-2.4819718480398811
0.2844814595367357
-2.4866673664788945
-1.2200573900326237
-8.0780625150015428
3.2046280786471275
-5.3435938331290433
3.5557117440360595
-2.0961499302403319
-6.1519012863348710
-2.2265395269762633
-1.0779204037031371
-2.7848901586262875
-7.2701152240993068
-3.6629151246976828
-3.2111140692920013
0.3775625580382084
-1.9995454491207398
-2.0850926621699606
-0.5190823258473181
-0.2924252457078590
-1.0596148248346333
-4.8010273352037123
-2.9785085573952972
1.9942304053248252
-3.7216827425491714
-1.4253569992763919
3.0445007927746137
-0.3401541783176465
-8.1120817781018850
0.1592727879598631
-4.1479791540209350
3.3954817053326511
3.3567568486631907
-0.2088171956853400
-2.1143179043294227
1.2634827672520115
0.7387903527993945
2.5620826055736190
-5.5411747916757026
3.3479319641022838
0.5160580853509860
1.4606484953004426
-6.1102323135358114
-3.4524884479361178
-3.4875792882593410
-6.2307235299089649
-0.7605610596396524
-2.8995402163265909
3.3424159228229442
-0.6101566478617557
-2.4575821322135076
0.4080351286402607
-3.4160339543099720
7.0466503016345872
-1.0428532215146011
5.2442917002361291
2.7031959410706934
8.1487176493464482
-3.9276733122086616
6.6474527764086675
-1.2593467514616878
-3.1960926905549281
-3.2696941665598587
-1.5498142267156769
-1.6125136573946690
-3.4216172056528671
-1.3657774340335684
-3.7948592434674331
-1.5794879423556702
-4.4684669975227038
-0.4898154408740939
-4.5234501459531637
-0.7301943837963731
-0.4717302763109227
-1.5985851081467923
-1.9973511712522602
-1.9691816257394763
-4.3790231430750506
0.7840004242925054
-3.1476271638285334
-1.7893147420462421
1.5882420181308052
0.2572967914774299
6.9558347225974169
8.0230979721401408
-1.6889051672255337
-4.1299498670328267
-7.2736108534679200
-1.8080915451352688
-4.2934124878629714
-5.2132954104132940
-1.8516411809483628
-1.9236825991225319
2.5214321505196118
0.9573270157173487
0.3971334148977811
-2.3647272031162436
-0.8202065950090000
-2.2817638977379100
-7.6196937849602158
-4.3609561164075377
-6.2653224414786521
-2.9459346311665784
-0.0723893188350351
-1.7745254590374973
-1.8168534351136909
-2.6778627545433791
-1.5914273654295736
1.0240079981750636
7.1451396201425572
-3.8067094297987709
-4.7325713185804021
-1.5590965055502402
1.6595778968881927
-2.4736196455300132
-6.1576211745015845
-0.8094344268239868
0.4462857275933767
-0.1052075152774970
-7.8681300593220227
-2.9299874914565773
-3.4133367787699753
-2.0104475588271469
-4.0345409052472005
-0.5317952260730088
-0.7264352039849364
1.0744785577331653
0.4855920526797682
-1.8735633196178307
-2.1600761879923254
0.3360779388003287
-3.4193949534410435
0.2291446823117450
-0.8420678755264249
-1.5969093521220428
-2.2299500268132677
-4.8563262451760698
1.5846731194304353
-4.9740995760722031
-1.0413290322296507
-1.7654608381397816
-0.6163765679863327
-2.0541388518556296
-6.5881899245871391
-0.1496056228998235
1.9002572226707310
0.5325432946110471
0.4906036558836721
0.6006362870949881
4.1276397571325170
-0.3862006707840671
-2.3885997159270822
-2.9530520686725210
-8.3958623410147233
-3.1380545792326613
-3.3801844770018588
-2.9527472165027775
1.2909652549143615
-4.7604519320216356
-0.4018458108016282
8.9862918080887333
3.9663524036640134
-0.3716236791484618
0.1912823973473862
0.4746051387695998
2.6423032200023480
-0.5748914837692684
-1.9390545920138271
-0.6128725402596051
-2.0998219043012045
-5.8579613679709883
-0.0276200266513241
3.1227616364780815
-1.0291268696160825
5.0007855112215109
-4.6931031492935436
-0.9118124755273429
-5.2981190635608995
-2.1673341143872231
0.0232094365348841
-1.4648209602687836
0.4299980840769486
-2.1792848908660818
-0.5068015343182646
-4.7473407233901090
-0.5398196151418232
-1.3207953799268604
-3.3264853566769848
-3.6628102063204309
-5.6738004235707731
0.0247030677304947
-3.7627492435835652
-4.0896731152257679
-0.7403666028021785
4.3405231621444189
1.6147481742471459
-1.5733778201022466
-1.4899660402115753
4.3792316829591327
-1.4066428689384112
-5.0887866660043395
-1.0683348606981546
-2.4334537729940240
-1.4405752961464078
2.8738307154746274
-5.0743798456644553
-5.1863520675293051
-0.0632386659156291
0.3133770176759574
-4.1980053414302043
4.6897545958089220
1.1095383280131264
-0.7764777357321353
-1.6995352603881584
-3.0426526271303427
-7.9114099543569738
0.2132178744151422
-0.2718482155448280
-6.7335726584582503
0.5325143804409367
2.1026676164947316
1.4258114571494402
-6.1436297889642972
2.7107867685419942
-2.3560120848646711
-0.0179768024103807
-5.2730567449601651
-5.3059300469386539
-9.1104537520498319
-1.4719940322005818
0.5528513254678697
-2.5905611375020676
6.6500371226050534
-0.7031662630032707
-2.4211856377468179
-1.1756040568590553
0.1967084461833953
-6.5140509796173269
-2.7100737708708977
-3.9708183786489868
-4.9775538393670358
-0.3362937255286537
-1.1002621647545108
3.8732050723546139
-1.5171936296911945
-0.6934387881855364
-2.5935867524361003
-2.4641990684413995
-3.9020985139849080
-0.5749573588557918
-2.4523468952589869
-1.9049055496221925
-0.5632204224388176
0.0981893664021324
7.7148803940655339
2.3051234556287303
1.4137772825263231
5.2740162044027867
-4.6623240195148110
-8.8069140524140597
0.6456441473783159
-1.8739764229776390
-0.5873878076878565
-3.8413827911890284
-2.6745336612135699
-2.2689005500850179
-0.8243678359061980
-0.9714243401470855
0.3011997683924698
2.0025677803638420
-1.4464114180067187
-7.4897294456255104
-2.3489808347110483
-2.6670170803079318
-1.5032165142887222
3.9470556626495825
-1.4071068145345595
3.3357124159188607
4.2088036060953646
-0.7600752963680493
7.0212134848090368
0.6485387039748517
-1.9989192858095834
-4.1862401462530139
-0.3417199812381245
-5.7651320777881603
1.1476403392691286
-0.1719200373203672
1.8105916008935325
-0.5499997823924196
-0.8312660774680311
-2.6089529007123229
9.3852536685458041
-1.0836057177673497
0.3563546692349825
-2.3292795280615319
-1.2145188685278954
-4.3080630170960568
-0.6573508044733452
3.3168539406270612
0.8053615906059862
-2.0051959109523816
-1.7732710686436670
6.2423822110940597
-3.9431964528491563
-5.7830892271241661
-1.5091134139645614
4.3622213845512965
-1.4227765380813575
0.1438631770438639
-1.1363532731666464
-4.2456371322913284
-2.3385526658030180
-1.8571405347845271
-1.3316238940944265
0.0544263037785672
-1.2441753477557627
0.6868428557015672
-5.0421440224725078
-1.8765745532329123
-1.7095013475351672
5.6223419590136450
-5.1837992578664123
-1.1302793245444378
-1.5883827688490746
-0.8215741245274041
-2.2339163775068811
-1.5402593270883342
0.0118650717313461
-3.4275579313330953
0.1687317768041105
-4.6118242477589559
-8.1958989990991267
-3.2362130371102973
-2.3129117131157071
-2.5320202997433423
-8.5267152845889225
2.1981968149007280
0.2312935956376435
-2.6360742574879090
-2.5692976996089159
-2.0513299815984469
3.1895362357539416
-2.6080071051579932
-4.6903746664174673
-4.1753676098272532
2.5211849763195326
0.1613877044342977
-2.6537306369216322
-0.5069399997631699
5.6259393417965891
-0.2616736106223846
2.6137808203425301
-1.6990860324131334
3.6581709517073908
2.7222917249915350
-1.4885390198443729
-2.0947010714747050
2.1128486193471576
0.5136924873639807
-4.9243128246424090
1.6643249508194047
-0.6538764410693918
-4.0862777782656963
-2.4029258728169132
-1.5787535094450460
-1.6387341216310023
-2.9378992979711822
2.2222010987603755
-0.4748359045098482
-5.0824982858736103
0.3670492448655864
0.2490366323592851
0.2483671646405879
-3.1860432652383612
-3.8361109380738228
