1.0925755425488837
0.9092147600858528
1.0437240663362630
1.0836206476601309
1.0264931895515796
1.0954255437949927
1.0847359429887000
0.9517964963700023
1.0949179501307653
0.3022816018336975
1.0791000304310745
1.0981628860439288
1.0887247536399196
1.0945197828949067
1.0768306118571240
1.0077342384875867
0.8755507277349225
0.5261591145049495
1.0952674524734805
0.7535063603775594
1.0940707782494228
1.0723076113918064
1.0787900428137835
1.0589016404880365
1.0218657243209890
1.0151148451841814
1.0860845371359553
1.0673816366779398
1.0409962889589366
0.3250524869916740
1.0921445577799820
1.0332084566772108
0.3046971668845500
1.0973042943270601
1.0896496096416088
1.0880002704669929
1.0229976494565372
1.0474567044874692
1.0967519634807232
0.8003494207676574
1.0569013377670944
0.7123736616950785
0.9357630325660391
0.6986097842386281
1.0931695859509405
1.0882176626210027
1.0916287814968686
0.6211844141553740
1.0926001048471716
1.0402835856568229
0.9774272420440610
1.0948445140499474
1.0898067716960236
0.3383551019798997
0.9927876169269240
1.0453786507115554
1.0877633545641565
1.0952531772846625
1.0945790048905992
1.0616970224312112
1.0881739434999997
1.0941580750521662
1.0847900398253911
0.9866185797681141
1.0736801757618368
1.0780264221815692
1.0826984419766508
0.3551355389406362
0.2808633228857902
1.0866079382560878
1.0273700685375202
1.0899477255901251
1.0918213264836176
1.0654576908849300
1.0935464279012097
1.0974472473672916
1.0945564395160925
0.9425932492020563
0.6465059534298513
1.0576062805422299
1.0913149550176058
1.0664912675949123
1.0491862318069378
1.0980127701612084
0.9453006633866586
1.0920223605936183
1.0930561990590333
0.9160773478139396
1.0531360284469475
1.0553053895848201
1.0419645049454132
1.0298687685408208
1.0804121586731710
1.0966687700280551
1.0675468058433910
1.0964180472250626
0.8804989163193142
1.0925758331854154
1.0931888652949497
1.0553920603477005
1.0905914753371477
0.7560269544215126
1.0941599778264162
1.0899604543197587
1.0686225451200095
1.0977500984500457
1.0951546859337207
1.0865766164385851
1.0838939129137370
0.7244009463546009
1.0353608385547879
1.0867669216522000
1.0144856809748013
1.0448631583123758
0.8788929678886611
1.0145587072966347
1.0179163656222863
1.0651367239218055
1.0974552137325837
1.0547072340421901
1.0962994217325193
1.0716808216790323
1.0785520304997065
1.0683419835275927
1.0889940634675839
1.0349098998640500
1.0151602456588444
1.0865561090765039
1.0918786873576534
0.8411234954588936
1.0786011532285806
1.0618601322640653
1.0895107911408164
1.0924728613447783
1.0541371440487866
0.3624347032891515
1.0434617105345385
1.0973594882865771
1.0968117203684435
0.5467568135955918
0.9199738747964399
1.0289250298803694
0.8494043893485800
0.9148781009613922
1.0593730447916634
1.0562909977887744
1.0677277793819471
1.0932913396729032
1.0429545766036004
0.6856358053233071
1.0893195914351286
1.0242338965828441
1.0545187813780876
0.6491428080572142
1.0811554233870333
0.9961517439320681
1.0834128707259201
1.0962027773811249
1.0912429071945646
1.0896394271921437
1.0429126090021674
1.0510206449011095
0.6316244345472710
0.3878939037942958
1.0771413510324805
0.8203290631560098
1.0906559407166285
1.0766498842356496
1.0880173157664002
1.0826566244751650
1.0789800261600730
1.0481571196657284
0.3403082714963782
1.0738080646493351
1.0948695074805090
1.0897953173627717
1.0956370028521030
1.0919125402592493
0.3810376950906151
1.0635942315506479
0.4652710487987722
1.0775093241177427
1.0289092222798499
1.0909653464018680
1.0418741561501290
1.0947884598854425
0.9141592340611931
1.0915574110335609
0.5361624227772757
0.3229949500457214
1.0612068310852063
1.0106732409156662
1.0741947515532491
0.6968388635935038
1.0457657015261996
1.0911374341119144
0.7234915597317363
1.0549853465226970
1.0467802615656721
1.0423045382392033
1.0635861751516098
1.0872211061196859
1.0949731721157734
1.0946727707300850
1.0919494386383977
1.0824146513776738
1.0742953181071344
1.0946077999057544
0.7828691125662883
1.0818752048845965
1.0962119804595520
1.0246672767861806
0.7586770860876874
1.0829730418421104
1.0937996076084646
1.0270570318706378
1.0229787697424044
1.0615166450856126
1.0891419872468557
1.0985111345771097
1.0066767239323828
0.9550409022524202
0.4685030177219514
1.0971891615779217
0.9935389169193277
1.0777783141028436
1.0568161976712449
1.0621015415085113
1.0598780938077106
1.0932323558429353
0.7530839096432264
1.0822781276287148
1.0936395415066971
1.0774124325237706
0.8567874709203301
1.0975838889139775
1.0955890769052985
1.0796294385572569
1.0893133883654120
1.0932200209164904
1.0978913406430360
0.9675255692036869
1.0804928847392734
1.0846820684693266
0.9370755093470040
1.0102037910406230
1.0846862364057153
1.0891705801863589
1.0952598163670373
0.3359271566433564
1.0650088480691693
1.0818022232327860
0.7466383327565403
1.0919821836673789
1.0032953856296454
1.0757418579010223
1.0677907114428726
1.0785467356278371
1.0937687346524121
0.9631928039180931
1.0962476406727253
1.0960489646589577
0.9736264564529583
1.0705453026961014
1.0801985727344074
1.0914348637276552
1.0869319935823869
1.0881678231285683
1.0876648543475302
1.0944560816821571
1.0935137726860851
0.8203807065802677
0.6609458297957396
1.0662983095242846
1.0950250518141553
1.0897815527699359
1.0762049880041962
1.0644307561314479
1.0897511357895189
0.8223690852270896
1.0805791686275568
1.0107066960274069
1.0895724148974446
0.7052713185148575
1.0518299070142403
0.7267407342179695
0.9261429948597857
1.0804274594877679
1.0235674176933680
1.0820561155607680
0.7012031237899882
0.9055626907043487
0.9418658888105633
1.0684225902871238
0.3163615498671448
1.0828299281245155
1.0960616573408848
1.0897268151266268
0.9591345236603851
0.8733664861937662
1.0883119830989814
1.0708000865403116
0.5665233106789295
1.0724583284676115
1.0775931283072415
0.4719630738035204
1.0970801033097646
1.0317803860965160
1.0833294537523894
0.4234676256664597
1.0975098515826838
1.0906726429581217
1.0551273812602215
1.0192931284282212
0.9766499141122295
0.9708933107023405
1.0733310462673060
1.0006980427429553
1.0903619238510809
1.0794924965197226
1.0849032767604483
1.0917727529615902
1.0946396845995470
0.7109717308982900
1.0861499413335634
1.0858798683981579
0.9043269329027996
1.0502270661935245
1.0761790202678709
1.0952737522242777
0.2952354480308735
1.0954100679194965
1.0576554794048876
1.0442808549167801
1.0883370113486353
1.0572720002161595
0.9877393331939460
1.0951699805802169
0.9734260794322289
0.9651801396449924
1.0741917060899280
0.7965663288775839
0.9654296502207184
1.0972580456570666
1.0892171380404536
1.0981145805171453
1.0783541967092645
1.0587427685557591
1.0823084765535456
1.0650694848878408
1.0979648533227495
1.0610135068517446
1.0875148424044343
1.0973560440725481
1.0909505987558688
0.4306152413561936
1.0973238148770241
1.0907994896781439
1.0918161908740096
0.2844729899315196
0.3584582833371028
1.0869580016107687
1.0910186191740110
1.0864921706774708
1.0969621410216668
1.0871866092873734
1.0879289767576834
1.0836476722242399
1.0931050398252640
1.0817550663268674
1.0601283979016121
0.7233817041118854
1.0725830695349503
1.0886077210355860
1.0744768151088444
1.0973670824552753
1.0678132714661697
1.0556986920181128
1.0937955756533753
1.0940524415872830
1.0370922513658054
1.0940252503192052
1.0928624798039113
1.0962556728086850
1.0970262534156492
1.0869286033455450
0.4683630412221424
1.0004270374839699
1.0919849196382896
1.0719530534016062
1.0936798213170456
1.0944967550298546
1.0958724720104551
1.0895695148624305
1.0656974561246066
1.0698359959410069
0.9752221308316619
1.0821776559992626
1.0826600127102435
1.0813956712146069
1.0966243899570991
1.0971987616632655
0.8574653026793992
0.9493927117469358
1.0040474850870971
1.0903408357245885
0.9066095406665960
1.0305782325459925
1.0786915096767704
1.0957336691860697
0.9989310928026923
1.0917432591766498
1.0967772967039451
1.0787526421462947
1.0636957333120343
1.0890345476747536
1.0706152927311308
0.5003905107850439
1.0685461208496900
1.0966398508791231
1.0899020742966621
1.0986638888222933
0.2973944819659880
0.9772354003003108
1.0896773665662898
0.3740708185703821
1.0719806203770743
1.0275464783475312
1.0860368030458607
0.2832291948147542
0.3431297112371202
1.0412846529120141
0.8142851262814695
1.0943871965183678
1.0452416981962644
0.8848003386176256
1.0263688183528390
0.4627516245175877
1.0908028603670454
1.0485539072806065
1.0936887075356452
0.3082923535826286
1.0688089916216335
1.0867779846535710
0.5709722306183892
0.6545452236747774
1.0824659136238206
1.0668814653088243
1.0165586889272700
1.0565715546792769
1.0499097817345084
1.0927138578965960
1.0732393144600769
1.0549456022414536
1.0732911929213764
1.0958834912159896
1.0929974501426081
1.0980763829693303
0.4417348178384844
1.0933959606954362
0.2883292629639534
1.0520004516586858
1.0701506778003871
0.8696488284857271
1.0613364297637580
0.6554505889640516
1.0853894851268413
1.0932174802135131
1.0675846494748125
0.8105351054419029
1.0856973473792295
1.0963073352412847
1.0608898854285431
1.0921309471959717
1.0470437890923057
1.0942626279573509
1.0980522072179169
1.0866384009360581
0.5111541651641360
0.9274216799323027
0.3615796441267324
1.0875459469945565
0.2857522228117813
1.0689425105642067
1.0136878207301612
1.0250817106230017
1.0898103881176135
0.6688432748466051
1.0979187637699481
0.9400682780544831
1.0900616728865740
1.0641270925687190
1.0670621261820847
1.0913226379991572
1.0457248375663857
1.0929882802454445
0.9963142692883635
1.0779163113678412
1.0838323177885778
1.0836198836996651
1.0893008843101055
1.0864258833143039
1.0930622276633746
0.9808130583767753
1.0953360326680093
1.0871263724181459
1.0981063296692370
1.0217253571272638
0.9989632912584950
0.7504508181278278
0.9796762698922349
0.6572543364381043
1.0911864226231376
1.0943451208168355
1.0238243243478973
1.0661018075746893
0.7263247023334131
1.0519786008982721
1.0665791656397043
0.3019094865036782
1.0547203990154863
1.0721405979577303
1.0969465957024394
0.9035933516662700
1.0981618162897662
0.8982413734302942
1.0967062959387313
0.9400337150325493
1.0830677265705508
1.0862456507764700
1.0871517087185707
1.0831229724516305
1.0965889470475629
1.0975109024263341
1.0882968355217522
1.0966934857859756
1.0942192971386411
1.0930011888594999
1.0935301179701460
1.0595787262017613
0.2822353832680375
1.0946553946660729
1.0884255697871810
0.9252012738550395
1.0946343066002202
1.0802597400992238
1.0950663319324918
0.9374391599482154
1.0938534492670375
1.0708550026907662
1.0575321407694536
1.0879184714015178
1.0785074931044971
1.0531998776836400
1.0936612610988816
1.0364796563786971
1.0760783244360856
1.0957672147160780
1.0904889706497420
1.0919742079630148
1.0732287884569136
1.0100771918691085
1.0843422622948233
1.0624624326143632
1.0969325857454548
1.0857891859091300
1.0956193317947374
1.0873230348395186
0.7983520799377954
1.0890194966017541
1.0920974700819805
1.0986807443483051
1.0658513850132592
0.5592564222643100
0.5671585030385068
1.0539789098113117
1.0850363802461056
1.0917425893427692
1.0140264782523565
1.0978848907030727
1.0691972416768287
1.0739153471107705
1.0886701171576967
1.0629356202451299
1.0725090500992656
0.6234331343691883
1.0986791085523937
1.0732033494534832
1.0171561998481558
0.9083754897455887
0.7386894034623748
1.0982094809853078
1.0815266671886004
1.0021880250553035
0.8344922053090086
1.0637651208624979
1.0616284777673477
1.0901694939204030
1.0745821614561863
1.0758965595988421
0.3957338999803957
1.0880029303843397
1.0980173098392796
1.0969804138793462
1.0859911164114842
1.0803968761110758
1.0985621942323860
1.0966689808159316
1.0951632520655956
1.0963299475225072
1.0139762218832054
1.0783981448565698
1.0978739883966513
0.9824745809378068
1.0936904040789732
1.0852605572562979
1.0849251524622436
0.8397990762556564
1.0953702882523537
0.9799351602546773
1.0932358085543314
1.0950413691343834
1.0124569390187617
1.0955907219474394
1.0492507551549390
0.8530807581666201
0.8228924087755118
1.0877732326332061
1.0824773650564770
1.0855919067788353
1.0939323839040285
0.9221130973301546
1.0952664953174229
1.0172787649056967
1.0850211325901413
1.0662418771602578
0.6136188583065567
0.8504874040397324
1.0616880466485286
1.0964263267964711
1.0931241041383266
1.0905088704890451
0.9655551993059471
0.6362799926674303
1.0714903757085150
0.9925829533470902
1.0157064381462337
1.0946887168727049
0.5687772069301641
1.0882004033127175
0.3221777858542456
1.0665936973051704
0.8881127859946081
0.9755980498913311
0.2886418399446993
1.0573058566924891
1.0943007915864782
1.0664574221882424
1.0309977328667419
1.0889144101747144
1.0980512678488024
0.8456769171601621
1.0958773462227760
1.0078029660805261
1.0669928505457926
1.0938180072436514
0.9834871617680906
1.0956121548804563
1.0964475783088545
1.0846233415689517
0.3305887757030248
0.2923500584390294
1.0978397810661136
0.2900863980884773
1.0581007673359402
1.0985779557353945
1.0921627196438293
1.0938341152449826
1.0787470722889652
1.0964727803437146
1.0224435140966035
1.0854686354267034
1.0490712001199598
1.0963815409996753
1.0781506949832667
1.0370026883037666
1.0827853116096420
1.0946283739948566
1.0822601497745916
1.0782235604391091
0.3492430375729151
0.7839225072908548
1.0961867561672967
1.0974155732625215
1.0915615208104090
0.9991927130545875
0.2862444083878753
0.4175549980723882
1.0000362813489621
1.0874270745276526
1.0378883404641863
1.0955447389820243
0.7491130759856641
1.0969014374578558
1.0803194716365287
1.0238057235883342
0.3137228999633757
1.0615461132494595
1.0970522768480511
1.0937594794204186
0.8130878078422610
1.0905697980489095
1.0113377688200247
1.0978483416362113
1.0868968022860204
1.0823996470568502
0.2816121518136432
1.0356601129611041
1.0976418002746340
0.7558464303215900
1.0976122472066026
0.3123000777885274
0.4591852383392731
0.5004339628362392
0.7250364241205786
1.0890009356186205
0.9987020162673935
0.6739155210478984
1.0495671330847498
1.0927245775519137
1.0885078586892685
1.0519225864228730
1.0660886853338092
1.0352816694769493
1.0784758475440674
1.0965550246430369
0.4390398729681845
1.0652776438207152
0.7679713104751366
1.0694885644519951
1.0645082230566232
0.3108948504669610
0.6884906423582775
0.5442739620703495
0.9511445695865727
1.0939165989451267
1.0903244045167451
1.0648934743288678
1.0466461643926634
1.0968565845984737
1.0966153306183168
0.8552924842903988
1.0839113144607291
1.0925848035370274
0.9086567644930179
1.0564056484061044
0.7411321799774023
0.3094322718016195
0.8801954454125900
0.7179996911231330
1.0678011911757066
1.0663699098721753
1.0032275730449576
1.0676321043874759
1.0800456447029343
1.0442302142568096
1.0931277859862880
0.4431414366086763
1.0858015131129188
1.0930373136441407
0.4522721509334063
1.0910391413973795
0.9860927442032671
0.7192979231747332
1.0989492418989242
1.0885498243246914
1.0956554258445397
1.0951186442286356
0.9233516700762330
0.6570061291994297
1.0861754181335195
1.0876450414139007
1.0920438888017012
1.0857712760529197
1.0841533713135267
1.0906785673972150
1.0172969631187838
1.0913322961785565
1.0885850130340382
1.0941726977099506
1.0839320936556154
1.0671093999144405
1.0946113022066715
1.0948720500529270
1.0933204045032405
1.0858436248011001
1.0977186182264131
0.7820993846572472
1.0962753652112360
1.0742437234249196
1.0876349839113109
0.5451513254987712
0.6001850067194102
1.0887960261195209
0.9736282149771393
0.5066844414190564
0.2842975617696613
1.0730148889375908
1.0593888864676650
1.0943228583731082
1.0849578935476698
1.0846863678133762
1.0807188819613791
1.0941646362385336
1.0461124972547020
0.9814476934758063
1.0591249783293322
1.0746769533807257
1.0925332586934065
0.7592689884137499
1.0882177498340115
0.4666627827678902
1.0942124989129305
0.9662710472379483
1.0770498299510802
1.0463090021358707
1.0967924598568946
0.7601743851840228
1.0966759782138957
1.0287354066341257
1.0645652174927358
0.2808861460052758
1.0706475598075491
1.0908824131840575
1.0038101476386589
1.0858004743444338
1.0957201881239642
1.0907157130059320
1.0754685335444347
1.0922171640333944
1.0496716307353622
1.0754117769017670
1.0656130838402074
1.0927214943775445
1.0521920178364983
0.5102139854408061
1.0968120840328912
1.0855930420952027
1.0575594976875693
1.0947896644647519
1.0902268909297383
1.0907221230093238
1.0514803040718532
0.3305317043511328
0.7894192952173910
1.0830148481548185
1.0957703789343007
1.0881001036178286
0.3713892994920452
0.9205483165394290
1.0966718260715331
1.0922076177100948
1.0979237489722609
1.0824729883635851
1.0029944105429542
0.7255482333145863
1.0862940612999112
1.0314022272466457
1.0454488097260035
0.9927482530922486
1.0844657358688508
1.0903614635559655
1.0286343313190722
0.6954977802650293
1.0754111283201244
1.0919716447620234
1.0913369131839241
1.0976539315311491
1.0979578338238880
1.0778679159040023
1.0943561467585772
1.0954934376377488
1.0898603945533554
0.9707591037298351
1.0383941133982857
1.0366749787476499
1.0972590189020199
1.0578159140210499
1.0486021086727366
1.0859088488103257
1.0958973378326549
1.0718578860859318
1.0417423745876095
0.5519954020817006
1.0957726170312347
1.0755232496860458
1.0512843576645368
1.0841487137685881
1.0785298719919472
1.0846912770173009
1.0126543853367267
0.9943167699018339
1.0922751431400901
1.0948957449175005
1.0918633838582656
0.9717724880941252
1.0301605447863260
1.0667513962474451
0.7165442766171733
1.0982540646480383
1.0445907507145162
1.0965714442814922
1.0942216229382455
0.8202170620393113
1.0263464149737880
0.7535358844496206
1.0933598329224141
1.0870847204149876
0.2822258004595182
1.0757134576981482
1.0636664853871534
1.0691453297303879
1.0972562370680752
0.5974228839076331
1.0788383731243254
1.0949922084081600
1.0689529196544942
0.8042148565846231
1.0776453838418005
0.5692162882737192
0.9391270260851642
1.0549853020792943
0.5841962038516110
1.0774497823791329
1.0525134798396303
1.0931084712973262
0.8212672944590121
0.2899295988659954
0.6852541219216201
1.0604531530598007
0.8501109042538967
1.0979865499978951
0.5017118925902023
1.0548708702114051
1.0852815992489411
1.0921243756623695
1.0904217604918238
1.0961834321023545
1.0847503483066268
1.0943090682094125
1.0555555260845360
0.6738476173622389
1.0963321803781780
1.0709871245178326
1.0711288396429479
0.8466054685544790
1.0932522725790066
1.0701878302469057
1.0925820561518464
0.3288622914563803
1.0550633044762259
1.0305271570514747
0.4639046798115935
1.0509703754098689
1.0900284561424465
1.0073648510061632
0.8846807089748850
1.0304091097722989
0.9430381826453028
1.0404995377720490
1.0982751046090076
1.0545055587522669
1.0863102364681945
0.9802068086361775
1.0895630143775497
1.0984316827558540
1.0971283165156849
1.0889812679140038
1.0764010112857187
0.3902518898945815
1.0916115204048868
1.0771145360294463
0.3013635803389252
0.6937113125665028
0.5963781377772429
1.0504670237236138
1.0932978974058758
1.0942704227708748
0.5979942547101947
0.9357648302441827
1.0307799172403389
1.0883897767081983
1.0811929974951899
1.0808076487885980
0.7391344755476020
1.0764364160722599
1.0529672707481412
0.6968674122212368
1.0603921497319684
1.0858969458383878
