1.0322069488704633
0.9655764547697074
1.0981331664324023
0.4111765204086462
1.0898255620554851
1.0948138696509491
1.0866786847454815
1.0928528713596302
1.0923274483880674
0.9579102459152969
1.0898080514283985
0.3148463963061293
1.0945918459138977
0.3174519784476051
1.0867534460979607
1.0900097860408429
1.0513711440466349
0.6436946733757658
1.0960119441237071
1.0938172097770202
1.0769928247990463
1.0818188760624523
0.2831783747763018
1.0708756689071077
1.0244616890982610
1.0871901577731664
1.0873474788254585
1.0860381605541931
1.0950788873710937
0.4048081696821437
1.0913306895417920
1.0949026100804133
1.0376561043801242
1.0797852288682930
1.0924890424832829
1.0855164368841299
1.0824159869958836
1.0969196071226393
1.0918054706419711
1.0640054174544866
1.0964739678848581
1.0904978300343067
1.0813637267823786
1.0946105524943557
1.0792920325976521
1.0944969253501575
1.0967317430208972
0.9990541990747722
1.0958796549368195
1.0886458848334708
1.0778287185338398
0.7229697262004634
1.0959026984081259
0.9050682269688802
0.9342856280666937
0.7383454687258488
1.0659866140662591
0.9761547109263687
1.0976523114571342
0.3848640561959761
1.0047289264271224
0.5203957344373079
1.0721292516767424
1.0769965726442901
1.0745608739770922
0.8637626881910528
1.0910435609226277
1.0971560942033936
1.0967607809131275
1.0757162537878266
1.0979215171973919
1.0971502186520550
1.0903305719110867
1.0342599251047728
1.0948072006299945
1.0521088696024539
0.3896630095324117
1.0689130874391601
1.0910755320221286
1.0167296917648156
1.0972143031949320
1.0912029040593025
0.2861328032581461
0.8211350777561994
1.0895491756809348
0.3633340033242212
0.7900559661758475
1.0914799686050898
1.0903606860781776
1.0200961106442334
1.0956565153226352
0.2891414196472357
0.4732574868295731
1.0657789403803262
1.0572335983173395
1.0519411493839874
1.0431999451573610
1.0114282830633543
0.9495159910934540
1.0958080251744244
1.0654168078121082
1.0947692228924610
0.8255383652355851
1.0968531474626009
1.0974858289755189
1.0951460673858966
1.0957674934930333
1.0787641004278796
1.0629070877393239
1.0941935534223415
1.0827234086784656
1.0951757022953008
0.3140294259745703
1.0659400569438053
1.0916066649635632
1.0938763652849850
1.0826413205557948
1.0291239587367342
1.0715214547050216
1.0914885975103776
0.8943783844522202
0.9649638327794067
1.0989434387809387
1.0902224216256078
1.0596351391398653
1.0585896666100749
1.0474530290856379
0.9706878507567650
1.0860500111514488
1.0722547096650157
0.9229796387784797
1.0903493100914099
1.0642749017400752
1.0977447767982540
1.0924569198801313
1.0754436559159661
1.0458585463864056
1.0935858771385920
1.0916920885112151
0.8972803212308149
1.0962324232271432
1.0906236097200663
1.0898693064025577
1.0826422063629058
1.0753864977790277
1.0236961113887126
1.0850190435892679
1.0492669115427904
0.8093107853098447
1.0767607883540258
0.9971585990858305
1.0888411355573924
1.0921358115846083
0.4197149513617244
1.0030377406587698
0.3321357953035710
1.0708889592853952
0.3653988336006877
1.0982584498636336
1.0948669879166042
1.0935478237025171
1.0242289980686963
1.0687992973911731
1.0624615412283374
0.3528033261335108
1.0839729144997112
0.4809522474710896
0.6866828409978702
1.0923659388304134
1.0961507400886017
1.0964836621279899
1.0876116512756009
0.5058286883004505
1.0764095024184832
1.0898848472913834
0.5834535228603465
1.0137495019836791
1.0273858713522663
1.0128264865607199
0.8572505625368328
0.8718795957750518
1.0882987191736841
1.0932914320770704
0.9482132626875780
0.9409632095517325
1.0956208939129424
1.0881706676997285
1.0961854980894723
1.0159778839559364
1.0492602129319335
1.0901799957310603
0.8710837888636669
1.0921243168881134
0.9674460548748224
1.0909349637657397
1.0743883709574698
1.0952807911125626
1.0440793637301202
1.0612088495308667
1.0938542207410498
1.0913505846794140
1.0719959939435990
1.0942881674746663
1.0957529378495665
1.0672927152419884
1.0779474022299527
1.0871840982423198
1.0919446195929305
1.0647769986918840
1.0466245396963980
0.9071077446530819
1.0974602993517195
0.7011820157208121
1.0926335902609909
1.0815382102622528
1.0971703318727688
1.0663249414611231
0.9744723758604373
0.9946586035257693
1.0844467806277585
1.0405202382150487
1.0854330059626427
1.0970776971263141
1.0808255592191138
0.9886116068503141
0.9230621047168079
1.0951911746031389
1.0552856049764661
1.0796401343253899
1.0897240425820363
0.4110491111861469
0.4024044662986206
1.0931121662491718
1.0959189730283732
1.0853882533760659
1.0990503799519835
1.0948185763715488
0.9502664784419605
1.0793948924512071
0.8616668832870927
1.0915724127492370
0.5489202430374349
1.0731090734278936
1.0847218291452230
1.0875887327319211
1.0187226109969001
1.0986474746539214
1.0852025446607212
1.0948787383193173
1.0968748613487975
1.0736717073352582
0.9884034120667698
1.0912634659469298
1.0898821748217085
1.0426254783846494
1.0865933468154554
1.0730827833058896
1.0775597398678332
1.0668126650733172
1.0952271026665199
1.0739412125283569
1.0766929198178901
0.7195247433037353
1.0965142707973887
1.0332906381831264
1.0924753094573922
1.0691334466767086
0.9425247809009183
1.0922364546814141
1.0215867401131988
1.0675610777868489
1.0872160397031618
1.0914889798593277
1.0879260754846358
1.0797643244961574
0.8577158284419379
0.7135275298538388
1.0818802290620333
0.3509225073660201
0.7078199324975429
1.0596175511235180
1.0363317943575485
1.0862701811785869
1.0716831315347164
1.0953926040350652
1.0238078348099093
0.3968049789383085
1.0410241325137282
1.0627283696385394
0.8753225402084339
1.0679023660529925
1.0409666709472221
1.0945658650084966
1.0742066456422210
1.0974729086854820
0.5310807379836984
1.0647557645367882
1.0409065532447437
1.0937277272412844
1.0702787118944697
1.0418161091860139
1.0523814526440640
1.0685951983946889
1.0843311599768892
0.7466375522134197
1.0930780914220639
1.0748464630753765
0.4719424780166714
1.0745577517188454
1.0839902936322028
1.0860634472385360
1.0142337522734766
1.0811704342775368
0.9159717426096559
1.0446928226193042
1.0974906588687452
0.8814613085694465
1.0796770234092830
1.0424242631595098
1.0904624181501370
1.0941718291661906
1.0797389417817773
1.0909621736695030
1.0733489073386824
0.9559767522543501
1.0404660653063149
1.0857215606961694
1.0494648032828184
1.0920271916561186
1.0934848762901437
1.0871362267415308
1.0544192129296162
0.7135921473241656
1.0757545263695432
1.0888727760945658
1.0944354404013796
1.0785804302037802
1.0190638453371874
1.0410619109682653
1.0865699329209670
1.0986203328195623
0.2971725276630238
1.0341762416825306
1.0675490579415214
0.7114011182095531
1.0910494638442119
0.6509321445649892
1.0190973024354062
0.3655018651929720
0.8150049515982605
1.0976935005837456
1.0852114126419738
1.0785319429182065
1.0856662412778550
1.0960520254753692
1.0984747120781679
1.0904819049692940
1.0928646543324787
1.0733206825436468
1.0885426861670100
1.0971619317596144
1.0782032834686159
1.0864196826639212
0.4919827831166979
1.0837047436641301
1.0936638451943193
1.0975436453585961
1.0798175105493208
1.0842222607613148
0.6900820904509044
1.0556824433786547
1.0707880970644843
1.0931299680541671
1.0423716499239275
1.0963459452138327
0.5525098228764621
1.0842046068372313
1.0827876874600157
1.0493489338510458
1.0867080613843640
1.0573971078723203
1.0962667891558751
1.0871984375177253
1.0667413154541672
1.0560325873918748
1.0569545313643631
1.0942264172536362
0.6337179105105285
1.0991561686825504
1.0839580102371174
1.0818656556642463
1.0781794802180409
1.0827087725007987
1.0781539806164195
1.0934510386290677
1.0608279728573147
1.0917909025445698
1.0911751049837830
1.0931136492389941
1.0951081636207114
1.0405395266421786
1.0962121951426522
0.3275841926815352
0.7542783333526113
1.0943318857404374
1.0732933810258021
1.0980089252567786
1.0823366736973499
1.0783943397987754
0.7725023171290762
1.0376349033724674
1.0932650094118295
0.2888598384246725
1.0986578284396245
1.0823683856797586
1.0571872006467409
0.3523470964601308
1.0798037763506168
1.0941394891242679
1.0962404250088469
0.9564681453922146
1.0950578917992473
0.3365137536911275
1.0981134149231497
1.0935923822156981
0.3172370827282690
1.0967929459440620
1.0164590164186678
1.0890165068437401
1.0357602257000122
1.0757368620263352
1.0449472240812125
1.0883237237932806
1.0686829742496693
0.2851974008545236
1.0964540970712904
1.0942495135167205
1.0890224180033266
1.0842356458430187
1.0093469701388853
1.0959606071763146
0.6083242489842198
1.0893770836758474
1.0783109515265739
1.0698504897517460
1.0482730895181727
1.0650721492055937
1.0750237640906626
0.3216953424376234
1.0732828600584650
0.7382439215494999
0.8604256765449978
1.0808041100038739
1.0519430023087719
1.0697913847584679
1.0642899639802308
1.0959488255826972
1.0939933444162766
1.0949284424084629
1.0957953416284787
1.0757411842604361
0.5193472758697282
1.0938929802810646
1.0945209274972729
0.8481450998986102
1.0809208824939947
1.0911565598501682
1.0925066169463993
0.9605715150520555
1.0826131848418006
1.0838665284835232
1.0906641517621027
1.0874413645267977
1.0787646319833635
1.0864655795202347
1.0982237490831237
1.0962135824709764
1.0922602681047793
1.0510311689344056
1.0687576518587918
1.0961934249380854
1.0905732699064024
1.0852274335578731
1.0159280771384505
1.0957375564615939
1.0923774682804304
1.0890977691822799
1.0957083084104648
1.0976622886215857
0.5416670229953403
0.4660635827127666
0.8915931004374066
1.0944449675362407
1.0934140349205466
1.0922702670802056
1.0850655278524886
0.7563548156897021
1.0533298973344980
0.9815754491817900
1.0967916959496904
1.0940260289681722
1.0595683172766706
1.0837697242768023
1.0732670117330019
1.0748523304354571
1.0358842982099310
0.6145877986035833
0.3055292253111999
1.0805809477356769
1.0215692339444369
1.0338087354543615
1.0414571294698358
1.0954609214728384
1.0737954704449397
0.8957709302403104
1.0521996725413092
1.0806075764838270
1.0957881454996670
1.0712727961932147
1.0968212103531589
1.0817808996927534
1.0811876888004597
1.0880979289133998
1.0941854472042361
1.0493443069339023
1.0942055304759899
1.0926095490959151
1.0211741501052969
1.0797667760079721
1.0900537660197036
1.0887392511261551
0.5541391168724772
1.0639186732649952
1.0934957656761124
1.0970617926009008
1.0876018544424673
1.0288074235635585
1.0590706290438261
1.0907985170940724
1.0808189674118869
1.0955206346079616
1.0962685184485934
1.0583017672813073
0.7695747544134074
1.0799408923700473
0.8550168632885597
1.0934693875313080
1.0793018687141700
1.0650695050044681
0.9885508443430885
1.0692930117471002
1.0963727493012052
1.0344670083444218
1.0821006054597326
1.0872742671921645
1.0852098539851474
1.0719594392279168
0.5261387368568190
0.8338148535244140
1.0183282486273242
1.0898681396746737
1.0883356504277046
1.0718309396362502
1.0909328137274070
0.8714216431118437
1.0631938714149451
0.9415765844955390
1.0064309025862705
1.0753785736459214
1.0883413952133001
0.4771869609617632
1.0865154458778075
0.8689332718195705
1.0863633438559999
1.0956392241235844
1.0865992307532153
1.0958857820983341
1.0960618373578197
0.4896825336346175
1.0975296095422227
1.0493007352270110
1.0810504553499787
1.0297525608257678
1.0971761929485875
1.0909140158994031
0.9914001911213136
0.4527137565457923
1.0931853097885020
1.0298085271247788
0.8993599451512253
1.0512056022378586
1.0940188959182791
0.9868211241490163
1.0981844516603543
1.0866450355183572
1.0852774989927432
1.0965870830828315
1.0837555287400731
0.9901088936117147
1.0858754308573133
1.0932041892164508
1.0870653824218748
1.0666420238459733
1.0892837786296252
1.0838596107608618
1.0105217962405508
0.6597532823219818
1.0965030571092833
1.0870379659699660
1.0937400756324687
1.0920383018172677
0.3409832208493336
1.0909453925710466
1.0849118079600792
1.0920819030579805
1.0978898381476832
0.8850899004292395
1.0776467151391427
1.0943011971415595
1.0212266250198598
1.0939540774698517
1.0976536523992537
1.0974172239625466
1.0896480225477174
1.0565589581975336
1.0885267858039018
1.0573541902075911
1.0936486131800804
1.0515966791392191
1.0911061863918037
1.0967859708810945
1.0360611099889725
1.0898665480618903
1.0806046633037247
1.0825911414166949
1.0954884034535708
1.0532068215914780
1.0975537861427318
1.0931442052559304
1.0796484589560102
0.4909222737331189
1.0853922844532580
1.0847547422489714
0.9700395527701459
0.5464051719467823
1.0960391442219652
1.0882262818160144
1.0693955958205272
1.0916318842780492
0.9351729832331432
1.0545996344825792
0.8683945275697015
1.0881085152791776
1.0988712594119630
1.0848014578837073
1.0935173150540742
1.0597433289616411
1.0457947649948625
0.9850167420868585
0.7833773138798608
1.0818946465947716
1.0855515551014108
1.0914279439143408
1.0960326395792543
1.0786084063797106
0.8401122347536742
1.0912437286793704
1.0826963692063165
0.9582455737420208
1.0486035298300305
0.4915273086356111
0.5578186123820303
0.2818923314647903
1.0948431469141848
1.0849648642264849
1.0759948363689147
0.9315834069540817
0.6667650842785671
1.0929934481385215
1.0876538488539851
1.0807338062883445
1.0680639084293349
1.0908700141129342
1.0973775249112760
1.0711671433153516
1.0889408388476762
0.3970604432504989
1.0145735455704950
0.3361115556184834
1.0980637902612027
0.8928482628815126
1.0849534220972097
1.0731524613097441
1.0975969520613169
1.0900353941920675
0.3062748319731622
1.0686960043912701
0.4312790324533483
1.0881386502514430
1.0938184095913868
1.0771727272367417
1.0914705024275126
1.0958969167593393
1.0963272393233787
1.0891722798550478
1.0717193032586578
1.0937983486171219
1.0657060796371269
0.5970588229695397
0.8412694655395193
1.0357954344143847
1.0226010662691278
1.0886318147568699
0.8125667093073172
1.0457863464642247
1.0940831187632796
1.0888733833574302
1.0815312657292968
0.8402183856297519
1.0967797031118263
1.0953267879093265
1.0073269927551964
1.0793431042516584
0.2921888689986354
1.0965454532827086
1.0957672206332967
1.0617551633383839
1.0969130275398400
0.3394527536147803
1.0969073017024591
1.0864844428838891
1.0693930091415043
1.0523437440474595
0.4336495381408130
1.0479993982759361
1.0895558011423183
1.0808810858944689
1.0691142387361363
1.0907977288281345
1.0832920427372770
1.0197271475737739
0.3269203399970247
0.4154343788962734
1.0539973218680998
0.9909326196627678
1.0853371589395990
0.9677192552267506
0.9628191958789929
1.0454489154906923
0.8412061942426408
1.0787838621198544
1.0859796464920812
0.2816047026567475
1.0712662653492522
1.0919482189055643
1.0963939966432616
1.0969841824411255
1.0817755351563667
1.0879539661709630
1.0878788433921127
1.0690792702448997
1.0926046838285490
1.0901716949736400
1.0808498771196999
0.5912165776252812
0.8851484732560946
1.0972919909628709
0.9746245651262266
1.0931088413119667
0.9839702465710092
0.9249961677805306
1.0955350919195224
1.0824316253962165
1.0944647333595694
1.0937466166941925
1.0967443342329317
1.0932003982821370
1.0388719015687047
1.0889143592686534
1.0944762329147171
1.0951238916923667
1.0878947168439435
1.0428672887190009
1.0921773904115584
0.2842325224004130
1.0759458889175555
1.0085516565323476
1.0336655731534405
0.9906549420905034
0.8066438246018524
1.0664569699109092
0.8974296761524589
1.0879211242987032
1.0881777886930466
1.0683421289346329
1.0772428047666653
1.0920461182385173
1.0107461559432975
1.0831188588871696
0.9079602674659838
1.0970513986323112
1.0477198944318831
0.8902264928008591
1.0946783374150502
1.0876525220888387
0.9591515175289977
1.0246835710213755
0.3848026402218298
1.0934086025662415
0.9730570087542456
1.0716694881922646
1.0765908961481567
1.0972088374044229
1.0202996857506392
1.0926383238238613
1.0814305686415580
0.3546935438340587
1.0738979078122586
1.0583589150117731
1.0942468749343093
1.0665082406679041
1.0785834730171318
1.0434651867797216
1.0946422122093822
1.0946585640190398
1.0908757990683866
0.9850992809399367
1.0939575045202867
1.0926666622091703
1.0396319242413197
1.0747807828659879
1.0874402363267004
1.0857213430652548
1.0677146284262307
1.0865176041226841
1.0891354995993250
1.0935483647893502
1.0766057008601231
1.0850485743557192
0.8244768756514782
1.0886119582724445
1.0742404911397547
0.8809857167258532
1.0672943799874850
1.0360705342607452
1.0303417337769420
1.0868298451657619
1.0486084499572510
1.0965384180817972
1.0832704445987276
1.0725146427341656
0.9957051138341895
1.0791042607572299
0.9496894621913857
1.0943986027643129
1.0695447341120101
1.0822405515614062
0.3464293070374001
1.0637844060280992
1.0958576755568445
1.0913550719715914
0.9675081817082181
0.9950446293704011
0.6986838020419469
1.0869927815672689
1.0697324775488866
1.0962870852121613
0.8959287874882287
0.8859651249845916
1.0944618694927006
0.3544120683835327
0.3582439876610243
1.0955486873282270
1.0764207644905399
1.0807980443027312
0.6289783037445796
0.9952864023437480
1.0496438761501556
1.0836632526454966
1.0828116368512397
1.0883378691605394
0.2813748322305946
0.2817320342398379
1.0930838563343419
1.0215407139139203
1.0885638657697148
1.0823286682758091
1.0818377304703053
1.0934463558693466
0.3712213846409984
1.0856966563624364
1.0654588077087259
1.0891209010701155
0.6144850328260335
1.0803432502905828
1.0706643871579500
1.0948144739921648
1.0832462295637988
0.9596625590921325
1.0643962306284684
0.9497459272082130
1.0941073635156595
1.0425106947639677
1.0883066070335541
1.0685260969499593
0.7069382655520625
0.9126957943734813
0.5329704432880799
1.0681222752850028
1.0958898639988381
1.0649705521659087
1.0910787118578524
1.0955974568372062
1.0941150517589557
1.0823497400035333
0.9005841093756699
1.0975126234919692
1.0944535116390934
0.9576252632948770
0.8857808285154024
1.0620886286828473
0.9127472281071042
0.8561075813653363
1.0743741928423896
0.9026489358608515
1.0877192586692672
1.0904168961988221
0.9590653716480726
0.3502040826899736
1.0961983041949359
0.5369485789710713
0.9824886778394200
1.0836923574933970
1.0670175567687938
1.0060736344864727
1.0527219345953343
1.0968248495807502
1.0893235992864994
0.9820190214344640
1.0577833231878979
1.0860293166589150
1.0752525010241043
1.0746137369110520
1.0660332591424715
1.0985740361942085
1.0912331510539783
1.0619244176885363
1.0897878733804141
1.0817846166533638
1.0694319217757813
1.0424243837395428
1.0910066260196114
0.9364010335574526
1.0949309351029868
1.0975469565792200
0.9687521407674844
0.4156541121195522
1.0431298227195076
1.0567609826424302
1.0963082139505294
1.0857890660092802
1.0835059421818733
1.0452979155619755
1.0627395333531939
1.0765969671649174
0.9504216005296835
1.0250864981973029
0.6175248121052693
1.0959080125654526
1.0954265847044760
1.0493084513019453
1.0927795433223986
1.0836516491013131
1.0285833023283453
1.0515734979940770
0.9130098810470710
0.2924911583474996
1.0828101400510575
1.0957019600914102
0.9219608176215867
0.9705528755800180
1.0707860368412148
1.0856393869958019
1.0144584505190630
1.0833467066874465
0.9692566631456018
0.4627529569403895
0.9679754911767561
1.0964104471670475
1.0821176389122944
0.9638011706841458
1.0721656277756701
1.0009770284403978
0.9654421818655952
1.0961495978490725
1.0873241659755326
0.9756596108342896
1.0731165805446394
1.0678176780655455
1.0031318374048157
