-0.9286552738547392
-9.2084175866950240
-0.9324248769593531
-2.4037484351742848
-4.3871256979120092
-0.2370684137398016
-1.1825525279328104
-0.5049011399979597
0.4517411220050733
-0.8171659824652506
-1.5983720645790545
-0.0067144653598649
-0.9807567849322957
3.9801752935418033
-0.5190203427658437
5.4440015449492218
-0.6513079148527263
-0.1742630838572947
-2.0205575414293633
-0.0148208596426759
-1.5563404698476679
0.9687174553776559
-0.4509419379092265
-2.2963500570051965
3.6703201424214718
-4.1227895822322163
5.1134330282651330
-1.3205333714581180
-2.8418532974279338
-2.3209214919777263
-3.8491019561830475
-3.2482712920425785
-1.0817968735477406
-2.3550760144399177
-1.5172138045868995
-1.9806342472263305
-6.7555352931714934
-5.8412251180971726
0.2780310274877353
0.2188455253530473
-0.3349587766191726
-4.9993427513906274
-3.7907595228441560
-1.4733053940209517
-5.2014863421873754
-2.5378240257074993
-0.0445383444540537
-2.5644670874147795
-0.4123669604355882
3.7277867967305225
-2.2827506925689480
4.3987041950385448
-0.3719018516888425
-2.1981990288265800
-0.3760550866350811
-7.6647027462306836
0.9685551325947935
0.4095070429805516
-1.5056854956145631
-3.6641742613812025
-0.8868835709148301
0.2704305283301665
1.6927669433668298
-3.5517416389087275
3.7634732869936611
-4.2772788400141550
-2.3073234223149077
-1.0310859665729009
2.2483324714172697
0.4426496701034175
-0.5534111631501193
3.2527289337868144
1.3952559210537216
0.4145966134453194
5.3961028173529595
-4.0216296987890923
-5.2373234755641409
-0.6719385676795064
-0.3554408661982547
-2.5424445163732918
-1.0735461862475160
-4.3858494014693612
-5.4645166700704904
-1.7832193926561648
-0.1194193474502225
-2.6534416866137969
0.8848760650518163
-0.2017258288786439
4.6142857889906157
-0.4096738811307753
-0.0806317687114860
-2.6181477234157624
-1.3675540792725847
-5.2209750144173759
-1.6545987457985369
1.4974372917989474
-3.3211409410850945
-4.0959607037934207
-3.3793109620064694
-1.2878414806039036
-1.4137146457204743
-4.4976530501675720
-4.3961690687842756
2.8346384578045685
-0.4337580628382685
-0.5486998601812147
4.0688724538684307
-2.6814180620838051
-5.8563140327978767
-1.9333636294260721
-0.3777309572463604
1.3481068616507439
-2.1843966699204214
1.6034317308606370
-3.7445947360168690
2.7688824519452071
1.4194025656433287
-0.1737944583179516
-0.1548450141155661
4.8712156895964105
0.5506569534404897
-2.6159601134114863
-6.8726414288853883
-3.6918865774832406
3.9670750508075794
3.3295649178204765
-4.9734740758407261
-2.1333071828753107
-4.5330682817700927
-1.0849948008909969
-2.8503512425738298
3.5008396889263524
4.6430937921125599
2.1654144126351644
-1.1935550189623734
-2.6108211394833756
-0.0441241847124714
-4.1990410825685602
-0.4107099917829192
-3.6468836850648074
-6.0917256503526671
-0.1397115869927401
-0.3899465465904765
-3.3450400756250160
-3.3610114078466289
-0.3487193486456889
-3.2990151609524574
-4.6109269059079958
-1.7898314589833806
-0.7432573216018051
0.8342818185473618
-1.7333408036997238
-1.1421838797638630
-3.2813481768480202
-3.8684508731246425
2.3644433946189021
-1.7453054999460558
-2.2308544306608105
-0.4784181445894567
2.0774605464204385
-2.1748042059618373
0.2767867069160718
-3.8584327380015209
-3.9831907040261729
-1.7939183773380361
-1.9574549983947818
-0.7850250090309089
-3.0422901863881715
4.6615246187801311
5.2499924443802461
-0.6908891294200791
0.1963398678233714
-1.2535465239873333
-1.6170928429773317
-1.6005612759521366
-1.2749633978254051
3.7993155245304084
-0.9894193006965015
-1.4293141494912562
-2.2692633495918018
1.8941517575051410
-0.6564264010124981
2.3274269616468115
1.2964578075657209
0.0925710243033737
1.9886884957555706
0.1906217072846471
-4.2511858885984166
3.4578261589726829
-0.8801359393747364
-1.6850471273156156
-0.0462041419994340
-5.2859269361342962
-0.7967790678956458
3.3305809757309888
-0.9304132673604858
-1.2696289228234836
-5.0214836456591971
-0.6568727203245127
-5.3652026855316208
-2.1448336605233811
8.5903797528681984
-4.1043142411848255
-1.6730834294821171
-2.5359745758669527
-1.0952994161633933
-2.3244373551433455
-5.0796382170598955
-0.5948301972205586
0.3812601658709889
-0.3424237069741569
-0.1018180662881838
-4.6303379151117046
-4.9802945806428323
-1.5081944861242911
2.1129732218132129
5.8149371213871985
-4.5044163934056858
2.0422186933785094
-1.7024829629299587
-1.4334810439548342
-1.6384587135827764
-0.9156739530893018
-3.1383510727303983
-3.3400076959494038
-6.1448851103155384
-2.8602050993244381
-4.2813222480255533
0.1611402478570459
10.3959399758234028
-3.8284365295103866
-2.0152519890741956
-0.4485002859558000
-5.1858818760097662
-0.1376017003090410
0.2287512156917558
2.9698942450155217
-1.2199274167497602
-0.1206573040136783
-2.0820289569648720
3.5019608585246731
-0.4671942914756543
-1.4867063597350372
-7.2646531855757672
1.4302146293995930
6.4690346512279699
-4.0364018532372912
-0.5366078825026684
-5.3819980808429912
-0.7935944442055890
0.9835447676960312
-5.6021854268617304
-5.4791090892978822
7.6833547164791991
-5.0858848003282633
2.8356894922711176
-1.0632790686612119
-1.1280236835033259
0.0556245605468687
-5.3985883144206186
-1.9146325926276817
-1.6414883431628160
-7.8426925424038023
-0.3930113830142595
-2.8001894894740320
-6.1894058112689123
-1.3822536416851821
1.7991850350217047
0.2256895158546330
0.1876410413055855
0.0073832057468238
-3.7994651594751341
-1.2329907074429030
-0.5330228766495821
-0.2522750318182623
-4.9731619316176294
-4.3033812954349715
-1.3173602385941103
-1.3752025902570109
-0.2944555199623651
-4.3045193305771257
4.5269859710296076
0.0644992675731306
1.6940833748458122
-0.0108096171069151
-2.7894879357718385
-0.6635995212111867
-2.1933126153055817
1.9368981423782810
-3.8345199646709167
5.6875486315565942
-4.3809010221991675
-1.9680793073735312
-2.6855851807467688
-0.7743332309779178
-0.7425431241147095
-1.5840624836439432
-3.9232088955633633
-5.9074406429516069
-1.4789539394587765
-1.3639240960151562
-2.3017170624882657
-1.5454711000993875
-3.0053215634334030
1.8422666062624649
-7.9286380647506292
-3.4428330832706151
0.0143184658346486
-3.2617432898683090
-2.2609948610909454
-3.8360613333599094
-2.0696950014282343
-4.7511090429344556
-0.2577708062309668
-4.0822826206171099
-0.6324920619023559
1.8951000854451965
0.3287893932668842
-0.2750222928839026
-2.8412176608696540
-0.6734076248953158
-0.0239382097939443
-2.4665871254478864
-1.1652130374219030
-1.7805601340437667
-4.3000899783932400
-6.6263152728970960
-2.9910426493058240
-5.8752477111582015
-2.7253687655375796
-2.7981436004072848
-2.3829744001785640
-3.4414673770410196
-1.4893904791314276
-1.2590859673222028
4.6403664717063613
-0.8243644490096858
-0.4549522828051408
2.6937298833467413
-1.4016913489961753
-1.2799338840989187
-2.1772976417382024
-1.1715620144935215
0.1775662739184181
6.1595707756738998
2.3817807168832728
-6.2509179338192160
-0.8438360519923682
-4.0413340000290674
-2.5740729785080423
-1.2235217019493145
0.1884711815114729
4.6486733706361827
-0.1869328107212881
-3.0499311065559809
-5.7262719562934574
4.7401922910372667
-0.3160432139018847
-6.4325180199853911
-7.2939221667250935
-0.0721969884753164
-0.5032916557496484
-3.8908554561112969
-5.0600438454796652
-1.9617128010762408
-1.9419337293838366
4.2798773683333700
7.2054042817626973
-1.9294938358137816
-1.2961190150093207
4.5303516546085518
-5.2769526685799573
-2.4617700637175264
-4.3462906726502091
-2.7135525831793945
-0.4609970854486339
-2.5436227828789457
-1.4416267921197730
0.1230293599276902
0.1077493665501982
0.7362430421194415
-0.1781771074021147
1.7144433997465216
-4.0348823667227602
-0.8105810213220953
-1.1387343559066312
-4.6452520251272134
-3.2950675304621240
-0.8517344154856512
-4.5927754532955669
1.4957157079523218
4.0782119234658776
-0.9766526393406233
-3.9376691583021866
-1.2244636821623580
-2.0172779868048143
-1.5724003685187116
2.5991578492656173
-4.8431494285985428
-1.5897012192090876
-2.4560439535666103
6.6182559585458645
5.3474082212330085
0.1935557203391002
-3.8136056066949555
-2.1330052889040689
-1.1831424261100372
-1.2897840557739415
-13.5890809857530144
2.6281708794239420
-3.0382563525655084
5.2547813752846535
-1.0509581198062588
0.3696819844850312
-5.6280523065642303
-0.7363871638925161
-0.4189603229861982
1.4681786756386077
0.0359092668412153
-2.1539918860721299
5.4814391304890826
-8.7908666903779338
-1.5432280727449270
-6.3378851867294568
-6.3433864472981591
-1.6700963124316053
1.6030576383247446
3.0410814725258160
-0.8789606207718010
-1.6443843630736499
-3.1605168645379211
0.4174183988486101
-5.1351190339262534
-1.6308620350346785
-6.7818334579846553
-2.9151931738878845
-1.3220193164156662
-1.7427942428836452
5.1575896964683432
-0.0231683356756452
-1.5349154846308133
-4.7111939197782675
-1.0427105237364378
-4.3948067049752559
0.3925577717529751
5.2203626033912123
8.4456808729687491
-4.3287963002908096
-8.1186396900252102
-6.0547869990430785
-6.0128208501658769
0.1440406436397036
-1.1475485571400936
-3.5773899199294887
-3.3981043184015776
-0.2192473697816807
-4.4609681625762665
-1.7296467208495743
-2.7221635805198372
-2.5940683647413940
-2.3524871575766135
1.6924328745684492
-0.5015158997316238
-1.1185128668233266
-3.0601845622563983
-2.4808627989787113
-3.2936753277217470
-4.3515149412112253
-1.4526181274473968
-0.4184468953223971
-4.2769903734289372
0.9980614188682772
-5.9031365813797638
-2.4696971121293378
-0.7216567316269183
-0.7876040680211573
1.0899534388850933
-4.4008031138111479
-4.3195907834108800
3.5615804497936012
-2.7211274854468019
4.2506780002748945
0.0335395712565830
-1.5966085651534390
0.1444194838489022
9.2204698004614087
-3.7485147649641917
0.7202689405627002
-0.9225245339489883
-5.7451398372463416
-0.5901446088313953
1.5693614616893745
-1.9840247497494965
-3.5297155441165859
-2.9116450517804222
3.4430906490742519
-3.2910010524209348
1.5820550259521566
-1.8356307935635126
-1.3395129396513774
-0.9141605590240359
1.0471698921072761
2.1318716760688607
5.2684088863122538
-2.0706321963313710
-2.5846741580151531
0.2146871864134029
-0.0916264595759533
-5.8769075710675773
-2.1017514102281134
-4.3028451072643676
2.7981004661402396
3.2379254316438417
1.5177158012924341
-1.1942284569100186
-0.3463907419543253
-1.6999402172727112
-0.7339195435359687
2.1316913269643392
-0.2216819146289166
-2.1258270666015613
-2.5524248380882004
-0.5228404598376841
-0.3063069110943113
5.4416155530795045
-0.3859727946955128
-4.2839263516995736
-1.5164902788538575
-9.5815467451429441
-0.1127653983589259
-3.0734139238745892
-0.7485149427733555
2.5899744984628845
0.4901994983815913
-0.9524979875298976
0.7282699453281358
-2.8521957689786808
-0.8042270135972651
-1.2343985527155046
2.5037647526850288
-0.8932711661544860
7.1591952761278304
-0.3490475704965950
-0.8376220678996913
-0.0201786907256877
-1.3452633359572399
-6.7860699588595503
-1.0043526308719588
-2.1824183644897608
-3.2533266611061009
-1.3192469217904272
-0.9415032354216321
-6.0806090563589450
-1.4425357395738976
2.4537421127759291
-5.0522117940742781
-1.5936457690299763
5.5959444373099334
-1.6107939799767925
-0.2890931221452050
-0.1253754437856903
-1.5948860407692032
-0.1274782002026755
-2.8522260338931424
0.1991198431491447
-0.3782480132550401
-6.8471499470538602
2.2571985624106210
-1.2624125638325818
4.7951624412015326
-4.3592552620984071
0.2411211727325085
-3.6962791065403384
0.7371178903589413
0.6121512301372491
-3.9190249578749374
-0.3341260369835957
-6.0275576604842573
-3.4131648682855795
-4.6031901237266162
-0.8070919304674099
1.8076096467302984
-2.9779418862879816
0.0219044212565076
-0.9299969537973685
-2.5254657587449767
0.3792257657635086
-0.0888701480682532
0.9647081114790871
-0.2978019645235089
2.5852450062151173
-4.4599477661217612
0.2810560080104323
-2.5388836026371511
-5.0361916217646305
-3.0241273537421969
-3.7395117901194097
-0.4948001344766997
-4.5391078284331936
-2.7542840849780372
-3.3707105733770906
-3.8156079964203378
0.4169248853099555
2.8229224071262227
-1.2354821641543108
-2.9603860779203641
-5.1306941386593641
-7.4918728278827471
-3.4229506032571853
-0.8083660916119387
-1.0076169354338493
-0.0618953426351369
-1.3241555428002243
-2.8123386348915713
4.0061562015744130
-2.7844636921969537
-6.8558795700123518
-1.8911780975884658
-1.1837199527865390
1.6961548543369496
-2.9707484778953028
-2.4869582705808062
-5.2091070611303234
2.6195369187098709
-3.8416155945375801
2.5309299903272522
0.0391758968529080
4.1446354198872140
0.2569305041726690
-2.9884463768640153
-4.0923090165644149
-1.4282733806008401
1.3683604126639659
-0.1978891138874389
-6.6070890736463603
-2.1987046376689343
-2.0939753582080809
-2.0001628555233908
-1.8647951430838132
-1.2051854842181853
-0.9494083506389609
-5.4246118915210042
1.6753842784420498
-0.0860473534547993
-1.2205827463785097
-1.5445108083376389
3.6634835425114849
-3.4683167273824425
-2.5849705143805859
1.1703159273944534
-2.0746952545770121
-9.9927933744610584
-1.8799065949797364
-1.8459622250697325
6.1499079018090210
-5.7729655659667882
-0.6261521743613897
-2.7963175212035938
-4.2026386783325140
-0.3995543340686131
0.3633131599131028
-2.3681092917736093
-2.6552617871960287
3.5748427552372499
5.5812993038434966
-7.2244119040233921
-0.1053847491826969
0.6607442683421625
0.6718684361946944
2.9052003727372524
-6.2859212853772695
-2.3081607924084322
1.8250301467368077
-1.8206342853144126
-4.0229558161774035
-2.2063557523919002
-2.1057786182275970
0.4796946503895179
-2.6592255938233178
2.4377788888415619
-4.2606936469331647
-4.2653043699340314
-2.7953610015762065
4.8941635881285945
-3.3402347630269675
-1.6668174859020373
-3.0873402235974243
5.4516495659629660
-8.3713321623600230
-2.1017650047505505
-5.9156772388041379
-1.6018086080231817
-3.0714472477204864
-3.0379258302737302
0.5600634431449707
-3.9860656949790556
2.2304291562893011
-4.2155902386194972
-4.1269567245660603
-1.8661145236128343
1.0780785039549210
-1.3760675498867561
0.2652014969308712
-1.3749736484267350
3.0054833810880903
-2.2429130279343501
0.2328215448222141
-3.4520450591046763
1.5243856639673812
-0.1304529990612536
-2.7492148548216280
-2.5577532446234903
-4.0958877269946496
-0.7750112034963222
-1.1249028655868676
-3.4693458320809754
2.2221910773720115
2.4717841808701917
-1.1420969509273637
-1.5609433837754141
0.1518452478847739
3.4664999159988086
5.3720615066162543
-2.4988486785966715
-3.4509216346407983
-0.6137583919998162
-0.0479512195971522
2.5988176040343287
-3.5474217626066906
-2.1411125792596315
-0.3384278816376501
-0.1776419064806297
0.2929702662078759
-0.7012481553187163
-4.5212902409782973
-0.6294197373435011
-2.7230134673441366
-0.5773052620088239
-1.1215266163999624
-10.5887266271439451
-0.7954160399683253
-1.7224184897849191
-6.2825849427668841
0.0857348397892660
-4.3789053159187974
-5.7459824615872774
-0.4227470346473395
-1.2591299310726889
1.4248367305681220
-0.1001188087127337
0.7824224637920539
-0.9486200315077297
-0.9186197842333559
-1.8653995290728564
-1.6186030663828772
-1.9426437250647954
-2.8405621377959664
0.0375037771045244
-5.5370989840636566
-1.7698111918594193
1.2776922327868194
3.2128460120182400
-8.9056503219852399
1.2725727867803922
6.4911138905739723
-4.6657433232096466
-0.4718542240696659
3.1358934894440766
1.2272819795421550
1.8353700842360097
0.0596024923611491
-1.0314849407383186
-8.0008228362937253
-2.6176640529792121
-0.8975936583197861
-4.0366780110550282
-3.9425650411665236
3.1031952141384180
-2.3086965164487259
-0.6689232175870642
3.7641264346214318
0.0578701983034332
-0.9590463712781192
-4.6155305741521531
2.5421807716768394
-1.2683913713808026
0.4647850854162537
1.7994385781830702
1.9050315296997642
-1.8170768835582338
-4.6645976670431279
-3.5969910034106807
-3.3410932107785118
-0.9839150300454025
-3.6048468662584137
-3.3743645370962554
-0.0107081409409349
-3.0727582327113256
-0.0936118453912620
1.9527416245421341
1.2346286451013169
-2.6939567152482118
-4.3636408472550636
1.6652475453321800
6.9792743378091542
-4.0458048371808939
0.4530291483141491
-2.3716778939873890
0.8903397960164824
-1.5440680760253513
-4.2966145055315081
-2.3662123553050636
0.4004293933140896
-1.2260466784980484
-3.3730566518207268
-0.3449015141009752
-4.4091649488550839
-1.9021068873569866
-3.4784742816021925
-0.0277753800171752
0.4309480317246314
-2.1625236901569487
3.9794016835890393
9.1560743598988790
-0.0262232304928875
3.6300207854799105
1.2281784570755738
-2.9255833536183258
-3.4424041068116158
-0.6766248734909774
-2.4343344892909213
-0.7284587697951999
-1.8000161014411304
-1.4097474968868891
-7.4778361480910913
-1.3270826745223530
0.6857731250800779
0.2397082091271023
-4.0331792688823702
2.5105507942923930
2.0745523187983888
4.0962325964780240
-3.6523670143856490
6.9122435966025764
-0.7152088796257750
2.9036883913648088
0.4373635636354320
-0.7016056086256165
-0.2894355203652818
4.7014810039522601
-5.3320139366352786
-2.0244104891885812
0.3911835853313457
1.1868306501971240
3.3229621744427655
0.0301187615946181
3.2296953366054555
-4.3510803696709788
0.2640641098539681
-1.4274930585128962
-0.3814862789438255
5.7679341508508291
-3.0436000663540623
-5.0149937079755702
-5.6705490515009922
-3.7366650399591110
-2.3349525238887994
-2.3173676349284440
-4.1579332724678428
0.0890830803388291
-2.2635421510525982
-6.7569324075486081
-2.8365935488980685
-1.4624859523994225
-0.3083351730696631
0.3626243197545518
-1.6098171981281899
-5.6081070569841769
-2.0192198786628164
-3.3190419176898787
-0.4208408302942718
-3.7449329704701730
-0.6427338696644023
-0.3660325697237466
-2.8648669494170989
1.0768261834420700
-5.1888242261967124
0.2121373880244597
1.3391880574981199
-1.6340988274168033
-5.0226726682872416
3.6361563664854093
-1.0511760984937082
-3.3195468107309054
-3.6589514813742894
-3.2912539211178089
-4.1821181394653273
-0.5208673213502041
-0.7380254020300021
-0.5810253691382532
3.9893946186151652
-3.0736659484696505
-2.9778927066632956
4.4942500381044370
-5.3237854790599117
-0.9116464588599452
-2.1314113798374423
-3.4685793109749672
-0.5233022271787626
4.6081421717591979
-0.7976295066654568
-2.1340907488318770
1.2970838330188703
5.2808233522767880
0.8935363051588783
-4.1162875712368976
-2.7578532221233969
-3.5138008041165452
3.9830019063613276
1.6809758266841492
-1.4121570326578785
-0.8648504523444830
2.6187526004935138
-0.8708447310981045
-2.8554638884141403
-5.3462617502734622
-4.6570372124825870
-5.8101662952748301
0.3009275107034991
-4.1831920316166311
-0.5264267393773151
-0.0387681989829845
-1.5207290660077843
3.2815814317792324
-1.9994377802887995
-3.8007474954842935
-3.7901441896876551
-3.1107961853597357
5.2748849755965530
-0.7173810017053988
-2.0890208137586419
-1.9021987289588116
-1.2639946212939601
-1.6021594806942101
1.7937548501777976
-4.6205022872316324
-0.0522147345649232
-3.3435749094134555
3.4505623612598151
0.7909838347149538
1.7655636615835693
-0.8368826607832508
-1.7040162669434102
0.3666218343804694
-3.9849660024721496
-1.6166143608702710
1.1939469840704491
-5.0160769623922423
2.1778112865872314
-2.3997857679430834
-0.7395214612300908
-2.8479550760046415
-2.6505983931333694
-5.6432207317221064
-1.3492933643506255
1.6315577697612826
-1.2861769477381033
-2.2560958665704338
-1.8273207563644447
0.7038737776881229
1.9625371071899764
1.7724778658082905
1.1577846096534361
-3.0003032646618428
-3.8833667872076005
-1.0031353987503051
-1.8675782379381352
1.3954613068197954
-5.9419808237853218
-2.5111278035991722
-3.0668982406885372
-5.7492014418875810
5.2567438061118006
0.2448775440457877
2.2247552454210155
-3.3446865747090100
-1.0061853155476557
0.2133741199741890
-4.9607699393968483
-0.0578524362488075
4.2645820636707477
-1.5523805650009752
0.9181776450642302
-5.0315170065236208
-2.7068609123550984
-1.8295404737679191
-3.9716731888348114
-4.7470934272215235
-5.4130215459949884
-2.4494639990281719
