-1.8642821753726333
2.1856255425543574
1.0229337526439926
-0.3504168564641259
1.2514453566545627
0.4997401347907551
-0.0902704964763712
0.0990321838716040
-1.2382494795222556
-0.4738350788399643
-0.0149916218323445
-0.7980297148746942
-1.8501793785572469
1.0773955850165402
-0.2476173569324865
-0.0577157874817136
0.5225628893485882
1.2477119047850367
-0.4315332640567482
-0.3055789345584876
1.5562170239693149
-0.0889718806628283
-0.2970867929707269
1.1434521597363383
0.3824072181815392
-2.4746381203430059
1.2085448252032474
0.4432818440842896
-1.1656686210048697
-0.1096259459044573
0.9897991439104705
2.1485763865758276
-0.1739724480006538
-0.2550042445677872
0.4776487422763287
-0.8276120633244876
-0.5321939606388575
0.1500461260149031
0.0109933125590213
-0.2539077713201929
-0.4977473819859159
0.0897510956213072
0.8080582458469581
1.9043893398559790
-0.4959095386327371
-1.2109418115711510
-1.1944761561482515
0.1714364243182705
1.0715792187153048
-0.0826934588513021
-1.6673702972408284
-0.1793380285613993
-1.1920502400224549
-2.8171176588673945
-0.6674251726421496
-1.1672617074607556
-1.9220199693269151
0.6720494543968450
-0.5287526922115298
-1.5178776941539935
0.6938645140565631
-1.2334404895542224
-1.1409840261601498
-0.1926811031470881
0.6990355290141701
-0.4178427498752157
0.4697945122493314
0.4664903166968734
0.4621290253114921
-0.9240523715002481
-0.0364994997879702
0.7868649566510356
-1.9424991762009260
-0.6740756183838066
-0.0770732218861473
0.6206237289308414
1.0678451263411373
-1.9855311851193229
1.0955900071910420
0.5759488984621213
1.5743302306328042
-0.6189230064231794
0.7542169586876334
0.2027318537815951
-0.6796078286315613
1.1617848223239453
0.8778856483007291
0.6857224723272848
-0.7991273266635140
-1.4673187374072927
1.0238075503633870
-0.0341415207997540
0.9946655442928111
-2.1929122662564522
-0.6329243302951177
1.1132638997551823
0.4381749786632082
0.1092664269153345
2.1677759892444413
0.2489244477086448
-0.3058508811514206
-0.0150566084052754
-0.8795323218732828
0.6786019534561929
0.4445058716369781
-0.3545109655450951
1.4811052228572423
-0.7706104474142021
-0.5501301623315825
0.1341171919181350
0.8206104275568826
-0.4347924718504522
0.5106399171114168
2.2647163627923388
-1.1830614589277999
-0.9152831159864213
0.2505439648459730
-0.6880922300559342
-1.5049807359499263
0.4654932962072599
0.7290355867201290
0.9045043759492978
-1.1307582940308185
0.2307240956520680
1.0636992976099922
0.3276914413089903
-0.2427809802143517
-0.4160428885414021
-0.4412185225785132
-0.0379253664779283
-0.4620823192791838
-0.2585395207820427
-1.2583012510891962
0.4536294943583804
0.1868462974159016
0.4766587227572850
-2.0445562144041309
0.5384524060201170
1.8241135739094816
0.7623042351470852
-0.1696349006511251
0.5012577474108623
-1.4123858609092983
1.1180067529039768
0.5305069332932917
-0.0772206704608753
0.9924186728321788
0.8361702882697976
1.6040755519383929
0.5552050328929274
0.6057768063075428
-1.1656336546068922
-0.1534793504068774
1.0737573515297643
-1.6533094022019301
-1.8016773836957745
0.8384341511105361
0.3163027167581782
-1.8776914808222926
-0.6087729001575422
0.6509254667879562
0.1212723236108010
-0.1901222631152235
0.3338728425374912
0.5463264215452255
-0.7502798732268978
0.3688480461984793
0.8939915950194434
-0.5059728515570643
-0.0194211341613874
0.5283312695650376
-0.4730609886091224
1.4583977781115898
2.1847940760493643
-2.1665698304445486
1.3860542807738558
-0.3063915627176039
-2.0374010425936588
-1.0112986252378446
1.5461284721816821
0.2681626509685243
-1.7274692698385674
-1.4901995458616846
-0.0667378020625503
-1.3619156849143048
-0.1772826586291366
-0.8761121880822402
0.0679114947328376
-0.9553737505873753
-0.9743453159539687
-1.7062025100526490
0.1174458245767598
1.8277838354837028
0.3318394224568584
-0.2886717131308368
-1.7013342734234269
1.3123567603897521
-0.0320943131013744
1.1030302745360212
-0.4978393641058800
0.8838783719569663
2.8103447528206287
-1.0010855783411763
-0.1589535393984269
1.1444038364734661
0.8121334225134683
0.2976242416564761
0.8813936755092109
0.8208879467355481
0.0501930567761963
-0.1699879587813806
-0.1369121971699368
1.3019479930101849
-0.2553318251897412
-0.4483861098015228
0.2107309553159662
1.2634092394427121
-1.5473748510348402
-2.8765688916496330
-0.4553233349420661
0.7086063643663890
0.3214435272825052
0.6348493089496606
-0.0847095629835969
-0.3376021493396460
-0.9578491668936994
0.5262862998501189
-1.5386035420363835
-0.8037653149911992
-1.1832194660231816
-0.0963485067318728
-0.2042817939347747
-0.5536186590757627
2.5504980065268943
-1.5136152011212312
0.0275387257769311
1.6042646037329078
-0.5056144499676729
-0.8498307924232726
-0.2352029337381848
-2.1418535089109692
0.5579016369338745
0.9646870033522515
-0.8046839010377957
0.0055537304789620
-0.2479112407280964
0.4023116479411545
0.9456301665869572
-0.8423890590048153
-0.7581474001689965
-0.9315468504443324
0.6544312230879412
-0.7600641821930164
1.1342177408159615
-0.1630991419282617
0.8511348362059230
0.6239953854624024
0.4067149696904914
0.1813033873898189
0.3919285061358131
0.4546682501966171
-0.5946659244345041
0.3123262923158939
-1.5714042877618690
-0.1174918997445889
0.1999172645915874
0.5535991585411257
1.1672842402102901
0.0113323422198543
-0.0091195659147789
0.3396311035469520
0.5201334499126308
0.9807071747551503
0.0033181581498090
0.9780737606377570
0.8127346399951506
0.2982328107524485
1.0102528231182428
0.5465157166888097
-0.3926251310437032
-1.2675130648878752
-0.5538165505569894
-0.1778926497075450
-0.2628923684297473
-2.4357037000618442
-0.5988923686253376
-2.0493110689914902
-0.5962574397494578
-0.4144044607044911
-1.3892001906698117
-0.6087729142446610
0.6659593872577385
-0.4856017976434318
-0.3628527947235902
1.0799209709347914
-0.3858670731148144
0.2787696164837962
-0.9819496672476336
-0.6677398930302484
-1.5047757380924827
1.2980871957218918
-0.8516024989741741
1.0837562039711051
1.2468677144300166
-0.7779321610400851
-0.1925361406775544
-2.5840419926428924
-0.3154005024958987
-0.5906498372825697
-0.0683571949968346
0.2316981740866801
0.7862980348588768
2.1199936929359580
1.7197027263224278
0.4149786937198509
0.9822014419294707
-1.0454033826056284
-0.7263541812848519
-1.2175697396087899
-0.4624788051378849
0.3203087298278611
1.0246193837254294
-0.8792048875336969
-1.6798994184806169
0.4337392831898849
1.3070690404947105
0.9209440797723344
0.3443304233934841
0.1025383111193563
0.6896715649025533
-0.6416925206892281
0.3766673105380551
0.9848678061489414
0.9789228473361168
0.4505052172297439
1.4535592831237660
-0.5649087008884157
-1.1315188487422105
0.0094273499159869
1.1064775607177746
0.7305096690634399
0.2523762728690157
0.5109541400982754
2.2097842151541172
-0.5037508672437766
-0.6205627128202296
0.2546618139324750
-0.1387565549812474
-0.9230661655994494
-0.4145676717530244
0.5327708310558985
-0.7726214940530791
-1.2124322571643098
0.7480389690624945
0.6354811529704335
-1.3059532380363672
0.7915606517576834
-0.4551838320145479
1.1625056829892295
-0.3321058255749537
-2.0588742573787768
0.8935108165299486
-1.0411029797141846
1.3205127213269152
-1.2441504427140515
0.6546322539775792
1.5963548574269277
-1.6672966571042556
-0.6259117732040111
-1.8784156889833368
-0.1398085060152361
-1.1139604107411811
-0.5697970252221267
0.4676804796226102
-1.0965820775701303
0.0705907088811625
0.1651336240305626
-1.0161654301587084
-0.7792750999751964
-0.6812335408077381
-1.4267806475426041
1.4775064350502343
2.4979227860802364
-1.0853028269000813
-1.1215004960015502
-0.3830850321489049
-0.6951845728384975
0.0077751225869550
0.5533106273346057
0.0804389885368912
-0.4044342796648238
-0.8106135404486197
-1.0014967751483457
0.7834527633916352
-0.3930019508534682
0.9308282621880911
0.8425059671433837
0.0100093895403815
-0.3320027427174534
0.7299197815143866
0.3195072273265150
-0.1606636022512593
-0.6570685384312966
0.2483939938717902
-0.2102583303888456
-0.8252033048650793
-0.0539873915123234
1.3201369163933017
0.4199848939857069
1.0574379157574023
-0.2802931964865848
-0.5592363654108308
-0.5965544769535914
0.8691927360796651
0.9644824337370875
1.2770573797599767
-1.4524191145736818
-0.6296589953183289
0.6990058059171586
-0.3781325078672543
-0.5357769171628660
-0.0341082853870271
1.9224754264793789
0.2385886437519007
0.7102857996869247
1.2466571329946010
-0.5406366598286042
0.3036681496088191
-1.4262142917524092
0.4463850700807070
-0.3868739251260945
1.1710574251343790
-0.2803259841710648
-0.1538676317011955
-0.3636288376409990
-1.3378365699608272
0.2133900029702577
-1.2718152271258238
1.2845663711910813
-1.5023214385920443
1.0049739102117676
-0.8781254508341805
0.0268218807241488
0.3170372900148360
0.0199878659375314
-0.1176236783022762
-0.3431266832270142
-0.3413471187438585
-0.4868714887236904
0.3419621482910509
-0.5917505926324018
-1.1665231481514917
2.1939008793429462
-0.5405948061863952
0.9015544501370294
-1.0142782890696647
1.0433744853419800
-2.3169379286648475
0.1465827479101090
0.4897294864234127
0.3457578560540999
-1.6591504823857266
0.5292018786956912
-0.7668302782903890
-0.4589391874829959
1.5475605025021348
0.6165291473995471
0.1200372658478849
0.1020892743593382
0.7819986711703486
-0.6294289321926001
-1.2637426653925576
2.2268474378825602
0.6807818228790748
-0.3389818189330464
-0.9088843601012677
0.6246579170614460
0.1003984210301541
0.7961253597936702
-0.9015734477833256
1.0843144479352551
1.4406124392382578
0.3654219608754429
0.5700675344823694
0.1413193880074399
-0.5076164410096654
-2.3980992545416915
0.4062991998302993
0.5867388514340551
-0.7424314977339486
-0.5906119709623900
-0.9396652521835333
0.0690635323360723
-1.1033690941293206
-2.2132761266808956
-1.7619463246363574
1.4110608317538182
0.4842188529842747
0.3383784854969608
0.7706777090315923
0.0939415787879760
-0.6942328683612292
-0.6166909949509541
0.2422714355620444
0.9924079070801748
1.3124922277436553
1.2698175672418157
0.0264281999775774
-0.0133950479959303
-0.3846589557890757
-1.4369748172860306
-0.6046927737718421
0.3811801227351060
-1.2112568718962824
-1.7676387147035424
0.1068312565284207
1.1137412378107805
1.6968323297810439
-0.8033549624031676
-1.8392010680936335
-0.4469470925707075
1.7531765815680762
-2.8889888270378132
-0.7078254182804063
-0.1126134218722203
1.2138422564583713
-0.4351108247204891
-0.0831708562316691
-0.7366756870154000
2.9670080567421162
-0.6632527891276639
0.0271778574652925
-1.3585182718612625
-0.6451001600593163
-0.9917629457827036
1.1268426867521724
1.7905077859409979
1.3649224745230479
-1.5113605807227741
0.7666179256846332
-0.4394478012055740
0.3704601971072457
0.7864319008380866
0.3405037231838042
0.2672849876705024
-0.1216212929647687
1.0394998619533913
0.6445650004994373
-0.4432683422859866
-0.1844723202237102
0.1049170590270665
1.6029072754267741
-2.7769617161006925
0.6152657727115974
-0.2891782171046312
-0.7870692957163455
0.0105731925998904
-0.6545817891561475
-0.8904996268106271
2.2979311447752471
-0.0388154885612826
1.7216706808144888
1.0416587469752301
-1.0711954492151208
1.3541636168573659
0.4990982038770250
1.5724921528982869
0.1579921464840175
1.3965412585868755
0.3343231929601327
0.3469548350177866
-1.3317713078176165
-0.4512576323305159
1.0223636366041160
-0.8005051179518992
-0.1009642902309836
-0.3717216124720885
-0.0949320772924790
0.1187860904454502
-0.5164803167812300
0.6123103304785836
2.0707206993088332
1.6977296085367730
0.1188116353823893
0.9024704361072851
1.5206994037818999
0.3872041382842479
0.3851626531073015
-1.0414168635472414
-0.5039958790185071
0.1766960052959081
-1.1473685823018003
0.7823928609367501
0.1995567616122065
-1.5889772128517892
0.2860786279844922
-0.4689858155489480
0.1830713796390107
-0.3143058769439347
-0.2805935376317353
1.7262685961355280
-1.0555212660456430
0.2079950848939184
-0.2076356447751847
0.4344694044550753
-0.8964783302736112
0.4311289428608951
2.5872847864760025
-3.3209543204949550
-0.0891935301373155
-0.0119729820045939
-1.1312538430988972
1.4662355451568199
0.7395718507075303
0.7455062730035696
-2.4988643257302634
-1.7931915046560261
0.6154772831723088
0.6088365377521888
0.2995873664959164
-1.6584914239194957
-0.0109297933882708
-1.0579036869115519
0.1680611871944450
1.9355257071163796
-0.0340260421175467
-0.2763217548720066
1.0040552788832713
1.6450042275877392
-0.7378187515766333
-0.8395206778470755
-1.1804718474137419
-0.3804985917176384
-0.5712194049430035
-1.6924907368056716
-1.3345682781247248
0.7761345393855097
-1.9511233820432075
-0.9424822548953992
-0.8322109122991391
1.2090874282544568
-1.0875271581278956
0.0674440427554134
0.3488604031995799
-1.0501239449311812
0.8487349693891174
0.3057484073049553
-0.7332608477375616
0.1532830000474604
1.3628950796729267
-0.1458805621192379
0.8799847803811093
0.9197032098086948
1.8428173773609728
-0.3319155694838625
0.1071662327439299
0.0351997556413565
-0.3797135495131119
-0.9942825193763998
-0.2004006720243164
-0.6322122862288193
-1.9854537130446739
-0.4883480050001853
-1.4712161367854206
0.0637579772640667
-0.7045254628017961
-1.3754606826883995
2.5274889504002420
-0.6150273699805673
1.1747352747071778
0.4649104290871693
-0.3351228270777110
0.2225536422294092
0.2991743848409829
-0.4224033836367216
-1.4738194123281081
1.6053084993815256
-0.4928220315645886
-1.4666547408857364
1.7736487678019606
-0.9826461646836231
1.6227272506665451
-1.8661843368269315
-0.9345928169343415
-0.3839298615048116
0.9951009347793373
0.0023868992616689
1.9909387342517246
-1.2391801925564254
0.2069409557463751
-0.2401091110169256
-1.3772242287047010
0.0609139242146124
-0.4447320339384013
-0.6881098326908335
0.3114427810767321
-0.2522178165487611
-1.1472090658292569
-1.5630441795692840
0.0752545347902040
1.5533795112279534
-0.6030453611348568
0.6185569165865356
0.9122932708702602
-0.5259380807119076
-1.2481952602013857
-1.2838494485020642
-0.2396429796697434
1.6559226215526708
-0.4269869816738617
-1.1779919838193260
1.0516702417154589
1.9266134031607820
-0.2606459733878793
1.8661284941267215
-0.0090087078302249
-1.5133616653769553
-1.2388143850915700
-0.2773790064960417
-1.2647622960959142
1.5914794803164813
0.1817770340088306
-2.0220376599491656
-0.3941720121054502
0.8772964826380192
0.6472645572553068
0.1419292253130363
-0.2412689358294860
0.7834115832231628
-0.0142859044912062
-0.9661071486095366
-0.2789422852554141
0.0938361979847050
1.2991492907073767
-0.1985460372775023
-0.0852665767509621
-0.9271848351685470
-1.5426436259413145
-0.1627021398558525
1.2690879228076231
0.1049823390648163
0.5661515471258040
-1.1597420448475677
1.6140468566300441
-0.1295215540473894
-1.0892031808504161
0.3597526651255735
-0.6353771239385486
-0.2152093341611943
0.0224319264478826
0.7512894409669415
-0.1957334221255050
0.8025084720603437
1.0266517103462220
1.4378354384110590
-0.1311766633658019
1.2217262417251999
0.7210378658196830
0.4553957571466599
-0.2778561651845543
0.0584106097984784
-0.9164006959726236
-1.4691009244029256
-1.9624681029199891
-0.7228075248358896
1.0023060265862860
-0.7879525872421637
-0.7085274511441986
0.3342809300350277
1.5700841657345208
-0.1334721338684041
1.1745874991311152
0.7366069409886624
-0.5732487486374299
0.2887956423141070
-1.4612883779954944
-0.6165862128798135
-0.2709310004903005
1.1263598748902000
0.9494527924497105
0.1609386901930749
-0.1728040060006992
-1.6643744865843766
0.3992895156343944
-0.5658171315515752
0.3469426207123651
-0.1835119491674799
1.3462113382742555
-1.0580316465798671
0.7005790861742051
2.1914611897450782
1.0347760328376083
1.1053276154787881
1.4784718978767801
0.2029188056147297
-0.2056550136572335
0.1384388341589295
-1.5238312638033660
1.4412651933182372
-0.4879044375500913
-1.4368591491952010
-0.5129918745193336
0.9392439591237588
-1.5122499246596741
0.7157568560582147
-0.2272142684626480
-0.1278958359887244
0.4090270640666482
0.9064100647478862
0.2551733754040501
2.2727259347970010
0.4745280955095127
-0.4772317310287713
-1.4653776267603291
0.4951163418607704
1.8047551318749029
-1.2921763412038889
-1.0176440387476078
-0.7040561837894961
0.1134365333487572
0.6377381953780341
-1.8090414747133829
0.6458019203342651
0.9298451820161966
-0.2802471059951688
1.5282382987143419
1.8867644595112809
-0.7622709553612413
0.7258616659733033
0.7147832475970889
0.4901643681212699
-1.1209265839480338
-0.1836052103824090
-0.2447353629212813
0.6275700102669174
0.6275755941183274
-1.6473699802115849
0.4369981853228540
0.8210892374598249
1.0215226202306404
-1.3312399368632071
0.2932310619869225
0.0990735762422951
-1.3552452186868831
-0.7321454074349429
0.4926045644150934
2.0925255123547628
-0.0897389793449802
-0.2104381450676417
0.3507516816000937
3.0057371517270219
0.8027088663389328
-1.1842283410285468
0.1637356195160068
-0.0709355253644058
-0.5510976775654810
-0.0217905362217828
-0.6229567855687668
0.0844143264443710
-1.4092205588114735
0.2827830877718857
2.0778400645520043
1.5337190382660801
1.0158211015935370
1.3125394728124828
-1.0750080480093489
1.4447057304038871
-0.6529647704499192
0.0623806879159082
-2.0563369308145334
-1.4021715667936656
0.0089095349586106
1.5635670181650720
0.3050054073249621
-2.0721617380205388
-0.1009585556466306
-0.4251049897767309
0.3058808622628814
-0.1702863847438070
1.5481699070333554
-0.7647280068961284
-0.0561268367303096
0.8344633150876045
0.3428705078294687
-0.3229152123926080
0.8313773705695828
0.2329547915782407
-1.1658274957215886
0.0577260891538592
1.0050122393208920
1.3300658831800998
1.3377478358322084
-0.2874222926509661
0.7278015993864403
0.2746560463286601
-0.9041498654835891
-1.1291236932223869
2.0022716982599902
0.5200599961881681
0.3276257762572267
-0.1380436789596647
-0.4752935388942912
0.9683661289763212
1.4776729998837190
0.3406257893917827
0.1128633940903411
-0.6942323080961922
-1.0916034194206925
0.6357175199873205
0.8648193335936745
0.2509836003010643
0.7734212308391860
-0.6484106917053307
-0.2695761525626489
-1.1760351830577189
-0.1750845080413128
-0.5634922405716994
0.1148118294171570
-0.0335607717945373
-0.7192437958879547
1.6641583149900563
-1.1248765273079173
0.8062832168481195
-1.0228560598934398
1.4340438004357883
-1.1815118532536497
1.5664632014163422
-2.4243821960278846
0.4524817126244687
-0.1208206296431012
-1.4240924699997188
0.4217451589592564
1.7194513450702671
0.5858657264712599
-0.8863030260573472
-0.4379914180805857
-0.1763748865800848
2.3694262008183684
-0.3623186103982328
-0.0211907291396097
0.7687475667873571
0.3141711487864280
-0.4057297193820670
-0.5052235922573189
0.1330894805798011
-0.8501713068404472
-0.4660741992436606
-1.5544437020689104
-2.2592472861639141
-0.5229403684492986
-0.3455148884434932
0.5834749908285435
-1.3666716752774446
0.1149855705882187
1.4734717516124256
-0.2183129389536382
-0.3205287138635692
-1.7843770023951881
-0.4174600532390362
-1.1166855341700936
1.5034037965960247
-0.9687916618960490
0.4418567934372328
-1.3653851951842164
-0.6427411969148982
1.5138269644383506
1.0699259364736953
-1.2743799218324570
-0.3973419792857179
-0.5317375261468260
0.6119983890162429
0.1945518458282716
-0.4707822365965738
-0.4339794819366734
-0.1009955977382451
-1.3746073716333220
0.0350252310999099
0.8916168399640763
-0.8747686445844247
-0.4743090837716689
2.0728159763813840
-0.2984857195350055
0.9490849192568266
-0.5021763942957521
0.9861581163899547
1.6475472659924477
-0.2081745247027975
-0.7561423899439117
-0.1338404828908374
-1.0546289872550867
0.6134951150529327
1.9587921322527049
1.5309173423690616
0.9354968527189953
-1.8661106937586349
-0.8339622400298630
-0.6865372457168186
-1.4440509220238384
-0.7403443943113582
-0.3888867542108648
