0.6864974602989623
-1.9131255160394733
-1.0231806575730149
-6.0152581129970555
-0.4284730943236282
-3.9882876228619160
-0.4933488147226220
-4.6908269027776965
-8.9870375655577082
-0.4953590036117638
-0.1643988967943122
-2.4715677782248897
-4.6009010250008799
-2.2297070596910529
-5.0576256047819870
-3.5577218947326528
-4.6391470987687695
-6.4309927190077065
-0.9297034029309235
-0.0156788656511092
-1.6543504693082300
0.2398030225234257
-0.3300583068443392
-1.6559810444674201
-0.3205967756973667
0.3484778976643640
-0.4177018384299790
1.9060665628889184
-3.4500526413416908
-2.9556412568394528
2.1907051567936540
-1.1982412413983559
-0.4947185918533354
1.1984287025893978
0.2294834624834102
-4.3334159972702286
0.9598377906266755
-0.5520616388531331
-4.8699154373660027
1.4910655565978073
0.8068485242965994
0.5957598997085372
-2.7687374977517614
-0.8650683747931076
4.4397129058373599
3.5770493070151339
-0.7999418896190055
2.5727176161896255
-5.2411553041183661
-0.3869258021257141
-3.2892747621768299
0.1340525449133546
-1.6026233562421346
-0.3583884227807934
0.0790902696426178
-2.4018967472698263
-2.6009156107237668
-0.5043263098904283
1.1301043482031501
-1.7266568884894562
0.2642407015111602
-2.1789658262360918
-2.6176311007776309
-1.3778222411961645
-5.3689346052223881
5.5432985873892680
-3.7904305339258486
-4.4855459917883413
-2.9628906055330750
-3.5000184419918678
-3.6292787156144843
-6.1542946285626208
-0.8101274386829037
-0.6119052164904476
-2.7476201868275822
-1.2265254498116043
-2.6079058189312341
-3.0772609624701639
-7.5400179221536279
-0.4401823769567091
-0.4572356789627787
-2.0505810343239119
-0.5284478067158515
-0.0319362028117700
4.5978712948818670
1.7440929368847835
1.2839432735647263
-3.8200887958556078
-5.1892454578216940
-2.3573112229622888
-2.7385436940847629
1.1467426855398897
-4.5047207599304837
5.2158863272175546
-0.5363453395346194
1.9588162123713944
-1.0164165240782292
-2.9831121840244075
1.7324902260472412
-3.0356352774310427
-1.5968808184875112
-2.1008000619762202
-0.7107305836566342
-0.5052261322335914
-2.3167919799471934
6.6782960632941490
3.1046096550785256
-5.5110030563321111
0.4948715179324811
0.5208670174961230
-0.9402138396622529
3.0852385828270790
-2.8436186382422290
1.7956214500890786
-3.1094890657369918
5.7234126196487018
-0.6143094023216795
1.6022794419661350
-1.9416670943460450
-1.8001749030725800
0.1440446201136931
-0.2475409164966872
-1.9697071061302776
-3.9937834395188143
0.6045807123105673
1.7063141027297464
-1.3406558135513653
-7.4713150001976540
-1.5023070088226196
3.0258189489311591
0.3982005149148519
4.1328110113437786
3.5846181575982055
-1.3663863555133045
3.1338451460873098
-1.8423094004137381
-1.8749743960718961
-3.7514630363895280
-0.5886257657775901
-3.6583858342341542
-3.7816457104574099
-5.2413571309352882
0.8445726743626708
0.2767421253908686
-2.7235187240337009
2.0124761562165832
-1.6366680013460631
-2.9978851145058556
-3.4922871070022450
-1.2649717775655884
0.5645862437549094
-2.9242189537590937
0.1752612212318673
-3.8446344071679359
-4.6913074147343083
-2.1633545789008131
-4.5218731912741683
-2.7344337493255182
-2.4964233370854934
-0.7510642627346550
-1.3512512449955532
-4.6251899095827760
-0.0448292893701494
-4.3660912967725878
-5.8490357702523168
-2.4509182895997101
-0.3058928340002366
-0.1404830750762445
-0.5773065006934935
-3.2051326798999238
-3.1327488482977381
0.9070423747243542
1.0793585640872725
-2.3910383065372560
0.0376259172237587
-0.2835210129552192
2.1405898984361649
-2.8299467242929328
1.0416245274893097
-4.8449443459682451
-2.5896216608233775
0.0619803235349117
-1.1690364664350266
-0.9641802354343261
4.5112909637972196
-0.9711910457047626
-2.5953157859137330
3.3196276306169215
-0.0165324164012048
0.2436177885838759
-5.3841681952607923
-1.1036484302643503
1.4172461097236295
-3.6794841951543713
-0.0882563554818929
-4.0479787742527806
-0.8576194642935178
-6.1624140700720629
0.5420935633851552
-2.0307114146484944
1.7048298614344031
-1.1219894263634860
-0.4108385528849673
-2.9873070134272162
-2.9164391189236332
-0.3166888560486418
-1.6540487539579967
-3.8435021099067690
-3.6829674448111169
-1.8831502932184858
-1.4123406000706378
-1.3667331874867004
-1.6808687165951859
-3.3458356016846982
-4.3076407967291797
2.5661804660509677
-2.7489984466032822
-0.8896770790485484
0.2229409963491635
0.1504343020352970
-3.0157005789567983
-0.8731386769376754
-3.0899275487298659
-1.3720005184382307
-0.3140863601228931
4.0168512166567245
-0.2494607946905075
0.0895828311411946
-1.8839180907546278
-1.5056544964575516
-4.2096385639005129
0.4056798483963193
-0.9252745167068750
5.1051633465472408
1.6580062138678200
-0.0002171819855004
-1.5538055081818638
1.7976468042237328
-0.0242322387646048
5.2942510765664457
-5.2719147219228208
-0.8291666562886940
-5.5135877176048975
-0.0554993031045515
-6.7173704736103499
-0.6630884495422988
-1.7159283837257637
0.1602205381611181
-5.1802131411553356
1.5617096792576843
0.0419779164267772
3.7308181206259512
-1.7772036246320975
3.7427844625537743
-0.3063261017786312
-0.9860139712943458
1.0725071934908785
-0.7909368401596173
-4.2547867467673921
1.2495000269079162
-1.1549328361803004
-4.1444541841696907
-1.6379385697028388
-5.6124191796532212
-5.9075936273201668
-2.2219534984795049
-1.0599209348445600
-2.9596391869205707
-1.5070381771333390
0.5727802537591871
-3.3318752969132701
0.5868346054250225
2.9257384189745634
-0.4301291860070593
-2.8695289412623897
0.5677598419358706
1.7673433469321589
0.2243865501129505
0.0980815408052566
-3.3676634768802329
-1.8416953210769771
-1.5160512149155982
-0.0192563165986304
-3.7676050630042632
0.1272030304316257
-1.1087265227191068
0.8799544852189677
-0.5379672537213352
-1.1633628582568702
-3.0285341813936415
1.5908480371361660
-5.0023637400324574
-2.0049422802364179
-1.5934225553998251
-0.1465498485700878
-2.5749146944176360
6.4961425571626936
1.0427759038409163
0.8865599418108484
0.0655786510621323
-5.9985681558563826
-4.7595934010887317
3.3434145923366057
-5.4946134950274947
-1.8211509429850259
1.2500928083350302
-2.1104007805514278
-0.7111216304148307
-2.6119996422253888
-0.7710533057035253
-2.5025420937173823
-3.0884963145710742
-3.2466636970026674
-0.6031695618540305
-2.9532345576749774
-2.5110702852745375
-2.9734815816817988
-1.5872236432703115
1.2213656414601208
0.1513575409760022
-1.9331979809664164
0.3154175459328807
4.1601610532162825
-2.9258072356085574
3.6402710644259262
-0.4834815729584090
-0.1550279640230327
-3.1747527008970233
-0.3129702802183488
2.3087985097687707
-0.5767114964789011
-3.3912004478132309
-2.3828736752801372
-2.7703944531141720
-3.6133856528029282
4.9364986116104097
0.0044392126086560
-2.7372260902948464
-0.5489432215978745
-0.8670387541623387
-0.5601478923520153
-4.1731538246057083
5.3423876021493655
-5.2631007084489774
-3.6365517277779631
-0.3204459666938475
-0.1589292523020949
-0.8275601352197614
-4.8777027024567632
-3.8696828131713095
1.6500160492104974
-1.2662211903402503
1.5822104833703501
0.3358507638936077
-0.4848417295001357
-1.6682150850686326
-2.6583432258881685
-0.3339604515907579
-0.4785648349834247
-2.5562656752859012
5.0899218604143073
-1.3838902739602961
1.5777163824326579
-1.9932880527091057
-1.3042136521672780
-1.7352209849451248
-1.8410999263242445
0.0478894173257870
-0.9111807372894324
-3.3842814847223335
-1.1834886654926224
-2.9121167775428733
-1.2802411242955485
-3.1420990300348071
-3.1702879427282209
-2.4908637841756920
0.5879124820339763
0.4049300919531765
3.3481324301537310
1.2652251668748364
-0.2244616143458357
0.0193047075019623
-1.9967639593555297
-0.2737518510751243
5.2334269087465417
3.1106113616952022
-3.3622103994492631
-0.2347629909545449
1.3141009149365817
-1.2013529892908124
-2.1301059654488230
-1.9275833364384294
-2.9410780757603998
-1.2578437164526948
-1.2972731303075908
4.5704434905670173
-2.0618128673611325
0.4305994537564007
0.2117946555953502
0.9885568219375390
-0.1072900166971143
-3.0717867313292433
-2.8070160280686385
-9.4815479472323965
-1.7044717799425784
-0.1502120169117628
0.4547019146053425
-1.9365242217757421
0.3893654412972519
-0.1824010088302889
-1.0873669417742757
3.5439898180545089
-2.0870382693486178
-2.0216341254231152
-1.2785710394411216
-0.9272524264059286
-1.8373467786902586
-3.6456246814814186
-1.8881284871132253
-3.3498420199569221
-2.7260778173347502
-1.2821452582050505
-1.0041297695422593
-4.5398905858596139
-4.4043932950346063
-4.7116358137224488
3.1775466803527253
-1.6254683646473369
-2.2742571055998853
-4.6612720656059263
-2.2967860432838467
0.2406666537019700
-0.9517195045304564
-2.9869662102820289
-5.3780312969711650
0.1862189998593876
-5.8483874708265997
-1.2274915032016309
-0.1395293556918797
-1.9726742403904525
-0.4462987928955903
5.1658164585445263
3.6279638437611945
3.5383878845678889
-3.4072729775750621
-2.8933556228332984
-3.4117045287391767
-0.3918277151276467
-4.1706727396255108
-3.0746945644687442
4.7603592886292834
4.1125991261192780
-4.0625983145192555
-0.3168884107979553
-3.7647081172884418
-2.5643949388631988
-0.7732676558636122
-5.6930172789438451
-1.2146525398390160
-5.9153208460679485
-1.6472806014870129
1.2675848683842326
7.5600710654145180
3.3741845450450048
-2.8134309767477927
-1.8934264024799716
-8.4842207577601609
-4.1373754570884786
4.5592612750997583
4.9902653739718197
-6.4787183678482601
-2.7198770317968202
-2.3072975902037696
-0.4328546885248892
-2.2595278377537089
-3.5665676929734835
-0.4377531015088676
3.1192471117454379
-1.4435128670652755
-0.9262471341388083
-2.1358274802674471
3.4192991989512547
-3.2990637505588021
6.1848921978312070
-1.6980817926145626
-2.0793176820368688
-7.0809350126480073
-0.8239062781787134
-4.4715282157743808
0.4193910924862788
-0.0212825735600425
-6.1574461329021979
-2.7948760790463125
-0.2461280395096285
0.3310407132980433
3.0407012042011670
0.0007964316393517
-4.5865845903452387
0.4559167160785753
-1.5112931694084000
-1.6429322189871653
3.1866695735994677
0.3812852354896988
-1.6047037463532010
-5.5158091414504558
0.0892088261479919
0.1262996191654024
0.5740747285839191
1.7704070016773905
-0.5126252819748456
1.9445051818659889
-0.4519694652427759
-9.3999702405993553
-5.3806874348208096
4.2811478068091535
-2.3977021786776094
-0.9051726127783060
-3.2550143248816354
-0.2161403764482011
2.7681311640935307
-2.4470812274666645
-1.2060797100197291
-0.5613503507987846
-5.0152306851803949
-0.3342521080360068
-3.1050073499929081
-1.1093241901649114
-3.6421419301622393
-1.9012512141341649
-2.0111569260559419
-3.9033228980378203
4.0124166089718516
4.1134041383705071
-5.7968356687654339
0.3596987584001993
-0.7498258021419625
-0.0692058523962502
-3.2490889052834007
1.2090624834723946
-0.5181706441693683
-1.2247210948259859
-1.8441873677150209
-2.3585122903345854
0.4033500504715568
-5.0710105535235170
-2.3287973733638934
-4.1145873388716145
-3.7716199877105008
-0.6992913926763177
5.9466248293013111
-4.1041527497115862
0.6562242547905628
6.9228777197447346
-4.2463371107287387
-2.2229688648568136
0.9919451444621824
0.3134605720348306
-2.0416176504094166
-1.1986166315991285
3.0133823924452976
-0.0946468144749428
-1.1729953278438328
-2.9665656819725656
-5.2267084257866774
-2.8712641237058563
-0.0187482107762035
5.0161385491646486
0.3874677514490070
-3.0948923442185414
-2.6909768786493653
-1.4952563271567505
-2.0224377680912564
1.7647035219640859
-0.0309832757268506
-5.1962570880531089
3.5051144015288451
0.0884595759017556
-3.5545304538369948
-2.1796348554840472
-3.3160405451048516
3.4915380413468058
0.0714596989297057
-1.3013517690573657
-4.2807907191888201
-3.5978827460146325
-1.9174823418362277
-1.7607845475390176
-2.7112538471202763
0.2632789072305726
-0.6906914608346587
1.1020168727950497
-0.2692160846912218
2.5421367954768526
1.7683964626110986
-1.0967045088573220
-0.6043253595122093
-5.4146926525687027
-1.0822615280702528
-1.7146060829389764
-2.6829649978422596
-3.2009818487451276
-3.7485317088790016
-3.8402381477785368
0.4248248215291067
-5.1251583733228960
-4.4939758519433290
-3.0853208679877246
-1.2795235373712555
-1.7808474830981531
-6.1200543576574260
-0.0700148075362667
7.7144216575435980
0.3766611634223159
-0.1135099896316391
1.1421327664494740
-0.9765791624260081
-1.1956870976380845
-2.2591817232569777
-0.5524310417346622
-5.4987384817772931
-4.4042327965962569
0.2268517204122427
5.0630464017364636
0.1207956283809395
-2.9820244839877130
-0.3389306337667177
-6.9000090199445285
-4.0430002302533330
0.0815384207127074
-2.7189761149273997
-2.7481112485437516
4.3454954018948291
-1.4928586147778931
-4.6324069288894787
0.6835779590119621
-1.4324826343144053
-1.2269470589452651
-1.9391616828586220
-2.6786295247659409
-0.1305904060513698
-4.2069644784858298
-2.7720714987820960
-1.4009956258531107
-2.7637336566257287
0.0962540513686155
0.8783154733767435
0.0564161031510473
-3.2899053117707040
-3.5090619988644383
-0.6257746339171395
-1.8691686073753320
-0.9582418875543290
-0.9623756951694823
-0.5908876428925871
-1.2334480508211749
0.5392034825898177
0.5305886752368201
-2.1612513571285179
0.1504604440235292
0.1696324548342706
-6.5401359014386173
-1.4991190264014460
-8.9736258251537180
-2.0146201834537445
1.0985155586618534
2.2230491159940815
-1.7299494031945264
0.4422965716377803
3.3446569366560346
-2.7544577795488117
-4.9337490394329242
-1.1607850940082538
-10.0493511835427860
-0.2044535628802484
-2.2230708352677202
-1.2406513191486237
8.4497973967151374
-6.7254677558459539
-4.9475044730271431
-4.9914499317089502
0.5191223596612184
-1.3117128033571808
-0.9575526033886744
5.2554048723758520
0.6654484124274395
-2.6426781269714228
-2.4237831491773423
-2.9138856172680154
-0.6294710347040234
-1.5527648901517941
1.3382823259260979
1.9710913051156895
-1.0446424478221992
-1.5263300516681499
5.0365229719345628
-3.9503231190911263
-2.0107335527006138
-1.9690309344614030
0.2158890312966600
-2.3585107308594937
-7.2550098877667848
-5.4323260709133274
1.7148842725356925
1.9594148079913669
-1.4124247592391410
3.4560713585091714
4.9594526778843937
-6.2111285161247274
0.6510783409333251
-0.1564720724016692
3.1007081226288729
-1.7946756638717332
3.8124388050663884
2.0701396835790757
-3.6432209986425184
0.7760435797288511
-3.9411491477040959
-2.8018647725506449
-3.2482082435620456
3.7792812849714372
-1.8977986901372330
-2.2123172490373513
6.6122768003062493
-2.4181830812113096
0.9572027418755777
-4.2625534595878758
-5.5079122119064445
-1.4995338706974104
-1.2903943005766063
-8.8753571028175724
-1.2931852640700556
-0.0664599212492785
-3.2825061398596347
0.3371007078355076
-0.7740528164795908
-0.4469153148225092
-0.8423749488128265
-0.2930473703183170
3.1178302364249952
-1.2330265859386282
-1.7541015723284468
-0.8707895601009296
-4.4895394955596508
-2.0056435697461250
-2.4428743425811486
-1.6764214463576819
-0.7631443197877867
0.3089169254832078
-3.0144685186857267
-3.1702968870616930
-0.5784169374185000
-2.3279771126024826
-4.9139261608433999
-1.1885016312080769
-2.2138780879756501
-2.8955641002500556
-0.9591355132091421
-2.1136330253656430
7.9095353247230076
0.1406009068300733
-0.3668920918360475
-4.7653093728405027
-1.5706892004233790
-2.4755078127259673
-5.0327533364217230
-2.9177672579501905
3.6471242197906899
-0.2499786808149880
4.1137837090915959
-0.2010439227964091
-2.8217931946248287
-2.4298279865042391
0.0602314910869583
0.4408599603657546
-2.4672306629972471
-0.1642517065686690
0.1404853133940430
-0.6651827857752777
-2.8194327137777075
-3.8704221013093663
-0.2691741725570349
-2.7306851548954891
-1.2687671555219211
0.7775034914132293
-6.0500205316406319
4.3421127488128395
1.8700252552200496
-2.4646409309258974
-0.6218610817118897
-0.0613870705077117
-2.1761009097735995
-4.1935646334640007
-0.4235674660614246
-2.4290620241199825
-0.5114741774605356
1.3767137733302870
1.1766486069851405
-1.3729422694925586
-1.3074357352949548
-0.7500221385367045
-4.5153874827207048
-1.9787671470952934
-7.3301226553732022
2.9062935887856596
-0.1408683024262687
-1.4662749336996328
0.2481043094351558
0.1172370150491063
-4.1612971084175712
-0.6944998550294863
-2.9316137257069714
-1.9819728517806730
-0.7927498211797325
-2.1033872937399947
2.8677683281253268
0.4671469530518159
2.1323727572777433
-4.6133983649599966
-2.2222553573087076
-3.0706870432941962
2.4016104780998138
-6.0759074860976385
-1.3448728743782230
-1.4191589145635874
-2.0942785740253358
-5.3186309482132126
2.9633745324408007
-1.6630965215716078
1.4151097693297285
-2.3099115627648983
-5.2115476242396275
6.8432625500071103
7.4427118623500057
-1.6716805925881026
-0.3321372993538012
-2.0572949048780051
0.5938554955308414
-3.4505012805943869
1.5088621859633944
4.1049863029527618
0.2973094907420298
-1.2164232306468632
-4.1100454915561651
-1.8573289600046388
-5.3884128432047103
-7.1529371602702057
0.4071388230218886
-1.4407603814198164
-1.6385639728802117
-1.2795281919191674
3.2540529682268509
-3.2009683724720919
1.6700399665301984
-1.6641660596407060
0.0835069626446801
-3.5849590560226297
3.9866965349849535
2.8173867853896670
-1.4945609719889954
-1.6217711958343772
-1.0314777747518371
-0.9131353415939494
3.7633118006755604
-2.0445057285710653
-3.2756815718966643
-0.9854378050480944
-0.8572304436169207
-6.7016247340575843
-1.3031405264995275
-8.4236731933165920
-0.6359696888240121
1.4489257223260354
2.0394440789661186
-3.6915543995608306
-4.0326485413128994
-3.9564311514920285
-1.6906351139997338
1.7115317813677882
-1.8703568041475709
-0.3911312487867348
-0.9864052615968828
0.3742522127771927
-2.7736699840067285
-2.7028104326368352
4.3853960740683480
-3.5230937752739728
0.5435641777688740
-4.2261400471534776
1.8311563406317211
-0.0453944560620931
0.1931608199345227
-1.1987650589482950
4.5025062750010134
-4.2650551195993591
0.0204029667500153
-2.6978508878850729
-5.1415473081283096
-2.8975786508510226
-2.5590679830227723
-0.4074823990272274
-3.3992220932930062
3.2167970478842163
1.2981560734761262
-4.0241766242134940
-1.4343116431986069
-4.3671566811532880
0.0130753300782532
-2.2699835407799633
-2.9786915933660776
-0.0514698997347945
0.3311957731273940
-0.4536056265420584
-3.3210459065376132
2.2258237885519758
5.5791423271068545
2.3569816415045715
-4.6871135020592183
-6.5781313729243100
-3.3701340493717029
-4.7992074256836972
0.2240487366156558
-4.5590337790903854
-0.4984947737330664
-1.8699595459321670
-3.7472133966492889
-4.2951938971188577
0.5084191285445906
0.2671707749969234
0.0000540306626147
2.1763037220127228
-1.1333903430173593
-6.4200329352025944
1.1883223196136850
1.1187452434317737
-0.3633630042971064
5.2999410266748166
-5.4410967771067611
-8.0620198616227068
2.2052071402958835
4.2858130385574782
-4.4424272069643855
-7.2956625870784801
-3.4952486377212293
0.3293084626518355
0.2900912947748928
1.6118311425097238
-0.7203726246855539
2.2757111001727930
0.1102796352412487
-3.0864309754283297
-3.8238324474154002
-4.3109429578898038
-0.5090527676201271
-0.2599052961357064
-0.3752946569791759
5.6112212057917654
-5.0850528807642039
0.8859232858320645
-3.9755685648588419
-1.0109139104826743
-1.5922622200812542
-7.2324962271773563
-0.8626664898234376
-3.4439400420938577
-1.0254052128854247
-0.3735145504314603
-6.1873853230081099
-5.3454301872048102
3.4163168535587030
-2.5766464315379394
-1.9282940151080354
-2.2779979088352604
-7.7323010406214046
0.5445431487822116
-1.5641142812681463
4.8809584219967395
6.3951952224216777
0.7799050287284449
-0.0673517239361462
-6.1015464054032815
3.8370325683319861
0.0340959984304206
-1.9899380509803657
-3.4424307758295138
-0.8118486492996282
0.3927560711629150
-2.3382402401859550
-1.0361063370173713
-3.6572243896714451
0.0332890739931223
3.3813117964354369
-1.9245388960923986
-1.6784582848518106
0.0890802754433898
2.0632579935781927
-1.0604404943042718
-0.4227538394745745
-0.2457927003630150
-3.4812258072313007
-2.0528478852563179
