1.1014639454236437
-0.5380165636217683
0.1925041669599550
0.3048358039109714
0.3288789597576685
-0.8133164764351531
-0.1973698984714684
1.2275797393778358
1.5704415806453937
0.3921489736714637
0.8408045942067400
0.1697513450977120
0.0579064349932372
-1.7197568915371164
0.6409429809183976
0.6591453104351768
-0.3654243481960400
1.1219611428770508
-0.5278680076714827
0.6750659909086442
-0.8299243572689714
0.4435317949962840
0.1851774525324446
-0.6226949613649215
2.0496784880956911
-1.0053480461866680
-0.2403757592335398
-1.4993082640039685
-0.1591788806817236
0.4097646845742883
0.8437476001949821
-0.2654010545363667
1.4068595668075727
1.0844008913638958
-0.9867692735046772
0.0676258407644074
1.2961738716632956
0.0233165211203862
-1.3887002734150282
1.0895883004311180
0.3446442610383120
-1.0416233579564707
-0.4897326608249463
-1.5076689373795242
-0.2535877610378123
-0.7731255830058131
0.0578038932060559
0.8103130437200602
-1.0052902021323173
-0.2940173895218358
-2.1668605969783141
-1.2585954534259753
-1.9089773584171401
-1.5893508246283305
-0.9916174808833587
0.9087895113885848
-0.3718898244614948
-1.3217320469166618
-0.2638031093719958
-0.0984015073962827
-0.9163683863707652
1.2423773713764592
0.7754146516807822
0.0001179411465208
1.4708623930885316
-0.2228996748723264
0.2275155342036189
-1.0703773754972810
0.2757448711655772
-0.5700856832766310
0.0632706888873703
1.2675064377981546
-0.5768450786784373
-0.1740899628067734
0.2055616690020604
-0.4988163628919227
-2.0852227523527227
0.3178564429712195
-1.1358580682132200
0.7549525548414919
-0.6411556129974268
0.1856910176738339
-0.2628699881749482
0.2881778993030695
-0.0549544220199239
0.4619474726238260
0.3283561535239980
0.4605459203919876
-0.3734515481712967
0.3125824747393841
-0.2916562984651912
0.4983085646923515
0.7235829059369416
-0.9524779335795353
0.4425196726533732
0.2117764551741914
-1.7201134760684555
-0.0977281218259975
-0.1607478954852073
0.2852287778135020
-0.5266290816332264
0.5630005539486750
0.2157898223583945
-1.1930181569835092
-0.5166578458189259
-0.5773833717301161
0.9193348540502240
-1.1920363626258679
-0.8406380887930347
0.6268028312503129
0.1715797343712148
0.2789040803505288
-0.7781395662159070
0.6964057923056790
1.1797331367162076
0.1519213758668482
-0.7397650807002947
0.1017910779283750
-0.5658741364085076
-0.3270279974069810
0.7692699556645672
0.9892751284855487
-1.9830786495605373
1.9801852861345579
-1.3632274919489331
1.3837092092708114
-1.1124828103827298
0.0789278262131864
0.3386940378285822
-0.1515701311666514
1.4218680722678343
0.9038271576655723
-0.9394448804005726
-0.1135669416260922
-1.3308946319769306
-0.3328349378102196
0.7596811958629339
0.4553141110176122
1.4292103513616354
0.1225565573303975
-0.9489926133034476
0.8615160470159372
-1.0347512869028710
0.0710358408951744
0.1506068201983407
0.2321756619432586
-1.4791224780156995
0.0002087311065447
0.2968250483204163
-0.5955710636622235
1.6586359375826765
-1.1589836654570984
-0.3310162519111054
1.0720210579365443
-0.2296483094571214
0.4499815896426911
0.6091804540586817
0.3457124574274574
1.9390855946952084
0.2022150790927562
-0.1964854255501763
0.1352360655464346
-0.1113672058791178
-0.6632556683984858
0.1056054782221586
0.8696747242534775
-0.7459969043397234
1.3554225670222722
0.1641810988143970
0.9993394037770855
0.6454672601397580
-0.7132906325078439
-0.0635002780978014
-0.2455270320451469
1.0564508835065045
1.1507442871279956
1.8315573662563351
0.2626447259211305
0.6953791033854153
-0.5302286028611898
-0.8408158205507902
0.0234545372824622
-0.9358745985016202
-0.5321359937732796
0.0919029709762916
1.2483819767999136
-0.4147848151338439
1.8508835278431044
-0.2009347076847014
0.4875993199827926
-1.4528270801255738
1.1061045075984322
0.0870355971436333
0.1240845582873388
0.0845081649927899
-1.8209762465541304
-0.6042746658397278
0.6001437650056557
0.9977838699447360
0.2824781613844543
-1.6844421042694027
0.0728014747206583
0.7089948137920563
-0.1819149186573379
-0.3776655161572900
0.4330961009764891
-0.0143969526120801
-0.4403113824859160
-0.6318535739050746
1.1753135336796996
0.4037123889901407
0.5017130795154235
1.5658197606888475
-0.8706406600526105
-0.2177475196257197
-0.8387942513182869
-2.2852558046533344
-0.3476168758255994
0.9760213038220715
2.4373599474395600
1.1598134365748858
0.4250456623919395
-0.4180652184954431
-0.3051099661336997
-0.4682503149351208
1.2659841179146880
-0.1190177644842489
0.1182285294404515
0.6165388556052293
0.6868407484057192
0.6681189425778050
-0.7349660560720909
0.8980361526496038
-0.8036544582796333
-0.9949839400085982
-0.6631012296997464
-0.0540747560295164
0.2009470718041595
1.5390625070310187
-1.0200143246791389
1.0931996284244396
1.6066650665869642
-0.8301691048874380
-0.2219124247328216
-0.5520189003596774
0.6119852836609678
0.8800215686122993
-0.7518198386198311
-0.5101031298443631
-1.3780450868593328
0.5257902145516083
0.0560577562070531
-1.8366130136466543
-0.5322151966415398
-0.0997565612858347
-0.0354360354565317
0.2514515022128811
0.8281183396135131
1.9242802248301216
1.0423409895610456
1.7945060091147969
1.1677621366848798
-2.0565617755588139
2.4009363581964438
0.7810080089389504
1.2244987898275501
0.6155129280020717
-1.3141933752175130
1.1311696872772476
2.1188292465466021
1.2785690796146634
-0.4716364584854943
1.3638844277670423
-0.8601115689217342
1.5928716199843607
2.2177080309991499
-1.1338966071964329
-1.5885407729421426
0.5413788076853987
-1.9976901306338317
-0.3718064047904866
-0.7087630332644441
0.3797406843649570
-0.2087993370305303
-1.6233970462296641
0.6694813844808671
-1.2983322795214691
-1.2809968857105150
2.3063487283932314
-0.4511802050780966
-0.2395846663377235
0.9226997740930961
1.1282592054119627
1.0620122645055845
0.6450943773991573
-0.3456792181335757
1.2884937528271341
0.1165820042714794
-0.7703194540425313
0.9147551531581271
-1.0591399000987007
0.5882544490194823
1.6945613039849960
1.4443408527077399
0.8443860073393644
-0.4336939234432338
-0.5263330991265325
-1.1049085681396442
-0.8704794983872136
-0.3416198547032164
-0.1597420795140462
1.4348267707028699
0.3042720060174693
-0.0291990079627501
1.5068409966894878
-2.4936996254182970
-0.2023079414725896
0.7972581858975798
0.3987768441509921
-0.1659555513493567
0.3494879584553222
0.2337850457367424
0.0875837484958461
0.4118570723695429
0.9008052100982218
-0.4498103750768745
1.7168083792362674
-0.7194448792656256
0.3233185878151558
-0.6754949732663353
-0.1395928173086628
-1.1125614442610712
1.0302883885673977
-0.1782469986192573
0.8554922314020448
-0.9641520177440647
1.2600370662163163
0.3214676888214826
-0.7878887341945140
0.7011858808982198
0.1713864088774559
-0.2869997103296015
-0.0089054462582686
-1.1193719859070224
0.3493373401936168
0.6304128978833474
1.9427303883638114
-0.1381053819204243
1.1102614162268227
0.0779047481117936
-0.4235725608716222
0.2620064822522321
0.8238367110119890
-1.2260811549761932
0.2004782937865948
0.4930704990873278
-0.6610960812854015
0.5722086131785405
-0.2083433153598227
-0.4655134259430095
-0.7309436624821951
-0.6078281699686507
-0.9723477281258249
-0.1294381759805159
-2.1968499421786825
-0.9612531322536807
-0.2080706701896946
-0.5770583621256020
0.4557108078531582
-0.1921387716181409
0.5462668830728988
-0.0411220278632973
-0.6448297224459459
-0.9328981674723555
-1.1261115386117486
-1.1932215820196344
1.3452741764499863
-0.5014893772826359
-0.6876669624884892
0.2460208992591330
-1.2531830838663940
0.2299735787104455
0.1634339612671931
0.8022162538540210
1.0521132867019376
-1.1454533691894946
2.1572761726409628
0.9509864342985922
-0.4089678725306071
-0.5354299211979241
0.8521417860082705
1.8767611880643478
0.2472196037196389
-0.3554536342555916
-1.9583298549239561
0.0374072739247354
0.7931599742558396
-0.7467332170897147
0.6670576059219222
-2.0390771354596908
-0.3387236511670420
1.0547894056732172
-0.5547427011518686
-0.5863678735824417
-1.1318202372444777
1.4766268074808730
-0.3036970785772091
-0.8566242192144176
-0.1160699038524230
-0.4666801777853963
0.3913168607214974
1.4449362069477707
-1.3110820991335843
1.5897941049121840
1.7526061337339489
-0.2830411758410969
0.3189061097392509
0.1589091103694380
-0.3547469019787539
-2.5319988361029626
0.2620649523509581
-0.6449882285526878
0.5653888966215472
-1.4435359300709050
-0.8791836229886850
-1.8040635198507409
-0.2779787232938946
0.3958376207084878
0.6572045019906056
2.3831629220721631
-1.0071519332303045
-0.3588703736041032
-0.3593415459899681
-1.5634397022687192
-0.0327211423757072
-0.0805758908082501
-1.5858753831391950
0.0704007121200134
1.7813230700299438
0.5881327328325769
-0.2061484324684465
-0.5645958973709229
-0.0886028645052900
1.4713497590201896
-0.8279019582286765
0.2874345609665131
0.4339006690751056
-0.6680188816044870
1.0428887691880933
0.2667616850992010
1.6401407582016172
0.6842442209167133
-0.7663562486661408
0.7618644310569476
2.2541940348590335
0.9964441052689726
0.1940604310285450
-0.5717912513152500
0.0939790941164174
-0.1294241443731029
-1.0487466894130284
1.8469844985595174
-0.6218412058849113
-1.5707497224596418
0.0492300455493519
0.1099507608900120
-0.2115759604678880
-0.1914106140551565
-0.2047495640645951
-1.3825429799810487
-0.5222938712073348
0.9618298686508326
-1.2659536598429915
0.5858528313340566
0.0341719961042709
-0.8243935474055505
-0.1042917413397059
0.8420382043115207
-0.5781129635268263
0.8508679378424180
1.6558749425414974
0.7905528745106389
1.1688138206745733
1.5840356628190593
0.7347750087191751
-1.0750025734588085
0.0199802276064591
0.4790924994882073
-0.4163642592331006
-0.7509043573380486
-0.8744596009860943
1.4637940947529362
0.2370813159848639
-0.5046870563702801
-0.7209300111950045
-1.5577997492269289
1.1674297463496370
0.2193019298118538
-1.5170114205514587
1.3448276465684907
-0.5799924932218515
2.4443732410245222
-0.2250680115542047
-0.5488931591767634
-0.7369404450069577
1.5644359713972391
0.7388478570590292
1.6516205662118970
1.3878627817984888
1.9797767104251593
0.0905102527228672
-1.4684166024512415
0.6950029105781366
0.0589761662001854
0.5278052917949084
0.6552682539033627
0.2406382314792169
0.3710620146199440
-0.5604372768991122
0.6762216589454317
0.0224203813125210
-0.7471424270817675
-0.3585917269791824
0.3122641311151548
-0.8575723465810638
0.4146748764341212
-1.1198247972150908
-0.9261380327905981
0.3950403838186147
-0.4947136439238774
1.0416059276827723
-1.0028276850833264
1.5183013801757168
-0.3644905868927920
1.6520471076282610
0.1662586060723384
-1.8944283600992995
0.9232882934622769
1.7003938972009127
-1.6554517972766338
-0.8703129969775018
1.4037192424716556
0.1653852561956050
-0.3991749876495287
-0.3206564427359572
0.6157721805744929
0.3736981731321467
-0.3019115062660133
-1.0892910333897090
1.3894569588419348
-0.2402858120366966
1.3447589209834347
0.3930741119671053
0.4772785930052402
0.9578248153283493
0.8705098531033121
-0.5234259396286431
0.0620414245564717
0.6329434197464617
2.1976835425044725
0.3638587113369942
-2.2057148910823603
-0.0546299995346950
1.1943710147368285
-0.4158771767382238
0.4111159699419700
-0.0265612727242035
2.1100234786219838
-1.7390678443165730
-1.0446677521238592
-0.6570989901557904
-1.2503667540386805
0.1671865794325837
0.1244061678762436
1.0872545290551483
-0.9654409651100880
-1.3697042955379501
-1.0844443395993559
-1.5859789672778188
-0.2747023002833067
0.5031532760911839
-0.1703037723430942
0.4959863824625279
0.8182076626226077
-2.0884532481993490
-0.0966025728944497
-0.7935397398589372
0.3186266918554622
2.4810882407077526
-1.5671545749137461
0.5500727106307444
-1.7361411667132627
-0.7050537867349416
-1.2872990542339187
1.1675128091036568
-0.3773951693241689
0.9462526267576695
0.4315994665599421
0.6548292770149686
-0.3533268015512248
0.4046706974178235
-0.0023314471542038
0.2024351884331324
-1.4136181070259934
1.0690918716298883
-0.4622458925166532
0.1513537009247702
0.3585091683615346
0.2784067405066663
-0.5457774750027594
1.9261132629711499
-0.6382543070378432
-0.5378938900099681
-1.7594379967487637
-0.9947456552645353
0.5411174195390097
-1.8618524641911698
-1.3793924100522443
-1.4294810596889731
2.4021511728487428
-0.6482617859475058
-1.2071326711119093
-0.0833909227131586
0.2756828952135132
-1.4865439042871531
0.7863509055516834
-0.0224495690634668
0.4643798507520841
1.6164596246125449
-1.2174236859493022
-0.1464760643473103
0.0107586815460633
-0.4821059276081315
-0.8602988876946052
0.2845872136882640
-0.5045349190976186
0.4846488408101767
-1.8891274952077448
0.1036931889768190
-1.6070435312761679
-1.0078542925365865
-0.0831968524928121
-0.8063959489438716
-0.3987905554502440
0.6664767670378743
-1.7554290297022117
-0.3225919034932889
0.7497638145453791
1.0902785185405994
0.5014015128157103
-0.4312749636086834
-0.7666559508755968
-1.1145825167936212
0.2033588251512304
1.3718434508681363
1.0972718555902774
-0.2537405882391060
-0.8726517150410108
-2.7668007094243530
-0.5260005192994129
0.5966994925364936
1.5491959788903478
-0.0493928918755586
0.6340677322703515
0.3941288074679952
0.8403204185517620
0.4032468038487577
0.8584431935799774
0.8124508980004536
-0.1011642876766895
0.4355788195492206
-2.4923316185766766
-0.7835038038896617
2.0360503870884572
0.1638686939526217
1.1070371402284285
-0.4641658055439594
0.3174593384612101
-0.2023198674276265
0.4036946041879169
1.1310916335776662
0.5104965219935473
-2.1632601700386589
-0.1492412378083587
-0.5814161615751601
0.3215068821679741
1.4890297056962813
-0.5150901646877203
1.0199256184150973
-2.1329249358749927
0.2415177274163930
-1.8490513290392914
0.5440466212272154
1.1930724350175792
0.0167449179283341
1.1828115985304497
1.5618219568004565
-0.0752401097489323
-0.0961188855331457
0.2409882014293872
0.3003952288102616
-0.2124059880004469
2.8406489369868941
0.8762291007310806
-0.8281003669495837
-1.5909657126655092
0.3408982007295424
3.4151629318132395
0.8293947324034168
-1.2737941537858009
-0.4852005470310424
0.1495379846117225
-0.9273668817297699
0.3707255373286247
-0.3743476135759789
1.0333332017588925
0.3316633058766219
0.3770214592930108
0.5044023460356362
0.9643354594779566
2.2121851645974711
-1.9525074220823833
-1.5010933767586310
0.2818870858974492
0.3046529055182172
0.0509848194151037
-1.5298085663198513
-0.3104110299561260
-0.0343166391915488
-0.2673782385102892
1.0618952353971860
-0.0717415160835608
-0.3645138530391950
-0.1136756327559048
-0.1973117755553564
1.7322739900368340
0.1727260066024504
0.9535641997842275
-1.2679321501462522
0.4866546299440446
-0.0611941781965838
-0.3599980801331609
1.2836126294170267
0.6159194513574573
0.4629171842378855
-0.6853774465470360
-0.5568317844737607
2.2961690260008258
1.6000892163387557
2.2243942682769040
-1.5459180121788376
0.3809712231325302
-1.6732753589954634
-0.0765095589650828
-0.9047701023703172
-0.7831016466757584
0.9502708888039475
-0.6951948845144444
-0.1913471564348440
-1.4300429220209598
-0.7797410180404767
-0.6636845620644262
0.7274756928252993
0.6183132942913212
-0.6353281595393063
0.2809377063411078
0.8970586129336841
0.4571798287197493
-0.1274039544227812
1.0255833317468595
-0.0193071314146915
-1.5345507619902079
0.7490296816945455
0.6157384814491526
-1.5787557831512129
0.7762261127568493
2.5552562417298526
0.4522383120984742
-1.2249650183310357
-1.4590566978660870
-1.2242071514930235
0.4929371098073432
0.3577545091617901
0.1436145471887392
-0.7399054783717165
0.0763040086836917
-0.0872606541560660
-0.4200313229378564
0.9416216445639632
0.9761246378308303
0.0727449554721715
-1.8603862675411338
0.6918779757246450
1.0170444462488337
0.9024903192944648
-0.0112969504052696
-0.8079727134019825
-0.3851134795901466
-0.4139617097607666
-1.1320977126361189
-0.0726621310661497
-0.1559470016129682
-0.2665509432752909
-1.0010059331685088
-0.7706166314786265
-0.0903889660618701
-0.0415714287354671
0.0314121325822258
-0.8963577510237407
-1.0187552577605063
-0.6579131822301895
-1.3570109862763868
-0.3218177268506372
1.7787611880151237
-0.0499695109454556
0.1238776318903350
-1.0356711991973306
1.1868751108545557
-0.6284962902682404
0.4566075651874525
-0.1545006293567524
0.4752947891397228
1.6609580818044252
0.0230617671631695
0.5407939850598409
-0.2445640742304009
-0.3147958506459127
-0.2435411260364066
0.3375777620765771
-0.8070878568282671
-1.3487683136612625
0.4311950591592458
-0.8859882773607108
-0.4228136550049101
0.1860003512938745
-0.8280557893359771
0.1604850067392138
1.0163416522058106
-2.1244864440648481
0.0089715440355818
0.6882699546026740
0.1619403472108332
-1.3028234100595892
-0.7219764613787429
1.6446032758129836
0.8046970627597519
0.7846878695855545
0.0835968706928851
-1.5235809463788015
-0.4272924294143537
-0.1965151661199452
-0.8383795211328546
1.5299797562899959
-1.1004972912578321
-0.0746447510415040
-1.4073837447449953
0.0728801395180512
-0.7517405564781245
-0.2892111537065636
0.1276783679916927
-1.3377684737442650
0.6263032413258030
2.9435574289285080
0.8418303580721975
-0.9014353708947379
-0.7234698495872700
0.8565992341901240
0.3606364637880475
-0.7311398650217167
0.5356358160164333
0.5244457902316543
-0.4123572942024830
-0.3714691170323273
0.3823276979707875
0.3889433175612433
-0.7866538975420259
1.1278374397486202
1.8231499809264413
-1.1360759188581868
-0.0936206118359549
0.7189761776625911
-0.2351878774065374
-1.8309439988594791
0.0103872777732712
1.0201275402739498
-0.5685967613313778
-0.7772354494384329
-0.7073488395439820
-0.1211200993212818
-0.0053321344110375
-0.2978749595259785
0.5064536925147111
0.3877367906281083
-0.6740335847713668
1.0047365005590136
-1.2584112123451507
0.0541896888515072
0.0584423006375004
-0.1757787160552478
0.1264626722574981
-2.1126796267030219
0.9118064289308019
0.7878608822106589
-1.4993965185383462
-0.9862507767039840
0.8420238115115366
1.3632606416552986
1.1757441113378762
0.6352285648517304
-1.0978802095640898
0.6526466683826549
-0.8619262685154536
1.2339422198662959
0.1269534297608020
-1.0494320849028906
-0.4406197346790229
1.2280716472643347
-0.6693655350110413
0.1834856164787146
-0.2433906859473096
0.4860194704951123
-0.4187722309892725
-0.6477673419453025
-0.0100248405318409
1.0075586957953131
-1.7491736506745292
1.1776163933763344
0.0381533550505525
0.4370384096448641
0.6469661239814214
-1.3947832491785386
0.6491680234236111
-0.7383647615737325
-1.1786082338561172
0.1321039319261434
-0.2743601672094971
1.7317436610270576
-0.0444944518209405
1.0666392349844149
-0.2994873149449144
-1.3253583985639625
-2.1763166599226476
-2.9288242478328255
0.5281136600332671
-0.4440069899476434
-1.0574233393606909
-1.4918287038457412
0.0821413169307449
-0.0927106743688600
1.8218800582872188
0.6472670755835499
-0.4517573102208756
-0.5198004122595186
-1.4760265158823354
0.9555853989898343
-0.4117830306001581
-1.4183296265015550
-1.7721821341711690
-0.0403976707511311
-1.5350720798883388
-0.5465433715807371
0.1237025393551423
-1.2644712652427670
-0.2976074275377100
1.2465052868291162
0.4072452938449299
1.2145484972426170
-1.5167747970651797
-1.3208084337759995
0.0245987435069468
-0.8546408605727440
0.0787513438940861
-1.2638346868809811
0.1581791538362849
1.1229175754789587
-1.3446606220720163
1.5789355790021635
-0.6863472957257603
-0.5402027863822911
-0.7721685605580814
-0.9712156366768159
-0.1814592976108590
0.0048174187332395
0.3755003259586677
0.7326542548684150
-0.2393832763042886
-0.6073139385728428
0.3970935052323022
0.8767277650215440
-1.9615012078006897
-1.2064606602309096
1.7869979637211033
0.0235083048156943
1.1226603180375714
1.2138787918454763
0.0650685688510232
-1.1691202206757343
0.0816995482160744
1.9089706460242162
0.7699161246063428
