0.3111140592762027
0.2304335627966384
0.9654928766210675
0.1590339027283964
1.8671566315957120
-0.1966387874928260
-2.3394921668695354
-0.2980840655978267
-1.8823230051882864
0.7404473654243029
-1.0650457493205188
-0.3421082041359650
-0.2131162455428794
0.3955678313065066
-0.1076118696052201
-0.1232272043325340
-0.9070450689949145
-0.4511267437726761
0.0483499737558214
1.4391887203902420
-0.6447396667295761
1.4433853807475947
-0.0112765274235134
0.1395752213125688
0.6034655287075662
-0.5113759051551451
-0.3288396673716665
-0.7229806837633739
0.3239754794591201
-0.9051680622328776
0.0131916169789486
-0.3045925472332335
1.7628635997893203
-0.4255960938631388
0.2268527255480059
0.0245559194604569
0.5168902124695132
-1.1525973113296271
0.2022908175302651
0.4734958862870779
0.8855494463712408
0.4360224225891786
-0.3788495780491093
0.0911944092567077
-1.6839666922957299
-0.2296464253108267
-0.9948440741429198
0.3356182576031962
-0.4887312513932942
-0.8780779682539734
-1.5716004049884928
1.5758383306173966
0.2416975945940845
-0.5690685333521979
-1.0888530821199243
0.2541160723053459
0.8219258790285953
-0.8769790207060599
1.5931758592204575
-0.8575033383591851
0.6247082492922899
-0.4098553388749940
1.1209127203597959
1.4332584951982748
0.3876972367058086
-0.1875072346300218
0.4107392281845821
0.3183924651397638
-1.0697192026856828
0.6144712687498484
-1.5375872715847538
0.2413348863035286
0.4801496480875440
0.3000116296463134
-0.0738089612076757
-0.1301739703758073
0.3490921261487639
-0.4772196919961407
-0.1333057683289216
-0.3520978152118970
-0.2375788771185778
1.0021753573741661
0.1572773528394906
-0.6340022866113237
-0.0947758739110584
0.0850766372380763
-0.4259620401628087
0.7417978200488099
1.1823761351209825
0.1366271718570716
1.5594488336994630
1.4298359070272941
-2.0094143064960992
0.5070542837325038
1.1662922496661614
-0.3417050141035744
-0.7007181640497694
-0.0598476662662860
-2.1783455177105564
-1.1242247921016144
1.6152370601569153
-0.2033726005155748
-0.8127984905839254
1.3389482412274170
1.5101691086614508
0.4812571839847986
2.5207606258323723
-0.1535861127291289
0.8357830934191707
-0.4234894670268684
-0.7230536751997594
0.4370200987340087
0.9237444015360519
0.6169914447294959
-0.8725454784483796
0.2607845275132727
-0.8547649366564276
0.4718141165259254
-0.1721126377895154
1.0989395046837100
0.7241669943793457
-0.6662113561772529
-1.3292703584989682
-0.3053207166609651
-0.3611599591717025
1.7856432669913747
-1.9868804004733831
0.9515745305513943
-0.9450755130139115
0.3176507670502957
1.4904802605663492
0.8892843312182015
0.0022147063078046
-0.9034890246357891
0.3934218056734921
-0.1549226331513565
-0.0751994019050666
1.2685752434116724
0.8984295177770888
0.9172106607306877
0.0499384795230537
-1.2729348458962142
0.5911769049059368
-0.6044577786893710
-0.2477392157629265
0.7674442651004694
2.2524285111339721
0.8568479090003982
0.1405091462601642
-0.8966713158797187
0.7533932614783496
0.8746536690950583
2.6922655990386564
0.7839719589445758
0.1112653080402914
0.2223103845716205
0.8291152220821778
-0.2274423765257240
-2.0467931146452312
-0.4953208034903146
-0.2211982670740612
-0.3049512952701623
0.6552715334158343
0.3453169697395057
1.2067476008491578
1.2794830993451016
-0.7700655307171067
0.5133818293301614
-1.1141866376114502
0.7613952201948360
0.9032573325939852
1.7673806512031938
0.6203399424020508
-0.0774738732453452
-1.1265644948060296
-0.6753669983428339
1.3597867984099086
-1.5416655290409682
-0.8323635370848096
1.1695314748534411
0.4372177523153246
-0.9541150956179906
1.1061139530596906
0.1746611611711927
-0.2988409979007167
-0.4283773322691793
-1.0735718819734676
0.3960532644943938
0.8794068108862678
-0.0282673116472699
2.3240942049678517
1.2272343030883677
-1.3807730370726370
0.4960669198603998
-0.5262326017250789
0.4093649511255223
-0.9051188239534598
1.1114839173246582
0.8677472972379291
-0.7163428494302797
-0.2229233923895289
0.0845925616696280
1.1390465541175938
-0.4214985229319834
-0.1461768671634265
1.5124006747213730
1.9225719324311799
-0.3304982095642459
-0.1812331328980840
0.2262494423816132
1.5003225052509128
0.0572102260063647
1.2834846104074842
1.2634995292398863
0.0690981273494511
-0.8573993923200189
0.7926638128772827
-0.3125655826950927
2.2595182189809409
-0.9321645532677497
0.8034011473921204
-2.3260121651148684
0.8918156245475621
-1.4218102532326131
-1.1610570062092689
0.2035351955392198
0.8885389762197076
-0.1861388368695337
0.5751266331335794
0.4093483810720377
0.6547230981648924
1.7385615477344536
0.1963865577997023
0.6462585902221494
-0.8065963587699588
1.2165621619770386
1.5319802737131620
-0.0080999584788854
-0.3565806220170727
0.5074315676361841
0.4133480297887980
1.6426010381924101
-2.0265497485562523
-0.8382966586113558
-0.6992892705205700
-1.8067686951681445
1.0149346363435263
0.6120793188951635
-0.0726344701282683
1.5395596204396487
-0.7043682831228124
0.0853818115426324
0.1329749036077592
0.2742642508945083
2.0832748502807750
-1.4520828181233032
0.3623187901987944
-0.3569791589733012
1.3688590660362079
-0.5706807676076253
0.0602617514812233
-0.6750706571918169
0.1819295006961198
0.4752398286396244
0.9119706124105521
0.2318172040473097
1.2547236050081791
1.1365238288225485
0.1685666995599622
0.5114701708209287
-0.1689058684769886
-1.0629271777553220
0.6560169563436918
0.5747105390725840
0.6788997529878322
-0.5615438661647307
-0.0257509300800297
0.4917610364610001
1.0212572209158057
0.9022328127817013
0.3181881816960012
-2.3467307489065927
-2.8038134455083989
-0.4107770949845670
-0.1184871727664460
-0.3260192364726368
0.6533207475018477
0.4133660030763217
0.7021028673625281
-0.0059733140692437
-0.3093770213301590
-1.5344913930508266
-0.0256956254145196
0.3927310226662407
0.0690265969911526
-0.1952748889505214
1.4254994998373764
1.2216515700401285
0.8904474238174457
-1.0645485090053795
0.0257749111168333
-0.6768614394060170
0.4734732354853219
0.5967902046340618
0.8484078354450522
2.1291109454864063
0.7470856835047089
0.1678245381002566
0.1375623677410423
-0.4754319769976311
2.0627710892993152
-1.7381361787565939
0.1488192288524638
0.4009070320493642
-1.7847879411212551
1.1330168472369373
-1.2667669337548988
0.7301545362885433
-0.0617447874660683
0.6372223095795078
-0.4987373249742583
-0.7554703741175282
0.5389522274300200
-1.4976087204925497
-1.1965160482171295
0.0190247976523675
-0.9409898772838496
0.5475189544838134
0.7998883733664973
0.7070937900881378
-0.4128383309241214
0.3317387176052655
-0.5401614422544430
-1.4672393758719053
-1.7990708119152583
-0.5806534412142755
1.7714708871816380
-0.2636535442737878
1.1402916887941639
-0.2456200075201345
0.7528970205827482
-1.8099567100038603
0.2611534950965937
0.8740067752070630
2.1737833403471409
-1.7263834352437317
-0.3655522285473623
0.8894696971173737
0.5689801339806827
-0.0838324903201469
-1.1381958605376872
-0.7515455349736749
-1.1641297187107467
-0.8396509348076359
0.8382313408417401
-0.1510477966436280
-0.3664679986142214
0.1320590138771540
1.8547042948589356
0.3054773413125968
2.2929263677933798
-0.8758047244787018
2.1625094569069376
-0.1615665632470369
-1.2564926744970608
-0.3465511223302384
1.1965226238770632
0.6216515495156928
-0.1971957974876786
0.9624162817793909
0.7569733381127888
-0.1214005699658065
-0.5445508398601795
0.4343720121014700
-1.0189702558271760
-0.0110726213711207
0.7841209525900523
0.0824932266442585
0.8562907571616257
0.5040602049849467
1.8477138843177809
-0.0671775762160846
0.9649922498633311
0.2702090841846843
0.2554865033738552
-0.0078170280744661
-1.4202749122261951
0.1540090364530940
-0.5626985407466629
0.5279717757920040
-1.8139050005229702
0.6393507640519321
-0.3148257116163065
0.6710793503995055
-0.3567613367816296
0.4326321142199290
-3.2083773719510424
-0.9855455166465933
-1.3570948077193905
0.5332736379355105
-0.3719158495922295
-0.1931267176147943
0.1440257939341617
-2.1631630844761127
0.1553094321718041
2.6914067538473070
1.5361635797225779
-1.2920830793165612
-0.5627703758526674
-0.4012881298166868
1.0732626608220317
-0.9064481666096854
1.5367132881069712
-1.3890540060060372
-0.6239185833560650
0.1520154871631947
-0.1855271057788108
1.2043179625745608
0.0639834228842306
0.5513510465491133
1.4427850416390111
0.1063034997090741
1.6352334013853944
-0.4553965411402740
-0.4628516389270268
0.4866353772904398
0.5846504446727170
-0.7202392694924166
-0.1114751411838727
-0.0774311964241665
-0.3198738129017830
-0.6708592845020743
-0.9887476433204541
0.1803367558722641
-1.3178305099883858
0.7063643892017066
-0.4707116938706888
-0.4390401983944012
0.7127401446816563
0.1875635344917603
2.3236977226078803
1.0258770102585202
-0.5255660611029923
-0.5965094111695671
-0.5041904384908812
1.1884968898208141
-0.4553336789134486
-0.6843370732568810
0.9086288231286541
-0.3282055769837756
0.9888105068891169
1.3821299703120167
0.0143144710748069
-0.3627278255288350
-0.7127515114058096
-0.2526566980851518
-1.7302495360373187
-0.9710960789996624
-0.4472981741350496
-0.0755624713614602
-1.2478078679898936
-0.4486148520083718
0.6170525885588886
-0.2811264076854733
0.8095996942284628
-1.5045785909267466
0.2128851001339053
-0.5767434046745998
-0.1890083584050483
-0.7652498370134362
-1.1342183106229402
-0.4534218602164845
-0.1520221183230989
0.9431782114840643
0.5107946535150580
-1.8271688929557386
0.1009682160386007
0.4650732480950688
0.5005415150645394
0.4625343559689408
-0.0758846450116299
-1.2756944569207911
0.7810981344585561
-1.1525039046128189
0.7549131513277179
-0.2790326079710516
0.0730401437966855
1.5406717910548431
-0.2890777373523478
-0.9793258704579744
0.0484085516452588
-0.0820542372748715
-0.9486114902880762
0.2106277650210182
1.1812497396949619
-1.4388410980239510
0.2349396750934372
0.9224471669384567
-0.3096057735208862
1.5020245060607256
0.4408162535626225
1.2168930811254390
-0.2395801034744057
0.0478811280115936
0.6417124769153413
-0.8023420669167125
0.9781292512358213
-1.9909074081467255
0.2353853410719071
-0.6783253360977494
0.2978966786319760
-2.0416384510576968
2.2237935600728282
1.5099873525138172
-0.5227064342379083
-1.0819033604747907
1.5016937525135119
0.0089027889990209
1.9760748415808520
-0.9220772268962611
0.2391047903319717
0.6622321887360472
0.4880351199489520
-0.8972404443066352
-0.8284422290192953
0.5178119639807229
0.9459057408866663
-0.2673330575026889
1.7943566544117233
0.6960226724746101
-1.0357547237187217
0.5258991749699902
0.4424612073204169
-0.2279691913522582
0.2876290579423386
-0.3110884822566844
0.8383900804358230
-0.0945182508111128
1.0604822331939816
-0.9216390734946723
0.6491924621432704
-1.0087389478194595
-0.0819696351715168
0.7002196389498487
-0.3710987688266446
0.0411142169436988
-1.0150818191776059
-1.2545826844602761
0.7315694851183463
-0.3222518584034469
0.9718459558866619
2.4296691707095626
-0.5188439361097695
0.3198430373776083
0.4285621284727700
-0.1131618829460518
-0.7149680181241048
0.6291614612863284
-0.4777673374364884
-2.3306725345493380
0.2620604092947273
-0.8579774014541595
-0.4434649490357955
2.4108009873844205
0.8547294748051122
1.5378791186431586
-0.7507946496433425
1.1406472159080587
0.2588129977299451
0.1617530273734000
2.0662299565028701
-0.8717306805588914
-0.8934656340108328
-0.6549952564062836
1.4660070669571743
0.8604717808483288
-0.2759991039072558
-0.9909777626539473
-0.4800461315213506
-0.4182138885298112
0.5465155578453589
1.6803269580111693
-0.7300448821836878
1.0461241558668917
0.7773272058283635
-0.5472175649908073
0.5938135992301808
0.0854529016660448
0.2933228468135431
-0.4897726391928638
1.4838310635564296
0.7563590520000660
0.6351687637961335
0.4744430324058838
-0.0461401958626606
-0.5365000858208597
0.6047756607305057
0.3365722666015180
0.3886294272610551
1.2921694674225492
0.1943268373890409
-0.8035275270804362
0.0790634941786102
-1.0141225382013339
0.8271222225333537
0.0031373466878584
0.5313326329587444
1.1389953964391202
0.0935741249915805
0.0129629309927657
-0.2725992807019888
0.4097996235062983
-0.2184044160950275
-0.3838229118978055
0.4613976901781330
-1.6388203106879233
0.2456390110970705
2.3234671863176333
-1.8819887942975737
-0.8444355563938623
-0.3141567112221665
-0.9316460725611057
-0.4749982704453680
-0.1247907529125606
-0.3201477854264632
1.0034652963911093
-0.2368051500295542
2.1669421676229335
0.7171165067925589
-1.2546604579469727
0.1328723689734216
1.0400677305460264
-0.7802440017496333
-0.7693859462458155
-0.4420644363848507
-2.5434669998506805
0.1179685262355722
-0.0216860909619439
1.5790967787020782
1.0270188083015814
0.9656776028446991
0.5055321548901950
-1.3939748691739990
-0.9841065616000767
-2.0713367128286810
1.4001170307422459
-0.7973840039774837
0.0784613773197309
1.0717837628531743
0.0024785679109088
-0.7297444690924855
-1.2340558238547588
1.2196727306476838
-0.3647109852528095
-2.0849405030650519
-0.1398133886467475
-0.2126764845945104
1.5907433055475577
0.4401579350524196
0.9527262691813109
-0.3643292215111066
-0.9950519882278112
0.0946710399762939
1.1053782248134363
0.2630996729076669
-0.4156668423361646
0.1176535959465982
-2.3249170099452794
0.9201547748651299
0.0742824049190592
-1.1263747675509492
-1.8061896268093165
1.0424724065480253
-0.1116993851481706
0.9971603965477946
0.4242635902808101
-0.2785706800945921
-1.0254623717182476
0.0450465892440603
-0.1702180267660200
-0.5269759638183444
0.2566544176494341
1.1832906395865785
-0.4141817917548007
-0.1776195456139881
-1.5890833633258346
0.4637579773634167
-0.0516477460433067
-0.1515235795183208
-2.1271187165867649
1.0106056362833147
1.2598264402304167
-2.4788052654621677
-0.0110457412368756
-1.4810838222759883
-0.2256028016586947
1.9000821959468321
0.9145947087045652
2.1391954032149108
0.0102477421484398
-1.1670746881534206
-0.6188771088012157
0.9711198566770329
0.0595394193775922
1.1554596356279692
-0.5157907604322484
-0.9576427816657788
1.5541492347563213
1.5943650274087648
1.2019173255507505
-0.4748460003903221
-2.2483560645477310
1.0930041513607867
-1.0063279480078025
0.9986002815462613
2.1176341759805890
-0.4625083862532443
1.1099330699514727
-0.0633731248327156
-0.6435102074604988
-1.3001901330421373
-0.4119043871197794
0.8300318141230778
0.7267012836951758
0.1297386392170898
-0.1387196074623706
1.2442015026933648
-0.8453868102791280
-0.3610811307893396
-0.8824977465246885
0.7429240076151158
-1.0258484661205245
-0.5831714342367509
-0.5014690151529199
0.0205047011393623
-0.3648733285657713
-0.1346626272827589
0.5706307165029376
0.1068364562224677
0.9784842193220277
-1.1583687038449622
-0.1437347230676541
-0.3868178593673767
0.1246149522285019
-0.6727772673399011
0.4117057739136373
0.3931122555036741
0.1049432707502639
0.9324067522057877
0.1782661199719779
-0.7529334515611271
-0.0876964600794339
0.0693424238208154
1.2339739752326966
-1.5206905253534206
0.4148561915405889
0.8813716191238807
-1.7376005070628449
-0.9023758971593929
1.8645244969085790
-0.2139118926113562
1.4993847774797375
0.5778458347019845
-0.8741331269695227
-0.5239623145334790
1.5744511580342369
0.1320368905570188
1.3124698527228487
-1.2947888969354873
-1.5287935869510725
1.2020188281732889
1.3214135593694389
3.0386582066578494
1.4849228826965037
-0.9007010362353745
-1.0468209672947877
0.0903684806427369
-0.5341745965514132
1.7131624139072301
-0.2195108382611992
-1.8971473087376052
-0.2112356991612229
-3.1480478651561556
0.4838699376791581
0.2229454100334613
0.3958481457581682
-0.1572499278629861
1.1330414915979190
-0.5361236222422052
0.3932968511767683
-0.5758704095780335
1.0255514057868660
0.1041814992733321
0.2537099574198213
-0.4975640058757915
1.3581275496631464
-0.2140677523493119
-0.4682861992882627
0.3674240660261663
0.0845269015327231
-0.8941172438626996
0.9016083604025101
0.8231828829407560
1.2339489412194669
-0.3743343918792104
0.9779330949759419
0.3742351657577654
1.0898206117315925
-0.5433566236302234
1.2244972133965952
0.1665913203221109
-0.8451852496597443
-0.2379684788196032
-0.1644262177962870
-1.1410279916613937
-0.5751120442927530
0.3749671490964303
-2.1908608528297213
-0.0334686604548444
0.4170068170019777
-0.5477305985487112
1.1753664868245359
-0.3599235424005560
1.0793727258134245
0.4403196944557040
0.3337708742012812
-0.1359906623792358
0.0269146828791302
-0.4591601734950592
-0.8854105857246698
-0.5642885682056369
-0.8369390442416572
-0.1671300084782201
-0.0789376983634694
-0.9422526334379269
0.0278947886512707
-0.1544031735484664
-0.0231597911024681
-0.0808568268145825
1.3352650456804818
-0.5865065363546890
1.0510984040812184
-0.6410309463999982
-1.5761463284668891
-2.0341945020909704
-0.5752369036366094
0.8378456039347197
0.8877636144073445
-0.3457906582625739
-1.2445685682211525
1.0458162595459857
-0.1278027320234166
-0.7813972994937480
-0.8355838180982536
0.1835387460511599
-0.4327636562310146
0.1661264915269464
-0.5254164616612474
-0.0794151935222008
-0.7188261248473097
-0.6362632550975525
-0.3964559897580595
-0.2227294608235566
-0.9046645206459426
0.9368922559238800
-0.4349230870677240
0.5450335566269624
1.2830026241340386
0.3735706097164859
-0.3397317911341194
0.6064390902041517
0.6379400243642895
-1.3158463800195606
-1.3848747145352651
-1.3341843160711213
1.4858381959204257
1.3521230578664580
-0.1197883383307802
0.1129594919235020
0.9971649195028465
1.2603540244459055
0.3020249315402976
-0.4877685850728960
0.3969431155074775
-0.4446803981036997
-0.4760907984475940
0.2325110134853243
-0.0938158273262388
-1.1982861940896734
1.1344051946718334
-1.6082515821780154
-1.0521125878112461
1.2382004731533438
0.5293208712646005
0.9183457168295234
1.0512017077240117
2.0404015779548348
0.7027219718032558
-0.7275938640145866
-0.3870963411339555
-1.6522450207517942
-0.4163829303217945
0.7344099945854374
-0.6235967321747209
0.3686536980262535
1.9581761666036916
-1.4408291944930152
-1.8662116407187235
-0.1404974886247060
-0.7079812045361509
-0.3396303600625120
-0.3624783209089710
1.6536789354151635
-0.5492286929962091
0.1025125711186233
-0.3435829347005282
-0.8815788994421527
-1.1353573403004984
1.3852396817706814
-1.0891432392533340
-1.0458196073547370
1.3754803329796224
0.4141082010838634
-1.0111893766846631
0.0108680269061916
-0.8744068642107773
1.8729613037910664
-1.1655639883656057
-0.3124075525113366
1.1554389927057909
-0.2969190770075915
0.3097464571515812
-1.5064400557521116
-1.5524602296919869
-0.1017394542339578
-0.5117490710525775
-0.5088109045405373
-0.6495167202465423
0.4966477030280563
-0.2930409573354802
-0.9481415171026416
2.0643860127390252
-0.8716675565686623
1.2430037365062756
0.1973289669246298
0.7905932796777017
0.6861493311903026
1.3939263830569493
1.0940096997379984
-0.2714390942291313
-0.7410238712831624
-1.3198579998614428
0.0310962810908439
0.0689132486239265
0.6025654559360433
-1.4021577137408485
-0.2699484426416922
-0.8973509732175016
0.2846398641809638
0.0430579637804658
-0.4522588076547248
1.0720850818612990
0.5106993678882025
0.5923530803124470
-0.1245233585715921
-0.6928672219862121
-0.8459454288956034
0.2157089160770774
1.2733895860226838
0.0537313964585156
-0.1955619753793297
0.5684208718320607
-0.6751748291019873
0.9959156519820201
0.4609129570804189
-0.0293253024802299
-1.6903432652151820
-0.5192114261311302
1.4346625802139519
-0.4767550143577220
2.0040082318628292
1.1232755359286617
-0.6110259596101529
-1.8713494113123570
-0.1040595723272019
1.1682079204590652
-0.0907480552390631
1.0497326101818150
-0.7209842113668763
0.6136083230470997
0.3447408189224235
0.1177735670665200
-0.1039687239057507
-0.4932428772266673
0.0225492719227164
1.0671631383197355
-0.5055383726999407
0.7910699087453331
-0.4583216897680211
0.2245213320844228
