0.8995989554911276
1.0929947726476883
1.0835856996136854
1.0672586269237299
0.7290659224398007
1.0549133588896829
1.0188384487671855
1.0963932600440971
1.0978219166539922
1.0545642931123564
1.0014244546190811
1.0852530112129100
1.0793031856877684
1.0646802300386080
1.0957560457983111
0.9513950732660383
0.4760560255600916
1.0413808133492475
0.8371633425621737
1.0868772186914006
0.8909814743989944
1.0849401980643003
1.0738881796362889
1.0699898389369231
0.2868609217241964
0.4666945517887720
0.7839652824394648
1.0625357350691131
1.0978253907583715
1.0850425099492709
1.0691630231506009
1.0776220595140684
1.0273643161160253
0.9179985158914492
1.0940623199730599
0.4320038298306560
1.0001349170018685
1.0951350434243117
0.8391641897492974
1.0835713391926689
1.0824865486663855
1.0812467230975422
0.9486422590363114
1.0981788758100308
1.0763120624300520
1.0878194130768679
1.0969979422554195
0.9911781597512915
0.8396649716158964
1.0532391813063942
0.2811583015749084
1.0925948175775957
1.0775399956460414
1.0792811406186222
1.0822774758999634
1.0896881562606440
1.0602506817383053
1.0871389779214797
1.0982281534623830
1.0299905694746154
0.7536618552827882
1.0959796198263818
1.0706857576112077
1.0931906264141995
1.0962337521989409
1.0039681418031463
1.0912618653090829
1.0905719032363053
1.0686041654852902
1.0070666580320340
1.0810429810353901
1.0740833886762469
0.7652564109758714
1.0659034429258929
1.0854739250255232
1.0826194066407471
1.0515332035052241
1.0663592963727957
1.0906306092063567
1.0779695913464455
1.0940095925689770
1.0967670548390309
1.0975217674777145
1.0951332608519322
1.0845982308846609
0.9524233687445509
1.0544006018001182
0.8570885946705865
1.0892627082263489
1.0779352012932319
1.0698314249246168
1.0904293314248013
1.0690977627395162
0.3678753684036228
1.0862721089711114
1.0214415185690691
0.3525658124775395
1.0863329215997275
1.0813792994324043
1.0971292875553544
1.0879088671437402
1.0900674968708481
1.0493779691838998
0.9553954383111565
1.0720506098263936
0.8008707986296868
0.9256722678106828
1.0905782745911405
0.7646616701956456
0.8995161615165258
1.0890528217091839
1.0890522506054252
1.0725731480304097
0.9726505526262508
0.9565561508230307
1.0521947928914452
0.8719163864507201
1.0806632404402821
1.0384628298906806
1.0428740151109761
1.0954922683237407
0.3867113829904664
1.0487562126713470
1.0865873873869270
1.0311656362316268
1.0046102911679247
1.0986016914784653
0.8506427995388419
1.0752154440173207
1.0919218084027971
1.0894989601949010
1.0622295534312927
1.0915197869169955
1.0853668449724772
1.0663564661938350
1.0672765848833301
0.5903776385426445
0.4894229828916271
1.0917418377615489
0.3011484086291350
0.9752398844432442
0.8332559288095768
1.0579290897629738
1.0963642242154139
0.6802686332601907
1.0243361301982836
1.0962584445908112
1.0577278983225300
1.0946153053482346
1.0452717419492086
1.0990660320764198
1.0904911823611543
0.9831639242743585
0.9898940056882362
1.0944262614019298
1.0857976624827799
0.8289291999515420
1.0629047259751740
0.8640009008319064
0.8086063290832112
1.0944145083953440
1.0391892810993071
0.3230085980989177
0.2953343622504576
0.4582005618647070
1.0973850465729487
1.0595730508420698
1.0976541979812340
1.0891792663140640
1.0402247108128562
1.0951644111905747
1.0853690569725105
1.0900608977404183
1.0719632507687538
1.0803434367274742
1.0944006482690203
1.0861197293232581
0.9703211215447720
0.9431673550288983
1.0716394305783885
1.0960430608817300
1.0612276202484969
0.3342260946259698
1.0620052993190221
1.0927677092702299
0.6251056478813849
1.0953043000282854
1.0978851570362591
1.0425545445830315
1.0963121318883013
1.0972569736724047
0.8772356803031555
1.0674897415476259
1.0956235841078175
0.6278807358148354
0.8849277489690720
1.0798907317635731
1.0852534218580943
1.0883876899360279
1.0629866402796426
1.0957355418455166
0.7837264936761152
1.0977808972687728
1.0881473980147485
1.0908617522974224
1.0890879857329780
1.0904362397629297
1.0942086777586535
1.0660377307841828
1.0954605577555683
1.0928563359114234
1.0962750415353271
0.8844910131719328
1.0935233113679299
1.0040187115869934
1.0560005622988959
0.9369619429607696
0.8954528861426774
1.0950777730885699
1.0913814969342508
1.0794799346650554
1.0884768387186896
1.0982662310328533
1.0903388943843229
1.0922779512291372
1.0957994010903640
1.0704958108677258
0.2982479869950338
1.0792264898469615
0.4430991253529443
1.0933025632270932
0.5826671945899976
1.0976000517333626
1.0959558048606666
1.0844980874426091
1.0787133047006670
1.0919461358372460
1.0925579411607378
1.0902350676859236
1.0550099374911952
1.0667807424950249
1.0557131548381435
1.0786010937284183
0.9085558869116359
0.7989220354539920
0.9603494913000568
0.6796344598641261
1.0282996215413107
1.0729921881501883
0.9277406324920058
1.0734476382472271
1.0619232844364124
0.9742855196686008
1.0607920048961736
0.4669694960525965
1.0905755285874286
1.0937886893510800
0.9126955638212804
1.0837431566307842
1.0950921370769438
1.0975049321992889
1.0646111753015022
0.9532654471824519
0.4146741568689202
0.3300263749363053
1.0845098738142376
1.0584508596435094
1.0948466819567744
1.0986406049518544
1.0976378500783999
1.0626864819240551
1.0557054246776441
1.0961849397078489
1.0477528443886357
0.9887609943292739
1.0419377229113616
1.0944458952343379
1.0912952305626844
0.9589851515853933
1.0962195819296590
1.0955033862483528
1.0805268258457819
1.0926063347815493
1.0696181730540346
0.7488953058237552
1.0927335549172950
1.0901081030981334
1.0561449719266891
1.0954192046197790
1.0959625648787721
1.0529341190186214
1.0982442765447871
1.0952141531218360
1.0907330397717165
1.0921206882049148
1.0967873301324027
1.0951920718632164
0.9950456104139550
0.8772165088820081
0.7254211021452019
1.0913207524875066
1.0973268384204229
1.0641156907886726
0.3916715375589258
1.0786810627354979
0.9829027019848663
1.0307008705248979
1.0964471810141960
0.9378292961951356
0.6460535652529414
1.0450792064168966
1.0923333079361017
1.0853700995822635
1.0802252988249872
1.0672641254931989
1.0879383056882672
1.0708456053348263
1.0984785889620163
1.0832506222657228
1.0974457518045166
1.0966720655559039
1.0925048815732601
1.0968117499297267
0.9530433361728294
1.0975113539575008
1.0550153911049336
1.0879007996707892
1.0981119528645209
1.0675578696748251
1.0975813464293454
0.8697314263456463
1.0175632219382778
0.9866029323146619
0.9052396085434588
1.0711902135370732
1.0913318134463319
1.0924004666418878
0.2815041901591708
0.3835448610843848
1.0969857860769920
0.9159336383739332
1.0892803987569719
1.0822356365823056
1.0921357104166141
1.0405346791614849
1.0567376462707019
1.0954901391471803
0.8657045122923475
1.0974836267362942
0.7902580371972658
1.0852820813437776
1.0835332972001224
1.0359701477034553
1.0841112997301594
1.0907222234805136
1.0967872687656439
1.0901567845053459
1.0725985220927512
1.0713068763382845
1.0948784183076019
1.0391346441281586
0.9738578755062308
1.0845254288577428
1.0746091672030904
1.0876553179195187
1.0157714519425947
0.9294709514472799
1.0812238013283828
1.0772901135949631
1.0894813039669362
1.0957661348198966
1.0481712185165533
1.0968266053307867
1.0927192047329934
0.3944041755224870
1.0089894467359246
1.0829716356638399
1.0735543088336124
1.0764948894242301
1.0927056951401626
1.0641403893421097
1.0830134254240553
0.9943806042477316
1.0934168373872295
1.0855329199316444
1.0326756176511256
1.0306062039015846
0.8741897054983193
1.0965685784681245
1.0859358158944852
1.0780084603803948
1.0698153208463801
1.0607445430276716
1.0884788080398042
0.9961302415498671
1.0524143838979660
0.7631383822589735
1.0681837409241304
1.0919488425625110
0.9132446806307691
1.0962622775048572
1.0928954611274320
0.2913308746513245
1.0848006628139806
1.0954607223755706
1.0943497685366124
1.0838786805698928
0.9779436421967018
1.0815474547170891
1.0098604804957805
1.0916403127000078
1.0821411086089094
1.0780227450203670
1.0963588144743375
1.0807612217406017
1.0555910805176973
1.0792057278356935
1.0880253820052108
0.3010811836781715
0.4160778884312035
1.0897000394790695
0.6773665611900935
1.0993639582785990
1.0520859525103909
1.0880541437177991
0.7346252033729028
1.0960114198354651
1.0878692705160340
1.0775632985983177
1.0908589701274325
1.0964016200211313
1.0807888656190281
0.6504778696857724
1.0873292164035511
0.6105698980312759
1.0746232907591333
0.6684552937671089
1.0912150995580037
1.0647346954362378
1.0955627439313556
0.6710050491113037
0.9974961639640954
0.9756435476897948
1.0748502752338556
1.0879535988923961
0.9343920509558711
1.0818945152136497
0.9838124784435784
1.0931339453665483
1.0973754946350365
1.0970763380795066
1.0911746161983646
1.0749054443891042
1.0742449047601699
0.8946751937860986
0.6535183089870356
0.3520909730563393
0.6363699154598926
1.0661450802782733
1.0861034457787260
0.3608793962633574
1.0427647255947536
1.0291397154480113
1.0936503270299858
1.0871083649739037
1.0374456415694715
0.8324329534971641
0.2883213301716073
1.0757389214974096
1.0915430814485079
1.0972523048888538
0.7450013900807295
1.0933209268493245
1.0875171882069061
1.0285245647508383
1.0910275549212083
1.0882298261908099
1.0387254147124829
1.0698873254219354
1.0576648226713070
0.8579147842504217
1.0822484354404589
0.9556285667081678
0.9018684118483937
1.0731439539306697
1.0100254899904888
1.0709462740157270
1.0977205923527997
1.0965283379133990
0.9161871134254760
0.2817802689591767
1.0960847760068309
1.0884843769254664
1.0868042213952427
1.0944094532657158
1.0885756080684024
1.0981894742050868
1.0967783177455854
1.0807938221957871
0.7442476705498011
1.0092724031107487
1.0952132997586628
1.0846311182683002
0.2938756959723183
1.0943996994690339
1.0416725069108164
1.0172915573947170
1.0671919766416569
1.0806710199911844
1.0934432612860003
1.0925523951867939
1.0793307781506645
1.0783302767509999
1.0989248189150020
0.5093386274798701
1.0769877132702215
1.0584192799013086
1.0234498540540728
1.0876122763919833
1.0227261670568466
0.9978158165782246
1.0741602033969659
0.5921379688594188
1.0987897743097033
1.0961836112278704
1.0922939176454827
1.0843729293519029
1.0971380296267266
1.0782422237203417
1.0944799919176447
0.3000327911694605
1.0381267108528223
1.0913865457304313
0.7521057073314236
1.0421092143422586
1.0950941526771416
1.0880739522464795
1.0844622587922552
1.0873181451401570
0.4425307220656282
1.0928567650843475
1.0908429173756580
0.2871076261808539
1.0987073055107655
1.0971130284015385
1.0672495092335093
1.0555349395994162
1.0959187901147525
0.8082357643248189
0.9993339188049286
1.0952542074696914
1.0612392744160413
1.0346314701301396
1.0948840009845653
1.0954462210051443
1.0925241154394214
1.0806325473452316
1.0387470622707822
0.9639878870712779
1.0322106644788236
1.0179339984511540
0.2809808158301607
0.3619201074208368
1.0872615881078456
1.0706256148289839
1.0911174263112058
1.0941078882814934
1.0835008380825175
1.0717296865688331
0.7764665875368892
1.0594423856944795
0.8863752120812286
1.0417201621764147
0.5730914119686137
1.0597492960913131
1.0916962081491661
1.0861869751361528
1.0917004409525661
0.9868130286222704
1.0978082291656965
1.0368920710056191
1.0809893993574029
1.0865406549287677
1.0799694030383253
0.7532362477523630
0.9407588068550228
1.0637266980079141
1.0577914749403188
1.0861223796211101
0.9826452931211012
1.0779859727475358
1.0544601233485129
1.0790723848967998
1.0563033197258440
1.0665693002000758
1.0776914635463877
0.9443052491703390
1.0753660548872876
1.0892033154698160
1.0983315961279632
1.0911412764575976
1.0886205401892430
1.0978226501239616
1.0797598988992609
1.0956894108625881
0.9965404035760305
1.0663740205024337
1.0749363260652443
1.0697092736460987
1.0959810162685859
1.0371769765321464
1.0847461679527550
0.4641319449863636
1.0773083943525457
0.9823794133725745
0.9737397275235612
0.7771244645905538
1.0725808213849537
0.6777268089411004
0.8563049917900847
0.7693020048787726
0.3513667545965480
1.0206913487036260
1.0779576907966004
1.0886824867202654
1.0769860045750546
1.0886556345555314
1.0941930312541019
1.0965422821419155
1.0980727658164835
1.0821864650193100
1.0786269200267695
0.7361341146296254
0.3625186749524121
1.0924239253378127
1.0914442970929747
1.0783817435227097
1.0399647163997117
0.4843374148539264
1.0923409767920951
0.9421681753171151
0.5466947091389931
0.9407458019570174
1.0906938035758578
1.0944205948911481
1.0423730363596808
1.0905781308304003
0.6411230172158892
0.9825760259360893
0.3868472003804433
1.0744603938332324
1.0626955151804351
1.0440855517356442
1.0795442492679603
1.0913411896861898
1.0816032108082678
1.0971690808165109
1.0889980981339029
1.0439216781219933
1.0730214197889656
1.0678870731363974
1.0872459835422792
0.4685478899002531
0.5852715107481684
1.0974702580028033
0.3968474261698589
1.0351428321068212
1.0765659215296930
0.5398212252351862
0.6533502752321202
1.0974228532092634
1.0551678520328549
1.0924623076621724
1.0990042969262210
0.9133024956771369
0.9167159638378767
1.0965797869558682
1.0956932062404707
1.0951226482635943
1.0885370719209435
1.0756773816569682
1.0556983667254525
1.0970956721328846
1.0933757002759557
1.0739380853827309
1.0291398204172086
1.0978009031098199
1.0786431146436553
0.8108696616529922
1.0794067710133972
1.0943518695475605
0.7393435718069925
1.0831269677304012
1.0086136517606232
1.0040183641560687
1.0490284757218356
1.0604529438335906
0.5014485750180065
1.0783856403418424
1.0833407799695747
1.0913830375571774
0.4764800846784507
1.0816401130937903
1.0505025554009473
1.0293116375469578
1.0687224149411794
0.9505419718350716
1.0905886870207131
0.8037204222720867
0.3738876319762877
0.6520971611489934
1.0871945560037537
1.0909105976613604
1.0895725996641374
1.0809836753770712
1.0175022868617953
1.0731802140611861
1.0147450911439426
1.0978692932752374
1.0409238372796279
0.8943158382584202
1.0743681657975896
1.0972281964113162
1.0597090438332371
1.0516181489581156
1.0914819754511922
1.0910022654840912
1.0979172714790153
0.4888658020444835
1.0557219776753881
1.0799898738214937
1.0711720807505041
1.0983239446518489
0.3209438784045949
0.7344802338257296
1.0867490332250058
1.0918014017633368
1.0698984144001726
1.0876396003846991
1.0976410845409132
1.0961694080059938
1.0908362096486381
1.0943772606384714
1.0832460885355524
1.0708258174970462
1.0185066314321454
1.0610360233383200
1.0967846175394076
1.0135278092047431
1.0651832244765986
1.0426395443637320
1.0059446043515032
1.0966013956535388
1.0502152629613708
1.0627420052139442
0.2917134620932765
1.0946944925973892
1.0176531313525388
1.0970996870478109
0.3189697378714361
1.0877677126922209
0.9860813520586168
1.0826386464531794
1.0913881961194392
0.5644911872848319
1.0891918724031358
1.0951306169066350
1.0750288473294531
0.9013516866090473
1.0827825018962411
1.0643608183827142
0.4093844528820206
1.0986066770362393
1.0221997426751215
1.0895916436275934
1.0947827759486928
1.0626793531889442
1.0850019912785960
1.0950703018358743
1.0984258740385826
1.0903452389689454
1.0965318526202059
1.0463789447635621
1.0950731487698655
1.0450253309068132
1.0850564115093624
1.0889332983357687
1.0829153653636512
0.7085741110962200
1.0916571208569690
0.9979653062406080
0.6209347639072748
1.0858492193096085
1.0834240342205192
0.7840140547023653
1.0793457054397280
1.0875313774322881
1.0611086013073499
0.4014813439498816
1.0951956752673668
0.8609817408615800
1.0905000682504293
1.0677481294118516
1.0950691530697998
1.0956497815772659
1.0808685721435618
1.0920973783730878
1.0942769810241288
1.0738417820606452
0.6088181501554879
0.7619081009685753
1.0899236574978501
0.2988193753970209
0.3287316880996616
1.0951736312006972
1.0529783131339403
0.2813071487553662
0.9301381781217514
0.4422836242440829
1.0331570765225102
0.5645064482126232
1.0871057767630334
0.9610126627339286
1.0890989373923607
1.0944602206346323
1.0879876639276862
1.0593046036751956
1.0683533736344233
0.9350968073088816
1.0953147415317452
1.0475945218608598
1.0924480580100719
1.0934390124808968
1.0801351770310592
1.0969619792594636
1.0790024662722504
1.0973883027957816
1.0955057026521067
1.0933626926343407
1.0683411632649416
0.3726899960932150
0.7680928847966356
1.0640317715122136
1.0905042013754382
1.0976666133277371
1.0757574971793982
0.9979034772375416
1.0924981184232871
0.5828845879444911
1.0796425445193027
1.0879555894589583
1.0390294945882570
1.0916703882856875
0.8145117879627003
1.0831778014721976
1.0916756735073445
1.0026233177958153
1.0873599721038256
1.0476217696230397
0.9477881053845446
1.0835156736519813
1.0770204558036436
0.8977801043770045
0.3747745665221270
1.0427981815493914
1.0961365516027515
1.0618637837931670
0.7759782899104674
0.6473502517916355
1.0644445118296844
1.0925480277644459
0.9129245927635212
1.0954483200512874
1.0971528987555548
0.9532438412638273
0.8826089113564506
1.0730116059471975
1.0786730557148581
1.0623026744364477
1.0172926142228049
1.0874106057511135
1.0932057747108210
1.0944110511598211
1.0818438222780182
1.0905860458732144
1.0903098474827089
1.0937695215069763
0.3477067840396896
0.4922720297072905
1.0373611692979556
1.0011990977999861
0.9374663668829750
0.9466442094420422
1.0720160973594468
0.3653605036906191
1.0455647308648164
1.0902438306032380
0.9664864313722545
1.0816420612561615
0.8548290591181688
1.0969524690183088
0.8682293338354111
0.9346123448641744
1.0940756173072290
1.0899213161075323
1.0892940508306042
1.0943972442131895
1.0890658063686460
1.0732971152854494
1.0861288778101812
1.0337666965206693
0.7189384991292136
1.0742400601610278
1.0823601724988474
1.0729374847409150
1.0802011383411343
1.0487173399020346
1.0535146770574835
1.0017190478356011
0.6102421932983133
1.0963446416924738
1.0666032812345700
0.8438775958655923
1.0374201597314747
0.8798835057320441
1.0584039632500366
0.9583132717769492
1.0215121932518476
1.0893586036473131
1.0898847673782441
0.9039857424734558
1.0979224155210430
1.0844609621573655
1.0775943398115639
1.0957128527256468
1.0977968708938759
1.0888349027114361
1.0952608865733500
1.0865995779592872
0.3532831328810725
1.0920478941640190
1.0985766557229748
0.4230111299690155
1.0945132945960165
1.0265543531485566
1.0940777677637434
0.4012552699208080
1.0913933281863288
0.4444935699797440
1.0867130068051707
1.0754731865815548
1.0932399221198081
1.0952098641961099
1.0919415063319984
1.0268523976124255
1.0967011131897533
1.0959796140161349
1.0863430058737396
1.0907159273847189
0.3232390460686328
1.0817866632231037
1.0665525522867685
0.8208986640961219
1.0829372900116394
1.0582406132121582
1.0604549546291357
1.0669091866203635
1.0392647204710725
1.0945431020937735
1.0973971175259181
1.0428082718456861
1.0769529220017393
0.3465569090843495
1.0776543559528957
1.0821106923299970
1.0953335015847663
1.0970280892563511
1.0674517500372440
1.0881551240154441
0.9901126709927466
1.0963437821483597
1.0710275595020320
1.0762577020496336
1.0955822513506324
0.9987172715599096
1.0975474278176447
1.0916594428665927
1.0892818381197651
0.4816482151246389
1.0580604594288450
0.8640791929007975
0.9130326547819573
1.0051701554770176
1.0914641867196286
1.0706668308013836
1.0951412005984720
1.0866448925314567
0.6634021598612319
0.7309085015664192
1.0731247539205906
