0.8649994228227720
1.0929724218804528
0.7877669123809643
1.0383464544369712
1.0104386652688480
1.0878111277369693
1.0939065223547317
1.0593393646149085
0.8059439011534096
1.0943634330024492
0.7713345152725084
0.9830615011190642
1.0970327380107354
1.0981982947145852
0.9544985755125900
1.0833049646152848
1.0983541526847407
1.0963506251385104
1.0636229639813795
1.0682156086428807
1.0858683118429426
1.0965075535390976
1.0861668653084902
1.0373384422644467
1.0714520897524824
1.0922724483235149
1.0642739833877657
1.0886962554593649
1.0944903669206059
1.0612270340301437
1.0891464593518645
1.0905272413307361
0.2986602490160283
0.3300530149898866
0.9344677478881718
1.0876809430905321
1.0791045561122152
0.3162474400694823
1.0978774317134157
0.7094472523458598
1.0841586664174918
1.0939327870108548
1.0809030896748424
1.0966733341275432
1.0781734298542265
1.0698049050821217
1.0951913842049141
1.0974535619225942
0.6532691238726086
0.2844690726309307
0.9992373993635006
1.0915255657306464
1.0894437793838883
1.0979898914953579
1.0960949809622513
1.0938402420333970
1.0580389906862802
0.9226094976330083
1.0540229067951261
1.0840711367015203
1.0662557244473703
1.0823726400527169
1.0929818874490209
1.0945544249995793
1.0501756296829698
1.0961397414069185
1.0544871788576127
1.0935896637314675
1.0710897649815854
1.0941848939900738
0.9444350205543648
1.0776475208840244
0.4417477143397736
1.0940903501862351
1.0957014646490559
1.0935062719532873
1.0918978737975313
1.0938128938920992
1.0883734890157450
1.0805910237702061
1.0755599647593663
1.0889929701712158
1.0864492225802418
1.0940316740549703
1.0328163166009934
0.4108586742255639
1.0923076960888245
0.8746212838474859
1.0853802550451899
0.8977922067781983
0.9798630850921428
1.0844441318583324
0.9565777065205185
1.0958733270128393
1.0957851227486761
1.0706432246293911
1.0962855544134822
0.2829448213038983
1.0710663208416853
1.0466601288277058
1.0819446324915889
1.0378483848307121
1.0918102642740646
0.2880618520363162
1.0749066291894958
0.2952185976618105
1.0849995497442970
0.9824807269541471
1.0749804809779908
1.0963309589057038
1.0917303180703539
1.0749609319278035
1.0821952686535130
1.0892163213740305
1.0961013289574204
1.0666291885119108
1.0962201773854201
1.0854115393877839
1.0941841428695207
0.2875983019289848
1.0529034269349951
1.0945379023695527
1.0938946892606902
1.0394921628611868
1.0974192596216712
1.0929046277622374
1.0991408623653849
1.0962171688878868
0.7873646759364273
1.0849085174048338
1.0714166661880702
1.0670396639659774
1.0660378517636477
0.7989017084055313
1.0781820416940830
1.0900937363946457
1.0961550118270114
1.0292610621827762
1.0582416849100797
0.3022752467421719
0.6769532873720946
1.0870931380692432
1.0970536423890840
1.0985488249699842
1.0015941615444117
1.0910394110852917
1.0714750732253322
1.0921816358412106
1.0867419490749128
0.9055628732419161
1.0807381159153713
1.0958788401553798
0.3968283243579565
0.8818809960008949
1.0894906403535074
1.0985182718110031
1.0339400546340090
1.0058058319026304
1.0920255738723907
1.0961635574647730
1.0849228608104931
1.0219796473935954
1.0868909159246065
1.0750261735412141
1.0940151914476453
1.0956975014450665
0.5007433628076334
1.0679048100928028
1.0949839043299097
1.0820383285258319
0.7546646275512365
1.0961813846064647
1.0804942232404517
1.0915786224822379
1.0925383513456626
1.0980827909019348
1.0893640519046246
1.0655806990417085
0.9732351109069259
1.0957851228892206
1.0123545201133528
1.0954236238523190
1.0926948736040802
1.0366314678071720
1.0381302498067988
1.0646811820920898
0.9643882962606823
1.0699199149749867
1.0205938221699771
1.0914709752851310
1.0429876375663245
1.0985632397590914
1.0887567884454654
1.0799841885291690
1.0958311081848155
1.0956535156541081
1.0914835885595571
1.0980560500090153
1.0153922543318121
0.9498356466364640
1.0858848729080428
1.0075377430901455
1.0985642210025905
1.0837506094775864
1.0905535122466958
1.0686108302239663
1.0825242527663557
1.0976827965879858
1.0148460176976888
1.0527896091374938
1.0928352681102809
1.0944564527612504
1.0959714951091941
1.0463050035335062
1.0390051456606615
1.0707979672249186
1.0876120175511674
1.0874263282100158
1.0918318217198830
0.9806445340120377
1.0708487474325876
1.0945062702155597
0.9835579976104162
0.7837988162078816
1.0966848551683692
1.0874663765736776
1.0941638161010048
1.0889351746037874
0.5621614711944815
0.7961031563915247
1.0424651334957795
0.4571792052067407
0.7914671560361949
1.0858882653156743
1.0810456838707703
1.0053934365369055
1.0877622966219771
1.0945001379449564
1.0746206117010202
1.0641019240564924
1.0826905608919519
1.0944713055631434
1.0888815240223757
1.0751897918966520
1.0894189275106845
0.3536730283845579
1.0967490775845772
1.0902513930293019
1.0943157980092924
0.7262080459660216
0.4309259124654989
1.0809960727591417
1.0078827058213520
1.0939783020685698
1.0704196591878372
1.0965784300539434
1.0765381998059220
0.8901116843359091
1.0640044354636833
1.0754730900875635
1.0919797281293233
0.8977300116275423
0.7977924326594468
1.0885603566269257
1.0676216411731396
1.0912163962246224
1.0843057296821557
0.3258500383522733
1.0183771882722943
0.6355406585004252
1.0701687379989400
0.9689857163235092
0.3827454850024652
0.8799199466795210
1.0493938473786795
1.0684129419785677
1.0952523878553078
1.0813238871074553
0.6114268122724835
0.4361229172577798
1.0805401410405635
1.0664870309711048
0.6944419298744815
1.0551714582022171
1.0917347237257700
0.5271040250755603
1.0821806194256844
1.0980886225412017
0.9491575018652170
1.0549305821175066
0.8834791740045843
1.0486387872893796
1.0839833669966479
1.0976632919247351
1.0026380389747469
1.0925769574957087
0.6321475158011270
1.0933153581020933
0.9500360033442821
1.0942094027615608
1.0976333939811640
1.0650084493845737
1.0832835390337718
1.0849693503977993
0.8850150345721898
1.0873079589358277
1.0849594539306662
1.0607022478067389
1.0731196549040789
1.0817453816802778
1.0928406610519781
1.0684784550534743
1.0668902774202809
1.0756358128032195
1.0103744623458639
1.0906719918871577
1.0932978439499554
0.4716487126102875
1.0058910502869414
0.8080374083390303
1.0461189471623455
1.0334606602070651
1.0864924938118075
0.6237408783370880
1.0653822987496226
1.0930033965526149
1.0907986461518966
1.0917717541569940
0.8599344483836321
1.0943064621529661
1.0820702230524430
1.0887218930174289
1.0771165477395186
0.7861763507974470
1.0941665123982958
1.0944192130836148
0.9288538432173795
1.0945879692138827
1.0940692980145807
1.0949963914677854
1.0886815893388226
1.0945818035761423
1.0792839559243195
1.0938160461395301
0.9999947630072097
1.0910712088887202
1.0697476491052267
1.0868445843752401
1.0324976931420171
1.0439191873414839
1.0856202049508537
1.0955354893344191
1.0612784020844181
0.8029372082288210
1.0784485097071517
1.0321417882305175
1.0942449693331744
0.5025649554003310
1.0761792140376183
0.6500039132992534
1.0747751582945240
0.7346337783429751
1.0968641514314179
1.0946957706997549
1.0913640208979913
1.0022060812044711
1.0898520186385796
0.8519269225446131
1.0678475135166405
1.0926803420038311
0.9637994001518325
1.0536100849472403
1.0917906409220075
0.9901297283388831
1.0980594921112474
0.8734190595211399
1.0823981891874819
1.0649073419577109
1.0957590092141851
0.8729068982724926
0.3169294776062566
1.0932036853474427
1.0922469318569070
1.0765490116834928
0.4240127055606227
0.4469969585360537
0.3503125164849570
0.5779929648139998
1.0976569543070633
0.7491075086933819
1.0844426822810267
1.0815676024237364
1.0854116250538075
1.0812203363490711
1.0345237717779618
1.0978871106483166
1.0922242187633113
1.0921210038058771
1.0464875261368500
1.0559029986683477
1.0981863140732970
1.0915567638347188
0.5179687229650249
1.0651403328506670
1.0961639144990232
1.0873285775558588
1.0918422432146846
1.0939656741960828
1.0963215163676929
1.0886284331644049
1.0877389087887595
0.2809388736916364
1.0957924018124086
1.0978996777845180
0.8974401510334945
1.0582977686016708
1.0959247211545351
1.0914156176116916
1.0973710777001839
1.0660854936847395
1.0931812217739683
1.0900104143395575
1.0938437231140503
1.0923181780929463
1.0921912260162971
0.9443006603304563
0.8379923784747310
1.0804223682715242
0.9583947787627378
1.0893357734564408
1.0976319763771105
0.3233075809950542
1.0925448715407444
1.0967646580270802
1.0941062319591977
0.6497366412515106
1.0204816906801126
1.0938158809263168
0.8532909901128825
0.7549633183751925
1.0863179977491488
1.0900745590147847
1.0851911560439729
1.0723877694096111
0.3051448205871246
1.0149929730078906
0.4368365106978639
1.0487845137238316
1.0912825120898224
1.0319319511253426
1.0859117099559741
1.0849924591974589
1.0937529385005316
1.0949125731632108
1.0946855055416504
0.2812969167373949
1.0720839916383558
1.0835949473302844
1.0724452523740062
0.9910961757871923
1.0809736289933398
1.0913326249108866
1.0626344845367099
1.0974136281895961
1.0958162932427551
1.0688124209074170
1.0975355081795695
1.0684939927492207
1.0920916049052145
0.9042034163335528
0.8264861961012077
1.0971106658730050
1.0905129967093508
1.0946455738935716
1.0597533268193307
0.9325150098798298
1.0955709510930889
1.0701705601420881
1.0832476257472925
0.7678334037898037
0.4449592991990373
1.0831383446280713
1.0549160478712094
1.0326916914183060
1.0899709242282527
1.0926629635507488
1.0630003234064174
0.9817183279079797
0.4670460954165923
1.0787517567002423
1.0765411995084493
1.0771772100816732
1.0671906227394623
1.0877388762894979
1.0956139904534756
1.0438996671272722
0.5368870827454715
1.0729899330776369
1.0942174015189494
1.0864019621006433
0.9413252657881311
1.0491530945501641
0.8122181361235680
1.0975863842289020
1.0856215852315783
1.0974256522637138
0.9195109191213927
1.0807969525341756
1.0932782800264342
1.0884365486315881
1.0712839573998654
0.9557619710156344
1.0810890277954130
1.0806500770372611
0.2825225186162600
0.8305396154091269
1.0872576224348915
1.0967764415194743
1.0931728289969571
1.0941383126215118
1.0579890968420624
1.0480937576627025
0.4357559521053014
1.0573943000898760
1.0884233633591738
1.0973197150750686
1.0215163176635931
1.0873192560892380
1.0847755708819777
1.0867392050899514
1.0901737313453435
0.2972205910229975
0.3909697038170456
0.4235349871904549
1.0939004940740895
1.0911750845184505
1.0702785518746238
1.0172091142012913
1.0955690720852993
1.0895026178097369
0.9824690931829244
1.0233812312075459
0.3101447164628377
1.0718900745979509
0.8160681056288680
1.0872051925727211
0.9941381313771976
0.2836201044525169
1.0914034723136619
1.0754895096981096
1.0968484467991750
1.0857638359767798
0.9826739453412895
0.9549475017448982
1.0904886676993131
1.0623767413069147
1.0379480804807180
1.0825261506014814
1.0935658149673726
1.0890467658103300
1.0156550915693086
0.9456276290971471
1.0229638767121929
1.0929517615854349
1.0950658461528573
0.8070118999836545
1.0673138979518084
1.0941129143494213
0.8398493764150984
1.0962779726858363
0.9491332676432778
1.0725390901254548
0.7092943792342913
1.0958899523040602
1.0928804613461109
1.0614059848310136
0.8969560989543317
1.0846493075281405
0.4841399375938110
1.0828151252766867
1.0982690482446671
1.0969545789946213
1.0962473370614447
0.8550925275212925
1.0608603731395121
1.0510339008863949
1.0573727543695202
0.8010537430861540
1.0916258048395682
1.0623814969130296
1.0105704088626355
1.0973518191455782
1.0724906793819577
1.0804100779462205
1.0951016728320886
1.0592581708544631
0.9922613361210415
1.0892687773358551
1.0680997604143849
1.0242510251507710
0.8504693205101762
0.6478325606337118
1.0859377163114206
1.0682676438599203
1.0984169774431043
1.0877847718454294
1.0909089602481805
1.0958108626384655
1.0240294904565486
0.9539944797729192
0.6832996039735585
0.9747292283884786
0.3021151672877042
0.9735318386823446
1.0947843747226822
1.0780106450816049
1.0901012254131801
0.9095670209554866
1.0854195208208275
0.2808991302250634
1.0487584907070386
1.0685424973829101
1.0984575311043878
1.0920576086031342
1.0701249196934077
1.0658274441594615
1.0850612733335530
1.0933269235373133
1.0767517083365852
0.8370466748500421
1.0752608618877071
1.0946435122162310
0.9808629398827885
1.0831783144749028
0.8797503998350336
1.0454040738864276
0.8744545144239690
1.0305608143320810
1.0955541071161001
1.0941621105639463
1.0669890504098176
1.0594553670270337
0.7198184729148434
1.0940675796479118
0.7881677061887271
0.5223475928727164
0.9590113287537869
1.0739569449657360
0.7115809234769753
0.2864311242293237
1.0917341836607779
1.0742764257842454
0.9746379683078390
0.3366367659966161
1.0467072538608611
1.0720245241380792
1.0499855378219638
1.0961588726542166
1.0924429487522300
1.0946409581165919
1.0223947922723979
1.0564925260615197
1.0523747674907440
1.0437625566038482
1.0758413364688311
1.0858987752944305
1.0154820694521500
0.6785757381200269
1.0981375873717685
1.0818838443718843
0.9925976873923372
1.0546533285614816
0.6433401978888482
1.0932396804357434
1.0873858815084085
1.0902065006926474
1.0963046528001688
1.0221074797053193
1.0940297429407184
0.2854881875305486
1.0841796379577955
1.0633009167884533
1.0741725646524074
0.9871902434591198
1.0404943042725037
1.0868853553488127
0.8638759256566202
1.0939602685611363
1.0973829236079593
0.9461563590292292
1.0932348346832130
1.0829824315403296
1.0383545532236658
0.9858145024297806
0.8709312431323176
1.0964802518252241
1.0971346852715231
1.0696595059649612
1.0952672134060712
0.9088496646987698
1.0678786423753348
0.4433512390161933
1.0829414483298534
1.0891907773268488
1.0894886503448511
1.0979588862686420
1.0937734850011878
1.0697375077088040
0.2809018986964987
1.0860910314926742
1.0521066946220208
0.9510884819994834
1.0517477494282379
1.0969487839447944
1.0927445053539766
1.0348066796252013
1.0957899114750060
1.0340706615240365
1.0778929865313547
1.0899744312246409
1.0181139792064609
1.0930011491137097
1.0752288498370102
0.7589567221079369
0.8232732169675265
0.5904510801954945
1.0886895814891115
1.0503000934915510
1.0609437474997812
1.0917578330550184
0.8896173713287953
1.0342983244103041
1.0837479290632892
0.4155594750326914
1.0807902661088751
0.4304182374611504
1.0703279088111399
1.0915424255454935
1.0007066528058817
1.0643895841762774
1.0715025922102011
0.9846950714446117
1.0498300252238806
1.0943461511025310
1.0937022462642449
1.0529259725662239
1.0921962279062085
1.0977326672788223
0.8844665915422334
1.0561216924823520
0.4139850818895043
0.7065129275142370
0.7537189954901626
1.0953942975063307
1.0792805988053065
0.3670817089135165
1.0920957316173527
0.6949452229894049
1.0863535711171035
1.0808977580531656
1.0971137266230202
1.0988043328626353
1.0549440344132828
1.0968305928813336
1.0451667545905126
1.0666891422445086
1.0856667954272494
1.0477189096003563
1.0915109438118185
1.0884461048264216
0.5749453600475309
0.6634908648834933
1.0087928046902159
0.2826801992100738
1.0641320953677109
1.0968635742447141
1.0947941756414832
1.0861943883486409
1.0825354388758701
1.0939736571324978
1.0981213099913583
1.0926362025185168
1.0910485718009397
1.0894482715857756
1.0884587375938610
1.0839793761993868
1.0963725753918565
0.9968613153899405
1.0847385026150740
1.0978711126231513
1.0970647917686831
1.0473003431881160
1.0841114959180920
0.6628421926331672
1.0863677368322142
1.0839774489053953
1.0946781360654572
1.0578626346308995
0.4881720242818886
1.0413832334462021
1.0930308677505691
1.0828124765207778
1.0732345455351200
0.9706351261465244
1.0942668881524154
0.8732250099790595
1.0584547849619586
1.0673490067614306
1.0835586657000189
1.0987740838334437
0.2865246377801441
0.7289951178325651
1.0739718809354313
0.7987725514155369
1.0797741066382591
1.0098141105410721
1.0806378327598150
0.6234035220384919
0.7100477451522389
1.0975942200180953
1.0983169079264781
0.9814885732616674
0.8838012068629720
1.0955869462093304
0.6144167360523848
1.0964277470793538
0.9079720492782095
0.3133021960184091
1.0889715227833021
1.0965946272997769
1.0717611369016613
0.9595937048373231
1.0874605856163917
1.0950706467133502
1.0906036148015259
1.0870957562930410
1.0648282098782038
1.0955668933573652
1.0723758778646773
1.0947054923010193
1.0431395825060141
1.0254598969247259
1.0961795926855977
1.0912649389570532
1.0258301575254427
1.0739959320752970
0.7177530095582121
1.0952737985594401
1.0853898645676940
1.0742660655406335
0.8934091702006838
1.0922756516074692
1.0832808890232823
1.0792803232048369
1.0265849946783006
1.0964575021303868
1.0891496315041580
1.0918298060415930
0.7783074760757964
1.0931589113332234
1.0473689023345605
0.9372794333504237
1.0838178427447145
1.0865196033578395
1.0199598221713406
1.0882537009429796
1.0889314238296932
1.0508772294950213
1.0669461369590947
1.0974029448748412
1.0895550627129151
1.0871394009879352
0.6750849836585819
0.8347549703058755
1.0533747344022417
1.0223778371326906
1.0985417858519306
0.9204176667126748
0.3554707376410899
1.0718037422092068
0.5862440561610942
1.0972235471733434
1.0730555046385093
1.0206067629883899
1.0928639629301105
1.0915820846541107
1.0349267567036191
1.0480222370763361
0.8314928391667350
1.0823237382774225
1.0658210772138859
1.0654296907064054
0.3767974019658066
0.4480724202940511
1.0892497871566920
1.0908827584431464
0.8786707190036949
0.9995810597201643
1.0851215197253667
0.7891143067265249
1.0876167468972833
1.0895430954032370
1.0974647767501875
1.0875595455481570
1.0985127715903034
1.0278609550973625
1.0954720584364579
0.3801215241171869
1.0840064038169486
0.9843646993060849
1.0811686505298534
0.8415982694691674
1.0961628311805658
1.0970235954969894
1.0337037786580570
0.3921287003369428
1.0878091670118679
1.0754907098527056
0.3056062505194200
1.0959724583266375
0.9863838031907256
1.0927452552260184
1.0492976807599486
1.0684912746122788
1.0944427610598944
1.0719806629343547
1.0706292235684614
1.0366822623207785
0.5803841885341313
1.0947119274761516
1.0965232142687844
1.0427759136998156
1.0846084101392186
0.7669107787940881
0.5987259259279583
1.0975830826880624
1.0656500334834522
1.0472071448585909
1.0964558968956164
1.0542134119568747
1.0967301112177705
1.0133470437746952
0.2927231374090035
1.0882091164463317
1.0080317835023920
1.0888839915500033
1.0886314534506354
1.0961138789766574
1.0657632336824330
1.0894951255378753
1.0972102043663583
0.8090525894134565
1.0947221556940110
0.7896589379950218
1.0872606413022681
0.9335738426436562
1.0937935304066368
1.0954361961461259
1.0878047097848047
1.0879920786596782
1.0897647015469734
1.0957884834094567
1.0921609912697736
1.0907657777501343
0.2969879056805604
1.0905125409840988
1.0546458119867888
0.4627322831158153
1.0985065267077008
1.0915287505116715
1.0953186908725996
1.0507273391931384
1.0903400973094906
1.0571421828217891
1.0166906451638149
1.0879635751632664
0.3103087071262363
1.0854192980361745
1.0934258876542780
1.0716969586062217
1.0962642838502272
0.9990997630558484
0.9884599461489983
1.0207152136957889
1.0950640948927146
1.0971412682136084
0.9457795683379181
1.0321962471142065
0.8247942327372638
1.0966445870934534
0.9621032415433312
1.0493838907458897
1.0850774860114958
1.0398844171020196
1.0895206292552475
1.0878667794435419
1.0528576529046429
0.2810608312320508
1.0913135395925999
1.0864544942065029
