-4.2334936021304479
1.9691491572752227
4.3053493493467041
-0.3834311154617110
-2.1808988726145255
3.2538969329621805
4.6355117675321189
-0.2155234972704739
-2.0754441419400251
3.7466904984463385
-0.0089094831981821
-2.3143824495096852
0.7329400393463836
-1.3502406292185847
-3.4743769880264925
4.2671600509012499
5.3126046776050631
-4.0358626774792459
-2.1670213952800839
-1.0343906513354026
-0.8132167675420326
-3.6265055844738661
-3.7111658129296821
-4.5072857284144865
-5.2214570185000149
-3.3418344429482851
-1.7765063642531516
-0.2320423706278231
-1.1180188315984443
-1.3200921893421607
2.6638717651309376
0.5664232757642439
-0.3939769102706552
4.1375532961630395
-1.1997157759132493
-2.2154851238079991
-1.9174229428913705
-2.3163226741510612
-5.4111794452234694
2.0895649493443904
0.6934240083241824
0.1426392455091916
0.3881820598522895
-0.8900123636061334
-3.2200086152483456
5.9180441068824114
1.3958424452132574
-1.3154324966576556
-1.1467696628454196
-4.6970239483038378
3.0348337512404391
-1.5747193416047875
-7.3252739001512177
-2.6414939038923713
1.9019968163602545
0.9462736941310947
-5.2307281248340702
0.4601120749866701
-6.0127700395046002
3.0899234575092223
-1.3227261323818877
-3.1448056691287833
-3.3531637329994211
-2.6227799445367159
1.1814841574481867
-1.8680917786973534
-0.3440524809357792
0.7852182978049160
-3.9204428242669236
-0.8302042049881179
0.2640022827902638
4.7074808970647881
-7.3225644158834440
-2.1857759753685593
0.6132607499645055
-3.9368338374239542
5.3879820958837188
-0.9923129403727956
-3.2911652068720643
1.7424369720542749
0.1689837238071385
-1.4705476624058884
-1.2903347126249196
-1.3303475312540083
-6.3447787341080142
-1.0591502818760312
-2.9294252887592864
-1.6996446756577017
2.1574951890419625
-0.5741338721579111
4.1547652379824616
-2.9802046515584690
6.2042640287363584
-0.0986421537463122
-7.2848122100667076
-2.8965523330958289
1.8830591936235921
1.8212417068534086
-4.7004016576337078
-0.2310718865200427
-1.7833444623551420
0.5021523534059247
0.4783469766115733
-2.7949948540716245
0.6961171768553023
0.1466893361984274
-1.6136036990487630
2.3696128393972056
-1.3556306985394468
-0.6753840070790611
-2.7544269450470655
0.7693513168428110
-0.2798929114037181
2.7894901800980034
-0.4744888947362507
2.3770182627902638
9.2266075154739760
4.9597598135464089
1.8704279703599949
-0.5405993637097382
-6.4820678410126193
-7.2878810889435091
-1.0624042633834294
5.8190860663009536
2.3305317080629426
-2.4200011282520317
5.4149797162302509
-3.9494609830111145
-2.1308796647901973
-3.6585478764960975
-1.7024532588893864
-0.0547183450761955
-2.6210601254826393
1.6510227081218705
0.8909843912208910
-6.1829201355433749
-1.5012723042842029
-3.4187365767341813
3.7307533949502640
3.7363624832028846
-0.3941434082393473
4.0729870246623303
-0.7329912490106792
2.1375542988962302
4.2714000388127307
-0.5332350301215887
-4.3710444417355054
-2.3428489808116395
-2.4113909615307350
2.7621005829436798
-0.2366707019305444
-0.4175263002698889
-2.1085692757094376
-0.5320653240434042
-4.7048566199440787
3.5945520730600897
-3.1404206409269118
-2.8568890648550891
0.7936280347011997
-2.9844674602780179
-1.7134043677192836
-2.9134201830590891
-3.3472306809213102
-0.5336611069015595
-0.6114170399282530
-1.0224022812674678
0.2332404371296280
-2.3745543231799591
-3.4486701452348836
-1.5051726246280150
-1.1047320144955752
-3.0448595587802005
5.1135046181467310
-1.4591332849220278
-2.4331958897420414
-4.4024213152156051
-8.7425313694209770
-1.6179507540834550
-0.0807710209309968
5.4975267245721433
2.3066742315604820
-2.0295864427494701
3.2859212321338807
-0.7469027871674769
1.7810832328424790
-3.6372817779366700
-2.4448954262114326
-2.4203156251417726
0.2503515297501949
0.1753246442028847
3.2264165114030998
2.7919584454677628
3.8678171963652281
-0.9865556311215387
-3.0782940667390530
-0.0479262700639138
0.2330373128846410
-1.3253365767101331
-2.0952629465259984
-1.8126441025406241
-3.0957426982907252
-2.7047502913492956
-1.9526989797025678
-3.5920490341821649
5.4543528214674453
0.1722631578481788
-0.3083270984886133
-1.1437212072394209
1.5153116508759670
-3.0021599987658800
3.9966741540025850
-0.6745214595956366
0.2365873753917443
-5.1867469359271805
3.5077325077283286
-1.9147879615514463
-0.5904194797832714
-3.4835048490716152
0.1970146514135227
4.2367255761739626
-1.5291670506917368
0.9216140010050541
-1.9175061254830235
-1.4920693737671820
-2.0547192901839852
-1.4572123434971915
-2.1443953246146412
0.8750086801475444
-3.0965854394297709
-8.8213343041790502
-0.5232879967830768
-5.1985952388348986
-1.2659350586910028
-5.1290936936772189
-2.8881692775493546
-0.1192462985393223
-4.7086411397518626
-6.8452722085821485
9.4870084317252719
-1.5505876789067616
1.2166929127676320
-1.2558424452050916
-1.8288399981234973
2.0447973387046563
0.3275399875729821
-3.0762916520649997
-6.9457045000510318
-1.1739010645312142
0.9581463216900706
-2.1791356700161417
-0.8631751498765331
-2.4936444087435894
-5.6363029891252081
0.7961829068723857
-5.3038004659483589
-5.2252075961433224
-1.6605648874709606
0.3666384394167530
-0.8194746618366674
2.3898209408331521
-2.1056494188755321
2.9536307006902636
-4.0051528505721157
0.5160668405408602
0.3477263985468674
0.3801593064330794
1.5855948582657149
-7.1056668237999112
-1.6350066077516092
1.6746837378845789
5.1620516516507848
0.3665102722936388
-0.2141656942834999
-2.2332314146533689
-2.6367570336870907
-0.6187369136908685
-5.7734842920709841
0.2143901165598125
0.2983642924522328
-4.4923735754582887
-4.7216242954362500
-0.4325646389304710
0.8473259771027082
-1.9498850827752112
-5.1300764614874756
-3.8173164226877336
0.3154318483996508
0.4249602981489728
-3.8085590597797188
-2.3624034939813363
-2.2680134666808933
-1.4582001624911960
-4.2945492730722394
-1.4248517240082776
-5.9252060917715932
2.0059685593909804
-1.9740375490827615
4.2557435752494746
3.5789128727314332
-5.2074678241160237
0.6676569598320723
-1.1818544741760504
-3.0138626318853863
1.7205590458898847
-2.2775324093326379
1.6820734036784089
-1.3241326914707694
2.3655329255540707
-2.6282257952060957
-4.9311463038852841
5.9056074244309036
-0.4367262962867843
6.4759352820269687
-3.8579873943342555
-1.7049425870491832
-6.2778527459505300
0.0635458181078305
0.0258207947982039
3.4602893928228693
0.1431915784314557
-2.5379629264015411
-5.4766636416416050
-3.6805681343506693
3.7284529643876470
3.1458548950413707
0.2721858348491785
1.0890565994036301
-3.0752924721687984
-0.9860204996807803
1.8819951145998977
-4.4060733529769029
3.8380350735666835
2.6302882566314651
-3.2792583654211493
5.3003071739460994
-1.1245218549257905
-1.5654513634416609
-7.4778343818694823
-0.6338346668492588
-4.5584095028406448
-9.0718626018119100
3.4175497992880493
-3.6583384717475069
-5.9394379589317747
-1.2670960409428023
0.1509049221557981
-2.6062183867916442
2.9074891470020550
-0.1603426381980219
-0.6915187140698396
-2.6415766626958455
-0.1619825114228944
0.3954480606131687
-1.1407330271256240
-2.7808803420660921
-0.6269247386309925
1.3998213157481025
-3.2352517891647365
-3.7775439068319128
0.8120687608098898
0.6658055901505231
-4.5543865893466098
-1.8482740024878697
-0.1446401754160662
-0.4559261752513517
3.7267266201734710
-2.2986824281215221
7.4921858858414545
-2.5246262709162548
-0.1085309674441109
-5.3487232340231179
0.2029779307489777
2.4371590775108984
0.3967794842982332
-5.1085343180888465
-0.1143768362726948
-2.4110318964390682
-4.5727893966888704
-4.5977534184960431
-0.8650219999699739
-3.3240145814151236
5.4947102157064798
-4.5873175942394928
-5.5616682621135896
-0.4262020574469049
0.0295331070567840
-1.3290250632228806
-0.1997376581144396
-1.1950270531806748
-1.6789015810678891
-6.6351623665350621
0.7960813843727584
1.6026014633855123
-1.3744874177066706
0.5537919017330735
-1.4096426691117141
-0.5437678169847743
-4.0400088945305708
-3.1566249612934989
-6.7673001480598245
0.1633082670624065
-0.0333249376129448
-1.2966780705558145
1.8206415547925059
-1.4617173803735233
-6.2158101213180359
1.4942295459779344
-0.0439947416192497
-4.6672802176164989
-2.5673312312823398
-0.2036524357377922
-0.0853364903039004
-2.0212913694298980
3.8451853446447424
-3.1253090380824076
-3.3120799274801862
-0.7964605035170259
9.3727800870637701
0.4565915222636264
-3.2701649643888060
-5.3760960834459777
-2.2313439445274978
-1.4803224547167004
-0.0323003897119108
-2.4755061039511075
-2.5401213916151115
-1.5295637556022927
0.3308874267217429
-2.8821280983638156
3.8773075702508857
2.2915514747328833
-2.8411504960264073
-1.3708101784283837
-1.6459748709731101
-0.7375650239533290
-2.9038317855695150
0.9933289061208486
-3.8147237359885224
-5.6861773867842098
-3.3982298526147448
-4.1644302879793109
-3.1722025442156592
3.2808291965976242
-3.6175085149963508
7.2704680353455098
-6.4395245620587227
1.9980815971086465
-3.9195251808365859
-3.6614181409132311
-1.4768887742127041
0.7032674914781591
-1.5724223459022193
4.8807727577993480
-5.4301040900838062
-0.5668402118076126
-1.8119995261758153
-4.1587898430553594
2.7032854000898934
-1.4327827147043093
1.0003866257883833
0.5263916978955899
-0.3196156532947374
-3.5232561041455939
-0.0016376094112009
-0.5972809973735453
-0.6371181055934294
-7.4775145630826252
-5.4635170139769178
-1.1162088181548808
3.4586926577695780
8.0287522042378221
-1.7883526456776324
-5.9151197611165447
-0.1713014623375339
-0.3842887394528586
-0.4075901645605340
2.8692125934447583
-0.2104600817175856
-2.0356685301108177
2.4281898084897846
-2.6590476138946411
2.0391075058352675
-0.0279891846185280
-4.3122540754456411
0.3608169554565293
6.7454685383937409
2.8437257221416274
2.5562128649373235
-3.0246845920886858
-2.4829820264751250
-3.7527662718659380
2.3237966138980060
-5.3938639735370009
0.2552299450774818
-0.9914710308927686
5.0199097072830909
-1.8584369657146897
0.3742762731307394
-6.9737299582590078
-0.6873281507216159
-3.6406365737254172
-1.1805688560748906
0.6132565376762917
-0.2300148532082733
-3.3033162702592946
-0.9682874677053657
4.3365002083022324
-1.4134115455307676
-10.6184620994514312
1.4215729074694543
-1.7644585206825367
-2.1082149522421947
-1.9807369250854479
-2.7003200459511034
-1.3832029622781046
-2.8463798562736375
-2.8474735344119741
-5.6096175446469623
1.7665622689512257
2.2483478488973203
1.3481019521682414
0.2194461634685392
-4.4464195864333957
-5.0463504354675832
-1.3406634121934373
-4.2543737441558545
-0.3369686915107448
0.5257282456793975
-3.1831208411603473
-3.4238207719896594
3.2293392039408837
-0.6208939328690606
0.2853532887503317
-1.2478908729955198
-1.9785453582212358
3.8061214716880496
-3.5875075701423151
-0.7943403440920550
1.2456554772615835
-1.6923058782927527
-0.7100024545844473
-1.7843027761673529
-2.7591152814467890
2.8515367247888226
-7.3744150410786498
-5.8025514317533213
-7.7108624437861355
-0.9552884380918280
-0.3443366559204188
-0.3040589261343862
8.2705940561276847
-1.6880054288958495
-1.3464472121787230
-3.6739103111946552
6.4670609292419785
0.1490644586043300
0.5832298718821594
-1.0714035277995984
2.5038363637669456
6.3331207643268552
7.8985227204378567
-7.8097908897817607
-1.7919339384968140
0.9381464298515108
2.5470819981561705
-2.4276159924561131
-3.5880682270141531
3.6678117618438097
-2.1884041762337785
-1.5482502428922940
-1.7171414084622429
-1.0032769768655836
0.1105801062187848
-0.1932965439419275
-2.0813084480062973
-2.2562820541741959
4.2979867195187529
-5.8534246340990235
-0.6891496578162750
2.6464489420505859
0.1233062288873969
-2.5523994096389520
-3.4136897873583982
-4.4398929275537160
-0.5449875999147434
6.6575641535360521
-2.4827043604294960
-0.3264675919918005
2.6233206245766802
1.5640589915352263
5.3118711850671678
1.8813436444719684
-0.7687505086187073
3.3041809319436939
-3.8567379049679333
3.8042501397743331
6.6566282631641318
-1.1233586026394951
-4.8434060345691252
-1.4377005578256810
-1.0784259330228023
-1.9194279512585330
0.3937471907517566
2.3444186592578857
-1.5553249135848148
7.2980549764827822
-0.6856496704852918
4.8495921292038968
-8.1894530579250020
-2.0859389550256515
-9.9890054517481772
-3.4502506428770370
-3.8815335095081469
0.8076649084314842
-2.4695552887216312
-0.7396673396195359
-0.5786378080163941
-4.4419213193518914
-5.8037130398004937
-2.0910097004103352
4.2326838202988011
-4.4373554250092830
-3.4800291350967414
-3.1062090946732104
0.2760822616084936
-4.5290444528427560
-0.4591469208200107
0.6045799575212649
-3.4656377958583828
-3.3999927013347873
-0.9833248907761138
1.9916945562894746
-1.6223587453653032
-0.1845713472847262
-5.3190406505070156
-5.1706206180974457
0.3122304707439689
3.8795755470833186
-0.3344643711419530
-1.7501036209439902
-2.8179877181286352
-1.8029946428775427
-4.5243155965151614
-3.0907703792072612
-1.0811037610928849
-3.8470004813817171
-4.7513483032211301
-6.9952969162322436
-8.8970610602022049
-0.5291553611401256
-1.7204896624512396
-4.1408663363867344
-6.1654485760023201
-1.3736056210039602
0.4619509404002869
-2.6619600952847962
-2.5485349337034346
-6.8598666126793830
0.4868368006414605
0.1277887273104873
-4.7337424097520584
0.2895284746332585
2.3102466444394425
-3.6688546035964569
0.1044320640992340
3.0203089221124086
-2.8298213715008789
1.1285516299629021
-0.5016674248365082
-1.3116593858309047
3.6868458850932293
-2.5742919999427398
-0.6938864924822452
-1.6245866668635918
-0.4844828069517793
0.1121204905880221
-1.0752140153283622
-0.8049107048942531
-2.3146756691881789
-4.3992433361417742
-9.6237200208401017
-3.3516200659618702
3.3837804165904908
-4.8676061001137150
5.0483986204861440
-3.1643277205540006
1.0862666632748907
-1.3083813619805003
3.3860209603834006
0.7223118302892541
0.0467294975748604
-2.8330652852668563
-3.0156282592949073
-2.4043216428727838
-5.0918016501083150
3.9097343276509409
-0.5111387596873846
-0.8314935512003521
-1.3041335352346495
0.5146842673301982
-1.9785825353681232
1.2074160637790758
-0.1811440710337036
0.5438490170501509
0.0060649902785597
-1.9080190595762454
-2.6043150251737610
-0.2594843060887501
4.0805518588528633
-3.4639225923826316
-0.0697863252956186
1.4252672071407171
-0.3985961765095917
-7.1738320278198753
-6.2403301344666167
-2.0100507368952014
1.8758034122069813
-2.7550432777428160
-4.7400472716863495
0.3912218019230538
8.1310386097721619
-2.2370899372654711
-0.8995771501901307
-1.2621394193664663
-2.1447303507985556
-2.4001009509720963
0.0076453820623166
-1.9972892862219984
-2.8836421296981314
0.5393241611022446
0.0679678949766647
-2.6725131191945248
-2.7540023208073117
-0.4045426893996995
-1.2200577870083524
-0.2965324986710556
-1.6371454107448391
-2.3124702877817045
-3.9603146936688556
1.0374933477998314
5.0701291504025479
-5.1488276944958038
1.9849797990670530
-2.0072924132871806
-1.9100919439828929
0.0861779404361384
0.2127013689842251
-1.6846265288349613
0.2844240442995837
-2.6097260694477278
4.7007970219448305
-3.4534623646651212
-0.5187225138198401
-7.7829626270938750
-3.2854921012720504
-1.0846763558274468
-3.3321641511654132
-0.8802882946470542
-1.9026368480571674
0.8586124049771788
-2.2455915891829048
-1.7662645672381867
-0.8961525299086530
-2.9553313154861769
-0.2401216659433259
0.4315058859148446
6.4012751748642192
-3.1500785334030850
-1.3703603238397639
0.0877062707739660
-2.3676901629137861
3.3277499694787136
-0.2516038312796510
-1.5226618332260760
-1.2111933707192626
0.5690304726708371
0.6731129999597558
-3.4820107511478366
0.2418316048006542
-0.3931479140007909
-7.6847499174146199
-0.0841945400862690
-0.6625461850460443
0.1246349340649550
-1.9525274907241892
-2.5528295898852140
-7.9652022554624882
1.3255229458881335
0.8472967559963163
2.0485087347340993
-0.7020949911224647
-0.0787078736199244
2.8655107853915509
0.0752474275102417
4.5984824421652579
-3.2022813849028076
-0.4638726132273523
-5.9560356428365848
-6.3008237589703970
-0.6268402291027942
1.9726604685294222
-0.0867477962326540
-4.4369106413259445
0.4618463048782633
-1.0971721540036112
-3.5916766741000843
-4.9332227878169670
4.0681577631967141
0.1231121914272560
-0.9511031453333185
1.6446095552998341
-1.8388462816319369
-0.2075801266701244
-1.2554792486299380
-3.1154522941024800
-3.8406463538262532
-3.4815596239628590
0.2096522316564478
-1.5295593597013624
2.3460913464485711
-2.3011742819653662
-4.0104889036831990
0.2662906911870652
7.0277959072350882
-3.1881790419140508
-3.1611193295587539
0.1172636026716462
2.1950232296030383
-1.9803712028368456
-0.3164388089402663
-1.7677974718474088
-1.3054079009532837
-0.9657226417986915
1.7965564366943556
3.6508654336819535
0.4580779299312648
0.0775368051530925
-0.1159300919451401
6.1194535369279999
3.3689108162541723
-2.2719483524578501
-1.3921871020854919
0.4947553394324741
-0.2468669900376815
-1.8932717212143233
4.4024475148952327
-4.7963926852805665
3.2317501597788763
-0.4862303395754494
-4.6337929138786293
4.0941073947628759
-1.5077489009142793
-5.9605011756412054
-0.1178268731267627
-4.5946148997581124
-2.2486617602557133
-2.9546588576849269
-2.4938017142293241
-0.1810637904979478
-1.8615364687689551
-2.9535021145156204
-0.4140070232869971
2.4273965613272064
-0.0978727436306671
0.1210100697503677
1.0375380750652217
-4.0146745065922103
-1.6821304623560365
-0.1975205137118430
-4.4508803795741123
-6.2452899370576489
-5.2935469219924833
-7.1827438513909758
-2.5788287793198093
-0.9937802841214107
-3.8686492019559084
-3.2698451784914790
-6.1653398897151259
-1.4419542293272321
-1.7637297271972141
-5.5682187380204171
-0.0409929771732861
-4.6337610195591008
-1.3706037423793569
-4.1066705002585930
-1.3857088512855200
-1.8272537209995614
-0.6668360606437040
0.6308357434672457
-3.9143240148466694
0.8413602449798331
-6.4247719412513309
2.0943493689022286
-0.3643834150961049
-3.2943042523451211
-3.9302970600745981
3.9885198003511708
2.9295912987561388
-5.4072431202322919
-1.7942044497315692
-2.1358381470906505
-1.4498398941203767
-0.5845301212815548
-0.1338896247120608
-2.7518218382006179
6.6586981147821378
0.1714878346383883
-2.5172593175879316
-2.4704943282576268
-1.8219665643016911
-0.9924297565219171
-5.5209091791835307
-0.9505058864327389
1.2345252904429063
-0.6586508372262998
-3.8387384666121447
-1.6445679830868014
5.9933418941542840
-4.0907203533955201
2.8246396344713935
-2.8524184132725585
-5.0824227432869460
0.2787671819587185
-3.6542854675789549
-1.1114041423443142
-0.1281149448756814
-2.1983517811545461
-3.5839131254028129
0.3311575259215241
-2.9652088067186932
-0.4937936514859570
4.1547645544265093
-0.4271609158453603
-2.2058765909367919
4.7358113913426898
-0.7786331176825636
-0.9623018185464360
5.7196241097930676
0.3539008269858828
-3.2193734282717137
-4.0803157604468421
0.2309400145569476
-1.0073056854847100
-0.1295708158956930
-2.0746463237002293
-0.6452420689557069
-2.7998459051870830
8.5777389595820690
-2.0817556370003127
0.2269651850177680
0.4705979090904354
-3.3646450069888800
-4.2721039108948160
-1.7697787114837717
-4.6872912295765730
-4.7675098635751203
-1.8087848315613348
-1.5507721507057144
4.4719310946176503
-4.1412803061915291
-2.8227013705634785
-7.8550710708153169
-0.2962183975226640
4.7402121700639483
6.3788339709036723
-1.5437506195790320
-0.6729349565153417
0.4160215206696882
-2.2967773411909365
-0.4737569222710591
-0.8498721933061146
-1.2634149246816786
-0.1195792768530532
-0.7133960525788819
-2.4326193023178928
-1.1885978245108308
-8.9622484908540532
-4.7256855464958551
-0.7917230398697608
1.7486125134720496
-1.5340082618881647
6.5313625920368672
-0.0561100315443205
0.3307040581866934
-0.9175308840829061
1.1399768746336898
0.5034086039811694
-1.3418495650617985
-0.4830526945051651
-5.2725965384916700
-1.3140779094910762
-6.2416259853845997
-1.4618385756667651
-5.1616869928423705
-0.9098901947980507
-0.4953679561833778
-4.7016317982596734
-8.6202848957675791
-0.0585271512959574
-3.6320339220018023
