1.0810156629580321
1.0501964845370488
1.0977193716765521
1.0977527736208867
1.0892376482326305
1.0478030373750105
1.0968489557801206
1.0851346381267479
0.2922456753431389
1.0897156994733064
1.0833796123379869
1.0399919918770268
0.8702710453391120
1.0817056148984434
1.0910568064249289
0.9461148165024903
1.0976019747863623
1.0979367351002201
1.0896107183341703
0.7346760673316179
1.0873249044931113
0.9439467677999845
1.0807598461416597
1.0849665792190528
0.8264496590178150
1.0728004312445973
1.0727082319377459
1.0687744723468486
0.3573764049721553
1.0582454498116711
1.0964553188083483
1.0902465591491153
1.0976997365453776
1.0873878709389539
0.7454836411442042
1.0955891823902169
1.0974017308756343
0.4078465388804642
1.0822966801752754
1.0889709047071472
1.0704608419142845
0.2814131694631739
1.0867054657922610
1.0736234478723441
0.5593783650724444
0.7395728555111015
1.0725358634698452
1.0953680954116554
0.9974526909445253
1.0981254989682980
1.0905852941920964
1.0934705300450840
1.0493256189192677
0.5163716708383016
1.0947707299406235
0.8422927770926356
1.0852984980411908
1.0808812273973267
1.0962032585663137
1.0806540586345179
0.8337816415980552
0.6260273524818040
0.9113926867662057
1.0665920101009152
1.0070830569569147
0.3066954085023448
1.0943012983759866
1.0955589699447437
1.0676822723154817
1.0300717033083013
1.0598521606153624
0.7326375732826539
1.0160978836774026
1.0826776120782553
1.0722921629013966
1.0950896531912353
1.0953366425924829
1.0882631232147368
0.8703649134765844
0.8722010612239500
1.0749408515239540
0.4883531970580969
0.6631129674842989
1.0970988821868144
1.0759935699936298
1.0674676343176339
1.0694036214629024
1.0903330216593581
0.9599439313758417
1.0949280092296312
0.8550320769625133
1.0626332374277483
1.0768761013389585
1.0967083909640394
1.0862001804761436
1.0809559114449332
1.0649574434330922
0.3422758262982256
1.0861380606776883
1.0953855241351875
1.0510200767019866
1.0438379186871423
1.0903710946292051
1.0564589093849437
1.0338800078194585
1.0933920836321611
1.0852691789587499
1.0969781803223322
1.0837871177518861
1.0526684812372129
1.0929439806768677
1.0171497289822744
0.9147543992945790
1.0572043050246120
1.0947716510367167
1.0902685656527367
1.0785848838628138
1.0891998491628145
1.0930601217659464
1.0332146988689910
1.0943142997470869
1.0920566108601939
1.0913725002914596
0.9298599186512900
1.0952742571600738
1.0774368929386329
0.6296776747856561
1.0274163294773782
1.0916600581440932
1.0975263182457295
1.0984227942426021
0.3330477511993062
0.9458332845621250
1.0733890562632042
0.9909626559743905
1.0832795644340987
1.0876911120812804
0.5600581407056212
0.7017055438954726
1.0365512937527901
1.0039769196730000
1.0946505126065296
1.0894892537628447
1.0946359258356233
1.0819104386086693
0.9943148296904588
1.0617039197066678
0.8466557136559475
1.0654864311332024
1.0882300965698779
0.8666445058115489
0.9982852467448848
1.0964046129028355
1.0925816388494711
1.0907859870535919
1.0696864906017380
1.0628973946718390
1.0981412985240959
1.0664783607360044
1.0840035082868682
1.0930513290499915
0.9190405502016324
0.7396934586144026
1.0860974026217705
1.0897096249172848
1.0947011514511225
0.9649461843211987
1.0965019750311655
0.9333587914984086
1.0933297284400261
0.8207878664565130
1.0969083096311842
1.0444957652524898
1.0911718094299385
1.0818515724866677
1.0888949300601898
0.7282349250789214
1.0964355440202225
1.0827975060227408
1.0361434725124894
1.0606055308953131
1.0554713688851669
1.0943011485294849
1.0666113102688393
1.0145773712814985
0.9753085557985548
0.6595662070992662
1.0986432413844749
1.0303262314002335
0.4350994973281364
1.0958479637750851
1.0682178262786413
1.0968059944989013
1.0399972502138377
1.0959511804168460
1.0671060987501519
1.0650188938617078
1.0660655240468033
1.0953812710455213
1.0917839968304048
1.0971470707881990
1.0859207130343027
1.0702533629741711
1.0861980458726406
0.7902193027634431
0.3205058023187221
1.0955460196798599
1.0910557083113601
1.0780949341063315
1.0851772405747091
1.0804674546599793
0.5764465331269933
1.0951638014083336
0.9753221357809317
1.0771579196802252
1.0947408568402803
1.0962851895563677
1.0971059571234438
1.0171294528969546
1.0815047505206530
1.0960094870827082
1.0941585054467518
1.0778142075106583
0.3446633692209387
1.0951765797556585
1.0101873142473587
1.0941219432436262
0.9840637746440557
1.0759562059643701
1.0795449151209084
1.0650173820232469
1.0951645356528459
1.0853180244529104
1.0880139742445727
1.0968261260385892
1.0788172928579496
1.0871677796039854
0.7490769099054632
1.0950193459543123
1.0903645695472155
0.9696204478723079
1.0740838037460172
1.0584036799301220
1.0952688031503104
1.0793217458141535
1.0944015391549984
1.0916863620419288
1.0910433791405938
1.0450800548622201
1.0978551092438198
1.0912041768175333
1.0945291672342370
1.0318017273781537
0.9456579744378037
1.0921387410519638
1.0928963457578831
1.0668631120306826
0.9508196194219928
1.0750143274991812
0.2896389184714345
1.0334440734561201
1.0972374439366472
1.0943388852013154
1.0480654610607194
1.0019060043663652
1.0610614469515769
1.0955161994122669
0.9053004493196822
1.0917249642068285
1.0652997453393205
1.0545248761907138
1.0936880666353195
1.0466393594723158
1.0877787894806583
1.0464398339789973
1.0971293604504178
1.0637753667785834
1.0593128207546103
1.0484660653211257
1.0926541224138167
1.0829033195532851
1.0936303443926800
1.0852001333204100
1.0909523272907484
1.0770673382256895
1.0705212770347123
1.0855604332727393
0.9679411857822295
1.0884962745935132
1.0963979608157841
1.0248246356567405
0.4868998050170804
1.0052831374260960
1.0795340478816144
1.0858310649498963
1.0856571014215561
1.0494713728357694
0.9586161653008672
1.0986486207119623
1.0906692503016091
1.0918003165740766
1.0212023294125618
1.0873602975173362
0.9809380636538825
1.0695622499417623
1.0932312983854371
1.0390354563669875
1.0835749487609807
1.0894359109675438
0.9954667859696609
0.7404748821540895
1.0854049920933624
1.0730847666261023
1.0967634365078061
0.9254585058606325
1.0904228356223209
1.0707273049199508
1.0748887902042537
1.0909426489034728
1.0850853495709722
0.9580134174822958
1.0953330147852784
1.0956416833294826
1.0852922418348467
0.7490731466545826
1.0810820462385846
1.0373204323096910
1.0848156369306143
1.0846680672558657
1.0730947549737984
1.0925954271218226
0.7674861099757003
1.0926937560883647
1.0883241668937469
1.0952412848452666
0.6339020598489169
1.0753131911630995
1.0870064710002831
0.2809119403876457
1.0325861570381016
1.0980858902842183
1.0531060700604900
1.0884262670272999
1.0087055164857128
1.0884082526957330
1.0275867051066847
0.7807888825589600
1.0870912606232264
1.0894937074127578
0.7150732909763696
1.0948413019819880
1.0800609140659070
1.0964122736193249
1.0342095606530943
0.3306470889060872
1.0960885725062699
1.0951823059757979
1.0934419915105651
1.0970970152815569
1.0903711522385593
0.3606223619153526
0.9417967615247355
1.0840148025772678
1.0967720332708988
0.9829396063318571
1.0224039167461088
1.0435666499075928
1.0883727758790782
0.7165665329858304
1.0616598528934678
1.0343095165613412
1.0967401886099752
1.0337567530318756
1.0944119093101756
1.0747988878359320
1.0823569094622050
1.0928156246752168
1.0865805570361666
1.0788516923286209
1.0932399060972833
1.0954880980533659
0.3035046840118393
1.0935253908256231
1.0969077633866147
1.0910038593363443
1.0867064295359874
1.0952120811233781
1.0125672448608141
1.0806930889197082
1.0968637309836782
1.0870490026558022
0.8250837869473242
1.0977086550841000
1.0244454333836477
0.8597400634540640
0.9173958191012518
1.0723397062514561
0.9225459365142068
1.0595355474658479
0.6604455411829699
1.0699572738614422
1.0968066359501187
1.0847901923759415
1.0908342458415101
1.0681153175990810
1.0757080662644158
1.0917628318659063
1.0954844491920379
1.0790913873663814
1.0712551528692005
1.0338220095834334
1.0932999679931434
1.0978063276853849
1.0976911811421020
0.9986139644638037
1.0943836543445544
1.0826637832028669
0.5743876709901563
1.0729804812447532
1.0846146724236063
1.0913513375059258
1.0820021027066424
1.0890983859067505
0.3009182539320187
1.0895460307231060
1.0929208304852169
0.7670444307611618
1.0751437066717791
1.0977052766925313
1.0794353328416788
0.4257992880498912
1.0682693982397873
1.0833020941849141
1.0301146491886874
1.0927719249552177
1.0643947888730361
1.0960088383710394
1.0697663820983361
0.9793182293990333
1.0961720659185186
0.6674965829367917
1.0977844354867694
1.0813015992315413
1.0569682017985094
1.0970264328839152
1.0963943079584095
1.0311982212589184
1.0956873843742641
1.0763247793055986
1.0885089590306936
1.0531708663297064
1.0951016489923815
0.9494610063716882
1.0941821163040466
1.0978301526222376
1.0851257747571144
1.0845411605006490
1.0970878753404640
1.0194957073579793
1.0515678893248608
1.0973867710380989
0.3032994654939884
0.8826679678304921
1.0952349464856370
0.4975802764128601
1.0940000488078985
1.0954390873320619
1.0895171988429642
1.0930096918858252
1.0965939436678029
0.6254101134567233
1.0297371599172755
1.0105096739759680
1.0255655161158574
0.9307703145321657
1.0970897011499834
1.0931064914331579
1.0910614883164254
1.0613870409788750
0.7361620719621694
1.0902840001678427
1.0960472982035447
1.0773380810286806
1.0953176077174238
1.0235365294452303
1.0856083581432479
0.9150808038913210
1.0497566943419994
1.0764682101884473
1.0961254103867886
0.8948142979724503
1.0571523129159861
1.0770998478898657
1.0883162863508389
1.0077586449071920
0.8726632714550652
1.0911912639320192
1.0331255194366087
1.0470368833410864
1.0784932008131003
0.3952911434473629
0.9616064383651710
0.3692532150634957
1.0417325651185072
1.0764906623674650
1.0590789362761308
1.0963584903863963
1.0485363142958914
1.0860441195658450
1.0685432412318452
1.0663415689223179
1.0584696819088248
1.0974649175886935
1.0923026495477202
1.0967153851707272
1.0832508326227623
1.0092437314107152
1.0949638522958280
1.0815218287930015
0.3084276873823718
0.4598084226181276
0.4113414963284635
0.9431364373965399
1.0513793320728957
1.0800390866987046
1.0956091734002598
1.0100781091244402
1.0957171291164367
1.0949098779013799
0.9935169173777054
0.5810732368291668
1.0979260311787911
1.0967377762843737
1.0792609261787565
1.0888806692486837
1.0559232407620107
1.0893732723111278
0.9258702497540517
0.3547604127573206
1.0493353076749208
1.0930095612202722
1.0860782829888451
1.0248267769866430
1.0110099224252380
1.0963068008158681
0.9988009568599944
1.0881775525906721
1.0145851805659407
1.0313155027940013
0.8408846390286475
1.0828334226282090
1.0831037830524202
0.7304984243832434
1.0633512801088274
1.0863977492084580
1.0929456291435564
1.0919607188372775
1.0984878794318371
1.0718484726370578
0.4527444929773894
1.0042001484540131
0.8998172321842610
1.0272312204012530
1.0184322394250764
0.7999770652470655
1.0284602798414930
1.0467009632599733
1.0857703997392973
1.0882382248292584
1.0580881708655450
0.9897946884623764
0.9720083806382852
0.8989568439333235
0.6934933386864173
1.0358114416250186
0.7452057034308512
1.0890442450298199
1.0800139851320922
1.0959992475011502
0.8959483548772640
1.0849417780701229
0.6467283402022799
1.0954659436152150
1.0931575617977458
1.0057528057948706
1.0604774088275923
1.0377245872865031
0.9417382649733026
0.9092906280309245
1.0924214960884686
1.0845874204311410
1.0920274096664029
1.0946570918415546
1.0195248239059327
1.0961148834150989
1.0190194286791876
1.0720770856642903
1.0928645453265318
1.0731770472377904
0.7157264462573893
0.9038740947082994
0.3225430014179920
1.0953137951738314
1.0521801508939030
1.0685960478022307
1.0871215539193808
0.8375573974848830
1.0959964177359021
1.0697497806705496
1.0338840152026929
1.0981999358449359
1.0812777522440982
0.6306639638936505
1.0982063657360710
0.3908167963299020
1.0789777867565467
0.9699618371540131
1.0605933094791100
0.7815510161446316
1.0694423205146881
1.0037396771724618
1.0112106081866519
1.0888992460265032
1.0368111802319229
1.0927309940650394
1.0855788894652196
1.0910236977373224
1.0802287061738727
0.9732907137741507
1.0964607448114971
1.0756097306412378
1.0769074583052334
1.0067716080851474
1.0920474298605971
0.6237946085132414
1.0522343625502542
1.0976184249071823
1.0979152932088363
1.0500845445521212
1.0929594302935757
1.0483182078361117
1.0036035278168507
1.0895261968367729
1.0521943520284041
1.0900651752426598
1.0320520897073799
0.8681204520738635
1.0822828069684605
1.0828825592151416
1.0229427619920981
0.3241798624329565
1.0880358132807426
0.8854598465519178
1.0356105217884330
1.0871358943701044
1.0892833366453378
1.0967775140971343
1.0934756866471216
1.0469936073373973
1.0708116519322106
1.0261222393492484
1.0448058962351234
1.0937491458454569
1.0972731612060433
1.0841335592853554
0.9314395731695685
1.0877282887357880
1.0438444897484711
1.0253435453734343
0.5654325616212481
0.9943063760430093
1.0302647888177761
1.0747108274524113
1.0662020925790328
0.7958689371271048
1.0930138280027806
1.0914866385822712
1.0742199254347657
1.0527831657109754
1.0687028472774045
0.6603005130828326
0.8478661449069994
1.0222806565012912
1.0418191610736356
1.0979795317031573
1.0977881429190690
1.0180405863113691
1.0941032049056043
1.0790283416528406
1.0390050939151436
0.5529377954282320
1.0904550872769132
1.0976677717787491
1.0945043101183067
1.0923808358220197
1.0444624221024161
1.0959209838797119
1.0776976861699201
1.0946109390132115
1.0909986627522166
1.0328543076701517
1.0564890385050032
1.0789265752792734
1.0418681871895374
1.0958063880955857
1.0984419583684291
1.0958738678042301
1.0926032922886690
0.9263134054106351
0.9325568248375214
1.0695638662023557
1.0832429646268853
1.0960088166039403
1.0918206352345015
1.0222882663280666
1.0578019960943155
1.0941550517199043
1.0476957385657322
1.0903533918867530
1.0953926788378441
1.0893505541143342
0.6943337625627318
1.0864185537999274
1.0871618627273976
0.5713422547248398
1.0339177985828503
0.9541129842426925
1.0883405144612874
1.0122207359381712
0.3012286548588888
1.0840040531931292
0.8880799816137250
1.0895053493793643
1.0488613580176134
1.0806875682639236
1.0889198090749375
1.0897252164115208
1.0913853379324270
1.0985037396459683
1.0822444830252180
1.0944560855036936
1.0849263959267088
1.0628563235405271
1.0806332196959554
0.6287858254572030
1.0689813410750302
1.0981394124932882
0.6917353119380176
0.9000706556395351
1.0900324269723876
1.0846654432864211
1.0582904660678421
1.0778257015406467
1.0846355299167310
1.0960300686860909
0.9841839147265318
1.0124849820527764
0.8688859402122449
0.6112215220057511
1.0715795746963717
0.9704205495277557
1.0928062616583505
1.0826202960856746
1.0754938682525166
1.0924173893358609
1.0897950116305395
1.0877479191727428
0.5216842679766089
1.0693649622761767
0.8246281218909379
1.0906084457705025
1.0967000271014575
1.0015385699103634
1.0895534671706744
1.0891277038628757
0.9475521718936836
1.0721770608646262
1.0820387476429134
1.0955001565975662
1.0967353899350201
1.0906102735597161
0.7738531130250408
1.0844340420834035
1.0901851179992026
1.0947190855198567
0.9493573043200810
1.0937203461161293
1.0930449702469995
1.0942521378293451
1.0735428337410311
1.0593191905810568
1.0890045639123682
1.0847068167830538
1.0754080891014539
1.0962006963507613
1.0601894686229036
1.0910493778424935
0.9445555354373667
1.0540850909832811
1.0865804030889283
0.3180963967917284
0.4912636481604964
1.0945591785662490
1.0766640051314518
0.9073228195106060
1.0961070010425302
1.0327952803183245
1.0891842237942722
0.9798813838772287
1.0496846602828769
1.0697717260818800
1.0876791544433093
1.0848057091357910
1.0987548727096867
1.0808357949133320
1.0960932269918060
0.6467607834478001
0.8752781940469038
1.0856592498644433
0.9188046220436520
0.8088795338053349
0.5751271284969733
0.6560289189728628
1.0976682480885618
1.0945618004105961
1.0940141281736857
1.0857096392055903
1.0798477630791938
0.4691524387900920
1.0493472783440283
0.9215345984977028
1.0478594542131541
0.9933592248437907
1.0954610979683534
1.0904074054150079
1.0938316013932208
1.0953975584544671
1.0413074294003608
1.0838431327043485
1.0704265846441985
1.0761282326015733
1.0964779614510760
1.0901129456687122
0.5446854903218252
1.0954449646193165
1.0983658143689679
1.0742109834375897
0.5552057424568833
1.0611321722617544
1.0600862795979362
1.0946755370212353
0.8554995779984410
0.9303951436336407
1.0973000528984016
0.5334379522808071
0.2863812965992645
1.0736572329662759
1.0961135255232235
1.0885651799249347
0.9745275008285942
1.0809916123213568
1.0984443911995008
1.0572165909783959
0.5547825522907885
1.0908881289234524
1.0851380520650198
0.6630180686640076
1.0164591226039377
1.0961939097676459
1.0361572682555502
1.0836828464473127
1.0271177921246644
1.0967008618988410
1.0931611842123274
1.0601193507749664
1.0413935365047808
1.0949337246848805
1.0969657035432057
1.0659883525626663
1.0926228640984270
1.0072422494247946
1.0757843457244334
1.0903333277677933
1.0872690688090216
1.0860533228718798
1.0941506969294921
1.0758750518143056
1.0820588125176380
1.0976940359770189
1.0042224949301126
1.0553556774330937
0.9985035333540725
1.0978076992035328
1.0954664643022902
1.0895034982026390
1.0711048628982656
0.8552717784570821
1.0843778968199780
1.0632792569499641
1.0948187431773002
1.0933982563103284
1.0956519734428893
1.0970376945150297
0.3756630334440663
0.3322462257144302
1.0916882813473867
1.0701459340103803
1.0452112359261283
1.0968882948306486
1.0252835753270646
1.0588049425264057
1.0777467348127723
1.0662003712081847
1.0769924994525479
1.0535155164469800
1.0921118346413061
1.0960518667327717
1.0965703068928885
1.0651582344906014
1.0885848804042975
1.0729922804196288
1.0786662685823927
1.0917477992015421
1.0873842474169819
1.0163925944183227
0.8002631576241819
1.0204051479901208
1.0948348567064263
1.0640113487019780
1.0656618055865397
1.0943136238073434
0.6948207237903817
1.0922384400151104
0.3220664160419769
1.0968789805699657
1.0646668943872077
1.0843714323395306
1.0899490135770686
0.6100788469811318
1.0903476887863939
1.0728409430706323
1.0543595099954706
0.3110291507134407
1.0775525476320744
1.0978498389160287
1.0708740865056730
1.0963410068132375
0.7116569780047786
1.0446741940743467
1.0948632233077671
1.0956258702589023
1.0870932616781173
0.2917578868699179
1.0950787114377809
1.0786082723644188
0.8865581999098505
1.0750149730931269
1.0972647091958103
1.0924427235261740
1.0339703697776115
1.0791404624334844
0.8752585794125303
1.0899229002649502
1.0473807194729055
1.0927279392005873
0.8212922894405412
1.0804535580740620
1.0922799425655254
0.3597924147987498
1.0963677788354442
1.0902303448035604
1.0971062203144946
0.9832498484231303
1.0592351527880925
1.0951446057160303
1.0715195281263952
1.0964667747766093
1.0104919262324792
1.0897333827473821
1.0861483230500630
0.8702300674019174
1.0857923755076762
1.0490119351211160
1.0967052782590123
1.0102118643809510
1.0612820291926977
0.9487891616934963
1.0936488200783874
0.7879613251042885
1.0665313425324257
1.0820494662290066
1.0719296545301100
1.0921701988817312
1.0892906364666790
0.5933489661002109
1.0883543707951939
1.0848226664837475
1.0644910977326281
0.5858512556459523
1.0806813290728399
