0.0681980612154038
-1.4727096585000266
-1.0741647819745050
1.2189308573550488
-0.0653300793693112
-0.4964207336222816
-0.0553289667923455
-2.4611426297824615
0.7404908177501428
-0.7031056575991532
0.2556375996739774
-1.0371212068400864
1.6453754880228082
-2.0130784618234681
0.0746786696237048
-1.3743270382765853
1.1843772620175133
0.4407182775284940
-0.4921969976140847
0.8233058451069964
-0.7331437969497875
-0.2658975618427336
0.0911846141891054
-0.0238458344456940
0.0499148915659032
-0.3057825442903582
-0.8558076212287329
-0.8391494551475396
0.3944944194510184
2.6393676951222718
1.0238732635969809
-0.3661233084952152
-1.0436247895644899
0.9663132038676457
-1.2572983807947495
0.5792734189588479
-1.2186675391667521
-0.1822591580029844
0.1172990240194304
0.7974867920996875
-0.9027440547224103
0.3933007251918703
-1.0111529237037500
0.4066798675382703
-0.0118308159642612
-1.2562992735799363
1.3937206094596433
-0.7788546168179600
-0.2941020400453475
0.1417882447816411
0.1722231238077910
0.6926766986938714
-0.3872619761611129
-0.3156257935092963
-1.8499159497274944
-1.7676479431797201
-0.3957602340075040
-0.5653642851398002
0.6043255397942401
-0.0439736836030387
0.8150476730700145
-0.7614555154388324
-0.7886872373083370
1.8222192963474160
-2.3778426028993858
0.1581790398625022
-0.3469889840019238
0.6684514640460967
0.7078403931022844
0.1002823172273107
0.2759698303757426
-1.2078810281503514
1.4714621297085384
2.1860071505370158
-0.6063417732557314
0.8807954038792473
1.4373317750493895
-0.4292221681790234
0.7774455980676148
-0.1286441971664113
-0.2322450527636041
0.1160465886477979
-1.8843486666319245
-0.5796940999040713
-2.6451658993168450
0.6059392795749172
-0.4606206616405538
0.2147278059868206
-0.4199316895761407
0.0756944926197027
-0.9499034009536428
0.3311523297927997
0.9555580856956414
-0.6059095840077229
-1.0180143556324805
0.9767335024217547
2.4948784330328668
-0.7454748921756342
-0.7650853353052416
0.4996546795494174
-2.0172176193535329
2.1777875410939567
-0.3103872819076853
-1.5173910796965659
-0.7716070847160803
1.3145492196942821
0.0240806717090501
0.7677219245840916
-2.1750016976436357
0.2210688002505735
-1.5892243327500764
0.1591190265291090
-1.0259518410590676
-0.5178176609204108
0.1331129354484805
-1.0821276403512721
-1.1937367413666200
-0.3308862878025141
0.5832293817749411
-1.3786818933707046
0.0776561330338220
1.0373930454749181
-0.5994215246326524
-0.1404299887209830
-0.0991679898839098
-1.7707870521095430
-0.6453182620653404
-0.3485362718223481
2.4488296288782494
-0.2379058609074741
0.7894808969645067
-1.1342034938125967
-0.2946555764714637
0.2397337662820055
0.5420296700322458
-0.5371356532975513
-0.1543351089240103
-0.8420121536383923
1.2300637792336575
-1.6888249980084920
0.2836638237361538
0.6910763486869739
-1.6804587331361509
-1.2515367407233688
-1.6512025749042976
-0.1337538670225621
-1.3226179955855764
-0.4727168541331792
0.7601390351369752
0.2063542523507119
-0.4146287922411397
1.0746312742272470
0.3808283673640410
0.9465456775749450
-0.1634201194776953
0.2084090864865132
0.3387018527479260
-0.5405953398341038
0.9961474720395397
-0.5474495871547035
0.7138435451343410
0.9432250856364351
2.5300269491429632
0.3769553443190428
-0.8055998563816930
0.5502298560022606
1.0338436562801172
-0.0167668954204954
0.1125565592344880
-1.2497081213202941
-0.1144748937412164
0.7799383673796618
-0.3830758119091914
-0.2266915276539665
-1.1911913837997941
-0.6777754952053100
-0.5767504262173474
-0.2855361525685234
-0.3963432964596115
-0.6275450892293964
1.4593500979120515
0.7959983989758906
0.2655531634339913
-0.2271268913298857
-0.7042664911935320
-0.7936095529823818
-0.2079031505891318
0.1559441012687559
0.0998175457303520
-0.4484110185434816
-0.7267744386278080
1.2780494711187256
-0.2909679975778062
0.3019187708305122
0.5206852910982299
0.1420318924429311
0.8974564978356755
-0.3050834019393855
0.8953291859030366
0.0778124823565741
-0.6790826420916991
0.8356331096555385
-0.1958475494993369
0.1520910736008597
-0.6751038265353654
-0.3802993040799903
-1.0603494686323862
1.7081182789031419
-0.9879534722563016
-1.2503965910032147
-1.5170739637840718
-0.3820983058421243
-0.5823623271565163
0.5311794282396426
0.9472934008955664
-0.8645072335168759
-0.0183768559666650
-0.3209801312503541
0.6943145731571343
-2.1357268726688581
-2.1695649187843395
-0.6232625851126286
2.2162529058091116
-0.7159397109610368
-0.1820034032349469
-1.7737461909571874
-0.3259190323935912
0.0125989878305802
0.9302808268205611
0.9423016761040310
0.5947182129494251
0.4473631778272739
2.1834881802299089
-0.7900604656158393
2.1892107217922527
-0.8787484107809330
0.8636578244003645
-0.2200652523572653
0.9243057479980582
1.9131747322395145
0.7705302282227795
-1.4078472642324620
0.8206835760132698
1.4892236881133334
-1.1012577855268988
-0.3815521595454171
1.2544032601069723
0.1929848271785880
-0.1719630591563943
-1.4437059849594194
-0.1150180666233609
0.1822439039333755
-0.3985067805464101
1.1711011168373311
-1.9271425910858944
-0.5534812258042509
0.1408961058456751
1.6247392397566012
1.1381330749234446
-0.9880026144990439
0.6241518251822247
1.4510625086922646
1.3295230183107534
0.8859693176736401
-1.7155673549623629
0.7869279258338989
0.0694924562211909
0.1876264310231014
0.1144379613611149
-0.9719639447731785
-1.0545982357765400
0.2104167850844133
-0.6131314042325511
-0.9697417325131790
0.0608638849792841
1.1036077019765500
0.6000588493350211
1.9944386385678530
0.2609970321488174
-1.4893605087358792
0.7489461799037066
1.2076623720374096
1.0000312194370793
-0.2132584594222238
-1.0824245554914877
1.9859403844999850
-0.8707506805778996
0.1310932644245827
-0.3553461826227713
0.0267744014255415
0.7259580043906853
-0.7886955993534155
-1.3805914949867606
-0.7516069236900664
0.1107232552042076
-1.4083773909051562
1.6723373131306554
-0.3515010256971197
-0.5215913412414608
-0.6609189311260858
-0.3959540191627836
0.7541420418450400
-0.8049920530650474
0.4593001817868572
1.4939204517163445
0.7994117537841783
-1.1130515749530034
-0.5162142994190244
1.6919632502249982
-0.0900711323658973
0.1076538064321869
1.4211244114433159
-2.2513639136803194
0.4132495513623821
0.8664503036720221
-0.9412620755878947
-0.3658273933455589
0.8131135463226414
-0.2114141745831043
0.0346314774239475
-0.7028741149467033
1.0792027715115033
-0.7378274951673089
0.6331997323359481
-1.4192766257819962
-0.6998046392531047
1.9700764726944271
0.9779282556615816
-0.1250379406111717
-0.1590144703106815
-1.0865072919116785
-0.5813464144432424
1.1528581822580983
0.2262681850932074
-1.0252246127623479
1.4957151436178127
-0.9276465047756448
-0.4278678148625208
-0.5178555863496117
0.0867069136495511
1.4191928770600124
0.4345359230625327
1.2013121293524081
-1.6753655198405857
0.2395103211738503
-0.4603453732539869
-0.0265650659954691
-1.3005408334014608
-0.0510928567231975
1.7363085611937625
2.8660124230900159
0.3732214256076614
-0.1173239930004875
-1.8691898622459948
-0.6679787584782781
-0.8774183949301609
1.5453286390950189
-1.9435502182124695
-0.8978295701419510
-0.5999763287379669
0.5070535816216730
-0.1766622919810031
-1.6185928449215694
0.2420810047138387
-0.1150765658939349
0.0479307581502051
1.4264530726373723
-0.1537293786541868
0.7688155564956796
-0.5044828591734126
0.8236744291854592
-0.2578488136453818
-0.5060175645951543
-0.1211544073598682
0.6530640650281366
1.8079290878304015
1.0085310190654238
-0.5992323271191262
0.8867249132740466
-0.5922234548932327
0.6378402391587930
-0.2849394399636858
-0.6823709656133152
-2.1980351545317864
-0.1887602923666816
0.2682924504235061
1.3041174759459486
1.3761256400062263
-0.3366838585790443
0.2268988161252778
-0.3340454768882318
0.0433159479595569
-0.2949286734639529
0.3314961398667068
0.0602076384089702
0.7724170475518738
2.8971184926784734
1.4984765488175664
-0.2271379651027429
-0.6094701926952911
-0.1473319631386494
-1.0331791921008617
1.1710176900114393
-3.0808228697428355
-0.2220811260280361
0.1099212195243569
-0.2373417329217540
-0.5480936078729526
-0.8350755081638647
-0.5701677078098791
2.4882048946647419
0.5841162121478282
0.2852754383819872
0.6469628594369063
-0.6815693434071087
1.0458380096070237
-0.3857449687344112
-0.1694758880698227
1.0514711574177413
-0.1647964725610173
-0.6179445403659084
-0.7405717965831143
-0.4604709913310949
0.0632440565363871
-0.4107204637007142
-0.2850560825454105
0.7497581278020972
2.6404713280963432
1.2068476925015896
-0.1151170691104243
0.1046854566436706
-2.0931876893621073
0.1398904966164793
0.6633824730280299
0.5985924155622658
-0.2166947653015606
0.1711595215850380
0.9972085551995795
0.0936362866732360
-0.3786933314031162
0.1255289933334437
-0.2471064369738406
-0.3424978083792408
0.3889928937763159
-0.9569574979108102
-0.7288751951084267
-0.4610226011711481
-0.5641481976654888
0.4946819274067076
0.8557218198737998
-1.2740517965281812
1.4294582494031247
-1.4268259864657871
-0.5143099536745822
-0.9448762064847798
-0.0545028020863193
1.3691854884288255
2.1348937345441708
1.7210170912670857
-0.1623736148515086
0.0959856312044621
0.2257134897756975
0.0120978616171720
-0.9531012243208450
1.1754399211661122
0.2063894509095231
1.1670855773333004
-0.3892367102264696
-0.1483179941043269
0.8355277595433476
0.3942736910092033
1.7533142234909205
-1.1876326484716677
0.4454371457174275
2.6450018722405186
-0.9231260486938105
-2.2270988522301249
-0.7414403272385877
-0.6811127637892438
-1.1826159231919318
0.6494633396688290
-1.1477222573987145
1.5528172525768675
-0.5583172546858766
0.4747968864158402
-2.2649644400400968
-0.5772227798701060
2.0028104317993769
-0.5391048592969488
-0.4172000790201165
1.3748101855807469
1.1679636356947323
0.3639452397175462
-1.1353478375677266
0.9163446052938653
0.2465349044720371
1.6302800550335927
0.1491523069474698
-1.2542855228364560
-0.0400534618213414
0.3530990384947645
1.8671665535841735
0.4020244546203688
-0.5021101731162714
1.9101794415687625
-1.2148246532324833
-0.5136470036558209
-1.3582365460564458
-0.7183213294556416
0.4802945099927518
0.9265084173291310
-0.3683182798132802
-1.0208959342884947
-0.9255443387601610
-0.2954009048156540
-1.8503914196525932
-1.2924219162927797
-0.0448719681019876
0.3915377004411276
1.2465263408387723
-0.6719664712137571
-0.0812288817836250
0.7992791338159072
0.5222164872806296
-0.5579662868260569
0.7955921378131142
0.8036914970341212
-0.6090626008305321
-1.2470525004380337
-0.9528504708228244
1.6899323958684149
0.1147821592309908
1.5160450277270126
-2.3265362597098593
0.0339535930633046
1.0501452055168214
-0.0853277070451096
0.3217990384664530
0.0611859574097468
-0.2222418031652236
0.1646344509194781
0.2398016035266669
0.9809462717068674
1.3501705634786514
0.3388201360247772
0.0849996602911075
-0.6748726573855439
0.2588188345303836
0.0647266247934898
-0.4905303264654903
-0.4999975763091292
0.7875037115936809
-0.6635599600490649
0.2801684559116033
1.0053236695564314
0.8279217758851876
-2.0241227061651226
0.3837306880376318
-0.2129654692952472
1.2090739929004206
1.2481277064221354
-0.3773567201419372
0.4740649112720869
0.0674072071918397
0.1332869103617864
-0.8476649243978172
-0.3796815041036166
0.4403693392252562
-1.0693121067251010
0.6127396649472244
-0.4971210764455857
1.3826056506105195
-0.5751465682871275
-0.5181332485386658
-1.0369717838822765
0.4232053119876169
-0.4428616343723372
-1.5203144466694352
-0.8646204089091102
0.6858490850704030
0.6284058868209578
1.0900958828611693
2.4411194425772131
-2.4731414955640139
-0.7174145017017537
0.2618134349749753
0.1295546057402823
0.8409776942736817
0.5152186726318403
-1.5237197816771131
-0.4398201937352385
0.3835586260091737
-1.4002163487335519
0.7023503364010550
1.7504468967550590
1.3873205728497775
-2.3209273185371244
-0.0663617560585239
1.4762649151406735
-0.4339146453862130
-1.5340547440627523
-0.1463205740054597
0.2958591432666677
-0.0731235164402714
-0.1585497071318042
1.0312939040419433
-0.7001390047777987
-2.3777462075428142
-0.1325304732540497
-1.0809718658009859
-2.2077103785467926
-0.8665184768405408
1.1104114771181144
0.2420326524039377
0.5233058329534046
0.7514327883804029
-1.0158333787216176
0.2115695549719904
2.1429854297329149
1.0138627234862356
-0.9464176772298794
-1.1198603013446635
-1.5946772346407574
-1.6976918433684673
-0.8826634865846498
-1.1130796061889323
1.7283645212669931
-0.1162959582168588
-0.5991502205437873
0.3876448669218820
-0.0490694513472812
1.0429336472145956
1.9256290811373271
-0.3117869508572943
-0.6297837580062319
0.1904949533770302
0.9421635340734585
2.0231931618050454
-1.5385278059304535
1.2608250034268342
0.3957476591866151
-0.8439150048761991
-1.6976512873811567
-0.6847630830336668
0.3703691325670999
-1.4396340831741259
0.5690653419624430
0.0746808990424485
1.2426774992380267
-1.1965184883849707
0.6608381604679527
-1.7573727273743911
-0.5387932017206288
2.1411408567039092
-0.7440310162079364
1.5123369015402348
0.4099925747703993
1.0309940939562436
-0.5055931543366917
1.5494907516766112
0.3848607487436609
1.3185209771375990
2.3674619654855009
-0.5657893426679289
-0.0196436946024597
-0.5271006646177329
-1.5621018385435870
-0.7801035131905422
-0.8087083332217214
0.4427901180102351
0.4004512320333778
0.0607932670763251
-0.2300536216003403
1.1491001687215761
0.3835041804860173
0.2451927788272039
0.1152694821722199
-0.9690640465107364
1.0531829681372900
0.2771447167248475
-0.9988018180161184
0.9618051397024423
-1.4821179328039171
-0.4756703003394714
-0.3971455037296307
-0.0521676562582359
-0.6003430722280445
-0.3452587673402268
0.8716352806323077
0.5404343337083328
0.7819172792633537
0.6498926931088934
1.4780986062339614
-0.6032948628876063
0.6210215799701878
0.0533610119843180
-1.6737876722570160
0.0050965618943341
0.5940189422778405
1.5065943058002416
-0.1781671072376139
0.1780827970754512
-0.3305822850425253
0.9451816437260518
-0.3339225214501377
0.8028388970325668
0.6533078906069582
0.3034706890980732
1.0311516539824235
0.7439059819093007
0.2743445795113173
-0.9668232307939610
-1.0093334424287268
0.4417238035989101
0.3992170270812042
-0.1721449977464409
-0.9311602848032067
-0.7942118612646585
-0.1299108536028140
-1.1043066466199718
-0.0702854386711249
-0.9485838504273744
-0.9665596389832090
0.6116827178360980
0.9380170775919677
0.8105589305807086
-1.1651255746989073
-1.3459552348361910
0.2067818871529273
-0.8722523480201506
-0.1181022146069445
0.7620172081894905
-0.0740452751607563
-0.2981618544775631
-1.5599832586967715
1.1557986847258017
-1.4028962047147486
-0.9610589265284694
1.1834475861408564
0.5215428618410881
-0.0277321915465914
-0.2473429543901227
-0.3366345874827861
0.1877083796074322
-0.0083827770154063
-2.5910728730861843
-0.2583250258912714
-2.1521953547368766
1.7620880313509533
-0.5997073724279847
0.3385103608505601
1.3143018286370451
-0.1666867892172031
0.0171196100304370
0.0211222466806179
-1.2176413614749004
-0.2890136054226976
0.5041089672782761
0.5898159878815604
1.1699195668718836
1.5220043950135729
-0.2392847198492035
-0.1502010239813029
0.6931049884386461
-0.7794726904084248
-0.8220248359174854
-2.1199381782830522
-0.0488331230530392
1.0539769851159719
0.6693261714663360
-0.1114497230684662
1.2916453715628362
-0.3071219678361682
1.8389703094513652
-0.6373746673324133
-0.8770404142973285
0.1939238034923149
0.5792227566571477
0.0580888816130249
0.1702459204592947
0.0433113993497328
-1.7618797829180388
0.5906342083161155
1.6416336371873159
-0.8972135878767515
-0.4372395915113850
0.5049226856422838
-0.4209714718913307
-0.6517491830348066
0.1295874895800980
-0.3753089002200182
-0.2550777875175746
-1.1447858382464615
0.3086197533257916
0.3069811555838116
-1.8686217367569276
0.8778756907913116
-0.1905059552991396
0.5212845355804191
-1.5529693743412842
0.2011916579840422
-0.0603062735347428
0.0919346359628118
0.1124602987189649
-0.8425100646597621
1.0826568725775558
-0.9639930156794779
-0.0884414974018606
-1.0350039646942919
-0.3976496779161885
-0.5252369026323805
0.8611542376944303
-0.5440302741455850
-0.9631839820343189
-0.4345586365685734
0.1886176324588721
-1.0372365844989713
-1.0927300785699610
-0.7264032407441445
0.7967940878967885
-1.2913631900157609
-0.8318609412407425
1.2135794875552064
0.0700458010697487
1.0013620245276773
-0.8285876433438624
-0.0456533902619949
-0.3545153578003509
-1.8566806191031160
2.0375605929018259
-0.8465965689773398
-0.0380841174691836
1.9373456109239937
-0.6975230912696228
0.0143383631469930
1.0161407729755505
0.1789380017407268
-0.7610184467171731
-0.3818767887408931
2.0690265006316282
0.7437842463489330
-1.1675507918238568
-0.2545877315726698
-0.6850026257147530
0.3488519687362199
-0.1452051742842676
-0.5138633294268283
-0.3670282389381277
1.2193994865860733
-0.2699918777003550
-0.0432067141176700
2.3190166164968788
-1.1680608518692221
1.8215912262145666
0.0192182232473539
0.4674627126943185
-0.8213247359246273
-1.5029519992769100
0.7035738885843441
-2.7252149877838483
1.9844744406457382
-0.9275880965439685
1.0115758272426070
0.8000133979720392
2.2747814300809290
1.7430720794088919
-0.5363345381723056
-0.0219110438729515
2.2592110975043282
-1.2802638755426139
-0.0435114122566342
-1.9507131226337173
-0.4080323698320217
-0.5909702188153046
0.0527171257533636
-1.9523381145464165
0.4984203406524248
0.6713075477724063
-0.6105033825435104
0.0377637843071112
-0.9166864689910867
0.5923820300701264
-0.7158850414779691
1.6639739367631698
1.8036015750283985
-0.0635198751657879
-0.0219069756856533
-0.3940322625730782
0.1866623097112438
-1.7626172859086187
0.6610288031405230
0.4353969210089487
-0.2346909340023011
1.3409962349485529
0.4054421022119430
2.1081258570492936
0.6083137494147516
-0.8102228919288118
1.0396622067037005
2.3289429537699631
-0.9617944092233703
0.8404458320819267
-1.0968322536349011
-0.1057244852592176
-0.3353223067745389
1.2102767754957671
-1.7423191164448197
-1.5932261508607650
-1.0967588903589298
1.3091453925393282
0.6880545276077568
-0.0253594553295885
-0.2209699221185443
-1.3648617686147215
1.1244801631943557
-0.6575689089392677
0.2287417765636454
0.3298735469892631
-0.1175848932017765
-0.8179163568009667
0.3406495471452724
1.6518466418938365
0.8721138185897495
-0.6435113298856172
-0.6474182291318396
-1.6781189664953717
-0.0421762286963463
2.3565256194077060
0.5170267094255129
-1.1342523944920135
0.2736255567532782
1.3132828935789129
-0.4542951479013854
2.6646305039937928
-1.5525191621973886
0.4620541003066655
1.4096443720680423
1.5185227338421654
0.2472888941358420
1.1697359857082312
0.6764858170456646
1.1138325032448233
0.3343561607406738
0.1439286461554277
0.0349393941299800
-1.3198785171005183
-0.7230071380887103
1.3692069463366665
1.0093368775679075
0.4971793436569042
-0.4191854380920996
-0.7700231132744824
0.4471792356115658
-0.0722893252637473
1.6571070776956198
-0.3427115552720262
-0.5098197796615507
-1.6502241149512404
1.0072650007559711
0.9473987396871097
1.3864497459850649
-0.9480234516918703
-0.3753160185636015
1.8257185348514808
0.2306805323004616
0.8432547355037737
0.2749543026675713
-1.1358459465452331
0.3371541226220946
-0.8821230365159802
0.4624425341960443
0.1737986586839294
0.7768800331458058
0.1414318761902927
0.0396942527906626
-1.2042746912894156
-0.1638737894049222
0.5662124843378138
-0.2932154478973263
-0.8778330425510354
-1.4631914142326696
1.0788413818617764
0.4653421385783669
-1.0700622075970267
-1.5927855308466206
0.9028397037637579
-1.8726257247275417
0.2362591669420849
0.1158217725279034
-2.0595238186801894
1.1282387985445406
1.5321383795570098
0.9793000539237586
0.0095696758588754
0.5955204770761096
0.0686411214580302
-1.1799027593685620
-1.2465595635702529
-1.1415109605442109
-0.5506351482529155
