-0.2906108321868128
1.4287541239212249
-0.6395524059477943
-0.1836526460503426
0.6445029645656631
-0.5341794185887557
0.3906619817804878
-0.8853065447289548
0.0880042698344132
-0.6932839701277638
0.1010363502100891
-0.5409274054934763
-1.7272549627418436
0.3886466419384914
0.5681957005130308
-0.8986805016522292
-1.0156618238510051
0.7470841882649447
0.0968733723943280
0.2203706288518410
2.3055555601926732
-0.0189982287380214
-0.6376822131373010
1.0810788407101042
-0.6558200469351797
2.6477980196988495
0.0978188777609451
-0.4107152123356432
1.1238503304183984
0.8372734685614693
1.0716088442847425
-0.2459827734256223
-0.0216112205075250
-0.5751988853261367
0.0658546111835404
1.6132139329034845
-0.4044303774479382
1.5027264264173856
1.2359913769040465
-0.0144312433583710
0.4479178242020136
-0.3013690098812002
0.0620750626797193
-0.3798669679341218
1.0572380290328069
0.9494236794216818
-1.0228689244349667
1.1822299301633026
-0.1582846066837745
-1.7286768422736640
0.5066770837438052
-0.2851819708303006
-1.3944284383233561
0.1517226538180522
-1.1814731008700612
-0.0834199125664828
0.1545937354397974
-0.7651199163593060
1.0325328097351685
-1.8151508371347951
-0.3255832848025319
-0.8119264462415204
-1.1586489692383348
-0.4098077105503808
-0.3070674810821331
0.1750164602009920
-0.7864279857417525
0.8270477801067153
0.4163965769812747
0.5807807352330309
-0.4506520562492810
1.4205017679636511
0.0011611043726009
1.4078665132350741
0.0474878748400204
-0.9423179717846876
0.5881844545569984
-0.2336114113135413
0.4415609642364779
-0.3850019669852531
-1.0421690763349123
-0.5016822065176715
-0.1608390302909997
0.6097142054445550
-1.5156875767847287
0.0728649157696740
0.3155532045504814
0.6219530733283525
-1.7992591812953855
-0.2185519039859011
-1.4589237482204411
-1.2358231640509363
0.9642349956401238
0.0896471523981203
0.5887087339960990
0.2018727434692098
-0.9029589980093887
-0.9154872596592406
0.6362558718569383
0.7864004194095563
-0.3938660166091081
1.1328391704607887
-0.6944542389139687
2.2997176776033803
1.2403286289722326
-0.5738857637318079
-1.3332340401289413
-1.7000906696802751
0.4419865204501254
1.2159153523754207
-1.0842064423206099
0.3788689904505448
-1.2024320750909230
-0.5709430302290960
0.3988898436472336
-0.5001320750931915
0.5082033862335330
-1.2731208060743737
0.0149983133338558
0.7081071754357878
-0.2078333485144026
-0.6145484795246732
-0.4210599460983553
1.7752685561490755
0.8589857921451108
-0.4353097357049340
-1.2173312845441406
-2.0305485012249562
-0.2693597831557792
0.7070445158055837
1.3940045042855933
0.7480619941653127
0.1180203922463757
-0.3345837036433372
0.1519102680071217
-1.9103004456201023
-1.3557392804001667
0.5608782131003462
0.7213440807048758
1.2238678878670759
-1.4428525648096533
-0.8203798324385937
-0.0173024509555663
-0.4371381981902319
1.6413560956866262
-1.2384238459679293
0.0204683857730328
0.3696236727235108
-2.0872145426005622
-0.1339057748425220
-2.1511040426663937
-0.0551098488778374
0.7196605020243831
1.1432779228468006
-0.2012652031258881
-1.3439229817075529
-0.4165925379350729
0.1718935772379966
-0.2261324837217915
0.9909758940955810
-1.9581135641604053
-0.9922101976169987
-0.7472892492940860
-0.1800467216321568
-0.5941059354104002
-1.2828951846170014
-0.7848204301544581
-0.5707853731353180
0.0781873118207125
0.5923552527827368
0.6622151416027854
-1.9062823800708841
-0.2101467637800370
0.1563994600336205
-0.5437314741351947
-2.2964898668166929
-0.0847401531359412
0.5676663778797080
-0.5640393132375663
-0.2588848840447361
0.1854303367689539
-1.2186360117591766
-0.3656374172936925
-0.8013266807201277
3.7957444113973002
1.0232162082316918
0.4758709040484663
0.2837118284734100
0.9375252655598981
0.1736916712135135
0.1227896002119665
1.1083018453230369
0.4341527524797378
1.1829454897326330
0.0431726371493436
-1.4391115187155894
0.4557147277131067
0.3280150849345423
-0.3434930155357996
-0.2420418866212801
1.3061922894477556
-0.4900879216219717
1.5662219754257107
-0.3701878536830152
-0.5780231728940395
-1.5040525613891196
2.1882845937056103
-0.6291418001408147
-1.3164073215991106
-1.4082806797415501
0.8333694264294470
0.6966804045310483
-0.8112020341192843
-1.4268710478026554
-1.6073677003300386
1.2282051597813284
-1.4899801696086148
1.4582656565950156
-1.6461579483533837
-0.4710936711112638
-2.0368569333997248
2.1064169058784166
0.5316137450727588
0.6553393994898837
-0.8842013312363617
1.5955709289328694
-0.4299635866639255
-0.4047776185304267
-1.5786654164599816
-1.1951341192365441
-0.8942544484009864
-0.6454159021746423
0.3466325672605337
1.0887976850654846
0.7200088975392877
-0.1721073429438753
1.1446977743718090
0.8826792527469590
-0.5139631041435190
1.2244589574572244
-0.7386322452440066
-1.8629742529922602
0.1764397598710398
-1.3492803576583892
1.5273090616311618
1.2118735491065806
0.1812130336986395
-0.0765571346450925
-0.2551272114304538
-0.7100462600856582
-0.3217206945387157
1.4777969582575372
-1.0012862345381068
0.8869697730967562
-0.8309557595101159
0.4353545327222940
1.2615159174717137
0.1713019223870839
-1.1508342309344641
0.4845274189584791
-2.7992227956694720
-0.7797755189948320
-0.2867929915976058
-0.3121748934631092
0.1653461326585747
-0.5639651044392389
0.1650269793967826
-0.3105082909657778
-0.8898746784746913
-0.7159658639344169
-2.0396777887353572
0.1805425799840352
-0.2834118813109640
-1.5502429518232315
0.3988130336393131
2.0477934610097086
-0.5981584825561670
-0.7743834737323950
0.2731730937190753
-4.6979571845485930
1.1087459381606108
0.2142359335665083
0.8659562478169804
-1.0734348233996585
-0.7569817647220825
-0.6746911940502455
-0.3564439790281372
0.7123205394804490
-0.4376479917966245
0.6135756661681219
-0.2165983374658132
-0.4135840362459127
-0.5767025699477574
-2.5031081387017391
-0.1073907069379352
0.5641855513836652
0.6128700001154753
-0.4630804235551773
0.1450866317213398
-0.6049375036381431
-1.6663521091273215
-0.4961862833453201
0.7196150805549648
-0.1763984987422637
-0.3939462664275498
-0.1281284515133116
-0.3337234851731939
1.4243243570726989
-0.2900710827594093
0.4883823333184819
-0.7511469013184007
2.0570778449984637
-0.4622896766787626
-0.6859754372083519
-0.2069658920382943
0.1539498111580586
0.4292460803157290
0.0314698935592126
1.3283126970732173
-0.3508556667583003
1.4889582121069038
-0.6764524299297769
-0.6930704105203491
-1.8067422035123537
-1.4499708141098926
-1.9639606011670248
1.7921205065915364
-0.9675439936569145
-0.8782510224563923
-1.3040012432436354
-0.9668893809066260
1.0175567120551270
-0.2307959486304597
-0.8354032830956108
1.0038367392370497
1.3514396858241449
-0.1634410302965655
-1.6800496306138850
-1.2740758176657072
0.7404680835066334
-0.4959758419319303
-0.2990157905511893
0.2523667708894181
0.4412302905237684
-0.3338267096788931
0.9534184394435526
1.2810073273892411
-3.2602653750569708
-0.6719653116860006
0.1198593657794181
-0.8192874891142324
-0.7413556658514718
-0.9289323154384179
0.8827183677938550
-0.5071681916175758
-1.4456613366195938
-1.8476582159341512
-0.0456602098658443
1.1234026403152042
-0.1273537391914560
1.0908661834936928
0.9823025482048485
1.3321312826670533
0.4744550869346846
-1.0164059993350687
-1.6203167777924568
1.0785488968660653
-0.5991479341175909
0.8101734193165313
0.9228203756814424
0.6078956726663792
0.4432587656558524
-0.2374987988720774
0.5814505269964312
-0.0695277306789161
-1.5449195752701723
-1.9211270232143609
-1.7497335980271360
0.4844167705832841
1.6697782545891937
0.0632563152225558
0.5433894227923038
0.6004126584843149
0.6254559851100124
1.8497459571384998
0.0280757229565399
-0.5971907505043093
0.0614797807723765
1.5901293269640204
0.5450207020895019
0.5267659263964769
-0.0353070570733436
-1.6064550099296773
0.5953780269577894
1.0199931664274153
0.1553389569323251
-1.2695764952347042
0.5370827355806900
0.0853115749506196
0.1150580903713308
-0.9681917139971669
0.5340203451483601
-0.7754225912654308
-0.3191838000975301
-0.1733870129728060
0.7246771200794926
-0.1278861787789013
0.1648746459462047
0.4093296235981054
-0.9139121357699287
-0.5026114278602090
0.6325933449496156
0.0858085230723207
-0.3309160383686393
1.4589438402568180
-0.1874139879987512
-0.2957417110366547
-1.3840004713424670
-1.7402833372544031
0.7502066596006124
-1.4045422151877014
-0.8243532702576738
0.0367009610288852
-0.7196549635619821
1.7913881047065627
0.4416707089379988
0.3372021123949550
-1.0218311977534680
1.3390198761203269
-1.5331364545831303
0.6194396144323484
-1.3647501643367503
0.5391141821234322
1.1959951791026440
-0.6990783215049021
-0.7943424434862152
-0.4640350826442420
0.0365726800855688
0.4656580147861997
1.5949733552956111
-0.5287714541700795
0.4725725770361809
1.0871089545303956
0.4525317413238472
0.2807240625250399
-1.9136124295230603
-0.7670970517402362
-1.4511777179743008
-0.4189130373340684
0.5417318193573736
0.3636236675515104
-0.8584321091502983
0.3772669416998531
-0.1473700320502754
-0.6695827418754337
-1.1221199578415784
0.1712185725725743
0.0115956706965727
2.4523822131234176
0.7383861946102955
-1.9460943040279266
1.8567101291159256
0.2468220262446871
0.0976510252348645
-1.2540094945610283
-1.2220674076505995
-2.2616145284477684
-0.3095844253640335
0.4337539012422217
-2.2956657980022706
0.9009621696343477
0.8503914176385395
1.5879866270484790
-1.1678196933087643
-0.1214069110954205
0.9977065169594355
-0.4331462312994870
1.1032156445121597
-0.0548136068620168
-0.3069309790693960
-0.2967332948365919
1.6353552776491607
-0.9640130428294036
-0.5792201013437981
0.1915977515008843
1.5651125415541047
-0.1802169007043661
0.3903559130857695
0.4261032340203796
0.2179857596684193
1.0556372130835452
0.3264926516847056
0.0029194911152073
1.3638943807428849
0.4286967310055583
1.3827201705484322
-1.2921843768482413
0.0914523442850502
0.4123797625631723
-0.5277718075012865
-2.1822914976909238
-0.1987828915133455
0.1089023718404887
0.4810735608791634
1.6177287462011414
0.2765384400319678
-0.3133009544715740
0.6629741838723257
-0.3141937524432136
0.0539082603774778
0.9036294790870999
-1.9909440667332716
0.6220975803654319
0.6016423441444284
-0.0481601974173822
-0.2653048323134304
0.6488795618249874
1.0517533939883912
-0.5212314908545913
-0.5284781018189222
0.2082598972132719
-0.2862855731821208
-1.3180920152250410
0.0214169097579071
-0.5728156855035716
-0.5161887628614711
1.6397249998244654
-0.8872814298639847
-0.9081205280585311
0.1731054163930277
0.5489678295182751
-0.7386361001873796
-1.2833731372879347
-0.0635677591358445
2.0804733000158180
-1.9796013342769372
0.7538184365890525
0.2544229668969443
-1.3482236168855868
0.1597311662692227
-0.7562823864762107
-0.7641095331139934
-1.2866143262855501
0.5535979165069961
0.1439397565374952
-1.3450691894781017
-0.0417205301106164
-0.1274667952033582
-0.2898568424974981
0.5931984913403696
0.0003468033281409
1.0534874180012963
0.7886325690354471
0.3747979678716267
0.5026901924662116
-1.0063817199397240
0.6609541503581533
0.5899714776908948
0.1548960317936094
0.5415285898108626
-0.1212817421989365
-1.4646226530321371
0.9847518930086036
-2.1592498180202013
0.6005601671481499
-0.7654149757973761
-1.3814521528150518
0.9586476751998186
-0.3890387321487275
-0.2305306477379282
-0.8749267148840050
-2.5692404387373928
-0.3506449869061597
-1.1451952755825112
1.7139971436432200
0.1058029983761356
0.9945815153118128
0.1440428889748115
-1.2939447107182913
-0.0930126296624714
-0.1889335968266703
-1.6224882359780057
-1.1684711061332236
-0.4882202304568986
-0.9221601857143280
0.0018300197639633
-2.6172251423035169
0.5647927719667807
-1.3330919621720021
0.3501031480200468
0.3264857577071665
-1.4127747412651697
0.3190882175615905
-0.3545811431440089
-0.1483937427586059
-0.7883136105051557
-0.0917445518001215
1.5033146066397551
-0.4166364236609896
0.4686158245079602
-1.1941650251669358
0.4598974937217120
0.6424227117307416
0.5714924608924289
0.9141486730627394
-1.0090301468937819
0.1372407151446392
1.7669855763129911
-0.0237963021919530
1.7442456816643177
0.5825655970367625
0.8953655728540580
0.5332408393167875
0.3746782903868138
0.3453304962987498
-0.4495033044499476
-0.5655780519783050
-0.4576024713037307
-0.5493805100291446
-1.0385073353629943
0.4537287369110919
1.0796860054916173
1.9670896264148148
-0.7594319738680758
-0.0613349489428177
0.8633466610186471
0.2396782488036203
-2.5006359256343922
1.0363787861966653
0.7974796643942613
0.8636518489773510
2.1815626486519704
1.1684876068881740
0.2749335425846705
-1.0759734653703108
-0.4831504551080280
-0.6141841738627432
-1.6892248896235167
1.4667669981355456
1.4937287379101838
-0.7909878311529033
1.4597751428948613
0.4185989065626756
1.7232765625193451
-2.6350953885246899
-0.5083928778362962
0.4997849432883212
1.7828630445878109
-0.2882048058523297
-0.3416429662632419
0.3328501264414065
-0.7354420246698589
-0.9149771034165357
-0.6160492340170093
-0.1811092797004570
-2.2726965014213869
-0.1389848192733169
0.1073894364823682
-0.0984445430435505
0.2163836775844724
-0.3366846266764881
-0.5056517027236558
1.4103433213344714
0.2550307850681063
-0.8674370032862055
-0.1136850555483051
-1.1138142833394196
-0.7573576116307248
-0.9613290512294901
0.8116063244813693
-0.2146065079171590
1.9741048892750650
-1.0458332319713266
0.9691332426239156
-1.5024002265832637
-0.8273319023388084
-0.1040704147124994
0.3295152290278167
0.9457585788720334
0.0614286279558172
0.6862400095225607
-0.3177172804367013
-1.0519626375970912
0.2269525454890536
-0.9114941657654599
-1.4786483924374667
0.1871217919442338
-0.9851020568409206
-1.3154608452270995
-0.1077197769555286
0.5100064990031190
1.3981983126828603
1.6603102879394431
-1.0107336027225904
-0.2560252208531961
0.0941403570411922
-0.3855789187928458
-0.1395714860979561
-0.3898272959704039
0.1195569577142514
-0.2294583866174617
-0.5466311024363600
-0.2508144619401990
1.5279952571564430
-0.7739800611436661
0.5215143864440966
0.2714964969381197
1.6648983302382638
-0.5680410795914239
-0.0265579758574758
0.4021173223601642
-0.0501639497076987
1.9849967413144296
-0.3341866004357297
-0.1678711669868115
2.1871525402042145
-0.3542976138316856
0.8862707887712333
0.6816306122308459
1.2996005529280223
-0.1260983987632120
2.2352409833683113
2.1295933297315353
-0.2163391335441916
-1.6433454535619658
0.7812621244509125
-0.0898244645251854
-1.0805264423372536
-0.0227259303388962
-0.5851877480648514
0.9864315394275895
0.3767185784868913
-0.5252483849338710
0.2760349059609828
-0.9625631306164562
0.8224874588169001
-0.3299896509552502
1.3417858611608451
-1.3857866218422086
1.3594419993157285
0.3644757463455864
-0.3358096144348904
0.5239432230543543
0.7814341520610110
-0.1141059491789160
-0.1029781855725502
-0.2924482156858130
-2.6457353958690186
-0.2730855216583791
0.8344512973054645
-0.3145462935120904
0.0713515145795244
-0.4965313634309542
-1.7928897747801456
0.9731024079584885
0.6454210903093963
-0.3211559411416296
-1.8780328176769006
-0.6931917075860633
1.0884327599659342
0.0375371975035643
1.4000294620301388
-1.4526083660074867
1.3500340265933153
0.7165917200145766
0.4529529934768515
1.5805540728323986
1.2439805487336344
-0.6284837297602137
-0.4917344290564391
-0.4985965973498959
-1.4968424944934160
0.3966319923610864
-0.1280603184262918
1.2966784477631836
0.1679130384794540
0.5880618396111952
0.7195435447793468
-0.6231438456342641
1.5705212036520444
0.2716129884770094
-2.1719200125918645
-0.5871266039095847
-3.1996999950695515
1.8373460553913539
1.6212995787082054
-0.3017654028186705
0.0172332627705326
-0.1974221764456237
1.0641327665470646
-0.3432471348580539
1.7637391623061247
-0.8405040259631975
-0.7305330324050792
-0.5738679566385071
-1.8257150866258809
-0.7573377237143386
1.7633445232707330
-1.8051708314202259
0.9620144707002167
0.5514351683417145
0.3379163680909446
0.2022257926072786
-0.3507910960823289
-1.4860034528552570
0.5485888498345857
-0.1144896714253587
2.5745970019190030
-0.1791012516935387
0.1878410526968050
-0.1893616541680872
0.2995213610766008
-0.1092993161263886
-0.8092635266652984
-0.1958459879708902
-0.6430769729631278
-0.1470313566063941
0.1531233225407345
-0.1611101359949668
0.8337258740954752
-0.2693061969300506
-1.3106872728489223
-1.2135256707039588
-0.1756063695335903
1.6411624093134416
-0.5313997516839841
-0.1837239227236568
-1.1680911917236745
-0.7213441401710148
0.2257464085550863
1.1227935858670692
-1.6908007405797054
-0.2282684127802810
1.7232065793649884
0.3592397425479360
2.0215215321458984
0.2310553478650409
-1.6287118083170984
-0.7519141089580679
0.7538023821137259
0.9950114921537878
-1.9725474854171523
1.1786399676582011
-0.8081714874838503
-1.7530517277213418
-0.8738420101486309
-1.3730488019627374
-0.9505833236612534
0.3017323209757302
0.5211850566741154
-0.7449141635235218
0.6802036421466952
0.5939897154042820
-0.4737201208091084
1.1971726800665716
-0.6166530263507468
-0.4872558279956431
0.7267898749367137
-1.0603032256568405
0.2793596122076333
1.2962153324885817
0.5869909840556689
2.1464259292755088
-1.4707156119206235
1.4794478523918351
-0.0865901329607748
0.0604045924897233
-1.2654120695541655
0.6292637034395251
-1.2598390533815023
-0.2029800988843095
-0.2831977606049048
-0.3574716911754761
0.5108067593674780
-1.4291726595313452
-1.3278779931957436
0.1923929863813688
1.4712987853675343
-0.7352634508563166
1.9432354178013822
0.0739731676534225
-0.4557666218591996
-0.0017332420800235
0.0998334011401095
-0.2165065688535122
-2.0095594062729401
0.2806323363828894
0.7709735140721363
-1.3111101045304681
0.9060839889448483
-0.7585123808446498
-0.8440929748047463
-0.4292252985993376
-1.5380379839684011
0.4973240393714947
-1.6770623637815969
1.7186038872267582
-0.4517835418720297
2.3048705582912965
0.3411090833766209
-0.2792858911070999
0.2305113509204822
0.7484924802318731
1.1330985892054799
0.5436668751313204
-0.2186959615451498
1.1851532518911756
-0.6794081653991817
1.2421197355961051
-1.5141720600490758
-0.7090772556544963
1.0594129220224227
0.0633327817582810
0.9680558516178156
0.4803114195624748
0.2494894447588505
-0.3834203816901158
-0.8853312736848914
-0.0516245060886337
2.0230303853426368
0.4585570458643446
0.4857150751905661
-0.3456363338428437
0.6664006456000306
-0.7475288577692856
1.4744702172277435
0.2215671814444040
0.4423266188028673
-0.7652859254628208
0.6943525835506504
0.3436106061040669
0.0985616087900980
0.2687132596111513
2.0580101319907125
-0.0946802782114935
-0.3514206116788798
-0.2398168973104056
-0.3508520991424149
-0.8665894972877178
0.8332471381351811
-0.2729527765530929
0.4483744486085648
-0.5945791421444331
0.6677430491872695
0.3573314100825083
0.2251912000893616
-0.8863693436990171
0.2170656924398572
0.1701509510868666
0.9357602896095172
-0.2046637719559937
1.0368230741358258
0.1868798184124706
0.0768354177885285
0.3979031251494917
0.3149546342924625
-0.3718482430816276
0.2735384858966892
-0.7903479212407473
0.0903812815054533
-0.3797669245304063
1.5580657724606921
-0.2388689591345608
0.8000318141168119
0.2461854796422231
0.9122811598941085
0.3110531650637072
-0.2048085125796852
0.9986729519951161
0.4095947335831743
0.1274889262361234
1.2931294288054223
-0.9982760922583097
1.3256230744655209
1.6001984330748271
0.6708497547888919
1.0322367986238172
-0.5260216496065373
0.7839028022236412
-0.2313854401801261
0.9708538600806607
0.7579980446524144
0.2402259749128446
-1.1051374311510354
0.6679229406648278
-0.2327010204027794
-0.1724350891225726
-0.5323698587469550
-1.9966302367908502
0.3245194853412621
0.1481022430505090
-0.9075133561141780
-1.8121684564608818
-0.8147247890096215
-0.6054676484864239
-0.5808802691828775
-0.5101640007839860
1.1361371149930781
-0.7970710407841398
1.4276554708681934
