-0.1343458559620827
4.8004630588777530
-0.0467793520217781
-0.8682728102718953
-0.5275907392337047
-2.6901850767704789
-3.8935486163716329
-1.2836035617467134
-0.0071060998534971
5.0354911156522286
0.0376360491884779
1.3854421714511658
-6.0789827189590246
-7.6400048218962961
1.3868295265685286
-2.2700289070007575
-8.1862282424383217
-5.1569782524953256
-1.2721003538331139
2.4386824324385623
3.6717084326985381
-5.3759058705639715
-2.5075299547160785
-0.7154285378770321
-1.5988580065782450
-3.1263494944865826
2.3113869841162713
-2.7976140045637927
-4.0378457795423186
-1.1288616748446592
-2.6909339001919079
-3.0824365740928248
0.5575716829879320
0.5786350112498350
-0.2579084098899806
-2.4212278871078818
-1.9229379962707680
0.6384592729174037
-6.8940132201620159
0.9028794121448184
-2.1846973603653970
4.9137663511111045
2.9951640171867369
-5.5638289241247421
-1.7002411013136520
2.5747722611405770
-4.6226779777292206
-6.2425415215169009
0.1363270325976118
0.4186573333335544
-0.4724417668551411
-3.2928591355851999
3.6999473325060417
-7.2311625744501251
-5.1931962428199228
-3.9254254046399470
-1.1368049759469718
1.1568967364541947
2.1943849407512266
3.0171861777431364
-1.3920815251897705
-2.1868675366577217
-3.7713755330244432
5.1498037521308992
1.9758861380577053
-5.0648595962339602
-1.1747557568302678
-3.7300798562710256
-1.4615873971537223
-3.9768668036874653
1.2489871854521579
-1.6298986931992956
0.3082846841234149
-3.8424049876841502
-4.7861436853124992
4.6883816989286373
-3.2761625249304944
-3.9333253459353981
-2.6513669594925005
-2.0123036907109944
-1.8131221005520088
3.7344258682034850
-2.4824877146629634
-3.9143141016980030
-0.9566215503011646
0.3345445674272108
-3.4103889468364317
-0.0671277739579318
3.1406413418334642
-0.1935596755050011
-0.5846426529175039
-2.4074580162845431
-0.2369410661415240
-4.8907856970482406
-4.7746260632011017
2.5171725672911665
-5.3015762600244756
0.4517957191933766
-1.4353538224321674
2.0458808166221862
-2.1063562990879325
-0.7155416065592516
-3.4065859366565308
0.5328870576898083
-1.5185552480634952
0.4291238172550480
-2.4706006483623462
-0.6234063011136206
-1.6143203144980398
-5.0859891469794958
-3.4338348623392991
-1.6207695486735816
2.9382685304645086
-2.8949821264673790
-5.0106452150864076
2.3077953234810655
-5.0848080162488127
-2.5037852807977754
-4.0434252858099979
0.4860693557620379
-1.0801847059517142
-4.2637381737520377
-3.9851103449298089
-0.6638051916957505
-6.2348178638810410
-3.6631978430228509
-11.5058958474953617
-5.3831510961363156
-0.0135632731228243
-2.2227907549629213
2.6832169481323103
-1.2913330988700888
-1.3347689462693617
-0.0345586568606584
-1.8059998272078177
-3.1989456210164313
-5.2572254336339723
-0.6885017834027058
-1.0764039330573751
0.4744883958043692
0.0120490182028654
-2.6341952949768781
-5.8990251611914726
-8.6751496382029138
-0.3660951788166927
4.0088740900743485
-1.5213726303978268
-3.3717607600946633
-2.7418910179185292
-0.2029539193115186
-2.2284762379135179
-4.9115481017063605
0.3716135320898226
1.2510449507421568
-2.8952080822896873
-8.6880145482314628
-0.8447971002981975
1.5855517040104525
-3.4031564603426809
-4.9856611444232239
-2.5366371430186452
1.5763321596597413
-2.6016958070813834
-1.6885565507705396
-4.0503233671040766
-4.9411411321003715
0.6944472045191101
-1.4694858695784672
-4.3872812488530899
-1.9979458202939451
0.1007915797956357
-5.3418047918316454
-1.9856078062427915
4.2896226641639634
4.4445764616579755
-7.7074883784057810
3.8411713103530607
-1.2702535629558818
-0.4586472352114148
-4.8749316039361164
-0.5906820359016383
-4.7719331446207534
-3.5949844524354329
-0.9178496238718423
-0.4286518518063087
-1.1935534073724001
-0.3143916496954082
-1.4360431424228945
-0.5709679638091012
4.2675387533742111
1.9195260448304055
-8.5375260515979328
-2.7071295270124742
-1.7909254800109338
-4.8687285161551364
5.5920716905397283
-3.1961522469165744
-7.3413316665270587
-0.6707771927399158
-0.3369287285685169
-2.2496791680779711
-0.6316084805912295
-8.4863366018828366
-2.2452015762466648
-3.1265488014159923
-1.5997340038854642
-1.8479540097859140
7.6414930406774477
-0.7745351121233514
-1.2153215928281165
-3.4933445674317705
-4.0739249376942874
-5.0631613926778796
-1.1136186121679514
-1.0370714124492062
2.6415828870081128
3.4268990824993395
-2.4073109868125453
-3.5239619938595586
1.3817139181791585
2.2663225527539113
-3.9285481546255587
-0.3887255760358113
0.0679585504654473
-5.6340598138459734
-2.3961910196055309
-4.0880310280398877
-2.8323003722795863
0.1128688074038777
-0.1092808350656844
-0.9998517196949618
0.2634747844429115
0.0335756220319850
-2.2754955231830944
3.0815889523031923
-0.5829398162051099
3.7556141664569513
-4.0705199016036486
-1.7094020980114006
-1.1552836958163251
-2.2025229026917796
-4.3828179092382591
-2.7558995564440854
-1.8319254503343787
-2.6803292828338883
0.4217321046792779
-5.5673648882378544
-3.0112513137780983
-4.1280555289466978
0.8672289477320108
0.3008895117779098
3.1668643428040890
-0.6901772310578822
-3.8614959361303849
-1.5821782887443594
-5.3828771079319750
-1.5920558749215976
-0.1393695579391231
2.1611696166254637
-1.6316717058735877
4.0353774409185137
-0.2491139547533440
-0.0288357679766698
-2.7663929496350348
2.4139811906020241
-3.2582616001602185
3.2695000982665445
0.3948567174608901
-0.7543099111306822
0.1111627606755598
-1.7137537737133497
-0.3627071702167476
0.3415072693978765
-0.2882169660784130
-0.9530719424828258
-1.1840643291059696
-4.6046569428253896
2.9260659536299412
0.2000104672352296
0.5180819562080585
-1.8347880426244885
-1.3365607710058949
0.1722490546485155
1.9758143071594099
-3.3962616411445516
0.2059243005539461
-2.1192638178718193
-7.3627739153947696
-0.3549466439509737
2.1632511206144573
-0.1629406459184376
-1.0333371984013713
-2.2893533857536283
-6.9825741272153117
1.5354627456553904
-3.4526667128920323
0.2056445520635496
-3.7919976023355182
-0.2978143915901085
-4.1266646322483300
-6.8376957211218015
-1.3769068969908134
-2.0789316659057810
-2.3320500990724220
-0.1832981087837686
-2.5788948910290816
-2.3495476286789310
-1.0499264063959683
-1.6205082458483062
-1.9889590245855402
-3.6819103505380832
-1.1850570154052020
-1.4263135881674529
-1.7751851451531677
-0.6197338917672065
4.0993804149832052
-3.6810484041384042
0.2880670509927331
1.7132024214489501
-0.0486360837089358
-0.7816864823443150
1.7178585343260098
3.3871381942991508
0.7195220040945441
-1.4972930235104129
-3.8728964746654815
-2.8950727684151407
-3.4297450376146967
-0.1816321227038007
-4.2482442796041626
-2.1825428279874637
-2.6334572861359296
-1.7942960596973432
-0.0623229501374867
-3.9196686469817781
5.3003632001255161
-0.2651470890853178
-4.4115269912240826
-4.1512305904012186
5.4902453405165028
-2.8055063454796256
5.1748324713051694
2.9157407558081907
-3.8547386833912189
-0.5674365315750133
-3.0490066140872258
-1.3153077865327356
-2.8917663578818020
-0.8582034032882350
-0.9046654360255121
-2.4715501337819661
-4.7796642119203021
2.1195962210371819
0.0631013124333438
-1.8974940133527611
1.6195242087283765
4.8510266011906849
0.2616596558533414
2.8518146931421118
0.1413985305656867
-1.5300514283472968
1.0114450445288306
-5.5421799718527893
5.3169389133619216
-3.3433749350795261
1.3718538373384248
-2.8048853036589017
-0.1403381795867751
-1.3085274783026417
4.6566928905879088
-0.2986669819651432
-1.0186880943288448
4.2920637164011568
-0.4153986640546908
-7.3954783890347633
-0.2742326734417102
-2.3186929270712655
-1.5189309783999825
-4.7704052272512563
0.0278355011470009
0.4183816304483511
-3.6379212310749667
-3.3611489640706234
-1.6663763425262035
0.3965072244967948
0.3057326920030962
0.3580102572423289
0.2122344537376017
-6.4875646263450850
0.0976525078522928
-2.2008094093366801
-2.0375325146645378
-2.5429260297322926
-1.9398462275535640
1.9189691354236491
-7.0394372511353502
-3.5759635613169873
-3.3367768956390331
-0.9445853474526601
-1.0985805893881531
-7.7737927005098406
-3.2033023961210252
0.2069806138213184
-1.3601111663797087
-5.1237585472210334
-2.4813062910210895
4.3171704683223755
-3.9420882436724365
-5.1740895953262678
3.6320634147387589
-2.6771087509721836
0.5233987491855349
-4.8387826152981113
8.0412536161095343
1.3175987809613354
2.1384517296265355
-4.9705226479420412
-3.3980255336631418
7.0672488761893799
-1.2634575341078713
-3.8609508400498167
-3.0562942608424848
-3.9124924329542603
-3.5352401820391006
-3.2065608378055317
-0.2494729788937263
-0.0313673915344993
-2.0757828554028697
-0.2058734926701864
-3.0270979684262316
-6.5645744564946273
0.3574150939238424
-3.4468893434860766
-5.4618737801761661
-4.0974549976541219
0.7963561404359307
-0.7240114953133658
4.9111197905131636
1.1300196321185962
1.0914861851620337
-2.5111822421939607
-2.9148955555006575
3.4602255533847215
2.6105354396190195
0.4408628326358843
-0.8424536756124725
0.2734810682781277
-1.1538328240128015
4.1565440294784786
-0.7170022946910148
-2.3629305318722706
-2.4142199592777582
-3.8398123773156310
-4.3792948376129379
-4.3353808586432594
0.4563403652887717
-1.5266541297996641
-2.1873984376767188
-1.2773395876406290
-0.4037674809394547
-2.2201650226001366
-2.9979896820330127
-1.2300691085327373
-6.3175785039754171
-5.0126915587261198
-1.5735344514662208
-6.7645977693155759
-1.4577636912115428
-3.3416373969137716
-0.4215747192355918
0.0337749874679154
-5.8592582252930567
-2.8638260878231678
5.1002872400486607
2.1772854618354458
-0.1604778977084396
-4.7640512308719867
2.6050961911021711
-2.1665794765676778
0.0075915517952276
0.2912927873349859
-1.9602730305756357
-1.2030763889481468
-0.8498203936446965
-2.9297727246733625
-3.3582957049096991
-1.2881589028601903
-0.3950550666783193
0.3106303012756815
-1.8300739189265400
2.8615338909234835
-1.7325691389680913
-1.3815754161435814
-2.4579179912170184
-4.6877254275667664
-0.7629395477642326
0.1565934768989930
2.5922897586311899
-4.0096117074753561
-2.5203133485212783
-0.5143557678718864
-1.0169643450080132
-0.0138732108698745
-6.5130448784644059
3.5654202710817593
-6.3123565177778911
-0.2551572148442210
-1.9035255679596812
4.6884190486326016
-2.7057707816066432
-1.4123506740670388
-0.5433004883118963
-1.9278082161074268
-1.9010286570940420
0.4808132769200290
1.0264608381541083
-2.4815242731254497
6.7393088244071926
4.6309530428902246
-4.0897210164057798
-1.1296443192179622
1.9457142081777887
0.2438865619351924
-1.1387775738028321
-2.7776008321454126
7.1468890902652316
-0.5024472752402680
-2.6694673365188559
-2.3995414552246452
-2.4760611911713903
-2.9235795479602706
0.4198546782605493
0.2872509713103455
0.3188163414596232
-3.6917775417411107
-3.4164467399156306
-1.3940719931196013
-0.6188837714526795
5.5521835888593909
-2.8546783167065373
-0.5206532420679880
-0.7818587836398425
0.3789972004030955
-1.4751205471316475
-0.0161904304568816
3.3934891642201910
-0.5027732404621875
0.4732830700350132
-3.2663370159457101
-1.6198199382476823
-5.6844073399270885
-2.2667105380422803
1.5251150929181685
1.3681812266523194
-2.9869722337269797
2.1368606026218777
-0.7691197703148742
3.1725131918110376
4.8379511828183164
-2.7379246289111459
1.6216903006796231
-0.4513679519905106
-0.5853572939839324
-3.8806282659877542
-4.3662428052425879
-0.0848790398318686
2.2267833396574006
-3.9041591743917770
-0.1002045924327618
-5.2161259584979769
1.2213573938844691
2.2675213288505014
0.0687874903774961
5.7768358795226114
4.8071346371148147
2.2409520152709304
1.2690159385097226
3.2982433631715318
0.6608342912237941
-2.1366549271551842
-7.8744981365307325
-5.9839280429157782
-5.3038092483853774
1.0451712809723253
-1.3220080232684890
-1.0244930900976910
-1.4415166701065507
0.0395745666057032
-3.4391157725858177
-1.2120382646216208
-0.5629204006289434
-6.4161750233242048
-1.5251272623629242
-1.9970477466583667
-4.4729465044685606
-1.2706929512478320
-0.4981096106847693
-2.6592800601237112
-1.4577280268353576
-0.6528838857810432
-0.1954451432979950
0.1835170876188603
-2.3329808866805277
2.4808781197944896
-8.1259543952109752
-2.7425778411004718
-3.1119768541753050
-4.6516842341307454
-0.7052650608126960
-0.1517208324897917
0.1624094453485064
-0.3121243940655901
0.5815417625342539
-0.3609883242858935
-4.2605408864293022
-1.8667225457681320
-3.0418480302255784
1.1547634932496711
-2.4196604834217652
0.4651668902468145
-0.9369723799441592
2.5483771240726463
-8.1153355152975166
-3.4739548854318674
-1.4828985760484605
-1.2432017611099422
3.3482651880032748
-4.0364057109112847
-1.6286898368793650
1.1340663598407650
2.7786184997875760
5.4953842239990838
-0.3103627270268093
-2.1224102484759344
1.0356741094747779
-0.9933609765687761
1.0675289292486454
-0.9529762969762936
-4.5293375279840014
-3.8600761063530955
-1.4671958291943907
-1.0182472006237666
0.1174902680224285
-3.7964335769206747
-0.2388539207531695
0.2200017044780881
-0.2923130097626302
2.8285005853560432
0.0714147596138932
0.5219030383547106
-3.2676244803712819
-1.7202302868934367
-0.5022389607433242
0.3714325714993983
-0.9779131460900108
-1.8081344670841302
-1.0233869506711690
-5.0868227783383313
4.4714958945114081
-4.2106941235232362
-0.7258571409325073
-1.1809646245233130
2.2083055635353190
-0.8873330004986701
2.6043509236671101
3.3908798044809880
-0.7567669859038741
0.0671852128518597
-7.6652962690369391
-1.9611527851795929
1.4670916451049543
-0.8646320221881363
0.0784611551608798
-3.5989294585223526
-2.7499933303824236
3.8967172009557580
-5.2217453313985835
-0.6498845492238028
-3.8738869542160428
0.4723592221156965
-2.1586597226447224
-1.3115326870749193
-1.7525864649993828
-0.4382498450145679
1.7716890063800950
-2.6869798980340276
-0.0875826488867554
-4.0759596043055506
-6.4447595965939382
-0.3110743117356424
-3.6516029803258609
-1.9755525086668237
2.0352466930834829
-0.5644006627614099
-0.1421113786136987
-5.3395864898135725
-6.0328180917696370
2.4439036225727682
-4.5879358994742221
-0.1858285231485367
-1.4292581309352406
0.2797736670693338
3.1063573494258749
-2.6441765494256901
-2.9622945347986605
-7.1280882348781365
-3.8595875843814631
2.6554737168872204
0.4859609119510507
-2.4276756296837756
2.0884943945390231
1.3110182775969228
-0.8127451715032896
-5.8252864041453760
-3.5856023055183046
-0.5660747576704457
-4.8892779892298988
1.8989797845506227
-1.7287356656967838
4.1059818901378646
-0.6676812297586200
4.9042713063753807
-1.4301556733047576
0.0257686777064593
0.9023022930644646
0.2460271135804983
-2.7589048411740489
-1.1356748999283712
2.2154517818270785
4.2433896682509635
1.2518092533683796
-0.7600235837507439
-2.2631333502737059
0.6848889280288102
2.8681627857726122
0.7240962965774824
2.4446831506643978
4.4212500894842410
-0.6869926073835375
-1.1473793666908334
2.5669531545672881
-0.4860947508557374
-0.9458322398756839
5.2026793826681494
-3.8800369463248710
2.0452249276652466
-3.4535488024122158
-7.1089173369535725
-0.1704191393454443
-1.0209854009702213
0.3145577106068586
0.1043119418491055
0.0082276691231542
-4.8234417555614542
-1.7727965251996356
0.3911451720196711
-3.4316996768116561
-0.0459712031742563
-2.5343922702492834
-1.8606176323069776
-5.9590038423262257
-9.3863410669446932
-1.2596267804410746
-5.5070280822170599
-0.8547195902362372
2.4193265834952711
-2.1950415492150479
-0.8323302430613537
-3.3300644877329710
-2.7712697502852266
0.1786575794993122
0.0214487415636811
1.6297389326097673
0.5146284329568367
-1.1478155691917997
-5.6795106649042104
-4.2363899320995859
-2.3512961559899015
-2.1771024848758365
-3.7790309794221799
-7.4840347400357672
-3.7919145560353797
-3.2258352304034474
-3.2415117786697007
-2.4994105455584870
-2.0318658202340121
-5.2985990685330124
1.5151507716165573
-2.3127687286787713
-6.9031615837458222
-5.9498260713520956
-0.7680702886246337
-2.3314427479735738
0.0846047039978093
3.3872838729205528
3.0078242436659988
-4.3424413798166333
2.3531312035427194
0.1647430757576979
-0.7771379414780668
-3.5841170058249494
-2.0860624633117553
2.6149474512878332
-0.4251493893865826
-4.2537622108019031
1.1746901644449950
2.1500782248291408
-1.0914083132510890
-2.2066886168108635
-9.4052130197700183
0.4614362313182125
0.0994853413894687
-1.6345755576967902
-0.0771995513429155
-1.9386361273666453
-0.6637629030149844
-1.9875725642470201
0.1828340988614080
0.0829609983383438
-6.4827811843905190
-8.0021943586351352
-0.5761050894104673
-0.2621892245183615
-4.7430664527155377
0.9415326260715450
-5.3703207378738682
1.1775146995196728
0.3788751420414076
-2.8750293993035161
-5.4218546609185534
-1.4045875928075318
-0.5250210120650937
3.5559203174206813
-4.2359219169136990
4.1103595221644769
-2.3010459572848356
-1.2883452502792483
-4.9031386254329661
-1.6448064675923422
-4.1761267638428672
-0.7960833571078344
1.4997104234124150
-4.9752468698134731
-3.2974092403758957
-0.9146799931129224
-1.7243773252962453
-0.0264482069467676
-4.6578079896155877
3.3876643698167017
-1.5739546705531067
-0.2359228383618975
-3.3591090066693448
-2.0934006867526898
-1.9413443303647087
-0.5937346505175707
-5.4048625110891537
-2.8747523634013068
-3.2436163012721764
-0.0723517821540636
-3.6552031035699577
-0.8212991351991442
1.3327991988236512
-1.9567032807819753
-2.6441661614283083
-0.5072577866671792
-2.6968289983960281
3.7912295330335346
1.8791303672584267
-1.3022258299500786
-6.4643702946489281
-2.9059262358768958
-2.5766431460728136
0.1017421406517857
-0.0112679306534571
1.9030233582418647
1.5431780989540034
-8.5783743333866127
1.3765879872771949
0.3471569746747067
-1.3116649876477986
0.8026303163397154
-6.1444892046135546
-1.5845084519476653
-0.6627408472854049
-3.6255336027289440
-3.5089846419593194
-0.7775130655521655
-0.8899863920110105
-0.1744285164342196
3.1942167419189551
-1.4296656468226920
-1.4286018560550198
0.3403587101280381
0.6294045777763532
-2.7745555424502557
3.9253795599743286
0.0221596216571051
-0.5778261015409948
-2.0562412335935174
0.0360334724976541
-2.6352105710411751
-2.8529566313947186
-6.3091985096169747
-2.4621285069728462
-8.4473274610361226
-0.7616112245886717
-4.5150485420463466
0.3263630507830231
-2.0785115438069290
-0.6121767505567476
-2.0886518187650807
0.0254860154277711
6.1099347635333139
-5.7498001368924747
-0.7421777506770295
0.3562961331055155
-2.6722113933364389
-1.7916651346018517
0.5672577721357674
-4.7283779426785086
1.5075129449801075
4.6233297522981083
1.9575723665551579
-1.3451227273246678
5.0621385837331880
-1.3722416462388425
2.5189581669922076
-0.7789674725030206
0.1559416113201316
5.3502558283890318
-5.3462347135871031
-0.8917964059294936
3.3090821466101632
0.1885863282716565
0.1862013022102421
-6.6068828725729745
-1.3650535963659571
-1.0045140147714007
-5.4331354689493105
-0.9853458888738201
-5.6034059089549269
1.6672531483502151
0.4334458830372833
-2.6020775836215204
-0.5425404393670188
-2.7505358160938309
-2.8441585681038468
-5.0411776954900560
-1.3210286526656390
-2.7621819601141491
-6.0988999723872341
0.0678288575413035
-4.2507100009855092
0.0132249105972560
3.6047954072879427
-0.2304100464805445
-3.9427262575144528
-4.6024816202864400
-2.7194608880203406
-2.6406202114094710
-2.9616400112802377
6.0308492014476203
-3.4383249447256645
-3.0053673682450301
0.5633741937403597
-2.9432618517349565
-1.0525285293787849
0.2825286421432728
-8.3744529950204836
-3.2116718192184099
-4.5545446897242794
-0.8735739586091412
-3.1360583337700900
-0.9853500285668207
1.8203414282835775
-2.5686484273771324
0.4579081084157227
3.2935729297662171
-3.6805149446965890
-1.5587309971738659
-5.0634137955208871
-0.4448712869303319
-0.4431311974906546
-0.7972885406469834
-4.3573960277176109
-6.0221939107765960
1.2812838392607013
-0.8394180133386769
-0.2313236780277517
-5.4544587843373744
1.3704300192134389
-1.1012090264191832
-2.5343038631845838
1.7750052139671750
-2.9476657469285490
-2.7029486974443948
-1.1138338986316576
0.5411516092046833
-3.3065570623274620
-2.2968042656744596
