1.0946570209509696
1.0785180817778357
0.9875809941094870
1.0945738287299376
1.0761665064093795
0.2823125123653369
1.0871804478956644
1.0891954982915746
1.0857396458591637
1.0951760680308553
0.9878568349310678
1.0486920891079985
1.0950391511261957
0.9917681112373972
1.0902858534649105
0.4356650667035063
1.0943999557320794
0.6487761621530825
1.0730644750913796
1.0367807342338609
0.9419670187005376
1.0847587638294502
1.0681591126840460
1.0087720705782528
1.0626857246274630
1.0979307158534630
0.9872568690893080
1.0895902202126333
0.8919747364614025
1.0725379969300448
1.0901310274659763
0.9405529960970435
1.0976103118567497
1.0966615383120211
1.0839278499137344
1.0730112848887050
1.0810581254171825
0.9999033269483676
1.0589926185547047
1.0588798838487681
0.3371129812372289
1.0922702174727814
0.8398865268294284
1.0982045687135857
1.0915339162481668
1.0975748173414843
1.0561778905748109
1.0868538658728535
1.0283949122502167
1.0664027218096117
1.0827242039490401
1.0763909794602518
1.0510735783340304
1.0856966587277916
1.0699108920348324
1.0593602589353741
1.0502332651672599
1.0953072662100267
1.0935818250466183
1.0391571808662450
1.0867785710128000
0.2980390909150744
1.0889502674822991
1.0358757306714421
1.0457945466420038
1.0842341149394286
1.0373573881724474
1.0054150712200491
0.8179948629837026
0.2871818083950967
0.9904209669236079
1.0961531406281499
1.0701542925902798
1.0800020195980231
1.0925999474874126
1.0855859001919623
1.0969331615905249
1.0865774263017967
1.0929783169352927
1.0957363963098985
0.9211055670093048
1.0868613074420561
1.0207105033801880
1.0200587991343488
1.0810967078914617
1.0911936315764434
1.0741448109548182
1.0974800241572824
0.9305216390762496
1.0913159328050746
1.0755302222125935
1.0894758045827422
1.0976177622098318
1.0700316255571218
1.0662743448124556
1.0559584144154588
1.0567248604925179
1.0948916643948075
1.0929958280965937
1.0878288631973660
1.0891865195716788
0.6966508459015746
1.0640260521075757
1.0182839881031234
1.0808869004762502
1.0961732701652880
1.0739081156327506
0.8470181237623280
1.0638117939438752
0.8583692249115358
0.9356158351084776
1.0633767765772286
1.0806018412170244
0.4036574228335734
0.9439105728881032
0.4582553980939653
0.6034815709933328
1.0740840596283028
1.0824076345179374
0.2943070198386534
1.0913222909482647
1.0683700047207083
1.0940244206094587
0.5318410668629622
1.0144272504270477
1.0795931519153639
1.0891056046716827
0.6377749249367219
0.2822694185331746
1.0893152815309510
0.8665579026838249
1.0633556323667825
1.0536702055824709
1.0706554351692157
0.9301135202268770
1.0575448403743744
1.0802270780358350
1.0589080004846576
1.0752824785904094
1.0800532483880729
1.0663318350048676
1.0724791030674423
1.0710204357431845
1.0699860462424537
0.7222724805406854
0.2855854758390175
1.0892333692944574
1.0781363309633232
0.6394464266240616
1.0967397054174393
1.0829765497820898
1.0981246013422070
1.0945529062447814
1.0557314150255854
1.0296778782618303
1.0977635330331563
1.0818066391675083
1.0748356016498142
0.8159206032833390
0.3796367029153498
0.5409451431680852
1.0606071571415758
1.0905727932124030
0.7882732479148101
1.0974485083770589
0.8893851965823317
0.7968419248305730
1.0797830570204945
1.0853886765456338
1.0864562940926938
1.0120609910939384
1.0928238092277653
1.0964383455389992
0.8434935106601245
1.0935506344883530
1.0376417703557865
1.0938089012949008
1.0953861798429705
1.0730504718973684
1.0956336775191515
1.0444103515058134
1.0799361628305542
1.0878009461488385
1.0440467316713964
1.0777688129879903
1.0592082623970032
1.0348520838659498
0.7295816490787793
0.9657800262908649
1.0847411358288033
1.0906892613422039
1.0582875328531358
0.2967860354759180
1.0809962972827931
1.0953167175834750
0.2818217693770471
1.0971722432810767
1.0936602572594871
1.0918781289966302
0.9305477496146001
1.0686084858363636
0.8788954043019770
1.0242221649556134
1.0972051527691928
1.0610574001695803
1.0943496406459723
1.0937679809369860
1.0918575174453253
1.0946208883978379
0.2910090293722065
1.0828403274203167
1.0966103727559142
1.0946980151190093
1.0810401606417888
1.0972063506269651
0.9884942251192463
1.0651535705060406
1.0732452575255469
0.9434259445090735
0.5967776010253970
1.0856063128815179
1.0145658560062421
1.0867524410853537
0.8949724771956202
0.3287662129037368
1.0602304511166021
1.0904519980505236
0.9288952738498757
0.8552857662688245
1.0424133230323187
1.0927756643779059
0.8453997048234256
1.0948391053674111
1.0498021570513714
1.0944454758129951
0.8331862316982541
1.0619699168566663
1.0740522798359780
1.0878532753319812
1.0678390397301090
1.0187865043166706
1.0941435773251875
1.0922697476991303
1.0900595929665844
0.9453793397528762
1.0851470822033764
0.3143205754559424
1.0857144234803748
1.0963490947185279
0.7921533055518304
1.0829028456258671
1.0343733747845791
1.0876983164559162
1.0924533753919692
0.9731203754591515
1.0798611963707938
1.0730632752333795
1.0820038838719832
1.0908274636251798
1.0977059777752596
1.0956852900774452
1.0413956170976024
0.2856698039382184
0.7574764179730259
1.0866031213791620
1.0831138219061267
0.6591682435545465
0.9877051346767969
0.3757094949093063
1.0885293085031549
1.0752201207972347
1.0677729245935055
1.0737422176392089
1.0968504462553641
0.9951663617374176
1.0169872310462778
1.0800982245732638
1.0845665013268693
1.0569575586492579
1.0964878931527589
1.0957389343277226
1.0832926456854866
1.0640142935486765
1.0938601461863253
1.0874361496236300
0.8012668946374137
1.0385068506211395
1.0889139008913444
1.0789061894675780
1.0767945505047214
1.0003555201623298
0.9978278311583479
1.0876258380041051
1.0782186364940514
1.0919558698189378
0.6887787268202903
1.0812095386424352
1.0615147177903659
1.0944351066867715
0.5391713679623781
1.0105671701098589
1.0273793091667691
1.0898620755897588
0.9497453437779991
1.0695015033262865
1.0441827077969110
1.0913829155388872
1.0037415354552175
1.0812698136982282
1.0863980687252801
0.9210570778016691
1.0956192787205439
1.0945942739979562
1.0836908310771649
1.0986490833055338
1.0814692885005055
0.9466241122588130
1.0908938733350173
1.0747242254979954
1.0988008251214463
1.0953990937999873
1.0830457216530223
1.0664567789599515
0.8123200436886915
1.0028597165076756
1.0894543718308127
1.0894325590123193
0.3948870332036035
1.0514778993212446
1.0912167346124586
0.7738547343772118
1.0840765081771957
1.0869666608877264
1.0881272156185564
1.0588233455254363
0.9970827850710172
0.8952047659850507
1.0919228142494093
1.0902066618976392
0.2985276390452980
1.0965434627974109
0.9486738470144424
0.6683627821212476
1.0862819693408785
0.5878681791877497
1.0669845858854554
1.0862134339088461
1.0837792361628742
0.9837539116626496
0.9297560414378953
0.6915027242542534
0.8117272594675158
1.0849317808866288
1.0936607314152431
1.0899224310179518
0.7611369320494896
1.0135335734482629
0.3073145362884371
0.9737599971688183
1.0783270168203680
0.7366213678747968
0.8519119951568496
0.9871102637786011
0.9885801621719670
1.0965815443042286
0.9904746031023461
0.3035768059114050
1.0916702841335162
1.0513727396577253
0.5808343757769249
1.0716969763291810
1.0516915674846146
1.0969728803870860
1.0903739937432710
0.2893424493849890
1.0883138628602496
1.0969036265872347
0.5971769171855714
1.0516063549346251
1.0779278883290488
1.0117870477134387
0.9930911648124773
1.0982310031479920
1.0969428757379294
0.5858701158899020
1.0823661812168108
1.0916612049173919
1.0943783658519504
0.5072853607228281
1.0952919342960361
1.0548796376466338
1.0519633748598967
1.0696947605551956
0.9235289556509514
1.0572917051040853
1.0618202096677105
0.4312692578439248
1.0939926797165722
0.9298138062276001
1.0073590589702628
1.0804954643994436
1.0954276608428293
1.0570554988292078
1.0698854087529097
1.0973773623095902
1.0093832559215870
1.0770347575373369
0.7214875096048241
0.5165132268632772
1.0986319035347418
1.0664407445268700
0.8044292994790222
1.0095253711584840
0.8415936846464100
1.0888522766276463
1.0841268461268290
1.0571625843214909
1.0725359881658345
1.0828038039570504
1.0950502339951282
1.0577565258378312
0.6922889540198652
1.0597059769777131
1.0789269390971854
1.0972038512017350
1.0574504208361819
1.0796619700617307
0.9234421374288336
1.0985661988712370
0.6015532390252956
1.0860001392912135
1.0934876292612501
1.0355701349674657
1.0821406714260080
0.9635871408559750
1.0929174385620628
0.9512424419538934
1.0878307925471280
0.2864138167340210
1.0774853080271218
1.0490830720886182
1.0599087222719801
1.0104534239632590
0.9942475646345487
1.0592380919133333
1.0739583196884166
1.0464523637308814
1.0656735468729250
1.0484506620552652
1.0988679291732697
1.0902072061616017
1.0951661225643872
1.0958840453251943
1.0913692606371608
1.0911940838969645
1.0879512419609960
0.9448356898240653
0.9973548396316576
0.8476038319244275
1.0822221465716964
1.0906151338850150
1.0878526582630805
1.0365089758942265
0.7446741672744135
1.0966825881828446
1.0838075013558777
1.0847315174610166
1.0918472676103363
1.0904003505905087
1.0798875157053567
1.0864644999956621
1.0900390136921119
1.0847540865017722
1.0967634462826596
1.0951228110832156
1.0910346122973262
1.0908611800006507
1.0781403255453827
1.0946714679828602
1.0722395857283857
0.5982293306116863
1.0751662234530919
1.0504739883783527
1.0932718018487342
1.0188299090949740
1.0754294814617711
1.0873278414925061
0.5166466049059756
1.0026482303138731
1.0877277332885822
1.0938154142611805
1.0976917302154172
0.9939864224221229
1.0979987165745357
0.9163078579056085
1.0955373401100748
1.0350766994851301
1.0830476057471894
0.9980418195131849
1.0835831611627815
1.0563174577669041
1.0789898465273426
1.0923629864579572
1.0887937813776658
1.0866132866603577
0.9174155221489019
1.0935774252353114
1.0179756622713163
0.9609607285274898
1.0956514945422546
1.0808816191827717
1.0118845589406904
0.8177515496031905
1.0825348728699735
1.0957589581285019
0.7845039679679262
1.0892734859663145
1.0721147260572716
1.0603716151039708
1.0006891434969118
1.0305934219746236
1.0890804815399400
1.0943191897920912
1.0946507887207173
0.4611612891310062
0.9993831258018590
1.0778455965877112
1.0880908592044931
1.0899102225900184
1.0953686247055587
1.0899538146582939
1.0877227576342292
1.0947333784718190
1.0752199331485803
1.0934340408869321
0.7694454084676793
1.0819342120681719
0.4318530143248588
1.0969807882282456
1.0975668389876794
1.0586001504736873
0.3026757436596579
1.0818185790721213
1.0835426749566615
0.3655960210226663
1.0402505994738802
0.7447943817071379
1.0841950592149219
1.0966101817224692
1.0268636202155770
0.9494028100835287
0.4449636419996414
0.9635520700194914
0.9064096961191057
1.0736558107617502
1.0954309159947255
1.0864445652676411
1.0827878548080880
1.0895490727479131
1.0977346129940400
0.8626660959473315
1.0776865768051693
1.0682703451007740
1.0892411061628600
1.0933515714769602
1.0952570101697396
0.9632654126652183
1.0944597742009319
1.0864755827719392
1.0986876064535309
1.0946202531512326
0.9396972624019839
1.0829886986316408
1.0829531508192569
1.0857060388444888
0.3265715379847282
0.4624505612368648
1.0492567128778258
1.0897991972669885
1.0473743812110716
1.0598237421771388
1.0660555584294213
1.0889612882750452
0.8331472867394957
0.4793237896034661
1.0655058626863132
1.0693641151363344
1.0891705701735235
1.0960851070631989
1.0647659050122280
1.0777522208682937
1.0973653379238644
1.0867825085206322
1.0875779469952618
1.0862601725925336
1.0130302197157111
1.0769528439079195
1.0681427892497730
1.0512843169613728
1.0716284637363913
1.0964421560213482
1.0467084304830410
0.7899136453950613
1.0897378828377891
1.0181165702622885
1.0818483768386062
0.8728305898553772
0.9595272929806942
1.0973232608589347
0.9418269455307889
1.0748133297219016
1.0896725912521736
1.0975461958536077
1.0750526753396574
1.0941638644951954
1.0889788202487105
1.0469245780513312
1.0868945587201189
1.0785107833034018
1.0722121946493490
0.8821544621317249
1.0646082287791845
0.9405139879961396
1.0979334936630010
0.9276337568057452
1.0219431414990601
1.0390417025851726
0.6261239787669660
1.0913042414313672
1.0967270538514871
0.9016757279142148
1.0882331741142486
1.0888713966950310
1.0966932611284841
1.0564196658114504
1.0926060379375404
1.0538270272495367
1.0753518391213570
0.9984996581261979
0.9888642633914626
0.2839246990606744
1.0007157525263661
0.4921870925432661
1.0952910511645251
1.0402544637579734
0.9136657319250577
1.0990389561343579
1.0282028980243578
1.0966061937635820
1.0784858470965193
1.0725612948561116
0.7574199631166988
1.0896071865162762
0.3715079545910238
1.0887504549918077
0.9901381194557568
1.0555873365839130
1.0834289998762983
1.0142869072444598
1.0534069244287660
1.0930152871379795
1.0909927636992924
1.0977230001646412
1.0544160586805056
1.0484728896276778
0.6047311803646088
1.0638108408961953
1.0902986381587814
0.3686362983929612
1.0915686039068393
1.0549402511536783
1.0615961772229872
1.0160243006246079
0.4718243774625908
1.0876060279366646
1.0233014228744206
0.9880580818493186
1.0884274734206252
1.0816882769731710
0.6615008930014307
1.0884035995726111
1.0859464211611105
1.0981888814477163
0.5143573070450705
1.0567325334318010
1.0380522159307273
1.0438800173756901
1.0828779832358086
0.8076191405427924
0.9591112890005328
1.0276656160794764
1.0887829203913848
1.0650453839655449
1.0431390126160514
1.0179280340655625
0.7464930313432566
1.0500190544672545
1.0850548447214188
1.0940869524242243
1.0933325586586264
1.0641592573114806
1.0887115885146985
1.0912815338979638
0.9399586454777615
1.0939500133803608
1.0736042179171210
0.6996963979027245
1.0943863276550843
1.0687140422406967
1.0945950251845278
1.0795640287997403
1.0702929171898199
0.9924826841423404
1.0900118531716867
0.9190993555569347
1.0929387316788333
1.0951534272732613
1.0983612304789301
1.0926398913475814
1.0530278928923413
1.0927757924100412
0.9861398473477407
1.0950808849337710
0.9972889117246057
1.0964029331624330
1.0277909481570615
0.8545720753337139
1.0911393785211609
1.0809880887608452
1.0948350796349653
1.0934669516114524
1.0598993701210431
1.0645420356043849
1.0124380550248482
1.0894031635992931
0.9781820685081690
0.6984444773884547
1.0958572234526227
1.0473807285580856
1.0925971941992734
0.9736067574343640
1.0783411809254564
1.0889421905167156
1.0917986481352155
1.0902875798320371
1.0240631242909941
1.0950891062045862
1.0912297208600215
0.9872028053298179
1.0945041785493477
1.0960143396935502
0.7245135182618228
0.9580321491669954
1.0767493216787749
1.0909788471504005
1.0699345023598081
0.8315501678138640
0.8558128894618824
1.0815432490791008
1.0978980847375548
1.0915567703319022
0.8304119527229310
0.5349443180152890
0.2987817086280629
1.0709421599805307
0.8431456667391896
0.4028826838445159
0.9840893879212156
0.9082290297482164
0.8938695573683199
0.9941230876364334
1.0945038824200235
1.0869344816729658
1.0878788497238256
1.0969521119953629
1.0940331355269466
0.9132835465330655
0.7994355573934875
1.0374997508869315
1.0978068973794932
1.0919491492322049
0.2868322348811692
1.0502975877369050
1.0433415379326283
1.0955824378479371
1.0903631331348025
0.8835355030949267
0.8086577094147751
1.0960931061877719
1.0926516097188910
1.0907142637160665
1.0908239697745401
0.9565015565579263
1.0916687936577865
1.0940286980670142
0.9413172399469643
0.9641333625905629
1.0958136602142170
1.0703193732325331
1.0941648424897790
0.8930726419784735
1.0901051683295000
1.0832719078995385
0.9880035479938087
1.0383219282038747
0.8698807871608888
1.0847209704870462
1.0481656722435366
1.0768747254828128
0.3340457759335805
0.9550432221609955
1.0927474892787261
1.0810941640179486
0.5626718513169507
1.0563489886386945
0.6280384675586518
0.9926233071521171
1.0898645725514642
0.9447491804770405
1.0663770326856639
0.8677773381328912
1.0950638028688517
0.6312885163201730
1.0742900697840785
0.3421760489380495
1.0737993123338989
0.9039396689576127
0.5138993677179318
0.9888270098921772
1.0752835592379295
1.0887230513263979
1.0963837301801036
1.0941315930609343
1.0966092880610974
1.0764532551714017
1.0346167337340186
0.8240450083489641
1.0252966525419607
0.7840756029072068
1.0616529285879537
1.0303485474354712
1.0259777270879848
1.0975143884170833
1.0929249068848303
1.0888293758473504
1.0965501537301017
1.0522972051764286
1.0913329553617921
0.9573241749329309
1.0893098515656359
1.0662422976834349
1.0967724434172939
1.0988201352568112
0.9039969021513422
1.0936401074485733
1.0645759014926672
1.0966443317870549
1.0940518273581021
1.0881983444894325
1.0709121582792833
1.0405086650238291
1.0892367769323770
1.0830684449625136
1.0836514037511720
1.0938515751301268
1.0939602322512121
0.9810487472374063
0.6859867033076011
1.0980117363072266
1.0782559037485615
1.0944031218479686
1.0978247259966074
1.0895657653231661
1.0968498382590464
1.0931487705094374
1.0286046533767081
1.0962201084614165
1.0860842307386567
1.0417016134367607
1.0912300356598732
1.0705458826903638
1.0358487739301954
1.0326612432483571
1.0587480429280478
0.8692815178497447
1.0923409055101672
1.0133120470333188
1.0685687894188975
0.9667074861310861
1.0912203587019864
1.0219301010730186
1.0834419452458450
1.0957441292864689
0.7272363561689378
1.0913787965114139
0.9659010176830003
1.0977129489333486
1.0959468973070183
1.0896237741062318
0.9116012337508562
1.0732136327853192
1.0962745344053075
0.4285938419386456
0.8962997621618867
1.0936905309313241
1.0729124179932903
1.0930696076679183
1.0938418256550499
1.0946249274175275
1.0766851968979327
1.0685279407470021
1.0854269639706613
0.8729151832365779
1.0244895716993681
1.0806865321026584
1.0863475638141920
1.0940418694956657
1.0683005314201086
0.8888313845872473
1.0870319053696369
1.0179593029323615
1.0922765539788402
0.9900657430935793
1.0894352137525640
1.0570516290978282
1.0416489842596945
0.3953510188427771
1.0873733629765687
1.0978674893111902
1.0678743443930361
1.0733881857987224
1.0753784826841075
0.8616367545800259
1.0186235137473894
1.0011378457536939
1.0660151178387980
1.0934244548950636
1.0981883720141983
1.0960438811120488
1.0622114513365157
0.8806567299834700
0.6130538685308767
1.0981484029750332
1.0768405654599795
0.9671321657963040
1.0947162088908973
0.6827282445671239
0.3561095795452821
1.0927936482040805
1.0927930297389896
1.0505470077215222
1.0969642476339037
1.0793805504736782
0.5758276944428216
1.0947944281655000
1.0600885533092097
1.0976100905734012
0.2992294694430919
1.0955814273510724
0.9225577313405325
0.8014333059721499
0.9714872125178005
1.0933397159843898
1.0651163053127444
1.0956239396052416
1.0274357951712021
1.0976569060088908
0.7034968154822332
1.0532428219216541
1.0945348092380018
1.0437357660237219
1.0965582735122483
1.0953171130151118
1.0931281681808005
0.7378842004585263
1.0935654289992651
1.0529876837417902
1.0869067407425830
0.9314583018756718
1.0820488025801298
1.0616843992511127
1.0868079021190900
1.0840957504948365
1.0877143623515708
1.0968185911825818
1.0964690624732150
0.9213290240233785
1.0256771529151645
1.0416062237398207
0.8120193205627415
1.0912183141825937
1.0970793409064645
0.9348258667043304
1.0552704289004005
0.6223410246674489
1.0131626426234390
1.0939431894409311
1.0981152123629609
1.0555628265221575
1.0622263067509852
