-0.7600173036627447
0.0849584496982208
-1.2658005913151242
-1.5023226574624848
-0.0206490144309534
-0.9890986671352860
2.0409011903868550
0.2906103105266472
1.1709958646481495
1.1816897847910286
-1.2060431404965004
0.1923430685241490
-3.1016405927431792
0.1609142006008472
-0.2305957213691474
-0.6068877502369355
-0.8425696755477811
1.0466295529964709
0.0844422540557169
0.4352561882983470
-0.5322857838535857
0.4123451052638177
1.4671098812091614
0.7660560248396915
1.1548840782213845
-0.5806627849804599
-0.5474598819990657
-1.2925531296367678
1.8253497911098970
1.7130578693627017
0.0492793110432815
1.1234910817050308
-0.0447857292089392
-0.4003464308678307
-0.0365988265321782
1.1369476962856562
-0.6274739857286521
-0.9009197005982545
1.4739242164519333
-0.4209554202460487
-0.8994621393919149
-0.5529848700729340
0.6367539356948738
0.5981497101143615
-0.6772495769230436
-0.3259327869905357
0.0756047536327778
-0.4725612765480351
-0.4709823176429268
0.0310271667406296
-0.9207597005514777
-0.0292822644125605
1.1347039374346635
-0.3282172214510610
-0.3564294292051862
-0.5056343231493075
-0.4205824347937483
-1.2297243333570991
0.6855985863418214
1.2143956275631556
-2.7623558901343328
-0.6269793220907126
-1.4233544410204042
-1.6014514574331145
-0.4028665234697565
1.7833659813735019
1.0485374245334398
0.5147979229509095
-0.2341664290398190
0.4716912326938725
1.1505365911881220
1.8141730756740753
-0.5307412565036775
0.7278999899351304
-0.0889670006981051
-0.7682858066673605
0.2372174468083039
1.3726312223752901
-1.5219028257013045
0.0883852951075018
1.0566781659104456
-0.5262403625430148
-0.7157769148843348
2.0721915665650261
0.0602343535737688
-1.8242605761054926
0.6295790432519706
0.2157003530362871
-2.0050691453580689
-1.9556102884223139
-0.8505554899002231
-0.5764512484948349
-1.0876582001716686
0.0367953910823036
0.4042547100748128
0.0995745028555765
0.2002983261418204
0.4289056542323362
-0.0689979427686861
0.0592967483235353
0.1028848010400802
-0.5716330058303299
-0.6660044979629808
1.1203136678182444
-1.3187854548771687
-2.1959881826625209
-1.1638539850912240
2.2783241628609647
0.2220314529120067
2.4633676655299315
0.9270001338101109
-0.8409617127937292
0.2376525889868692
0.4801648603061590
0.0307228492395520
-0.5198548785483383
0.8970204621277925
1.1210098727562554
0.3111355328629878
-1.2912979260558937
-0.3802327092542502
-0.0919609615728725
1.6893368376387976
-0.2803841885987657
0.6810227948391535
0.0987906353682294
0.2938775223697267
-0.7726199414299946
-1.3434223648010080
0.5550349822953000
0.1893983499105219
0.1776393516085136
0.0410626692961435
0.3569163915686348
-0.4276769388011230
0.2442381057159981
-0.2810288237039268
0.5312228430346125
-0.0821734004231375
0.9283903089636850
-0.3999548532261687
-0.1126069292725325
-1.1601211145037178
-0.0966883062442411
-1.7382109610976320
0.8548267787395399
-0.1151827235539383
0.7417972826369462
0.5149487827068719
0.3288742899066702
-0.4389713217474795
1.0951745089235294
-1.5174303556437601
0.2485278554449774
-0.4607700750342741
-0.9046597880507247
1.2185614711409178
-0.2834211822327796
-1.2805661265417432
-0.8030652622875855
1.7487134398018245
1.4122017966400162
-2.0029921633739862
-1.1708837557504455
-0.2876168469335201
1.0382864859371566
0.6179018796958210
0.3835481437427036
0.4772567109274041
-1.2979923756680150
2.1446160201191784
-0.5044734073509055
-1.4374918537414456
2.0118692614232847
1.1992728669567079
0.3363625305704103
-0.6584903745017622
-0.3347887043174422
0.6462948096160885
-1.1402289561934711
-0.7167978205430029
-0.5785139807957700
0.0273692491748562
-0.2049997582653048
0.0682900879832907
-0.0887259075198586
0.7302525927367741
0.4144396538338430
-0.0797233997990407
-1.3005856394514339
-0.2976545064522602
-0.6843267857489261
-0.7923052282076448
-0.6505586845440245
1.4147562708434054
2.1019544779237291
0.9444342439945569
0.5967434110243141
-0.0115700996918048
2.2153151245411182
-1.0910756289452841
0.0536951892634032
1.4386289815592304
-0.8254234513971054
-0.7323674284249639
0.1380471241468701
0.8859899965720122
-1.2695617892447693
0.5544494004284730
0.8478393430897031
-0.2078304243540775
-0.2951899227880119
0.3109252658350389
0.2604603511913185
0.5145179715103289
0.6838013456116748
0.1844203502628337
0.6230554106205477
0.1781467536330548
-0.8639489543262214
0.4801848705807785
0.6177136241836213
-0.6444965113127109
-0.4630197530202953
-0.6365588483886654
0.0525073713994016
-1.0444747602339717
-0.7277692067896840
0.8273377696170036
0.1132585016976340
0.5821624898850986
0.0419143232288651
-0.2924367431290595
0.2118552946985494
1.0210030363332687
0.5287048117417485
-0.0352312535416507
1.5423189246811992
0.4166185634572416
0.7051653993412930
-0.3382422467181351
1.0757584119251959
0.5579809377476959
0.4633567876566967
-1.2506087784633690
-3.1331439703134345
-0.9692097464341157
-0.9488077393554333
-2.7525450387322206
1.4389064678750745
-2.0519174828818203
0.7798048859368013
-0.4554960981845864
0.7005887235388034
1.2246677575333234
-1.3389889713501593
0.5798965753654860
-0.1148238422817544
1.5755439999668930
1.2665655010277364
1.1590860490789019
-0.8535562530487453
1.1162531369001096
0.4682656297600347
-0.1796443932802631
0.0829058814869825
0.1683804177098540
0.8095501613203581
-1.9919178980801115
-0.8331078561956068
0.9588139087570160
1.0182834433905990
0.6051634811665801
1.0542419142281527
-1.4198025748344427
-0.9879329143203472
-1.0495600245190901
-1.1017680207797977
-0.0967174201565281
-1.7512595869796213
-1.0542632915243524
-0.6558720019474783
-1.4834843939569624
1.2094281982768655
-1.2231414350252139
-0.8090908650647585
0.6905103662683957
0.7333710539928844
-0.4017892137323608
-1.6181585821762219
1.9023345296382344
1.1578124105402743
-0.3906526406817795
-0.2900823420849797
0.7868431650014862
-0.8710603175662477
-2.7599561385347471
2.0581188676738207
-0.1332888132061895
-1.3530970822754229
0.6314464952711345
-1.8061106108219311
-0.5991791637682459
-3.7640097728405428
1.1530418125728203
-1.2509317876179724
-0.4601288075909432
-0.0354420729208710
-0.3271605843698865
0.8451875613347103
-0.3679869677128423
0.3002044194781474
0.0608693745889886
1.0506853173267681
1.6992461654602300
-2.4534855712770414
-1.4564840992832724
0.1529980552468306
-0.6189462172320632
-0.4117270073720944
0.4858432154361577
1.1717835306011077
0.5800243052866658
-0.3696317582301963
-1.6469309802638092
-0.5573353633047922
-1.0894140875795997
-0.8159767004563490
-0.3988958788457660
-0.9661310956143284
-0.1486048333912233
-0.6699068145467482
-0.9618641804686491
-1.2277301729775922
-1.9507061246428115
0.1484126924398119
0.8962076490463504
0.2392342704024453
-0.4522986772561817
0.5118600829348362
0.2449027296078822
0.1287416204538301
1.4227957689383861
-1.2089453504191512
1.2521773571646464
-0.0260935534135185
-2.0507713590705765
-0.3104936867132947
1.2041400440041354
-0.7888616497539033
-0.4943642376383656
1.6818134156854854
0.2679824194923512
1.2154959719493592
0.3842419878116577
-0.1754657241760487
-1.0167286931135695
0.1722419526917366
1.6009395393165029
2.1337223774322873
-0.3697924564780734
0.9761935925602483
0.4311724034188850
0.7947205891067112
-1.4502620009177483
-0.1211567080977827
-1.0676001087731444
1.3184080800678619
0.3498167351233131
-0.2084548844869043
2.4555506657517840
-0.1294542575259523
0.4831932841557350
0.4045973827649185
0.9691967991868193
0.5075862664737144
-1.9466027914514987
0.8108316081127481
-1.1305712997648751
-0.6453869134637243
0.9045799024709861
-0.1225092750557231
1.0606203211315197
1.0163679756173249
0.8540235034720440
-0.0818131792149420
0.5616416647722792
1.6451871695631923
-0.2861720093737127
1.1248208530919455
1.0470391264023740
-1.2783008089228283
0.3744711381733784
1.4170358254625941
-0.1493471022742675
0.3771451228679844
1.9139093039394379
-0.2577061624768489
-0.2155496644960938
1.2125839628203570
2.3578677293070189
1.1263908374609275
1.7131934710760357
0.4630134426336644
-0.5626564039181727
-1.1601632717426269
0.1267506591346800
0.4797391433388022
1.2716127943357056
-0.3187618633550488
2.6574148324762374
-0.4133717127951508
0.3137650785226530
-1.3289910915394703
-1.1869154155060431
0.4166108235652786
-0.8985198738754550
-0.6694290782979163
0.3997448224350434
1.3004095852858133
-0.2200061122765180
-1.3012114494389715
-0.5025225350649646
-2.2051455910746269
-0.6660996967925540
-1.5394623805553538
0.5049945420615777
-0.5505254941819627
-2.1711677621685199
0.9688341934740508
-0.8383499235964811
-0.6947624879147953
-1.2723734033046314
0.4679495659051120
-0.2142885351094357
-2.6810019604320763
0.6448001091595080
0.2031711100784769
0.3500469761030741
0.5197425450057920
-0.1960252988906284
1.4936378126312257
0.0576177807401036
1.9766657868746071
-0.1949365136537033
0.2866215244533413
0.8682436008822927
-0.5249992330942792
-0.2971977061981756
-1.0531282509576014
-1.3457339539144313
-1.4886644857468900
1.3590391756699456
0.0288574644683440
1.6972219221170548
0.5060379649890424
0.4423853250731488
1.5184970627120471
-0.0246111625787301
0.0721837290562158
1.1987001988739177
0.5454842672503289
-0.1495237390195682
-1.7866530862677077
0.6216354209224524
0.2555157716786448
-0.6740799915354869
-0.9186649448795348
1.0290847134873466
-0.9261328521942284
-1.2996792120572960
0.3023670945066048
1.6672092367451550
-0.2121472353104107
1.1282918128499815
0.3766910541866622
0.3629174760436050
-1.9062153203541625
-1.3502823919389249
1.8609812256478901
0.0354058145840959
-0.5651618210481182
0.0171463996514906
0.1265095750316133
0.2955706386626110
2.3056523972571146
0.0324044959656744
-0.7918025055287755
-1.1659297461342744
1.1053576469526816
0.8409183482795051
0.6561293459612176
0.2889552474776526
0.3918381824940865
0.1526115562093205
1.7825916248115783
-0.3306604512014686
1.4334680684108749
0.4431422414896493
1.3734764149521101
1.6936220208469128
0.6878156933350872
0.0118460287160377
-0.4978712259465767
0.3495837452185703
-0.2763146432601172
0.1452235296769102
2.5010668885087313
-1.1808922163625857
-0.8008439701137012
0.1860843854544850
0.9513018039395160
0.8736060019630472
-0.1137162319093448
1.4365098527244184
1.7436756679927479
-0.4369396586765069
0.7759032890346439
0.4545554332072923
0.7344517196744065
0.2477778563937617
-0.7138054376983732
-0.9514528888096091
-0.9176120202339300
1.0413237730860863
-1.4144896753339495
1.2587909710929912
-1.8127647788318215
0.4307750112226120
-1.5784203671751891
0.5913076807021087
-2.1454101982092695
-0.2750064145507785
0.3289891942950764
-1.1845301525826735
-0.2593959289979982
0.5852722675195140
0.0218121982614391
-0.1008297863079938
-1.1339985783010504
-0.6638691468085001
1.0455690167034488
1.0663420887848754
-0.3924322169227137
-0.3707929274722989
-0.8025149341876502
-0.3695303473085261
1.8187408476013549
0.4144634962850974
-0.0943574698424166
1.6998159992955304
0.6974805694761670
-1.1071786014939056
-1.8717729234521414
-0.3093892493718561
-0.2044956132506203
-1.6628015319263794
0.8226311407886663
-1.4308896942300477
0.5060505992006313
1.4622691326357247
-1.3719883713529322
-0.6357244563145115
1.3071480698052369
-0.3747594944617488
-0.1819923392318000
-0.8333472239212226
-0.6113342022401820
-0.4035489077239501
-0.2299005200559815
1.0463386949751059
0.5865811158956318
-1.1220885398698357
0.7706406909543586
-0.3923968458858121
1.1003934432056977
-0.6336077884898502
-1.0121320455772773
0.1184899711067204
0.2965791707559025
-0.9344087018996108
-1.8062969348491755
-0.1484819801607097
-1.8196213257524172
2.2726290116656260
0.3440344467242080
-2.1281432047949442
-0.3250689727915141
-0.7246861212279739
-1.8153322937595358
-0.3160422111192074
-1.1471215539643340
-0.8926114805481519
-0.6857000911339943
0.4356599600167377
0.7815278410408435
-1.4032336858376437
0.1101200618841575
1.4067263601980335
-0.8208354711344332
1.1495036425555549
1.8591714474182357
0.6308667887466796
0.6542386094404173
-0.8281380880703471
-0.3762117539317490
-0.5734699629158991
-1.5801092062475544
0.3973014541549547
0.4147237752186029
-1.7385682977890764
0.3994275456885413
-0.8735362415561531
1.7701976435896321
-0.9931839615593165
-0.4059145958804541
0.8539566664088790
-1.0726047284413298
-0.4076369809800042
-0.6057695638729255
0.6579294968743370
0.7390531886573315
-0.4550679644834116
0.9303220016258645
-1.7509245330168650
0.1144855383126604
0.0212682659817890
-1.3218028834662543
0.5509345322236554
-1.0048919932683704
-1.9691940487857051
0.7243540646234800
0.8585855005596200
-0.9711352816765622
0.0513800719645111
-1.4368889658601929
-0.3762107422011985
2.2842860643885516
0.7602127082127296
-1.3765469207414385
1.0778927232310007
1.3341741863711505
0.2847305011493753
0.6612729622885258
-1.8667421929816814
0.1247657305628268
-1.8260793263716422
-0.3217337352649595
1.4940212477361272
-0.0866280915268084
1.0640201437817209
-1.2574335235382388
0.2055331332718526
-0.5969721931746653
-0.1020790355709874
-1.3081664101750998
0.1507185386457141
0.4536382347914810
-1.0825287378641553
0.8307364802333311
-2.3979795769072090
-0.5795344633918812
-0.6599942091964595
-0.0238009933589115
0.4801684233343240
-0.0071474633828003
1.3088110877141286
-0.7156802085890632
-0.4536508423548262
-0.5187338269447916
0.4921438980751612
-1.1379104275210679
-0.4608938731446214
0.0500179538120644
1.8782347543457203
1.5563589430526519
0.4194289030000787
0.8071542013471070
1.5072842323720457
-0.1171322670359286
-1.4097286630749426
-0.3516451173990550
-0.7953610718960389
-0.6240537653239360
0.6852814208931208
-1.1461702476897533
-0.6950523306956414
-1.4806419766168197
0.6971122174194974
0.8683177267531536
1.3858853632396653
1.4367714170027397
0.6425522115120714
0.5413883741818399
-1.0750122004918563
-0.8419331152355833
-0.4481190689668399
-0.4568990583407193
-0.2925932501768567
-1.0670317747161351
0.9587358374369301
-0.2766376041550165
0.2848599154623958
0.6601190770927937
-1.2464262579416983
-0.2359488295026884
-1.3878041253957452
0.8376724107349625
-0.7861002875562467
-1.5586607699306601
1.1509353104152089
1.1301888006017935
-0.0007627145629689
0.8028631027735057
0.7388148945543199
0.1662881507807450
0.5102670616299917
-1.1944871601870408
1.6903267247662046
-0.2175309145178145
0.4933713026589543
1.7135239372319160
1.8616268968415486
1.2776629026584772
0.4883096641805013
0.2674584865413496
-1.8744375534854703
0.3253050191419181
1.5232715090710112
0.7236743389136705
-0.4337730300053769
0.2399359656314429
0.9948578377049722
0.3651382739971393
-0.1513651610695943
0.0081646205809272
-1.0833688974659592
-0.4003055108466834
-1.6793443659903720
0.2432903883726880
0.0554320435181266
-2.4227825802704985
-0.2880339881573003
0.5237059665606811
0.1932523445204835
-0.1472557878195051
2.0559096679966640
1.6785356763274069
-0.5776606512407220
0.0456053985880485
0.0668971920032928
0.0671623934865457
-1.9135553923278916
-0.4495071296519687
0.3468988402047620
-0.1767719392776075
-0.8908086130994154
-0.3174798939684284
-1.3347630883192954
0.7949055771514351
0.4722313166038703
1.0593134546162379
-1.7724486216852682
-0.8010730578277466
-0.0288757384184936
0.0318725462078882
-0.4656113607040959
1.1393565581782130
-0.8551090769327209
0.8081487729233442
0.4740785880287308
1.5854187979781571
-0.4317019946624324
0.3562782773831811
-0.4812404943504632
1.3662453447489249
0.0817183414435761
-0.8041585574742471
-1.5219827118870988
1.1261998662458963
-0.8207371691146891
0.1319507952488778
-0.3147301760023062
-0.7083399643930107
-0.1039885308713731
-0.6486016612125104
-1.4459140792875735
-0.6047833172956668
-0.6988145291195468
-0.4690408240443977
0.6387137268120364
0.7777421530526589
-0.2839162435553153
0.5995990792727359
0.8222221335423767
0.4742839791172739
-0.5437074642986301
0.5291698989885925
-0.4934155982738149
-0.1881686730517378
1.2827857089331913
-0.8214372131353417
-0.6257609544587985
1.2499537763344284
-0.6713911561482251
0.3605647648459105
-0.2879072468567146
-1.7193328571017263
-0.6452988384905779
0.5726961697651048
1.6108980645155502
0.5119970751053323
-0.6150975086094986
-0.2193395228323436
-0.4271695778253574
0.0264818391409465
0.0819947084413880
-0.4887381274937752
0.0971370442204031
-0.5195116377522326
-1.8421079524693855
0.2351892650229227
-0.5425773679826413
0.4677052665812004
0.0066275458380891
-0.5436679562382417
1.1347074660393000
0.3442759517204691
-1.0860781829567780
-1.7948933795531168
0.0061682454766299
0.2259035232395201
0.6002760544838931
0.3489120764086510
0.8763889498126175
0.4605275382812272
-0.2642158507643900
0.3498433872036316
-0.2690010307553048
1.1750978730685306
-1.1176846167826671
-0.1799077769504602
0.2667852304035511
0.2219144248495351
-0.3021116877004311
0.2315505182237479
-0.0784908012211340
0.0732932305995594
-1.9103517312706655
0.0310329182291703
-0.7235430442703018
-0.3685495063811340
0.1592774912448882
-0.1573029168300224
0.5554517413501763
1.5471672288199505
0.9553112738176287
1.3738631010705158
1.3309867104843653
1.7178926624655981
0.5334814383018823
-0.4253981069200539
0.0933300352938946
-0.6830446310807082
-0.2077353135458747
0.7647325580830041
0.1683894865237200
-1.6057288447695712
-0.3797771920223887
0.3741104173346488
0.0109388366972366
-0.5015979005881163
-0.1540248983722082
-1.7956299365318007
0.4562204769620862
0.3484615637050572
0.3649333889216664
-3.2643708367701127
-1.2102687070103204
-1.2859328562148269
-0.7768113492418255
0.4036686554124742
1.2340552983422548
-2.0599909979188573
-0.4148809182748672
-0.5984890682911332
1.9559536873395702
-1.3386114046093589
-1.1538460227711818
-0.2921964714958618
-0.8952319098633522
1.1337489924429067
0.4583094594844959
0.9360016574242221
-1.8907064383814416
-0.3336475253494673
-2.1509774242822881
-1.8675659519112364
0.6961301094511895
0.0638136626119408
0.0915951950572363
1.2394372326601881
0.8519515123925611
-0.0054933768948826
-1.9052862728637820
0.0575473631566476
-0.0127201423193655
-0.4237058238447380
0.8672368300104660
0.2477373982395503
0.3943973719320524
0.5766379487040932
-0.2153381428893979
1.0914498996453410
0.4534763842563380
-0.6186774884016852
-1.0971475981301448
-0.3652867003531176
0.1487366836693228
0.6491324651995535
-0.6294837370806360
1.7497393416509719
-1.1437794337595688
-1.7540942452838095
1.5015970555801308
1.5715563123521508
-0.7188768471798532
-0.2398716189269564
-0.8713437640638078
0.1996194300011437
0.0670494389198573
-1.3404098686368249
-1.6474941466996493
1.0910978776213589
1.1785643424319199
-0.3860500341369818
0.7277529832585649
-1.8019299099506032
-0.2654356588007682
-0.6026833222741605
0.6347035422988641
0.1706156377383297
-0.6263045093589648
0.1994728438140354
0.9921728462874909
-0.4753664223074686
-0.0613498909399268
-0.1520830863601115
-0.2668141689325251
-0.2594501028290871
2.4141012349366999
1.1620818037133049
0.4881687471094313
0.2042642068116734
-0.3085911066065671
0.3824168344712776
0.6444056891721559
1.5303994041563986
-0.7272997340078442
-0.4374610697724869
0.2569181402163190
-0.0279777275361106
2.6731641526811223
0.3832261599576060
-0.3081996364448151
-1.2729722975455389
2.0061389838875963
-1.2817004012232309
-0.6298719976260990
-1.5254672106843348
-0.3082347409747785
-0.4007599841219801
-0.4959064722057770
-0.7266534105561827
0.2628720620771077
0.0996825948342044
-0.3174982872405523
-0.6048488031487995
0.5640925466016401
-0.9836932530887827
0.7715305187807129
1.2594708174516875
-0.5416570698215860
0.2929721499549974
-0.2101810114172468
0.2511985913265569
0.0051460281610911
0.0514783206523128
-0.7784600487861864
0.9031760031776971
-0.3535741321898023
1.4833356880272583
0.6289534122459407
-0.7341976030608459
0.7336323327844130
-0.0231416607998302
1.6162852327995492
-0.6633071682818636
1.9453542914420290
1.0552641270671712
