1.0793191972464087
1.0865937025451777
1.0160290361725322
0.8235085944926407
1.0839053111759880
0.7695207389222662
1.0875471462689725
0.9925567737256422
1.0943192383143134
1.0567059864818753
0.8076873372428147
0.3749539202151587
1.0722030411237564
1.0949891271502317
1.0981426023578047
0.5174388356970682
1.0980658781985910
1.0665174958793471
1.0868199701567069
1.0972796450503706
1.0654560829563913
0.4476394519085866
1.0975386422445603
1.0973690148041273
1.0167390574120727
1.0245608417807268
1.0747319519311769
1.0923568079967503
1.0812932800274866
1.0940234016623425
1.0211872965378583
1.0951447766653291
1.0930451705861917
1.0979655593613180
1.0044819042495785
1.0770283974326711
1.0979517111386670
1.0965603010827338
1.0887528065219418
1.0958168275230507
0.9295179963311693
0.8840681287623847
0.8556757912400550
1.0936278604536607
1.0413806442275197
0.3876967393950034
1.0963100175381317
1.0560902943219326
0.9470168298442475
1.0898787288973040
1.0886129374487317
1.0757698226821717
1.0142948276658934
1.0756188553947115
1.0960345194093761
0.9328310682126328
1.0960259299249748
1.0619765384367117
1.0929868415586961
0.8366307742237936
1.0979143246685947
1.0934824284616047
1.0871531305651658
1.0154417189960072
1.0895023023940815
1.0905603980028751
1.0883068142124261
1.0954710240588537
1.0860199055540536
1.0938858600747818
1.0961358598795186
1.0939515512520308
1.0556984696930796
0.7042546143878551
0.9650386908466735
0.8854347037587408
1.0758322324164369
1.0921814479750784
1.0780390719542912
1.0649675131700367
1.0493153151385093
1.0958323995543811
1.0829360737444753
1.0854528240690637
0.2817067922198445
1.0829209245760163
1.0901333020585562
1.0925747232155119
1.0960028845903884
1.0938341203468855
1.0977363960337005
1.0978431665583270
1.0951047730461860
0.3307743131178305
1.0829063640521908
1.0826129779534071
1.0662708858522372
1.0667628919235870
1.0942128821391901
1.0923082766235299
1.0925008176079447
0.8247392297269330
0.2829204343260489
1.0758434366252165
1.0954854965138427
0.4055378205379894
1.0964035097222486
1.0853661179692033
1.0043398384795388
0.9372036610359199
1.0829635262432693
1.0292915684198818
0.3475409427857514
1.0767979430235701
1.0981699948418966
1.0864732814877971
1.0854533208636330
0.6067274687155956
1.0963877432190599
0.4525142961425039
0.9782382615631274
1.0772512600230495
0.9524097819127669
1.0962624574953923
1.0542849336676112
1.0515422090524800
0.4036972587907468
1.0571722193593769
0.9762164288530248
1.0881750161153512
1.0959449697278998
1.0965588868774807
1.0953020010152681
1.0968156386313312
1.0947895439284347
1.0968591182470306
0.5486741114121289
1.0982235704881851
1.0948404047803770
0.9838992101598644
1.0908831788390072
1.0816783199931554
1.0870098466886255
0.8552586116716733
0.9871462295596913
1.0945061518218802
1.0952987425420702
1.0354881628550598
1.0960267170952265
0.5595709660095586
1.0838177817142483
1.0934721709944499
1.0923739337421343
1.0941372947208388
1.0648278348798981
1.0767968395616208
1.0271075543332944
1.0963225303263069
0.9823695095930589
1.0927259799491644
1.0102795122414017
0.3071522727922185
1.0794314520371286
1.0253680195143506
1.0918167416910125
1.0710844025317889
1.0084583943010299
1.0811853839690859
1.0733437806426034
1.0048118111444220
1.0812185791669451
1.0759225897120956
1.0950371872536877
0.3396882429149032
1.0957817500400011
1.0857438205196093
1.0898794866339196
1.0675092289598613
1.0877774971212846
1.0974667474756306
1.0552465289852437
1.0949774130967920
1.0965239897534276
1.0842846782388944
1.0889381633714210
1.0667355043509148
0.7873703245371670
1.0695434206143346
1.0942542908411403
1.0976668569506183
1.0800716004690947
0.7275578817280486
0.9569110221753330
1.0790422639682342
0.7201178737120050
1.0150863579221829
1.0827534799073613
1.0689162332735851
0.6421316554326604
0.5247202682572246
1.0368046802272919
1.0896363470878276
0.7373962050565940
0.3338199129304703
1.0241174792743670
1.0668776714477302
0.5737354243996130
1.0183875197583017
1.0910777961837477
1.0169506940520816
1.0039068649673504
1.0977075183892504
0.3877072297832089
0.7807352093225478
1.0839421176912536
1.0384272553614540
1.0854264831521765
1.0878059023268489
0.4278309878433594
0.8512903424257044
1.0967611256016938
1.0774111086849392
1.0540570897362636
1.0983453786189870
1.0963463974136265
0.8761158006619063
1.0850114888570974
1.0907787237901909
1.0716787837747308
1.0655999032001418
1.0853527995043426
1.0506980439496896
0.9862025925907347
1.0915326926726496
0.7770077763584780
0.7883267160516114
1.0231525040683385
1.0267277102779913
1.0902431324485045
1.0564712124284465
1.0976228638073617
1.0573157938972388
0.6021635777686507
1.0960025697037750
1.0543366748202607
1.0950638635887671
1.0937752022012366
1.0927166674180435
0.9103838245943665
1.0352432380160559
1.0950879371744835
0.9877382815028305
1.0977002533345341
0.3149323818521440
0.5095058324245026
1.0832323572651121
1.0132332361484755
1.0967599376541115
1.0933908945247510
1.0931829684410204
0.9530312870266351
0.3178882713219958
1.0747527100432130
1.0493891666286999
1.0968503773458820
1.0918202493146729
1.0943151946986474
1.0570430253249632
0.2823803647415462
0.5186989586822187
1.0958880300328884
0.6393455912417755
1.0890563090415073
1.0159718037012593
1.0304378859792076
1.0282067306230680
1.0663697662172718
1.0920886711421065
1.0727724113585335
1.0293743682800740
1.0531027245561069
1.0824402789042076
1.0275343767883451
1.0545972091993245
1.0575188155084636
1.0756144945864332
1.0937945634750033
1.0919084531012635
1.0958220276989645
1.0904499569818562
1.0714599865095800
1.0957312950346099
1.0845549494880609
1.0946964894980609
1.0987106860934217
1.0954280211019516
1.0763281445735924
1.0957677149430307
1.0891132717353085
1.0401618968701793
0.4389057696002451
1.0974684802923680
0.6821776719804072
1.0290568519071137
1.0883458272042301
0.9153527510606884
1.0767798586302133
1.0912031085693890
1.0723280129924209
1.0955391649101094
0.3343716923076256
1.0932184306191650
1.0716281845001816
0.8671625895476802
1.0264238704921040
1.0858731762374967
1.0863118200529940
0.9274388411148323
1.0878546452579363
1.0930532328717422
1.0942682436267153
1.0694552623087308
0.9463762727587806
1.0962731247658806
1.0840136964909319
1.0882199659058107
1.0959028955768537
1.0927940715622346
1.0827156701118230
1.0676683133920051
1.0762784609479992
1.0950359425757337
1.0544860427409730
1.0959555136263381
1.0842985495572659
1.0900199100290686
0.8675101917951913
1.0792027500470194
1.0894535562059189
1.0907171658579280
1.0974248324731066
1.0951275773746945
1.0976452376066512
0.9932865528666999
0.7359046438232865
1.0886927014208729
1.0904891512401123
1.0002210525098740
1.0951143451604521
1.0368921035023637
1.0912639285791925
1.0847874617905269
1.0697333595152272
1.0875487954704250
1.0873043648880913
1.0526864618563252
1.0714307692936897
1.0824254827231012
1.0621438713508629
0.9686479956934113
0.9997781500623981
1.0100341612501609
1.0887883524700972
1.0908740116335982
1.0883130335259688
1.0744793575663272
1.0889081375864444
1.0887596201071921
1.0859463537170468
1.0296567671021963
1.0944371339857928
1.0955345251587834
0.2922503338531344
1.0904738840222323
1.0832893572399187
1.0895246572485524
1.0627197240916941
1.0961033976028831
1.0859265307154582
0.8916402723843735
1.0852888333076940
1.0457917163874615
1.0960084856678678
1.0905059053408956
1.0938476143839275
0.7465916068391852
0.5439918657844609
1.0961014865380725
1.0696765548262859
1.0604590431032350
1.0963279857907340
1.0403030649809026
1.0896781722273909
1.0980317173437382
1.0897009341924764
1.0957288956596727
1.0891194973661189
1.0837252981746728
1.0966857020694025
1.0891941964456728
0.9224817929632002
1.0944920451721158
0.9154179375903064
1.0935662856760349
1.0716502209841499
1.0981936209474126
1.0970575302863592
1.0948017866043913
1.0814256237492528
1.0869661719436965
0.4965716681394130
0.9959579228576928
1.0730680429738846
1.0873224513483606
1.0908125455651008
1.0492525603838585
1.0957871698822699
1.0787219653728437
1.0792787356950073
1.0927512554017653
1.0935687253649720
1.0774123743908746
1.0913186683175191
1.0974245472179662
1.0845479193555871
1.0811382920239379
1.0933092166201137
0.9788893931824950
1.0709614414761599
1.0846380059986016
1.0339120338047978
0.5001439451589674
0.9992916677742059
1.0890487797047825
1.0862266414662993
0.9804629497327740
1.0347473768000341
1.0942011639403213
1.0974931965513686
1.0794833292478478
1.0974376281348026
1.0684127972273041
1.0013917577369269
1.0563356678948166
1.0856662650825164
1.0947595135388575
0.7730745568678690
0.8751658740785054
1.0963160860049668
0.9898544918651473
1.0160684774866935
0.6274544267549583
1.0975049194299693
1.0923724177732961
1.0712587664072089
0.4140781959250535
1.0665113478553125
0.5786070598699121
1.0696702518222547
1.0941715201737550
1.0282044047892400
0.3103844933391031
0.9952447534538005
1.0860163820654842
1.0684435449066207
1.0737241341922528
1.0944748787475294
1.0924253939923296
1.0874374719688049
1.0858564372586512
1.0579460221082841
1.0984520133192097
1.0878437315836393
1.0699519360603333
1.0940542740964141
0.8684793627935349
1.0463281777462934
1.0948968194598394
1.0722542880593795
1.0835595241093985
1.0759313876377958
0.9251052492148255
1.0165876844949904
0.5727706987903354
1.0949615329108593
1.0929100382624370
1.0939865911910089
1.0987321982659297
1.0955415259196954
1.0902261655401480
0.3803926481163599
1.0377891280187692
1.0774539730682515
1.0812724100710220
1.0316261414752237
1.0116389006450786
0.7937992301096685
0.7747768781235282
1.0445739855058802
0.8955178203846054
1.0801381748290508
1.0621370403704635
1.0312875435619688
1.0963708460779145
1.0903736207662709
1.0803788889616643
0.9222282401746095
1.0827277493793315
1.0974046849812520
0.9232035225106403
0.9348652137492045
0.7401889620678906
1.0921186421663489
1.0943196195200040
1.0881049067707596
1.0978544710766542
0.3686246048399268
1.0896804344307045
0.6982686579987538
1.0835682711516521
0.4257727622902429
1.0798939228471505
1.0939153553894150
1.0632628730692424
0.4025419045665574
1.0870430916994107
1.0538236050115473
1.0888148372203097
1.0832089022262799
1.0921217479348166
0.9514742175961489
1.0890181175019291
1.0857203034991290
0.9878524869878003
1.0942139663045281
1.0879238650412306
1.0939718207265443
1.0881596592666671
1.0942783022808980
1.0217961360396621
1.0982715772345297
0.6976969854747872
1.0896582629836171
1.0953639404669866
1.0918882921754853
0.2850437313706872
1.0883346935417990
1.0869375062839042
1.0899357796841065
0.3621251681814752
0.9220114102211099
0.8056716104489500
1.0497898387022639
0.4403114982781953
1.0943604078393370
1.0891697832042322
1.0479097040845065
1.0957971567791462
1.0878980122206556
1.0964837273933563
1.0917474140079733
0.5265809523859800
1.0934056901178979
1.0934236434488516
0.7059408966345000
1.0608898311572168
1.0936898468465734
0.9909271715778206
0.8556901794633888
1.0629312388629659
0.7344121328851458
1.0944492058374276
0.6172553877862129
1.0968515940772554
1.0844593165858116
1.0053322489031864
1.0884872850091185
1.0371680244196235
1.0969001637327376
0.5809241583139948
1.0779230953780607
1.0184765976495618
1.0789753656824783
0.9713894321506351
1.0932482182092234
1.0920052786783572
1.0984380063970347
1.0680429760588850
1.0336819597931584
1.0827551339222528
1.0663982466032049
1.0876992256583695
0.6883822257397647
1.0754920651573556
1.0879120285452468
1.0851650681176315
1.0769219003256996
0.8911961395344994
1.0711850080313969
1.0967201171456913
0.9522319136084868
0.2834873674559981
1.0830990401147633
1.0784031690951270
1.0814253059758627
1.0769029729219854
0.6209105914607536
0.6859129298842416
1.0742357734580339
1.0971093462445694
1.0900987739865224
0.3325053274898319
1.0855124400617626
1.0652159569290385
1.0554047499853270
0.5456893831293972
1.0638963055345532
1.0970801483018735
1.0485769474981375
1.0305482739055147
1.0967754370140086
1.0862453647701562
1.0895363741071518
1.0916134581823991
1.0897182467800410
1.0962920846738553
1.0501482217356102
1.0923127031924205
0.6865598847370693
1.0630693391054167
0.6152177611520093
1.0945381972087349
1.0718621038303549
1.0856710978118065
1.0842654581676296
1.0773822336574364
0.4239030199555261
1.0484456774306581
1.0644090663693293
1.0986674255200646
1.0772436175114766
1.0715550401894482
1.0966844203289119
1.0467544216673348
1.0695576212322293
1.0942708140351569
1.0978823454069846
1.0965847993035536
1.0931160953208523
1.0697148077437355
1.0920698246368332
0.8085775490512551
1.0983756188202209
1.0945956726204129
0.6365501894107232
1.0828236212132112
0.3331604224366011
1.0824147689113157
1.0796737028162964
1.0820387081296747
0.8934332213479586
1.0419324350124344
1.0502184954229263
1.0852343610042616
1.0915825656182490
0.5086119455537546
1.0926029894116147
1.0937580534491149
1.0811519578311963
1.0275905695292078
0.4923871057773683
1.0644191235556810
1.0925483074569828
1.0462582567754954
1.0882474842894341
1.0309221319123789
1.0940679726264260
1.0731967293912559
1.0878351874880725
1.0950231523039446
1.0505202548336694
1.0872886792552372
1.0786505525233165
1.0913332334717305
1.0952150408110890
1.0428943674311397
0.2833216864594209
0.5118132536061041
1.0850817868920624
0.9831533085924887
1.0400317504225822
1.0867308723621738
1.0838055317072339
1.0444663864475197
0.3247046702952109
1.0888218111434231
1.0124021786773079
1.0898758255187790
1.0540199487043260
1.0403317957826008
1.0872026823525371
1.0966895692555387
1.0938062593196636
1.0719259237506205
1.0964885080136644
1.0941644268792972
1.0966962524777610
1.0790052517937585
0.7349820385510373
1.0094426546576192
1.0910177878123455
1.0900158820445427
1.0926664140390470
0.9268948072046230
1.0945753872616144
1.0645452639190478
1.0966893638836259
1.0879584146585526
0.9993949768965653
1.0977046819814946
1.0804078509174950
0.8974537279980936
1.0978256828658082
1.0369759729838750
0.3052409392340337
1.0966043757418888
1.0608336316874041
1.0753370146564192
1.0983189541351808
1.0687667400135987
1.0960489000127689
1.0946010515767646
1.0515856003153639
0.6691788580549941
1.0961648758869496
0.5706616502533250
1.0935069153388688
1.0776306837357128
1.0594334514857320
1.0664800050972996
1.0933225825470720
1.0436406988817728
1.0677695008736126
1.0730343507918660
0.8651139013884249
1.0987428588186803
1.0963200710907866
1.0828454015032074
1.0956795416944403
0.9823843685561862
1.0973437447647676
1.0843818216484797
1.0694044801129428
0.6016153270933129
1.0174575840018882
1.0865363475150611
1.0851499607697965
0.7255358191164940
1.0905501431810427
1.0961927062856918
1.0549248688007693
1.0842429775084401
1.0621228403196477
1.0144540949809786
0.4033241117471286
1.0892121347798664
1.0571606401035727
0.8599209516987476
1.0941813342954165
0.9600740099585132
1.0928288139449358
1.0177892943284186
1.0411109979246644
1.0811554428748040
1.0818993025031367
1.0926732508432591
1.0550190796943804
1.0491163375380417
1.0954702491624164
1.0246561658038575
1.0788818081177500
1.0920270185988468
1.0924141739658106
1.0941466553080843
0.7493948525416536
1.0864980518555634
1.0977662642450732
0.3276594558353430
0.6782080133051894
1.0952416042869024
1.0953456515575279
0.3148261506399563
1.0588792125153379
1.0673531024246168
1.0873428959206717
1.0870831152900207
1.0768486470680383
1.0725140759953706
1.0568805133343155
1.0970769354675967
0.9566637902285379
1.0967386880812242
1.0487242922941769
1.0595586388356586
0.6920793167124685
1.0983574360450046
1.0984855556406719
1.0837448767254694
1.0937950144262456
1.0757201453307139
1.0983404954088305
1.0968547651800697
0.9418507360172820
0.9927739516814903
1.0675081095820640
1.0533893248937698
0.9840294374971703
0.8384585314648050
1.0284636003222314
1.0750144136691351
1.0751636414787649
1.0976233854085888
1.0912450510011904
1.0770446284950370
0.7343945709401464
1.0952494767182044
1.0948040647754917
0.7493241878852575
0.9533638715220348
1.0942120318971729
1.0920856386810076
1.0816634055046728
1.0781176846766785
1.0954556739104171
1.0849585515762319
0.8558613125422279
0.9903635874602890
1.0269671335103354
1.0309285383888982
1.0973014982407963
0.7640782916592515
0.6606788897969667
0.9095801594870985
1.0910468143419030
1.0730922305522581
1.0661373200187718
1.0872690151684168
0.9776940524293162
1.0754162444713753
1.0931240533854536
1.0928197557145229
1.0771119413039631
1.0873889650948174
1.0202502337075956
1.0452122588370283
1.0717052710799269
1.0208057032254139
1.0940608082581604
1.0731249335112210
0.5912050943046103
1.0853318770396805
0.9775170988650310
1.0879033107741241
0.9473147976078058
1.0581249022293475
0.9632148190891098
0.4914394339366500
0.3415858522972727
1.0510350312053016
1.0862989012188171
1.0905694149801430
1.0951729047151253
1.0768959806048495
1.0957297925533727
1.0964619921666043
1.0888731135379548
0.9691325207136954
1.0149114855069612
1.0894330692520564
0.3992205930604860
1.0285900779481711
1.0873470762450630
1.0824825190453691
1.0983500448582890
1.0888630368282513
1.0778509631469366
0.2811337231360860
1.0489989064189353
1.0741999844770540
1.0962067077693507
0.4428034035420835
1.0935987144492529
1.0858193626568748
0.9653594070890132
1.0364525578835140
1.0668963867812580
1.0773197631125508
1.0973389289361086
1.0988656758405817
1.0862649433262745
0.9205815984990749
1.0825697192006716
0.5449103889888618
1.0958743408783853
0.3743539448743063
1.0794978027174844
0.9816017064644614
1.0958256164561266
1.0915498237389480
1.0971235802220736
1.0723501606234491
1.0855674899426142
1.0888257224136160
0.7884817407749027
1.0547986342852063
1.0464145210116549
1.0864222819002072
1.0017191678922497
0.8824234696131920
1.0631622305807882
1.0932779843228309
1.0183979866049606
1.0956508906777853
1.0961496292505635
1.0754613154606156
1.0866167003450671
1.0858568130903257
1.0945255570301835
0.6055636885670451
0.3797253927302102
1.0627431013096216
1.0952445963789199
1.0865136821329771
1.0893696100078050
1.0855691631011630
1.0951691747196022
1.0934985504323675
1.0723282543594763
0.2818456462641315
1.0817899739448358
1.0776606916551155
0.4087999624242071
0.9591047601995296
1.0957853437459151
1.0944787249972321
1.0970142705254324
1.0734026048705541
1.0703282621094092
0.9504857494503768
1.0978483116083260
1.0156022678231131
0.8213091917290943
1.0908624062495904
1.0926141998665859
0.2808487540198523
1.0784921707166804
1.0199102579248520
1.0947644770094846
1.0472503638561723
1.0935392744235604
0.8961492026678061
1.0684690203343004
1.0925150919710265
1.0724833301499819
0.7368601138877230
1.0858105481577573
0.7764768495053070
0.9375567283804551
1.0916655361814642
1.0975816519270389
0.9525872678608405
1.0831142443881807
1.0808513637060531
1.0749442215156737
1.0944086715204286
1.0728059780017418
1.0790219276816115
1.0943738795990232
1.0975803851987864
1.0346241214476135
1.0676583973460301
1.0485599460645971
1.0714493885417993
0.7506043614050705
1.0817075816241670
1.0981237186221657
1.0610931625953204
1.0922953959767905
1.0742082637408681
1.0809271724875933
1.0929749662782136
0.5370390388118360
1.0952484919195660
0.9253788481311778
1.0716530219792531
1.0918132123767601
1.0578788865589615
1.0977362135488595
1.0851774795056590
1.0915494194860684
