-0.1813818110503456
2.0119398998995526
-1.5788867785531577
-0.5785077085152298
-0.9384884817112589
1.4208893383483354
-1.2619768581634825
-2.0336933176355565
-1.4935738144991744
-0.1186211059537197
1.0507479492015266
-1.3698126730785967
1.4123454864262772
1.3600622967606666
0.8141837017574770
-0.0251304990802090
1.5818342825180387
0.9778196785230435
1.3167055549317321
-0.4693803627221343
-0.7593461311846567
1.0717678640136858
-0.0016991353083524
-0.8421280857941119
-0.2182544832049538
0.9287609623164523
-0.6406338165412995
-1.7955229428553316
-0.9541410326593217
-0.6703471400451757
0.0323949628590420
-0.6085182824553181
-1.2941739323286141
-0.9050757617711552
-0.5082751853527607
1.0626748895170870
0.5011954504907838
-0.4138324264853946
-0.3433540631143701
1.5484434340143129
-0.1930654465133668
0.4907189773999110
0.9649105228193279
0.1281633325180280
0.1464252877742331
-0.5403975606515476
-0.3412486460595232
-0.4141510206063896
2.4001439585975572
0.1468069403665989
-1.0550116284102693
0.6604737811256786
0.2079568164564335
-0.0446536061333433
1.3682584364362635
-0.3357261341919225
2.4419434334304828
1.2265233091319621
0.1140420981648109
0.2110611766640443
0.5963972894663233
-0.8243413195009889
0.6267750400026849
1.9016690140557884
0.5148181439182219
-1.2305030396811900
1.1169728406244406
0.2370564951157700
-0.9070598273647612
0.9250286896803885
-0.4898862682410138
-1.0992955270188332
1.3844606508144026
-0.7087665812137758
-1.2110961934705200
-1.1304396102770042
-0.2950964270329163
-2.3873635352122879
2.3064790406737830
-1.7748136254682472
-0.3667787779234341
-0.6445849291476108
1.0511714844872748
-1.3571302656714965
-0.9353202396357738
-2.2498490171915351
-0.2518460281849609
0.1948846923518437
-0.1388055265559686
-1.9402009271530891
1.2315633757730700
0.5190853154503667
-2.4657969538698428
1.7936481638520694
0.4504371289617529
0.5111451482144707
-0.1051479269405396
-0.1965596192121837
-1.4122164521593599
-0.7622104813750968
2.2147807661056671
-0.1008261959930998
1.0470408500223676
-1.1878106253176419
-0.4990025226228058
-1.7608343280888699
1.1918501381948454
-0.1588550944537442
1.0408482558529997
1.1464590921481930
-1.4046078370690642
0.2170108550359963
-0.7037095138783114
1.3957474172901330
-0.1210299087596477
-0.5050238987712147
1.0060748949739193
-1.1167135855387866
-0.8294348065484888
0.8399217885045108
-0.1388729972805839
-2.2014633403132917
0.2269931049227528
0.2260598602628901
1.4555713800797856
-1.1189201509715214
0.5919769257245516
-0.6768608348897350
0.4451560408813576
0.6923487754084779
0.0718205691184399
-0.6243813464040722
0.9851050923165398
0.5987878023835252
0.4066208915982035
-0.6168013633510629
0.9603445570937031
1.5863894806190590
0.9480011161861145
0.1799974303458696
-0.8672323054504756
1.1363787618084529
-0.8125677827052443
-2.0699135666378634
0.6097388256530109
1.6908671237767914
0.4021842438746459
2.0835605330043325
-0.5402415597773337
0.1415078543765958
1.1177929644803222
-0.6560034336484800
0.3194392542393655
0.7058103839116311
0.4613667194517873
-0.3484791352120494
-0.6391012046177875
-0.3302039029910654
-0.5297821112681432
-0.0760911482979720
0.5704831872692888
0.1658137854446008
-0.9838017022189347
0.4124758108280075
0.4759041993371905
-0.1743791484921969
0.5784230965274267
0.1857650424647633
-0.0869878703609525
0.7531975638796660
-0.9275168087414684
-2.7452390773064028
1.4047852669572141
-1.1103230453869024
0.6214879321783251
-0.0597999551226755
1.3735869007477601
2.1025539585554180
-0.4112467576394033
2.6505839463119933
-0.2570490851554892
1.2753525050022356
1.2283933875049140
-1.2406078450767457
1.7062320332496592
-1.0616138536464073
0.7866503521372722
0.6011453724541715
-0.2488282943870120
-0.7631989016887083
-1.5752716201031713
-0.1170244884981283
-0.3900915855366103
-0.6220952846438509
0.8605241278123288
2.0463616586306324
2.2656618709885659
-0.5782271319535085
0.0384631310693359
0.0379612633739155
-1.7948151283736968
0.2466789272014813
-1.1055812535779379
1.0690229999367060
-1.2335207517059958
0.0161592400014822
-0.6999692990229195
2.0206838933542306
-0.8193415725810356
-0.3597724820677100
-2.6730090906110040
2.9297489534372341
1.3132387747784902
0.5863549510638257
-1.6970779538739753
-0.5023998176078398
-0.1631529747432056
-0.5053021065920490
-0.0910863404158895
0.2389416857056381
-0.2381881501344769
1.4683476608899482
-0.0752152328529747
1.6795720893568800
-0.9946027977368409
0.1365207001687067
0.9921412878864700
-1.6562086913269078
-0.7888443453763494
0.9990890491853847
-1.0790620811032343
-0.8245914492072592
-2.6387882748450862
0.8255932255379282
0.6464955858178965
-0.6473606086574121
-0.7321817948455466
0.6017040126155395
-1.2140544789967691
0.9554628335625528
1.2789026770279297
0.3007338774978814
0.7514206238353209
1.4060038789745946
-1.9303195070347583
2.2102874550554867
-0.2596918502309042
1.0266757624925489
0.4851803243288075
-3.0155639778696717
0.7959307069435484
1.0980032068307222
0.5947251176385188
0.3465184472238455
0.4404658109296489
-0.0409556252927343
0.3820317353154630
-1.0196066066536091
1.5380939048741706
0.6755896828159302
-0.5951009737723307
-1.6585345587321705
-0.3900815931973545
0.3396259973401674
-0.3455815655306776
0.1842502715183317
1.4008373870913327
0.9601166953093050
-0.0248283703763138
-0.1614314517744949
-1.4146272913677713
-0.3687886778947325
0.5724409554539228
1.6486069882438608
-1.7097897866455056
-0.7927779039906472
-1.2585429240275749
-0.5162483424485844
1.0106128527026625
-1.3088079652642910
-0.4311238005191246
1.2154109394947950
1.1458680625263660
1.1905417398605926
-1.0215618682802343
0.8563368491494656
0.1001672458227791
-0.7593958851165002
-1.1074918605328301
-1.1268044276838984
-0.0505739962126169
-2.0220420524572162
-0.1167383315762723
-0.5107939312443314
-1.3633578772869928
-0.0190064908750703
-1.0774113343978571
-2.0815290855267103
0.7351883971982168
-1.8732163468194953
-2.1850259663885891
0.3781746936318630
0.6245361133473796
-0.6625768169720827
0.0195685392428109
1.1612641169652218
1.1260912177470579
-1.4581200618774868
0.4563612112721537
-0.7360616374530127
-0.9558019960751964
0.3383571612600441
2.0860070422628856
1.2796759683467229
0.6761950327902304
0.0777533441575725
-1.0749673118243264
-0.0868994997568480
0.7935140524142323
1.5802428494641132
0.4625085560603008
-0.1816906882057655
0.8637080391028619
-0.7779524611827002
1.1954225341055718
-0.1405954878203509
0.2323392738788886
-0.4426587918288148
-1.6901838049231772
0.6698431704694927
0.8506730826357086
-0.6103225675417074
1.9825677082056230
-0.2511306767821656
0.6137767178875664
-0.6121923775454250
0.7469590864352327
0.6726554541432510
-0.2697035436271303
-0.0528682886688058
-1.4037286396243807
0.9514548989822693
1.0658455593744061
-1.2723214577327595
-0.2636335212086018
-0.5697745470555369
-0.2584113610083256
0.3715467979203141
-0.1611566517855297
-0.2032707602306380
-0.0064031597176262
2.1373867616009443
2.5831277624321194
0.4035162588500535
-0.0882963293764669
0.3334242219187931
-0.3182608459776929
-1.9105313120179042
0.1882878325457162
-0.3814989533184407
0.8922437158688624
0.7494228784965513
0.1978089932598824
0.6418165967726716
1.7552972553659147
-0.9155294756216031
0.4184889583469543
0.6482150924745822
-0.8176561155592184
-0.7943160438760877
2.0045852166844229
-2.6321274166916204
2.0873769497775991
0.2567791987692554
1.3439425404134562
1.0037302923653317
0.3170858962011256
0.2839918801202473
-1.3534253042179667
-2.8433500224355184
-2.2910378930812731
-0.1524392352645667
-0.8152482900174315
0.0296116071882140
1.9753241657507343
-0.2268736851001217
0.0563760657363732
-0.8547257799165983
0.7738528269343753
1.4474977932466737
-1.0005883798635880
0.2763233824987411
-0.2736188387086603
-0.7782997523927284
0.3071667100028966
-0.8873134659918640
1.3019992533565761
-0.9880726404579629
0.4657714132949425
-0.4055927138531437
0.2377400091187435
0.2740018442829755
0.1606366451948899
2.4237578571658287
0.9006183942896209
-0.4226920575007938
0.5953970878449131
0.6288175681324542
1.4641190404697326
-0.9272674520294933
0.5227324919476464
1.6786010231650150
-0.9024142230893106
0.0477403869269554
-0.1694783218896700
0.9887754979073833
-0.3356884525955581
-1.2852094388695623
1.1108034581439705
-1.8410287474866374
-0.1799843218141021
1.3500470608963273
-1.1440940390132697
-1.1162713093395760
0.2869462362524836
-1.5922815108240023
-0.6523201328605306
-0.3831978388031460
0.2545014355253563
1.7057648294436802
0.8637379131593510
-1.2323344081870840
-1.2893405634169117
0.7586475744693899
0.4420944741871654
0.2561722458983682
0.6148734053607142
-0.5044274378192839
0.7784354166681349
-1.8499382513930955
0.3126060179180364
0.2165974729603208
-0.9594139647143293
-0.8603579194422836
-0.2605917049224470
0.3727408744151550
1.6051172857174352
1.4920457139632473
0.3527594069391860
1.7998022811512107
-0.2521005430196296
-0.5390824707171985
2.1577479282413612
0.4813171933218133
2.2213374633868379
2.5718391703405081
0.7193407192436749
-0.3482917083592358
1.3694895973182200
-0.6619680643135835
1.1698906423797244
0.0245293718462382
-0.9549318161203205
0.9808931526682289
-0.3759629259480911
0.5739989297495103
1.2206565191501719
0.1557480254214877
1.1483802181753213
-0.0745339064522294
-1.1216235977810980
-0.4696646634318739
-0.2651591156323741
-1.9650009603136926
-0.1607737645059103
-1.0459745435229211
0.6728497197271464
-0.0164405726446813
-1.8936605890013931
0.1846408633365036
1.0492881096038253
0.5938630013649363
0.9503425273663778
-1.4057517087517211
-1.0790718165164166
-1.4709502283346469
0.1603537729709456
2.8163155691927297
0.4613894617977165
0.5964378798184071
1.1680576953839561
2.2971296277134718
-1.0105217398714359
-0.8718927639488240
0.4708316859550300
-0.4514583952318015
-1.1334492859109124
0.3208987367397116
-0.2345056470393567
0.0286806873643330
-2.7398986858688827
0.6476807337913538
-0.8062215191535850
0.5030861579681992
-0.3315311185213715
-0.9396593174216276
0.8716600345678437
0.1684997140468921
1.4319230056068428
-1.1507664430165963
-1.3512544652431033
-0.2975098751198487
-0.6059657997011426
0.8999947775696289
-0.2890952060742662
-2.2888948292197702
1.2151634014871053
-0.6712449640796042
-1.3576559888888404
-0.4051549714859636
-0.9021557752439870
1.5560230315022763
-2.4587506689759042
0.8988685298573850
0.7009010544877164
-0.1536803465022849
0.6337749130694266
-0.8562343634520190
0.3948558213869456
0.8629272030609466
-0.0086127047031245
-1.5067815385100281
0.1670571618070349
0.5262389080447362
-1.0054012534495800
1.9429234704856457
-0.3833592637374907
-0.5971944186965523
-0.1441760789380731
1.1300490365934126
1.8999216180016341
1.6962006125213960
-0.0936694892349280
-0.1184614164217653
0.7961035565402540
0.7450214451248592
0.9786160074925958
-0.2692267037157521
-1.1442160569610793
-0.3509007057713384
-0.2156056095453492
0.2776916363556847
0.7125484951386559
0.2437248595330931
1.0549873934593892
-1.3779585011336253
-0.3588265794223866
-0.5644138631942651
-0.6648817725248098
0.1750618307708786
1.2894658468355935
0.5847395551329191
0.2476765643615996
-0.6582006155876764
-0.6819757919874223
-1.2429283672151568
1.0177674343143588
0.2728790204037724
0.6470416436913536
-1.4954870244366893
-1.2466911812429169
0.9425533909155951
1.6619746919630325
0.7277885148833952
-1.4161036556977686
1.0101034377325853
0.8705196484115162
0.2070673522958774
0.6442791028470983
0.3544942592039733
-0.0752830152188246
-0.9461318088889679
-0.1277844921669616
-2.2757295657260741
0.5777070794533763
0.6021660488617813
-0.9005391025179305
1.0298857673988406
-1.1503824715719475
-0.4218336747016079
0.4586872597024301
-0.6933323384626301
-0.7310812998926792
-0.1011752321649621
-0.7389380418149486
0.9195506498906869
-1.8542390944645888
2.2561704706583812
0.7031931568873329
-1.0276325190918580
1.7714916342072551
-1.5456000496656925
-1.0271276338429272
-2.2715184808689175
-1.2348220863552741
-0.5231166550994955
0.4909281007667675
-0.3958015412067984
0.4300738979727753
0.5627231776752186
0.2198861423547918
1.1920510021818096
-2.0256902634114358
-0.2818029662282612
2.0337077477389220
1.6096794285016092
-0.5743723315375059
-1.1381341650070516
-1.2940256256258782
-1.8449675001531891
-0.6123752411947539
0.7321319351259477
1.4473561721166379
0.6344275234965870
-1.0970014862338480
0.8066703411427011
-1.9008654525889883
-0.4098165644780948
-0.8404026602009179
0.6192187476739914
0.3504743522874089
-0.2207574975361991
-0.0281323347215446
0.0678792501521324
0.7234016999635368
0.2321435025285676
1.9742140352559743
-0.3188665839190513
-0.1888619044925580
-0.4186317846957286
1.0740561502646193
0.8483766989610201
-1.3340395029128556
-0.7490763879362021
-1.8176779529906615
-0.2638036673133176
-0.1466239343634214
0.5622609393585689
-1.4395820911904136
-1.1942319763911018
1.2482747151579194
0.4750181453968893
-0.0752992021601068
-0.4920214443273173
-1.0253943748385890
-1.9780599745894614
0.0429111829074760
-0.6942745509744297
2.0389799385649563
-0.8471217348103284
-0.2525501233849685
0.4262722033694311
-0.2642174866108447
-0.4466350397584875
0.6642222703280600
1.3381878180375262
0.3138917663341756
-1.2189119204991741
1.2458064906024580
0.6796625797799397
-0.3982916325322298
0.3476053992978628
-0.6563348524938771
-1.3901689664735786
-0.4716917696058751
1.1400842880103614
0.5311723400528833
-2.2216857466074700
-0.7424932495019231
0.8992927806552207
-0.2147026319770250
1.1305356995398368
-1.2468777810529885
-1.0489108534088367
0.6742585105389939
1.6396430641331479
-0.9704183123478445
1.1599278733526408
-0.1420715401723713
-0.0116063003205632
1.5982380055581089
-2.3378398360780479
0.9994431825249781
-0.2809442305570522
0.7872032996448957
-1.7073051949784663
0.7500106873664172
1.0051481567807503
-1.6952740991207722
0.7320127303463528
-0.7143088707143629
-1.6099700512174580
0.4664134690919068
-1.4382126823996035
-2.6701654869307134
1.3316204946043568
-2.0841764186332203
0.9882035506813281
0.6306439299845500
1.7344176016480999
1.4521964042560305
0.5199843824242127
0.2770845638818520
0.2358839501932607
1.0970238716657827
0.6275155428808558
0.6254020237808701
-0.3683859051866974
-0.5032638698481203
0.2286938927512663
1.3525348263322607
-0.9070495012186529
-0.6882225060560050
-0.1455729649715785
0.2198528162082039
0.4748505270056708
0.4586040171304260
-0.3371930216514701
-0.4375937765368871
-0.9191348621589860
-1.3402887414310150
0.0525609339379187
-1.7777893821809130
1.0345777789818953
0.3617559222816136
-1.0448766696280065
1.0273929772363928
1.0848684856445201
0.0985079494893689
-0.7587774227247177
-1.7484231529731780
-0.5848737731811025
0.0450178687172006
-0.3310101202409911
0.2642857314775524
1.1831935002715879
-0.4508510465350578
1.2356059010122076
-1.3524074388475091
-0.4714508567005887
0.6178752924848608
-0.6198788916602658
0.3286187106932438
2.8311946807656962
1.1984429736697084
-1.8370200780325208
0.7239859586480394
0.0063381117179548
1.0581023799822942
-0.1875237136436702
-0.1302584622812389
1.8756300287549810
0.4734618234159528
0.9036010560678878
1.2778630796850992
-0.1697464915042841
-1.3520749846969373
1.3261853493224052
-2.4262552806998583
0.8236064218227644
-0.1489722737893819
0.8356873309415872
-0.9708752546265625
0.4993863823763283
0.5264285786827123
-0.9023243000337402
-1.1984557282295101
-0.7147908037435896
-0.0813101450563918
-0.3541786282236060
-0.0232666279673214
0.6656350878242770
-0.7945885960818860
-1.2150904229786583
-0.7976044626519947
-1.7657353179676574
0.7642032168887098
-1.1851652855386539
0.7431598466339164
-1.8111788698649320
1.2056131812614039
0.5018446736199740
1.4420796953955426
-1.6299132159005489
-0.6394970416908354
0.6279725148932461
-0.8909411645784943
-0.9898915419730133
1.4012082639348327
-0.4872016052535280
-0.9066727625680132
-0.8403920156630407
-2.0864328696259724
0.2857082914823544
0.0804727998863357
0.4465177357000072
-0.8879912672942143
-1.0691498955740777
-0.7190784911050110
-1.7635621981982579
1.1140971364094545
0.3931348760486960
-0.5844078363639829
-0.6732034535312545
-0.0834794534934150
0.5151561997910151
-0.7100618556198256
0.1319823829822384
1.0991732987449718
0.8489581438875204
-1.6675813955425112
-0.4669489022190167
-1.0643301710061002
0.7527940618659312
-1.6072280930761027
-0.4017234134067564
-0.0636346219275793
0.0031558254406606
0.9933648982979918
-0.0978019398289477
1.1931092450128433
0.3786117050844635
0.6202678016679790
0.5273487971628187
-0.6096444506607155
-1.8499067882336662
0.2844913502565107
2.3626266313993258
-0.0092154796105393
-1.9063498994115302
0.5547874206810166
1.3883378345892989
-1.8639722074647589
3.1088527205244589
0.9610878749422171
-2.6776536675454943
1.9245154066407300
0.0577866626559166
0.4170450832277420
0.3318532672919974
0.2021637737393895
-0.5466537864473440
-1.0956238519741397
-1.3750769707078163
-0.4437688598952887
-0.6879899732378627
-0.5911120881174661
-0.8330611755139928
-0.2095433182575889
0.5459756168763503
3.1572941501954204
-1.8969740086822564
-0.3203329792041386
1.5380671037059699
-1.0170035186343607
0.2654058593505938
0.7167697973675591
-0.8718526900630948
-0.4028885046286502
-1.6738118583463906
-1.2098607149080143
-1.0654436126198648
0.1420316846535521
-1.0038041646291358
1.9618653993707893
-0.1431264610515427
-0.9386486174090025
-0.2905453583294725
0.2066580788582587
-0.0186455923155500
-1.1003302711718936
-0.6960606349801266
-1.0961688362607069
-0.5507451505735371
0.0327771428750853
0.2435158223842941
-0.1770828491207085
1.2885145854773439
-1.3855866582959167
-0.9193540419754717
-1.9332015547897443
-0.3055772095184488
0.1127935920612309
0.2775507400064374
1.3960136711250168
1.3415833199042757
0.5963640622341837
0.4861419584324369
1.9622167995537614
-1.1033384856251502
-1.8026348224357411
-0.2895650251967807
0.9150363993889867
0.7168733729521124
0.3523536306105867
1.1362618821020403
-0.5508918199433495
-0.2006056268885397
-0.4723455410468178
0.3287708703014153
-1.8378297226664906
2.5412126667110586
1.5077366420495935
0.4262911199885885
1.5666068084388372
0.3626266497706407
0.1522512188714751
-0.3334616520521390
-0.1271846391929181
-0.5193777133712859
1.3350074943619732
0.6534955871100465
-0.6437734371784879
0.5724351736767936
0.3768098231486390
0.8657850851520145
-0.3935089560054291
-0.0587552518134932
0.5327560889506631
0.6861806339283891
-0.4268216915063429
-0.5755657072903644
-0.3295548588085169
-1.2344735668341775
-0.8900312918739297
-1.0355419245576749
-1.9554201939034608
0.8104517656801099
-0.8649924605669578
0.5468699694796434
-0.0292978875817193
-0.6146853285361459
-1.1547651400318344
-0.2928463273558471
1.8155024448969428
-1.3250963345493769
1.4035119076354952
-0.6721891669508369
1.4274419169002448
-1.3679008793916656
-1.5200059293481991
-0.1453206637785475
0.6254960579483642
0.3009179145757385
0.8745374136520336
0.3011242936613270
1.5377252107063275
1.7278103442680137
1.6292027395986417
0.1611489297936700
-0.2844379367918319
-0.1044920214726784
-1.3558300497487934
-2.3784746477274514
0.3528315693953598
0.6849123323830713
-0.1999466093398439
0.4052121386613996
0.5174138579039169
-0.4549925018397043
-0.5749393916680359
-0.4049859253110343
0.0031130406392314
0.6900800150285600
-0.3835256247091344
1.2942550512853439
2.5701610717098893
-0.0332163022220002
-0.6465084369122855
-1.7022600303143351
-2.8483198913951462
0.0663749651106639
0.3339970543545511
0.0615600165104876
1.6725883591004140
1.0701831909954973
-0.4280092064131962
-1.0401231979695582
0.9054180478928671
-0.7331610767806870
-0.0706627564637497
-0.9011978458553188
-0.2543056801061094
-0.0998917915430231
-0.4707872505242247
-1.1018929102550090
0.9058823689899119
0.2956341543082937
1.2538452781709697
-1.3880182661689850
