2.1209850755127699
0.4132871006674157
-0.4327301992660585
-7.3104195350904195
4.0007903240018834
-3.6134069866700051
2.4699363467839337
0.1983128886160002
0.1201385616755360
-0.7223396096651473
0.1083713314673490
-3.0456288135601821
-2.2193691319002413
0.9644957794559827
-2.5896547232395841
-1.2646108920790613
-0.4334600891128972
0.2445967737481397
-0.6158927143042709
1.2435267943024115
-0.5481465247165892
-2.3316186132565195
-5.6646796586056025
-1.2718072189011209
-3.7560735236550928
-0.6705050762934274
-7.8507754640787031
-1.2652251162378298
3.5681700512174288
-6.7541788822546902
1.8906096453366219
0.0570714267574678
-3.8464358130138430
-2.4208218196740865
-1.0249044024712621
-0.4132877325668409
3.8053154542908825
-1.4424297709776301
-2.1560694548961314
-7.4456226609268148
-0.7457792410569215
-5.0029853172304435
-2.4035711247728790
-1.6729178003057346
-3.5145728100960700
-1.6177128643075542
-5.2816069747893923
-1.1654190727572360
-3.4747256183292348
-2.1419065375760766
-2.3977496891673979
-6.5528037779514507
-2.2377235431540865
-0.9609903506314464
-2.5291608385680631
0.4548473764063506
-0.9886105660223464
0.8195922622109251
-4.1340204309954434
-2.8149952593776399
-1.2648303363039020
0.8558285823235845
-2.2222478280562914
0.5007618412505700
-0.8256432739444920
-2.6715812779467263
0.0091090164609947
1.2193535250431737
-3.7487605750687480
2.9641202761773755
0.4409248740082509
-3.1500230430664855
-0.7195196353409211
-1.1034407510568900
-4.0570963262207309
-3.7552993255366776
-0.8299274287270602
-0.9111074857973889
-3.7243266772119159
2.0730730781837670
-0.1154022763568516
2.3340720826168142
0.4395028784398307
-1.0376090583308941
3.5770869519575825
-0.1696413952635847
-7.0198210933227818
-0.6863706516926276
7.3626667455907633
-0.3466048908182940
0.1659511155880617
5.4461684184537731
-1.2486446107110452
-0.2935840240768640
-4.3375995909073870
-2.0914841356795457
-1.3217973816552853
-2.8472915796140121
-0.7632803396783292
1.2638336442104658
-2.1682812011160748
1.9579654590308437
-4.2880019379967189
0.9090532334805224
-2.4922454173317719
-2.7121739338090833
8.4455787008595493
-4.3292975796438347
-3.7365101978776258
4.3421761157231913
-0.9821064707306888
-6.0711711152248853
1.6924578576568525
4.6420704817712304
0.0758660624323049
-8.8963074149290229
-5.4438696123179566
-5.8178137073719052
1.2290633562913782
-4.4276435881131988
3.3278828733036390
-4.5418098939835403
-1.3223601643523195
-3.5482851956107422
3.1035174089077517
-4.1656911887559716
-0.0254221426167268
1.5076551714158297
-1.6781536221058482
-1.0663086444106611
-1.3914553702481154
-2.5171722543059474
5.5972963847745003
-2.8423258474160318
-5.3080679957983854
-2.7945314196690960
-4.2925512945576880
-1.3919646240910084
2.5512377665542649
-2.3195948638815946
1.8076492858069033
0.1312739788673510
-0.9625206011058121
-3.7655261023090394
-5.3022714600667662
0.5392133814125171
-3.3885577782797620
-0.8133572127466024
2.8215229474647616
-3.3883151539328895
-0.6659963120106102
-1.1708650234896190
5.4443219153607796
0.4165832450671272
8.0278837778593708
-1.9715665846454946
-0.5930292463293985
-1.8452222847386122
-0.3918723752290052
-1.9143787536381021
0.7132501849987325
-0.1266804957174267
2.9622971009170294
1.3206180977521988
-4.2537218079531938
-2.4678781755152879
-1.3094958684152742
1.0684960554685190
-2.2135214721746261
-1.0748621693782323
-1.0436537356020421
2.1406195976742421
-3.8486031547376496
-2.4819632263046452
-4.5604720104672083
0.6335248589589053
-1.3652159077549073
0.0160474595256263
2.2705456879766666
0.2980213851252378
0.3171841491466669
0.0140969596517322
-3.0861855179505104
-1.3899915691017455
0.0771198826400499
-2.9147371091392551
5.2731851857277832
1.3119813238492137
-2.6268773192451240
-0.6232822304684409
-0.0931030814540161
2.1283163554288849
-1.7075501579609618
7.0232406976149431
-1.3245834836596264
-2.7650913611825780
-3.8637145772353829
-1.1245603893528360
0.5794628235386763
-3.5017471832152873
-2.5614565769992526
-2.1171874479321637
-0.5785058877545085
-2.5440178208482136
-2.9143650207243348
0.2437687871922078
-1.5849459949581595
-5.3888809027707358
6.9320607179927096
-3.0266113136445196
-0.0368604737675688
-4.1919283036910695
-1.2054575134939032
-2.9819818923737889
1.4123941884757134
-0.3949533611551572
-1.5782112224860427
-3.4868014512134922
-3.0949645105772348
-1.1244542060114422
-4.1117357037924531
8.3290304173410981
-1.2036408577644386
-1.3052836366607103
-0.4819335562338942
1.1710585687886654
-0.8836965191723509
-0.4665897346506218
5.6005932994077945
-1.9608923862303369
-2.4940586993942211
-2.4944743231049462
-2.3283214185261563
-0.5725922224452186
-2.8446038822991677
1.0986817828952706
0.3559193916542983
2.4464872808843525
-2.0890339927052755
1.5439079448987294
0.9856066488885501
5.7235178865166523
-1.5488807735775090
2.1237054216424971
1.5248939811853863
0.5962475133922166
-2.6944539185789651
-0.5495571468033463
-1.1139430198930464
-0.7562592865928222
-2.7071421408045437
-0.3565694209010725
-0.3304023377215242
-2.1981992966291188
-3.6512633450594620
1.7976414158117102
4.0041809251761391
-2.6781611573620063
2.5132157245921474
-1.4280771514142994
-1.2222217680671879
2.3628349348931996
-3.6638319792125760
-3.3916455755302453
-4.8666708415431517
2.6107082122332441
0.1826611542699693
0.2883140192887744
2.5096309056951323
1.7456716982707112
-2.8257840168144206
4.0250560596063742
1.7733745025421288
4.9312625265920502
-1.0322717417688396
0.2075214516759109
-5.1552988417915824
0.9714786993295761
-3.8043683499390841
5.1445328162123065
-1.3669371143538136
-2.0895697924285539
-1.1969933357766209
-1.2665552105403219
-2.6572656267216637
5.4496464926425876
-4.5291258151473102
-4.5646208523174243
4.0397076766107549
-1.5051056259151516
-3.0744372479931106
-2.0170425458871239
-2.8768374509559784
-1.4627852140856128
-2.6868602907820782
-0.0474049419033216
-2.4022921453916775
-1.6053888443612201
0.7026404289003936
-3.6575048320609742
-0.7852523827815990
-2.7366858424293934
-0.4428406887123571
1.4310921469918700
-1.9676574388952419
-0.3862129336562543
-2.9785318890985466
-4.6610730366284718
-0.5229683697980986
2.8102889411315028
2.9812116058758975
2.3556253010852224
-4.0479797867597416
0.8869958441110241
-3.5515714237773084
-6.4062462647332277
-0.0131631005237057
-1.2194696367615327
-0.9853115577881592
-2.5080500045580560
-1.8140947043732008
-4.7701398539110418
-0.7197678335179510
1.3352419822442703
-0.3137371660569562
-2.7393116493424623
-3.6369717944275481
1.4688406616806797
-2.4722684820485941
-4.0366800984245961
-4.0952774400969494
-3.0449314558810259
0.4086316108163361
-3.6646901753541967
-1.6156430749625952
0.4556100201901785
1.8806187449712672
-0.1454014540648883
-1.6390998965335917
-2.9638686995790677
-1.0366970151586652
0.8911029159209666
-2.7772944805602622
-0.8859290880216215
-2.3503083456122487
-5.2848660747920535
0.1163283023139055
-6.0718683063333412
0.0250644270517708
0.2361614551563513
-0.0382055574449319
5.1749131626721505
0.2762646074390989
-1.5529805037027369
-4.3299042851671832
1.3891123271857126
-1.6766436204098090
-4.2323531278126252
-1.5124152345012418
-3.6663479574487994
3.7342675826611385
-8.6324154690242008
2.5317911907211563
-4.1708924663021740
-0.9340813432835889
-2.5397220922773300
6.4052950225244878
-3.3448344388975579
4.1973517061565140
-1.6289518340952382
-6.6515725084301094
0.3861572452317784
-0.4243575116867793
-2.4711632491130491
-4.6179280130709222
-1.9807843368758871
3.8881814402386601
4.0584896780683293
0.4338452014409285
-0.3124297179513291
-0.3997118635127649
1.1804050594970816
-3.3323306464958176
-3.6912333189587021
2.3231826621702711
-0.5983958792548281
-1.3681634476469049
-1.8155051673095666
2.3269974915028975
-5.0975345721849488
1.9072103970671470
3.1917674288218807
-2.5759426260898746
4.0449256745547570
-1.4320014300962907
0.0145026840242222
0.6671506906840559
-1.6878346096831494
-6.8119598341170438
-2.5026860938781215
0.3680183357460393
1.0834134507593431
0.4978122170574531
-1.1878556231149431
1.1973252933074914
2.0316940412865785
-0.2358198105300265
0.1665255349538294
0.2745928630000375
-1.2703463265426131
-0.7117688800464724
-0.3280864795550903
-3.9922484745011597
-0.7762463348899624
-4.0023323159338817
0.2769944862083115
-2.8895352004172072
-2.4195180129979907
3.4737167182320707
-4.6791950340109771
-3.0428401379019960
1.0077975117028630
-1.1493491371095230
-2.4672456819313346
-1.6615510458773823
1.8801333072933146
-2.8360393705333529
-7.1190132437174736
-3.3568900551100578
0.1589109106366324
2.0527695437826758
-1.3609823614967376
1.0178546011012599
-1.2165405759359282
-3.5174774683200685
0.0263582060804417
-3.9771222345751975
2.1971077067963733
-2.7267008115518756
-1.0383362876761109
-0.8102472694062324
0.6347529285960285
-1.6746174419839734
-2.1590222903848701
1.8476602427285760
-1.2390996739958033
4.4018816343386371
-4.1054960721317260
3.1013150441735093
4.2413208023781817
-5.0180734074687878
-2.8616179817019392
-2.2424048221256734
-0.6124330692609159
1.5863328440025679
0.4907478733047732
-3.4852857104932338
-0.3345360362222980
3.5075120974913698
0.8545522548490571
2.5253123296174449
-3.0908300978918306
-1.8308266947843994
-0.4712486544522301
3.8372714140126689
-4.2115787494864341
-5.4510778853017747
2.7427664307421815
-3.3593389349043963
-3.7760513839990408
1.6680432730537895
-1.8628353340181241
-1.1359044214824499
2.1321460190120041
8.2249027068936282
1.3415778289934270
-6.2835107996516530
-0.7528076404738089
-0.8496242798799871
-6.8338377122118663
-0.0920567887763385
-3.0773377009261300
-4.3866401712146246
-1.7456619392143018
0.9918424675123632
-1.1164717507548239
-0.1305185519065689
-0.1870779783214634
-4.9464722818673019
-0.5238586994035527
2.4770512777215652
-1.3462891477133017
-1.5414346482340990
-1.3102371592087390
-4.4187906009562026
-1.6471895040750026
2.3928658173065855
-12.4828575461825935
-4.6740414742600223
3.1441072732906492
-1.5959530997137277
-7.5503815714167306
-2.5614297261116148
-0.6336327411179686
0.1489792274744391
-0.7483054382907088
-2.5229048027144638
-1.3131323561630319
-1.9505082612567572
0.7710217928802479
5.2284138056184668
-0.8170642562493449
-4.2810467705134219
1.7026249550664372
-0.7430618828239427
-2.8907760615027791
-3.1639934693664737
-0.3198889013038928
-0.9662888089073447
2.3547233639109737
1.8662758237239550
-2.3204193836890892
-0.8234030824235976
-0.7259834864043542
3.2492767621314189
-2.1967631382063910
-2.2002302585133577
0.0276211174583410
-0.1875275000085891
-1.9719594238419798
0.6557018137608072
-3.9524101254162485
-0.3317204491632975
-2.7750703347978578
-2.8217388937908399
-3.0175419829688219
1.9539026668164956
-1.8918797815353532
-0.0152302952516954
1.4730733271827987
3.2498916762673251
-0.7097209065623999
-3.3703689879471366
-0.4256212023077851
-0.3407403179151653
-1.7923725280799552
-0.9782088314318061
-1.5850493027742694
1.9758148453884232
0.3313645600933154
-2.5431940657804049
0.2463382548708621
-0.3779234692585041
-3.2541625209139120
-0.1856484069775134
3.5628517077072410
0.3846517540454292
-1.7649402525940874
-4.2509239419640217
3.7151619069107751
-3.1152529393385451
-2.1176716808341456
-0.5762664624755746
-5.4970918579605863
-4.3520601165083486
-1.6435399528632761
-1.6958074718749439
6.5548463261767296
-2.4545311333952626
-3.4960719583410671
-1.6330205421085195
2.2163051709232739
-4.9850688138052819
-2.0657345437534484
-0.7079514253530591
5.2417358531911065
-3.7800635880858438
-1.0327722489824469
-0.1285601126619430
-1.1177956113858842
-1.6705143707784194
0.0644217879810756
-1.8422629153103012
2.5239713854765817
-1.6296114020311490
-1.2471072931410427
4.1873880446483378
-4.4879988886943805
0.1737012457515728
1.3189073915700882
-0.1412034835619955
1.9230825410381693
-2.5814421456480274
-1.8452645159484120
-2.0332007281778344
-3.7539613167598547
-5.8835201463426836
6.0690988738734406
-0.7090380014717391
0.3660431137496457
-2.0516236685363172
0.2049277087520604
1.7864985166655543
0.0673632552642002
-0.7664278954299064
-2.7602766507437702
1.4815535754268558
-4.9702301248769274
1.6457390076965170
0.4421903306853263
2.7543778664946923
0.4183176909966181
3.5511722541930086
-0.3448270933641555
-2.0182148817774310
1.2212465398020365
-0.7626759722086447
-4.7111211763589926
-7.1785855777612344
-1.8467363071428642
-4.3287978319085552
-0.2576838164913504
1.9963227015646265
0.3420266731082801
-1.4364233933977089
0.9972064028706475
0.4746236738369274
5.7502752993588420
0.4696161242810338
-3.3877267147787111
0.9582345970094710
-1.9540873300021420
4.9169573851095416
-0.2417712756132118
-0.0981361198253660
-4.3384488546791955
4.3756867241172976
-5.6138051881694011
1.0789647673494209
-4.7449083367585514
3.7495742143527822
-0.6699445610036959
-5.9223222751575895
1.4650858817262877
-6.6956643121723456
2.1495234147101896
-1.1569445930883939
-3.9887888479431175
4.9980428953216345
2.6924785681364214
0.3907423897136073
-1.1329648059935205
0.6894182574233103
-3.4169705844202594
-1.3451353816964167
4.8115812537554108
3.1168786412963398
-0.4671376985777670
-0.7038040908035585
-0.0415785059897281
-2.1575364180880023
5.9794304609408897
-2.0838808576161871
-3.6182559867588076
0.9781574741272940
-0.7948631541313630
2.0112495544188449
-0.9847611890138083
1.7181841321092866
-4.5921486452834008
1.4688488912301114
-0.9201771329497741
-2.3930600522704060
-9.5273860329189475
2.6028185842225784
-0.4753502144617409
2.4069112413724842
-2.1649626045391455
-2.4710374040037002
-0.5591480688019483
-2.6193324878153303
-0.5769461340412719
-0.4702085785098977
-8.0248821129257291
-0.9666346500900089
-0.1016407028485706
-5.1740346998375193
-0.6989007603872204
-3.7669894548538574
-4.2869136817046591
-2.0061807511358154
-0.9766867782583318
-3.0743676855211879
5.0668221474902957
-0.7087669415859622
-5.1648120366092591
-0.7893621164700640
5.0106092626086713
-2.0793747145466481
-0.0624943234002004
-4.7032099060058741
0.3617629259951631
-3.1586200166314971
-1.5838625767211212
-0.4237196552234139
-0.4685097374824265
-7.1344077828516301
-0.9400309359742184
-2.8237550544909329
-1.0558657323269638
7.3374163534512782
-2.2211382823208847
0.3538908825752323
-3.9424625738441565
-1.2903769521069328
-2.4262726095141827
-4.1815016407084276
-1.2338811346127629
-2.3364108009845439
5.0156597584361267
-0.8767849875371212
-2.6462437364760261
-8.7749211868941117
0.0129981042740809
-3.5812133040011509
-5.7370779806563039
-4.8377959517918363
-0.0531215595010646
-1.1972105523288636
5.2703585025196524
3.8250293010147050
-4.0174400912058470
-2.0399264461596998
-2.1449912477863187
-2.6629671688870316
-0.0297644382460719
-0.5005513800646553
0.1160914427086304
-1.2622849358492660
-0.5399236682661707
0.1471032805682851
-4.8046026489663154
-3.9206003394653175
-1.3045716997707522
3.8293845628277028
-3.5141835323852102
-2.2577927562347027
-5.3976353574694480
-2.5566417444058875
0.1402479658494089
-1.3016881527190098
-2.8380963930129797
1.9615852985207332
4.2265275718236976
0.4829121852062540
-0.5174305740889014
-8.7483719930185533
-6.5663123181897891
0.0647150808861830
-1.0007272148071109
-0.5349554331036750
-4.4176980476572423
-1.5462460106035556
-0.4379218872113675
-6.2673734394485283
-1.1280700813293900
0.5363780594400905
-0.4524682856940546
-3.8685420325474724
2.0129350769690277
-2.3639476858155257
-0.6846543715325583
-2.7222038743478176
-1.2882120754835598
2.4248533533450423
-0.6964537595787827
1.6641728970454683
-0.9163615031968947
-0.3170595406900061
-1.0700693886018289
-0.7093314768098101
-0.5187117822824134
7.4092015830620923
-2.1863010121192561
-4.6744449348609551
-2.3249144539462332
-1.6272268845924167
-1.7344985853091559
-1.8223065530673541
-5.1062066073209280
0.0626613626730131
-1.6960176725950424
-0.2125533920863668
-1.7390547152056177
0.3125474661056502
-1.4466468177812630
0.2712418483447062
-1.4161885688545641
-3.9610617730954649
-2.8021029792781906
-1.6369197532686817
1.1999991507057337
-0.9180583048614621
-3.8536516076633625
-6.4067893882247082
2.5935377080761381
-0.5854021452264242
0.1490893511955863
-2.1229119004262618
-3.6907155859471108
1.4711834712608203
-1.1308006983946899
0.0864161433164430
-5.3954423763767050
-0.5670780397519279
-2.5743012455326473
-1.5046082146437838
-5.6525272800330626
-4.5798621330865918
-3.1709408773221148
-0.3976727268960825
0.3966920216810840
-1.6113101379856596
0.2303464618046325
-1.4166501235352695
1.3150180671564689
-3.1151037472234888
-5.4108605010305881
1.0317073710255860
1.7189713603544496
-3.8932472601778518
-0.4683747775209278
1.3526757232226778
-2.4785283130121347
-3.2331792418082137
-0.2723847863152754
-3.6723539529037450
-3.4766131743860265
-0.0435384742439166
-0.2849967039174427
-1.9029352400934036
-4.9157140083476030
0.5439629509922975
-4.8645550172142178
-0.1840294917278954
0.1543134832317460
-2.1735436920625268
3.4255507364127786
-0.9154658450872610
-1.8570362676576619
-3.1801994441152952
-4.6680529902294783
-0.6418293027563284
2.8735004569214224
-6.1016338635103837
-2.4422004233692149
-3.0759250890559207
-0.0842036057726515
-0.5453696640346156
-4.1033771531964476
2.3740931510925694
1.4160095345606991
-3.5336416081974211
0.2263836049650971
4.7510659501957457
-5.6500915994576513
-0.5906433393363090
-5.0165835430340362
5.4531444977963410
-5.6282907628080743
-0.2724851076421696
-2.0614306782281893
-4.7909841341954866
-2.3070354529955956
-4.5056433253794426
-2.4729426689152438
0.8763406568123345
-0.5158407854307454
-6.9628439158080031
-1.9277466711449456
-0.2350495062343574
0.4898161852446608
-0.0087890334800495
-0.2137756259204074
-5.7732194297762085
1.2562585725465054
0.9804560031116142
-3.0482150155287862
0.2629073538946765
-1.2324861356735801
2.1054500458028933
-5.4071937487712924
0.0384991821961928
-5.2608734102612811
-1.0509784696597577
-4.0310831800015592
-0.1649241729652119
-0.6179204219530412
-2.5757519271326692
-2.3415000312353618
0.6628922677401817
3.8873431471021385
-0.8830407764334253
-2.2633154109110571
10.3636742969747697
6.9212184179510032
-2.8794748448794660
-2.2770434906241799
-0.2487995909880808
-2.0829494337859575
-2.5003282067760435
4.9720984954024177
0.4341645277346811
-0.9700396417094550
-2.7023209925733216
-1.5732712145958641
-2.8033189515241159
-1.5354353217158030
-0.8980609732595574
-5.0694652133758717
-4.4794895640637993
0.1678316026604579
-1.7131475367131455
-2.0208147923154365
-0.5067809718683847
-2.1760529878549519
-1.1841280355836294
1.5571119189397007
-7.0189218063683905
1.4982497601499865
-0.0829385632813073
3.9620290800627220
-4.5369600220955135
-3.3349016860166181
-2.3442718068184125
0.6498995946183520
-4.0278757283118001
-4.6078108622947642
-0.3135673736552562
0.0732984307055941
-0.5079368858044396
-1.7612021353681897
-1.1907634605453572
-0.0486856859401631
-9.7537917835991834
0.1149538083593382
-1.1566126886485275
-0.5757526834449075
0.2235606752151595
0.3572697542373228
-0.1030908057148885
-1.7653626941781015
0.5022494664607210
-1.1297902006691971
-2.2763106605064398
-6.6696014366715684
-1.1045053764761008
-2.7109922466998420
-1.9145716823124181
-1.1806543760306183
0.2024807701791134
-1.5090916146885403
-6.0275378506498107
3.3303093073568242
-1.8726074612437766
-3.3699452619319961
-1.3255796209708413
5.1053140596820281
-2.9818110820872050
1.2820073412732376
-0.9859427966168411
3.3298716223639557
-0.3227714215830516
-0.6888009500730556
-1.8383445591498109
-3.2868940154469235
-3.2228405092595911
-3.9082828410419053
-1.5583454999042441
5.0904877989696260
-0.0678772116279904
0.0763019165834071
-6.7520700259301263
2.2710774258745636
0.0953221263927493
4.6078718693950993
-5.4701834221912859
-0.5091429431199681
-5.0220212457938143
-0.3462771213004610
-1.0367279229432702
-7.0488196299485084
-0.4416401639999727
-0.1289265271284030
-0.6683569965613175
-3.5426451032414503
-0.4821328839596282
-1.4854031163481607
-0.3489136792415050
0.3754863242926114
