1.8478695952173538
-0.1776857863338065
-0.6036230668625189
-0.1941225706465605
-0.6903855932888634
-1.0631072742548731
1.5085535954965232
-0.8564497981696731
-0.1779901311625673
0.2641737066358056
-0.0670669068248130
-0.8088488313164736
-1.2334671468493097
0.1153096512295000
2.2571839519786270
0.0515575385900110
0.4051035074137483
-1.3983556851765784
1.6992110050415346
1.5304703839357008
-1.2459147023865644
0.0280510397271271
-1.3747626304320306
0.9855315878305875
-0.4512081560409554
-0.4714788417697914
2.6950549729342179
0.3263434956133707
0.0158943887540317
-0.4103460928052859
-0.0509705631420318
1.1617925602489303
-1.0890644317110867
-1.2520809626599516
1.0576157180122219
-0.2147184740283238
-0.0124524258283297
0.7584001622856300
-0.5735212698503230
-1.2002002806397623
1.1142436336312107
-1.6033735090734074
-0.4429711372307989
0.5173338000790859
-0.3049315379090728
-0.0472695269134987
-1.1005342674672824
-0.1332984855620297
0.6246547691132945
0.3631431422050757
0.5931319702262841
-0.2090158756771559
2.0005704405312308
1.3081487372211169
0.6692717294841979
-0.2355594989725837
0.4714190762785105
2.0540988954154926
1.4070792977848174
1.1418394221565837
-2.0510615840078175
0.2866368152620027
-0.4001031519636543
1.2016791146005636
-1.0915453554487200
1.5851107449042281
0.9618774536362760
1.1471905392089485
-0.1930756915260150
0.3645506956822245
0.4873185206025497
-1.1627504200378784
-0.8075442971016458
-2.3408986808018764
-1.1754638985020780
0.0137948717812443
0.1490113970919946
-1.3193270559670858
0.1483605412378120
-0.2280166387341757
2.0220289628868326
-2.0911390175884392
-0.2169850547799928
0.1098954692832526
2.3823348666648760
0.3937623501298775
-0.9453327508927413
0.8221767126971898
-1.7245963203977710
0.5229375369088931
0.3822245625717883
0.4522731251657758
-0.3940698749158952
-1.2742029756026005
1.3700882606966553
0.7685428400320061
-0.3029971758206993
0.3374162442764945
-0.2428229525327072
-0.7006087491988245
-0.0235207960167183
-1.6804887478653414
0.3789066013419408
-0.7890266545224192
-1.0125563472262611
-0.9305054911579220
1.3943237685530858
0.5450836681462516
0.4777202975664361
-1.2086854293952924
0.2239482821321974
0.3347476802681381
0.8164026549398743
0.9681832855723684
-1.0170360161028795
-0.4226256893192804
-0.6759696414850290
0.2782844168840828
0.2510888930749430
-0.4686239824313170
-0.3653675325703371
-0.6580673094386568
-1.1025806531542255
1.3126615945131244
-0.7138624899735264
-0.2636573325864717
-2.7979173985896182
0.3345338585075909
-1.7970333549920066
1.2302530745721976
0.3300347256137703
0.0825889928995719
0.0503178992553893
-0.3688416788523273
-1.2698770583619849
0.7046229514563612
-0.7666004642450623
0.2359154542892445
-0.4386449576213890
-0.4752949887702352
-0.0836956364542045
2.0599133710395829
0.3654093764443637
0.0046182611538322
-0.7660985743045418
-1.8489223482377122
-0.1672382264066090
-0.4236686508633823
0.3568571246416332
-0.7829363058035002
0.5232646255959058
0.1861752067771251
0.9752046283791583
0.1087951495036653
0.4215666615092022
1.2537880671463049
0.7142458817479055
1.1022066808798590
1.0171725125372626
-0.7269762990997118
-1.9864787455071300
-0.6788814391767108
-0.0222554194257528
0.5034106525508638
-2.7689161917167975
-0.2975641594670294
1.0018388689636248
-0.7988144817579126
-0.3827242764871230
0.9686107614844539
-0.2580197585937844
-0.9024070698098361
0.5831472441454607
-0.1732131162474464
1.3253595588583598
0.4668197678371582
0.8751060892499501
-1.7011333363821166
1.0966977298376843
0.5350825964826079
-0.5079034310317777
0.0729953915160846
-0.1809237457745442
0.3922958887379503
-0.1255985094335820
-0.8766383790053982
-1.2071768198645829
-1.3716130381080245
0.6422412998095230
-1.1956127157474277
-0.4857731364542901
-0.3866049339814305
-0.0391757926295144
1.4228760282997268
0.6686975874849425
0.4245555018645272
0.0400032208158564
-1.2615987389294265
-0.0474213729924631
1.1986218397008415
0.0721541973704597
1.1891209910571914
0.4677111015426446
2.1624979471089607
0.2414927938597832
-2.3015077353003757
0.1708642883251910
-0.5415866973221243
-0.4807506578022134
1.5029999943770223
1.4132123088787389
-0.8766307375706596
0.5778980397899632
0.2253711251325822
0.5936201789897316
0.3759055119908559
0.1847921986287187
0.9784853123027162
2.0668803837677618
-1.9119725561366172
-1.3473695370421432
-0.2632778220034796
0.4303307170310531
-0.4136657365208662
0.4847431711262305
0.1037612274652737
-0.1273335867208557
-0.7360341208240133
1.0848264084324832
1.2600755402875203
1.5495304624375954
0.3934785662323083
0.8098926242789131
0.8912161174145051
3.4022608691043628
0.0309208783075216
0.3484353411453921
0.9172724351552046
1.2276976025110631
-0.7600461438459640
0.4188764622088950
0.5330129056275911
0.6285245833998971
0.1288025082821102
1.8862141554667566
-0.5416613117450565
-0.2665341034904237
-0.4914102099780041
0.4805342006695240
-1.3980156062321909
0.1305486098221497
0.1314934230485646
-1.0462429765861079
-0.3026827165251287
-2.0797747249100014
-1.6509578901283484
-0.3608247530192469
-0.6572852791160676
1.1081491384657536
-1.7568039455327118
-1.4283032107856621
-1.3433047021396016
1.2458880602938540
0.1193621884237159
0.3935034906547236
1.0196925231295133
1.7803710755129223
0.5816118675813595
0.0558511006851870
0.2599738231786543
-0.4843598669229386
0.9597657213197385
0.0908051006982466
-0.6081050841216464
0.9038201599253127
0.1927697623283008
0.6221214618937667
-1.0299457414950721
1.1891454021710641
1.3296737172661468
0.0503828810570481
-1.4380771014963782
-1.2892939830893728
0.4901007271355939
-0.7736354874145295
1.4193376621266105
-0.5268681814626440
0.9680514947384720
-2.5349461367247081
0.4640151803954894
-0.5525231388501661
-0.3746417481951025
-0.9415175782588151
-0.6043808211054065
0.2855549691070121
1.0152546873062722
-0.4123595122855465
-1.1797216163295110
-1.2841950971318348
-1.4308977294255785
-0.5723036506775540
-1.0233666752363264
0.7671697857303293
-1.2994902249369507
-0.6219152336500068
-0.7702941958976539
-0.5333037883189299
0.3078473423002733
0.1508872694298967
1.5729551110123192
-3.1583321343491852
1.1089768854422497
0.4995509266738269
-1.6068791106983280
0.7188697844654390
1.2820616213737936
-1.7259467886755295
0.0600245081300653
0.0550014556641087
-1.0683867987420774
-2.0118338762979251
1.2276983102997820
0.1758520269623078
0.4709297164082490
0.2773742730436601
-1.5204451809331092
1.5983706288065607
1.8176830224399732
-0.1968016188005065
0.5569295874291043
0.6057095377981526
0.5844838717497178
-0.5494013866076312
0.9997291786640300
1.0984565955553696
1.7190031658321550
0.1392696128148735
1.6559379150636688
0.8709093442436860
0.3192167396709208
0.9188783161000897
0.1315460439734782
1.9503766617666130
0.1489337165876586
0.6789532120474620
0.0503180012175056
0.0750954547327905
-1.0625960770477139
-1.0253136974860366
1.2525333089994521
1.4152393406867287
2.3090022405685331
0.7132472265209797
0.3445608818933850
1.0688896446945217
0.2520374987369342
0.1935495588153229
-0.2280254714270116
-0.1581408039277878
-1.4675865231749343
-1.2458910378239489
0.7653566483315607
1.1343409884833273
0.4236249548190809
1.5859742429475467
1.9348758942374220
-1.8133398329861579
0.2295624125289181
-0.0385322971045145
-2.0453362728303737
0.2872080705126225
-1.0140132362832699
-1.2236464605321045
0.3274435175798082
-0.9370918746530206
-0.5039148575274336
1.4746659196181233
-2.8817828925928000
0.3538987811112711
-1.1192782183040857
-0.9013463725027945
-0.2307944991430480
0.8874081469530390
1.0561869871487597
-0.9481376675670607
-0.8338083919771598
-1.9007805089172141
0.6886427479692009
-0.7726512170076191
-0.1867878336529949
-0.6198800007529757
-0.9429259055706772
-0.3483104469311050
-0.0677173834597152
1.1136664673555623
0.7597949060425720
-0.2687624705513180
1.3582410851479192
-0.7172177939741357
-0.9787341346034117
1.7030607419071011
2.6179250109079906
0.3968423217690319
-0.9074599527159293
2.4912803207915983
2.4162056640408305
0.8591620831258355
-0.0466073341228561
0.1168324267943258
1.7384136874701082
-0.4989208433472243
-0.7838970852097957
-0.4796116734742448
-0.1706559892694251
0.3471955229321154
0.4009660129779266
-0.5856745739258457
-0.0231879097242718
0.9607134790739754
-0.7392244057060693
-0.4039330594495300
-1.0268527874055815
-0.7111237737359863
2.6377021187246124
1.0461243516557768
-0.5546127899359740
-0.4485568496814011
1.2715422140163581
-0.6512482328544402
-1.5050838650303713
0.3332142005502690
-0.8851585114762958
-1.5133182873506235
0.4573274530258586
0.2126148986048956
-0.3098036981831558
1.5022338228641718
0.9818572786301936
0.8763957592880181
-1.1066922027695114
1.3204408620535300
0.4891037179653768
0.4197875031267690
-0.6072120780919985
-0.7799508814228752
-0.4551251731577028
0.2516756704207087
-0.5836361631883152
-0.4468145521352687
-1.9381827293470835
0.2936203209394358
0.4638317600182754
-0.0903086915218730
-0.6032373308876227
0.2435565863683063
0.5259300260778493
1.4976306472653698
-1.3244576801848702
-1.5789199033919707
2.8247906215498433
0.5701600759501525
0.8121303389188961
-2.2176036132133685
0.1344454802622742
-0.3288140109534684
-0.7632752815845172
0.1865992631425802
-0.2454941077117321
0.1163418615388515
0.3306772479422430
0.5998234483605995
-2.0774312714483165
0.4926091342857808
-0.6687403604952263
-1.1418826065176304
-1.5329951727530031
0.3892016568578832
-0.6094469100728627
1.5584202195779997
1.4814644231046423
-0.1150322879795438
0.9973876544094832
1.4201626513116585
1.6843115337078347
-0.0770236251284210
0.3448453630195307
0.8900933853664597
-0.6674099034110741
2.1665440483068741
1.8452394497198110
0.5386944427018093
-1.0153300590820098
-1.1110423043000475
0.6041079387521022
0.1321764097025175
1.7362519215445515
-0.1872501964227650
0.4464337023174128
-0.4067840086911993
-0.9829051308176591
1.1591704897472968
-0.2337822328592153
-0.8663747890146333
-0.4409603110462592
-0.9392840545316623
1.7776030080190934
0.2120990386323947
0.1444316305236663
1.9839708457485652
1.5320378073078651
1.1628950496072799
0.3288626860600641
-1.5727685660209119
-0.2931932600362060
-1.2383527936979022
-0.8025907391571876
0.4676678340052728
-0.3002986995813421
-1.3131341032637849
-0.7394293980019532
0.6808469536813296
-0.2259652942236194
1.8447958120328027
-0.1135140197621692
1.1768415746635446
-0.7459043516022535
1.0929811870481998
0.7938857046947918
-0.5311252900158903
0.0380261859022346
0.1626173483011725
-0.1604216530100596
-0.0670016194003059
-0.1552611386696452
0.5571725942371529
2.0007359716984956
1.5245372958413859
-1.1132728737472588
-0.9236622650714373
-0.1074050447635295
0.5988140436868149
-0.5372472702666379
-0.6396872826889911
0.8760405964775198
0.0079161890286975
-1.4463640298982325
-1.7297958690236417
-0.4687271279326460
-0.2627158444620147
-0.3851600553046215
0.0767832449832990
0.5794022415481542
-0.6968067362353106
0.8312212495132525
0.4066071538705395
1.5935474454218423
1.2692155173236646
-0.3277249417816036
-0.7397240589342193
2.0732077841873444
0.1384011194858089
-0.5127478042188472
0.8659975295934004
0.5183217972854263
0.6514753428209547
-1.3085711620761926
-0.6429599179389089
-0.0718150544404330
0.7628420674186068
1.0775286953109446
-0.0576116803889785
-0.2011395316015557
-2.9867856229012881
0.1872025248791038
-0.7914048903229012
0.3166023659778558
-0.7273128194048688
-0.5202002390452117
1.1994755280454970
-1.0932408748690035
0.7138385809096786
-0.8060102963317843
-1.1243388915095764
-0.5392965018214709
0.1326510579102985
-2.0248021796290967
-1.2640576021930747
0.2467725020950562
-0.1220923203873094
-0.6261776369210086
1.9455852656711321
0.0222482549313038
-0.5242123029367307
-0.3722765209804180
-0.8309783756319558
0.5803107506379672
0.4170108859367502
1.2697540426623277
-0.0889335849750287
0.7336133978031744
-0.5276647186500529
0.6093453849517734
1.1625120276885892
1.1714248894769665
-0.6933867117966714
-2.3281916922631907
0.8837142843845562
-0.1198758088367431
-0.8018769841294396
0.4608105888365809
0.3229237832549737
1.0645445092036339
0.6712541864461029
0.6208366537727494
-0.5341765975761088
-1.8799847634618498
-1.0308406203151916
0.3284394300415965
-0.1058033303234787
1.1968073085187452
-0.3960025038827316
0.7686648357345851
-1.3353344438658326
1.3844812211942146
0.3432737129918725
-0.6197079772013212
-1.4577267690557019
0.1286546319169873
-0.4757155765045563
-1.0750622975019866
-1.9378236596769283
0.7900154438462392
0.3539053196872718
-1.0308040963149210
0.4982325604013744
-2.3110633286690132
-0.1891061398007512
-0.6880218116674632
-0.4675345994317961
0.7499170071217371
0.3845403836996885
-0.5382765044555581
-0.4639647239472344
-1.0130964639707321
-0.7532761487634940
1.1244901881554812
2.0740580608984969
-0.0017990599747910
1.7032763803184576
2.5400555301792598
-0.3047152829506137
0.8450406787584690
0.9402631309879226
-0.2508692625101391
-1.8007286062940877
1.4968450914179383
-1.1626151206773117
-0.9979888793767493
0.6544455414146745
0.2446467411177243
0.2416039930060913
-0.0685494465821753
-1.7933325166249754
-0.9667399910640704
1.1250333596599613
1.4251385925106388
0.7795109139365527
-0.8625243368004837
0.1338943685127783
-0.6110786908526917
0.6592370156203409
0.4910398512181563
-1.0315904975176309
1.8796848825847610
1.1132513327925526
-0.8346608965755115
1.3226495735547130
-0.1584129248147792
1.3013759718662636
0.3921166854073772
-2.1540994639525670
-0.6748408849130595
0.4450745478165869
-0.3619710854245653
-1.1583824541326861
-0.4784125675189206
1.4525364871369093
-1.4962982203884503
2.4488636260282868
-0.0127417923013500
0.1166358707244094
-0.7099685187711188
1.0781418252506998
0.1598279266194168
-0.6763658372656517
-1.8901430063921862
1.3486614690919412
-1.0625833022087208
2.5246614443730744
-0.4568165975865555
0.6260217973668606
1.3536505562184149
0.8776212367079682
0.2237013483674340
0.3456176616954512
-0.1647963624539489
0.0545901326789929
-0.7974052193064977
-0.2974811469324375
1.6384153417497667
2.1022537562152781
0.7306141874396062
-0.1794913526484846
0.0291288412524953
-0.3688396863400231
-2.0812441268300690
1.0306229115025531
1.3698187999915770
0.2179900619298228
1.2664890400109745
1.6908662864643031
-1.3343226523575060
1.9865052023599388
0.1043743961877187
0.2300889852997944
-0.3386554288236202
1.4183183980766276
-1.8583824170691106
0.2897260124179499
-0.7240280754013347
0.6376438564815369
2.8592276475619136
-0.9030336159155303
0.0604426029229260
1.3677810595554882
0.2415566285243046
-0.6217902495143455
0.4218628096403146
-0.0511540452715453
3.0939904124042275
-0.0245493538831580
-0.2818779792341494
0.6449082399147933
0.6745910741428267
-1.2439018963240167
0.3807466322832613
-1.2179850619289900
-0.2097712585537246
-0.8106913784478648
-0.5628022045030854
1.7794912615699243
-0.4546343938419631
0.8456351887830853
-1.5832374454177001
-0.4630423967342562
-1.2797527952615435
-0.1863401299474794
0.4798527942957670
-1.8438150824121053
-0.9770119754810451
-2.1955652732729196
0.5657358257821358
-0.8362948324522921
-0.5045244638385202
0.1999952583058714
0.6046125644694085
3.1021270843491662
-0.0057182938096499
1.1587170026330202
-1.7300187002686020
0.1910558640391171
-0.3922895778448059
1.2952949721212295
-0.8893174196110459
-1.0483550253444665
-0.9062971921512842
0.6505130167621989
0.4988787080177472
0.0994416894295483
-0.7899404038256885
-0.1677823065673565
0.8258599501972020
0.2640070083307248
1.4728517060962933
-1.4304086754247929
-0.0360781400987728
-0.1085614978496625
0.1868023128933951
-0.9049901154508646
0.7632700184977514
-1.6012972571708350
0.4598406868922658
2.2329366027714110
-0.3529726870351880
-1.1225394112839153
1.2619951832712157
-0.6001931225348253
-0.0107821178914349
-1.6341385876378549
1.9185104106805695
0.3374703865497475
-1.5212180094651888
1.2643718231321668
0.8258288304613811
0.6012262283142641
1.8853685610347346
-0.8527212095855825
-0.5848357140440459
1.1425530528029402
0.3703258303269771
-0.1060735235470940
0.7924635493191572
1.3402216487543397
-1.0498846479141384
0.1150858328500185
1.1858982888994871
-0.1753918398459743
-2.0291447297868475
-1.0301788626131350
0.5419286957180375
-0.0321589758146224
0.2861888214729649
-2.5744561021411143
0.7231044194038971
-1.8823004618896380
0.1962855372566528
0.6026881296701417
-1.0667342026935140
-0.5520606592288044
1.8374688832163324
0.2465091978608741
0.1479225194355716
-0.2715121965016897
-0.4135216840909322
1.3322645825139445
1.4576478383454321
-2.7334680716840221
-0.1437425187742629
1.0184523589336603
-0.2790431396962772
0.3764712007294530
0.6861396107762916
-1.3937789211327052
0.9666408562261630
-0.7503901151376925
-0.6491712447984456
-1.3813910384296026
0.7821254608456237
0.5130798104584918
0.8561055887798823
-0.7841693787545028
-0.0183402613726381
0.6016918926365555
-1.5405325845328997
0.6449251369080108
-0.7473270270907131
-1.6912186819508250
1.9659987006034572
-0.6065265596746098
-0.1570701333109972
0.7894356395735608
1.1040046610000480
1.0591777867219485
0.0677939907801451
0.8459046917683950
0.4271888099082018
-1.6012056440905000
0.7440086685428505
-1.0010572277649701
1.5812749689574488
0.5996304609946481
-0.9057717021070019
0.4125024588303436
-0.6593392011509432
-0.3315939851949848
-0.1923144107539121
-2.2324434791558643
-0.3419260059943481
0.4823313558766027
-1.4175472667557059
-0.6612910669283608
0.7531846209851802
-0.4117170706309822
0.2137195262860454
1.3383081761100353
-0.1202610955112079
-0.0616441216945304
-0.8154447378157715
0.5455022115797800
-1.2159139765904345
-0.0047997259116949
-0.7758809275626578
1.9249710212135382
-0.6220771491309142
1.2786821482617623
1.1668207766619223
-0.5358499625433519
0.2981508067199945
-1.5040998164758412
-0.5051128731032047
-0.6023391415281545
0.4001701430764932
-0.8746613528022592
-0.8620596010395479
-0.8371438810545876
-0.6429754234619899
-0.7386061755549342
-0.2486879666908998
0.1410231830541662
0.2412147620833136
-0.9660754847104192
0.2736558619546106
-1.1871209287046574
2.1048516744945700
-1.3993362521493422
-1.3880358181646477
0.0036357827339859
-1.7758234371106694
1.8178380618903300
-0.2683741724993611
-0.4652010177880637
0.5820550121664169
-1.2307082088240100
0.6969980712395660
-1.6723880576734327
0.9812964599358400
0.6474958692739239
0.9430186865479212
0.1936093673586632
0.5996461931270867
0.9768616479557632
-1.8178356816325609
-2.7697620464988080
0.1178227397058377
-0.2633228905967965
-1.6451393919518935
-1.4952359880464068
-1.2715972250205891
-0.5322674340880059
-2.4207325029468389
0.1621065998494553
-1.3119961772065738
0.2234765287255968
0.3099976729443166
1.1636603711697631
0.9580723652523343
0.4018544577258524
0.6259895791189860
0.9692769154288547
0.5677495525265083
-0.4240875543370821
-1.4384758057469065
-1.4411981022188982
-0.4102506441565801
0.3978275819807651
0.1560771899452724
0.8856534124892222
-0.5164671523412178
0.8504245643465665
1.1018728955318269
0.7163274518980672
0.0644358615360413
-1.0399639644491170
-0.9749929252033827
0.8033208361306899
0.2891575974884599
0.6889681552496895
-1.6241843658179518
-0.1673646321589977
0.7253837413077767
0.2618404893243275
-0.4904184586725632
-0.4086549448510597
-0.5003045438297767
-0.6439322656133308
-1.4228680667649631
1.3609460095081891
-0.9683620669122338
0.0260920432017745
0.1347971716777183
0.1334343283856434
-1.5392810664020100
1.2607492569310272
0.1296252271120034
0.6997466509457941
-1.5003624586318192
-0.7048850269537056
0.8029302757314025
0.1136601916329741
0.6655204201544804
0.5785773972250424
-0.9112908134662823
-0.4032369010874612
0.3530140691161063
0.7815883997137627
-0.4786980653249010
0.4455536546862223
-0.2114884371386869
-0.3438836920660095
-2.1486476634761691
