0.1417404407569169
0.4904457284082246
-0.4236302571859979
0.7358981315751342
-0.2547973875613722
1.2845394133085160
0.3734984385579136
-0.0357073699188035
-1.8616694429048275
0.8144311330052860
-0.1573476639213175
-0.9892289798356244
1.1931603018504482
0.5532747352678938
0.2121847786191349
0.0749341491939451
0.5822471144017753
1.1372705797092106
0.1198896773427964
2.3143873518733140
-1.3256886493218420
0.2819795405123184
1.2625690080136596
-0.3776044154511951
0.4634891018710251
0.8050485645461576
-0.9256271311680618
-0.8573172346695387
-0.2557869226066001
0.5756955543751001
1.0989338999881246
-0.0462290266831740
-0.4321518676700912
1.2559278671979481
-0.2262836193088437
0.9495015629530400
-0.5403561326570221
-1.3410701421019489
0.8672588735248441
0.1213842361745931
-1.2762275559562244
-1.8549454620654233
-0.8041837938919703
-0.2028831693020806
-1.1542784618872794
-2.1587499143602509
-1.6614389190500081
-1.1456552739546972
0.8509569698807261
1.5209848564159065
0.2022379411490467
-0.7014303127153052
-1.8027795562113602
1.1658382599382582
0.1582953872115200
-0.5954906967178665
0.8741356425476504
-0.6330009766056084
-0.6058418842099343
0.7365109458131345
-0.0746782043701098
0.4560671127201843
0.4945088738478500
0.0083628675959454
-0.9801153150156802
-0.5259429384068385
-0.7188306639775515
1.0888110754794182
1.2126401492287875
-0.1445626616014745
1.0037707044267239
0.0622394809284670
-1.2607646707911468
0.5211042805780647
-1.0093221202577733
1.1706319421976510
0.9976503597747501
2.3010095863008511
0.1755716054686415
0.2256492635141286
-1.8990142240892709
0.7912656646835596
-0.5600312333162644
0.3452368478711014
-2.4300250505183127
0.8370628614524306
2.0760744924136612
2.8329999926689928
0.6871497025427076
-1.0871697739976394
-0.2881828427203704
0.3361064871728301
0.1560282181248636
-0.8932347109034764
-2.1875391384155085
-1.4475535638786650
-0.8740553814168533
1.2571052675645356
-0.7117002549717147
1.4747136402818743
-1.2520748907725996
-0.9574911467984553
-2.0276029874965724
0.4326674405457229
0.0140236545659246
0.3912392810976713
0.5235927782844241
0.0402717296520176
0.5889683405056396
0.2298351230550348
1.9686364777783094
-0.0603465139356320
-1.0010657761673993
0.6618711565521626
1.4478903730262620
-0.8973085726450354
-1.9530863504737150
0.1371533123296466
-1.0152207688496975
1.6155135486459664
1.5859936456176265
-1.5293914902492296
1.7246286061863565
0.1135685489314496
-1.9344590362668843
-0.1262433258085335
0.4230836240729830
1.0545506368297091
0.3632342216046153
0.6278449729268879
-0.8003654040703911
-0.6218824466095422
1.2453304153741982
0.9363231575123715
-2.4936342948769541
0.6382535939435976
-0.6722839274072219
-2.0984510921668531
1.0718201291972478
-0.7722021320240737
0.9492972577289803
0.7510924027372415
2.4032903678404427
-0.2881574068696173
-1.2186389320769619
-0.2833025981334391
1.0336564092834915
-0.6769058184846604
0.3850974462253626
-0.1196220895388997
-1.5299572496184113
0.0231006090875369
-0.4982154358400684
-0.6229590259456753
-1.7009766607787116
0.6948015526759042
0.4474515197090781
0.3485401849762694
-0.9001817324051435
1.4913658248553110
2.2999331272093047
-0.2076599922063863
-0.6852089870712262
-0.6364436667624295
-0.0635777257399521
0.0860886938798959
0.5416539136849329
-1.6081086488138525
0.5129229827958823
-0.6934718401578612
2.0012653451773170
0.5489628291983035
-0.6655527785889650
0.0856626130400535
-2.3636205169980773
0.8891698294642271
-1.1011544766021095
0.7327327663045970
0.5063446301600136
-0.7746683562853804
-0.9902505007584540
0.1800947042189394
0.6510722988592326
-0.1283432448001728
-0.1946894295599668
0.9931794390743901
-1.2562589521354368
0.8033923060656417
-1.2872454221252609
0.1110130741812978
-0.2063314332315691
-0.1270379304427136
-0.0778353743707787
-0.2361082000042045
-0.3844595897137263
0.2279279589747605
-0.3658957584756526
-1.2208052129345213
0.4170124592356257
-0.9086885459021190
-0.7438097789811925
-1.5634339626474509
1.6810035804404579
1.4610201177348516
-1.0039709636629164
-1.5276137414244080
0.9225729695995127
0.5906279291253088
-0.6256456540658585
1.0084466258374833
-0.6948143512966876
0.2973824684540980
-2.4264892183598072
-1.5097805673615947
0.8610053400654363
0.5508896472651458
-1.1607810076347398
1.0547855110070135
-2.4492139326426527
0.3626980341272082
0.9027579260165466
-0.6141238757579822
-0.6398226541300762
0.9437006768489878
-0.8626145865755233
-1.1414640382163546
1.4514568881184788
1.1190483246624383
-1.0496212303634276
-0.6504169217184130
-0.0362250934051126
-0.5632238626173524
-0.5905614291364083
-1.1115589400258821
0.2434989575000385
2.2174584208974202
-0.0024291291608262
1.1423827709581171
0.5421842139806372
-0.4914112005395318
0.3867693398732319
0.1358537301497992
1.7159867253614483
1.9759340187308259
-0.4316227569945565
0.7575445491350530
1.6054295968806231
0.5487971824225651
-1.8793754243905134
0.0958091195249680
0.6801258328180140
0.8837968319979063
-0.4870924654780677
-0.0563899138482953
0.5037358425799412
1.1514336695118608
-1.3830084615207519
-0.7267744285234349
-1.1047144723939322
0.0442594736757494
2.1169318125314680
0.6367825984873507
0.6010842132479336
0.2350377234509235
-0.2715439132182523
1.2704334425602137
-1.0298072673998064
-0.4571661549964566
-0.5090458106262540
0.4446833677727446
1.7295042915315764
-1.1545037416183390
0.3350604656357884
-0.0695501120624723
0.1728004391031086
2.4566788558130570
-1.2069487377039052
0.0525407617509749
0.7201765423114415
-0.1566964912481437
-0.1741416589526308
-0.7500233441477205
-0.0567107480883297
1.2444370582266013
-0.3117196453856449
0.1847977512332431
-0.4610321182400638
-0.8598251306036272
-1.2942488978399815
0.0816266017420934
-1.4952424025853028
0.4263772049935117
0.8818635851028782
-0.4124937499930957
0.5347271246477826
-1.0757047586214872
-1.1715071184647063
0.8039189340884603
-0.4197899137829880
1.8569801292772399
0.3438579543995327
-1.4436852342063300
0.7555271117635552
-2.9462597364137406
0.5837068052941864
0.5700848282131983
-0.4834956932613231
0.5977657113933104
0.6009254499102694
-1.3643031249374842
-1.3750813682688752
-0.2458061886161323
-0.0942230555974775
0.9161834095620022
-0.7263798595914205
-0.4441090206138697
-0.3487329396690418
0.3104531816640951
1.4202772321265282
0.1752162306433196
-0.1070504102389226
0.1840520663711700
-0.5528355639627105
0.5805525224889291
1.5650475803625847
1.1108420737147120
0.5583921371214664
0.9109623560269869
0.4554363601211694
-0.0314997185919694
0.2706139625053489
-0.0905748578200955
-0.7273616596930770
0.1811888932052797
-1.0124061178862229
-0.5233972096585567
0.0401781358347241
-2.1607259611463525
1.5776956464067620
0.9780007308856210
-1.4474552903602316
1.6002404116781783
-0.0336258007964942
-1.3416042136422526
-0.8560141480034473
-0.4812987688586651
-0.1845454031724447
-0.8273218854415479
-0.8314169289234069
0.1092227032543141
-0.5468768481866562
-1.1506606728371915
0.5119206524437865
-1.0854392973171141
0.0801013118640225
0.9100610193630307
0.6274861859435150
-1.0122871892736895
-0.2346419933292140
-1.5768820402543788
0.5735503840869354
0.7958702930592449
-0.5161815610843383
-2.3554432141563670
0.6558989675905718
-0.9168173194717132
0.7086535751355724
-2.3287680372837705
-1.4508041327033419
-1.0215168538552997
0.1815221611315107
-0.7144121981876748
0.2512188256364094
-0.6842884474111836
0.4924524248977166
-0.8715353467536653
-1.3572355736186017
0.1814992792111282
0.4672343720590979
-0.6820574341963378
-1.9465765292048787
0.3141808508196959
-0.9033595036009221
-0.2937944513507620
0.8754598809602461
0.5626426426957097
2.4309506435273804
-0.5045389875000577
0.9136626651567624
-1.8452213759829938
1.6471327120448156
1.0756435595631453
-0.6943000248119406
1.6822732768897799
0.7794303783486576
-0.1004547662082213
-0.3360145237814962
-1.1139236328966828
0.3841454210328064
0.8218112358638185
0.7022110271922429
-1.8138651461995712
0.8326803689319745
0.9051039481392961
0.5575714536549423
0.2153834200907372
0.7458950483226725
-1.0680209656278048
0.1278100860369778
-0.0830777468769811
1.8841866209780311
-1.8224956938492833
-0.3886326478702057
0.0751311051171770
1.2156813933305235
1.9416145438381704
-0.2435804455979624
-0.2107452516494756
0.8225290644470891
0.8438458225671375
1.4607431347959379
1.0702874811404663
-0.2740723805622071
-0.0389258332605462
0.8972077785058444
-0.2931332211680135
1.4572731360976092
0.3943504969067415
-0.4054915194376635
-0.7108260594698771
0.6543440350196943
-2.8331706620664936
1.5053564549858494
-1.1505731585828551
1.1881764058864273
0.3610568968545872
-0.0105916687938397
0.5266547590320700
-0.1579197400136114
0.1192292364912526
-0.9359812642339195
0.8667589729236287
-0.6466046476740271
0.8949823387761217
-0.9534321580582895
-0.3443384820627373
0.5506492389832465
-0.6924995524316409
0.5743219189756930
-0.5602162994441587
0.6903745309759246
0.5958788606328775
2.2347480614791602
-1.0584851455024489
0.2992364843782870
-1.4882561617654706
-1.9969737515487584
0.7148314436151809
0.3709824866862956
1.6035734272989828
0.2337118705669836
-1.3926367551685885
0.7922685575203565
-0.5426423417565654
0.3889375383588651
-1.0052687683159933
-0.1563073010204818
-1.1924018490162138
0.1615367271055128
0.5879375930137861
-1.4388077308482692
1.6712253237334775
-0.7168368094545335
0.0677871101028056
0.6250982988226038
-0.2391066590536698
0.0918865722542219
0.1120836211609633
0.1739519191325823
-1.3030956379041969
-0.0587396517561983
0.1666281263000407
2.0240706152067571
-0.5836491518424431
0.8936583177447053
-0.3137028576829153
1.9889582537963266
-0.8740490812526015
-0.2264950916913074
0.3766164250770854
0.1482834268039933
-0.6865456987460199
-1.2791609812091618
-0.6170593532851214
0.5947374682582249
1.6199606518449030
0.0610048649920534
0.1198552430649346
-0.6623870016267480
-0.3633573662808388
0.9985507806574668
-1.0134474598930034
0.6240587676303914
-0.1992942325372507
-1.5443279430085073
0.7465036468453949
1.6829249466156295
-0.5534359277832474
1.0208020749045470
-0.1277905478174604
-0.4909669455836650
0.9497713662873094
-1.2362674358296637
0.9410180344514328
0.3354759764478509
1.9349265964519309
-0.5086746835556258
-0.5846053647621745
0.7303340821339470
0.1258193333746843
-0.2998103481343873
-0.2969892303219860
0.6100496208913729
1.0471684427683361
-0.2886517709885370
-0.7590494663145800
-0.6981129576979133
0.4112711195357476
0.2759183074570093
-0.9349082849925939
-0.2179172736703191
-1.3733948607148003
0.5932410074567100
-0.7356625116373435
0.6456380429098645
-0.0139371110989543
-0.1188601731284436
-1.0750682822162536
0.8699401018399697
-0.6958908745033344
-0.6345741235812211
-0.4679173765082902
-0.9532087778662580
-0.9736496922678215
-0.5005339792820362
0.3529747529774687
0.2236332476988112
-0.0537844902785056
-3.3243322722283111
1.3660891785040337
0.2165364628577072
-0.5263484916239035
-0.3720249356176447
1.0642808336837275
-0.6698624979082991
0.2696521667124138
-0.3832110711087883
-1.3646975043090337
-0.3077179818517612
-1.9622705953651371
-0.5691720272389126
-0.6275035785026319
0.5309016865924958
-0.1918823175327993
0.5163667726780330
-0.8644147139603049
0.9948998070158287
-0.2585414540006318
0.0210592279233975
-0.9408667160479280
-0.2333239112495250
0.7360288791314926
2.3412152764005421
-0.0938177194326145
1.2810135697135843
2.1332998623838302
-0.1304862111738215
0.3401874268771743
-0.8966826783823323
0.1700578061202543
-1.5321720908633902
-0.7560979164156902
0.5092672108630323
0.7241997053220277
0.5303707375443620
0.0243969407128506
1.0722111025750629
0.5344669351784918
-1.1270626182110703
1.1354281543814646
-2.0906520642485886
0.3415976367585959
1.2023581443458091
-0.9509402463988699
-0.7228027110749765
0.3288387023341507
-1.7497134056799628
1.4787864580083152
0.3867590422048183
-0.8288667931623926
2.0555871274642077
1.7697434623922930
1.5308657523301650
1.3776797691832341
0.1749333525483863
1.0623009375720651
0.5657450563153755
0.8765635797718014
-0.9366235790497771
-0.6986632640684614
0.3696184109619728
0.3866404847214848
-0.9487781314520168
-0.9663962005970461
-0.4838166368337366
-1.0552241030747860
1.8851700523353137
0.9559006356815791
-1.8506040894396569
-1.3218457798656611
2.0658223111544385
-0.5863960857124575
0.1588440081068190
0.5476637403301277
1.6346311867607330
-0.0457823685146116
-2.1176839056088372
1.1037840360638029
-0.4609444391520000
0.6963238708394845
0.2425059418775862
1.0026097189267091
-0.5336556523196684
0.4097526319760091
-0.0893332093510514
-1.4848420219222087
-1.3921648912337621
-0.1195998634566918
-0.7545448943637298
-1.1540736329429506
-0.2445693488580082
-0.8743404370758481
2.1690966480843978
-0.2775577213827329
-0.0560982540285309
0.4274913647614780
-0.6329768399874914
0.6853188090841502
0.6004836950882655
0.9003003531356036
-1.0527364564728896
-1.0967129235191881
-0.1681107669343100
0.7436794595343577
0.4198422411714542
-0.4749452963740839
2.8475800850966997
-0.1282704828523886
1.0764744921086054
-1.6240975131108204
-0.5927183395266419
0.8768595433555442
1.3913833293868194
1.2160214477688873
-0.2762460347671125
-0.9592430374111300
0.3561308012686071
-1.2944160313175788
-2.1239630916379153
0.7634849071161388
0.4360595386991294
0.4565176529730963
1.5583822898900752
0.7535054023314308
-1.5891478690892025
-0.1193090602310603
-0.2478529825322829
0.1805534411903227
1.1991328722953238
-1.4174153503164726
-0.1583974005950115
1.3049642582760907
-1.0028039675188860
0.3448371454690848
0.7231037115343020
-2.6494968650985453
1.0835839841469939
-0.0044390366512816
1.3386938021184636
-0.9341560441174052
-0.9498365378262486
0.8289251275803782
-0.4901848314626875
1.4680669690908679
1.0738349646107155
-0.4624820335517593
-0.1155691153830887
0.5387609950553608
0.1726076445873942
0.0949540039641578
-0.6521012505499562
0.0894631657495450
-1.1939283762997683
-1.0678772641127388
-0.1608431147907527
0.3465394628403343
0.0884646731500567
-0.9348748467698873
-0.4359241874324832
-2.7800334139050396
0.1459311931581412
-1.0458362432663304
0.7907857571443895
1.8605823720541108
-0.3534119341659107
-1.0897193135351504
1.2364842570759913
0.1719483222573847
-0.0742224624052684
-1.8803108768199579
1.3790944335427970
0.2699068009505752
0.9095776158522250
0.2950924915461036
1.0331016763738132
-1.0437311555065609
0.3991350259583768
-1.3590634328735955
-0.4081599787213628
-1.7705117647572677
0.3568963284716329
1.6314284527464342
-0.9563966088897491
2.3365414729423430
0.9907296184560592
-0.7779635119512712
-0.3445130651477353
1.2868527037561801
-0.0668292376231014
0.1812509248550738
1.7860873827630213
0.6618720429747487
0.2319951162219545
1.3131448521719555
-0.6088006976300850
1.1805413295964016
-1.6112854723825585
-0.5742362810884040
-2.0828424350594004
-1.5279341629837628
-1.1474980518593541
-0.8203232704730802
-0.3031288880764017
0.6311455328839738
0.8272516758081833
-2.0251900167028385
-1.1452774616680355
1.2501262833332019
-0.6269438976642691
-0.4403686553069909
0.2401109288916165
0.2854498159211133
0.3623157925791114
-1.0285126914852840
-0.2459598713221003
-0.7330171600641688
0.3791808772793777
0.4121658155629959
2.3000854893501814
-0.3536486678288167
0.1468001961972474
0.0216572631060072
-0.0893715286332302
1.6884999367110622
-0.9369111669903076
-0.9763101493364805
0.8366653794320664
0.4117641195536356
0.3217586460684284
0.1350372201434671
0.7922802156401278
0.0990568126247078
-0.3835994614274990
-0.2041403412182204
0.8590414827816670
0.5511879760417437
-1.0663659262408884
0.8615940176165982
0.4723416659320502
-0.9096167709735232
2.5936982290471837
-0.8634403080637308
-2.0924821894871761
1.8277743314192894
-1.6165708978246967
2.1799779054495283
0.2582208833191469
-0.4904403135494130
-0.1916839975130958
0.7631617369475204
-0.1950375052281366
-3.3737591594289702
0.4997891736533519
0.5400055597030837
1.7494395272084451
0.0392281431494718
0.8297507552876641
-0.2681527348792208
-0.7441292155199680
0.8452943003855088
0.1851980152945158
1.7728601654186797
1.1764510468614420
1.0017474305834950
0.3045112226006015
1.4595509631934536
-1.4788786919648740
-1.0684017123655554
-0.4854072598146478
-1.1449852059665697
0.7409248417217016
0.0314378432479840
-1.1999406075860872
0.8263073592100982
-0.9796519830740685
0.1070080858577567
-0.7930841206764181
-0.0322883724571374
0.1887716513771522
0.0706921559462055
0.5587954511800113
1.6058735455254805
1.1909591712455918
-0.5209459992750527
0.7487354807077119
-0.1278006062047325
-0.6674209419593670
-1.3388753692694055
-0.8300345573221936
-0.4466007250796435
1.4114635431802711
0.7862150804143357
-0.0978512749319649
-0.3336646254336043
-0.6070583404443137
0.6686333893339409
0.6821052616123963
-2.2587632463996332
-0.0566555887232492
1.7503098351693316
-1.8610457907254419
0.8946189344317674
-0.4810921496462707
-0.7774018802078988
0.3443058786524266
-1.5977856550630483
-0.0135047587505611
1.6978634564167425
0.5889428604030889
-0.3875507906998122
0.2456071049533013
1.7969381836982661
-1.1572000701564578
0.2164100753288527
-0.3370391942492576
-2.4521416447722575
1.0129931693322749
-0.6458722623792950
-0.0733990051277161
1.4721351638668063
1.1880344167603667
2.5200984041221450
1.0679639915639014
-1.4382954676803841
-0.8076975252686591
0.4288873933713111
2.0162990219620269
-1.7949570087641167
0.6835865458886388
0.0776413411976030
0.4667844267927521
-1.0952325278978534
0.8259456827861522
1.2790618796080697
-0.3532425952674061
1.1393407454385698
-1.0553281070027454
0.0314347174061850
-0.7349889265034123
1.3906823513819306
-0.2501991061208781
-0.5993768521535393
1.1495505426371142
0.9791020707941167
0.5911197313936674
0.4624725303394147
-0.5447190519923496
-1.3974095180679034
-2.0948098791030136
-0.2170118172913803
0.6749052097401510
1.1070991892605968
-1.0963968186025450
-0.9545749988337913
-2.2019178212380646
-0.4805713003429518
-1.9557945125517815
-2.4157220771837342
0.3086687897728595
0.6839303781365000
-0.3592140375124619
-0.8101712669088222
1.4073442225858073
1.4433734388706803
0.3402046678709892
-0.2847101401305497
0.5616395432415372
0.0088479475086001
1.3217476440424774
0.2344104194220234
-0.0730895261627285
-0.3201643553690260
0.7667282849308557
2.4494052352042610
-1.1108195621482349
1.7979114165093433
-1.6482854116457046
3.0063510657035328
0.3996287779847194
0.8718076116413440
0.6739458436352040
-0.0470047884206847
0.5560226031508596
-0.8825043390039273
-0.7205424922184416
-0.7673328444578906
-0.8719121597357755
0.3635375580175298
-1.4490744360662893
-0.3542962653645138
-0.1343794740393796
0.5234970265569202
0.0700776924334679
0.2149945472748333
2.2041748814105091
1.6014608959314864
-1.2916872243171880
0.9400685611791423
-0.6245597808168090
-0.7272226692707529
-0.4976673972355595
0.4259696471969461
-0.7180681068731228
-1.7140096919179157
-2.2331425420879145
0.9462420597106986
0.5266056584799510
0.0323018367073268
0.6068306676467726
0.3472659751645673
-0.7426489669118098
0.2580172322149308
0.7670027971329437
-0.5189847198275781
-0.9657836709956609
1.3190064713276950
-0.2895853325607720
-1.0009373410807849
-0.5278353870662085
1.6478877783953616
0.1910530213664301
-0.8986083868577441
0.4743320417891969
-0.3699467380217443
0.9371060155615504
-1.1471977371124851
0.8009071416799307
0.8072185165258087
0.0087614016955661
1.3107023602645573
-0.1177993626831051
-0.2277232142016770
0.3309410837544103
0.9113047488305783
-1.4499170602461369
-0.4996986300743577
-0.6628957361163479
-0.3976489556826330
0.0821849496463132
-0.3362720454774190
0.4383103300802753
0.9700520346707122
0.7061289256233351
0.8859714528146428
0.2233926235356622
-0.0537143464682807
0.1817425215851432
-0.1694011751099966
1.3506106439936307
-0.7179329457083607
