-0.3422554194322622
-1.6663548286202712
0.9340881898665653
-0.6179618559741910
-2.0131607545699985
-0.0821188537239402
1.0966342736387538
-0.0929353880416801
-1.2826449070517754
0.4794000460217246
-1.7627748822281337
-0.2557583878940185
-0.7602649411767304
1.6791490144468861
0.0221996147654814
1.8614304115987252
0.0967137950346963
-0.1008570154031025
0.0324288221903582
-0.8047185058555362
-0.5537738496973612
-0.2423482885195853
-2.4823556910766120
-1.7960532823370621
0.1594133999975994
0.1105173286147391
1.5368255762261003
0.1895320285745147
-0.2114338285906727
-0.3131546586422550
0.1553041067092131
0.4429526709270889
-1.9142013099011403
0.1166847586360357
-1.8653469623392775
0.5888838938401991
-0.1206078637941042
0.1911288525385535
-0.0958072204885913
0.9368307098530291
0.5404079350115908
-2.9522094526910712
1.5145328141842473
-1.2593622690360704
0.4970023636200896
0.6045405604150316
-0.7107519791571176
0.2585600603335949
0.6321779112877305
-0.2493747273518691
-0.6613463803722519
-1.4475391988413822
-1.3172445152136469
-0.5918909225591583
0.4891395143997291
0.7819945599651823
-1.0506936019704420
0.0801360323656818
0.2884077175463086
0.0087326729755049
1.3095464224175786
0.7171978474617844
-0.8633333767283226
-0.3895355187650972
-0.7552203615031392
1.6062195261883385
2.1125899841800750
0.7083173028639087
-0.7300246654880884
0.0104682613148888
0.4959023923147666
0.1011531016035033
0.2512806429347867
0.0668022112367023
-0.5956076874863571
1.2067281001242958
2.0446317663237625
-2.2642165118041788
-0.6584158647048548
-1.3608369064747805
-1.3831304492944720
-1.0992084236622444
-1.2914989485747985
-0.5367219739911525
0.9359528008344143
-0.3674994919394811
0.9781546723157192
-0.9264595659372096
1.7080369509760973
-0.0535544291781662
-0.5713565068708399
1.5496606827103494
0.0365958558442076
-0.0637752782345395
-0.5039113272811647
0.5754267903307622
0.0466518351439257
-0.1260392540549580
1.0748355345508454
0.2177701985996701
0.9361444507405591
-0.5561657643323070
-0.2158396176946319
-0.1899545743395444
1.6344880300451412
0.5576953674926440
-0.7407594098841497
1.3277286254199288
0.8789497444779082
1.4910580282240988
-0.9233251001186215
-0.9640224139814959
0.2520098882041603
-0.8331897627705722
0.2280681713963860
0.0600595712437571
-0.4151367553017222
-0.1019764508670927
-0.5927244151048080
-1.0801297821215101
1.0365029870605376
-0.5312263830739918
-0.4822507754649685
0.8462418901902178
-0.5630927139761543
-0.2669642738351984
0.0352045796132586
-1.2299160238949678
-1.9137949215438828
-0.2727444693395549
0.5663458490511828
0.9244961020522959
0.2582602010794043
0.5351991854410869
-0.2579577350623536
0.3195855163223302
0.6779191435197532
0.0977387714365434
0.1066701458261819
-3.0007002543528358
0.8201894823024016
-0.1885317867430725
-1.1398246565914003
-0.8696435936796801
-1.1408955075755904
0.2501451417519304
-1.9721251650888190
-0.0467164980906983
-0.9563085018796309
0.5735185923133723
1.5042570307184531
-0.3187439301050327
2.7288607413907582
0.0962640873706445
0.2459827387645255
-0.5221807923784593
0.6531984295371227
-0.0602858422537870
0.5219874347221760
-1.0279280040708569
-0.1352749122920604
-0.2589228038093676
-0.5283204833431322
-0.6410355947377424
0.1899513365825698
-1.6265638238860756
-0.2288300656291186
-1.5446552638623463
0.1817277142530775
2.3995890957944468
0.3843374585481499
-1.1981672688705678
1.1034317430430012
-0.1044113830797973
-1.7933937079503881
-1.0726932452657152
0.4917322471027398
0.5293083707592457
1.0526309167448058
-0.1241567920681831
0.9902302451139793
1.5611221701591977
-0.5436115142868205
0.6481016937778553
0.3477221519981092
1.8899187788487291
0.7456236498539387
1.2024517186845243
0.4436217918323382
-0.0970663312620334
-0.0477038860510386
1.4342978787754965
-1.0756604478339975
0.6232441596757440
-1.0557407200689726
0.8994978903064519
-0.4255998882912114
0.8814686395616360
-1.2649780500755072
-0.1328721676572976
0.7301711437221530
-1.0722299962411062
1.4657525957591278
0.1502053649512416
-1.4758992658553882
0.0046117050313717
-0.5011795842841649
1.8416538763788972
-2.3491025383106319
0.6496881012383435
-0.2032022915049383
-0.7937190043983459
-0.3093304541165666
0.2200496873742744
-1.1837265622187054
0.4336927246555742
0.8494374035791633
1.0291846761593217
0.4514184731492504
0.5074770456363401
0.3014370752715272
0.2788094781239553
-1.5043963347633222
0.1967762454327831
-0.4930274550992921
-0.0294413395918061
0.6912542287541891
1.2196684717374273
0.3817392561830043
1.4588014491217833
0.6243680279095555
-0.7901649121482325
0.6500383605726585
-1.0609535240211927
0.9252610761728185
-0.9474622848242590
-0.4678796322826408
0.3449215826381266
0.7465350091044037
-0.3652780441147840
-0.2494712954347431
0.2002808296200485
1.6713081453737986
0.0190210578709721
-1.5928551996584046
1.9133388645480141
-0.6410211485118028
-1.8188326077115706
1.7342083810770721
-0.2885156253454818
-0.9227636048649732
-1.1584880285595602
0.8116807999840847
1.8552053309790659
1.1238086619409358
0.6735807935276408
0.6436503405529220
0.5280138543941870
0.6095211122042562
-0.2649485370315365
-0.3192740168313173
0.8983764942267533
-0.4652985050004346
-0.0843424428089591
0.0067439625461800
1.9551680531939823
2.3075550707400843
0.0481152430104177
1.7053400518483466
0.2813748119186444
0.0148516522924731
-0.9298788318156476
-0.1045317777753823
1.1359257827328457
-0.6683306919622858
-1.2881919857029220
-0.0029085099145539
-0.5208730043132088
1.3862714704583170
-1.4058551516366087
0.0177788450887010
-1.3626483299540080
-0.5817116770319871
-0.4320439424603798
-1.2535306491339169
-0.6467926544564777
1.1969296178403470
-1.0643285491341166
-1.5475417576172998
1.3074312248981037
-0.2525418426108299
1.2724361587728485
1.0174109836083391
-0.3481135976435257
-1.2166336960911035
-0.0430510266836832
0.7754537001970749
1.0917517595339881
-1.1847020138483466
-0.8975988209060920
-1.1434429805705486
0.2494240024222076
-0.0487683036109750
-0.8123457734375419
1.8926565651087048
1.3752933711026751
1.2470072527881435
-0.6603218594315794
-0.8721403000150898
1.4538047222958281
1.0725295764895710
-0.4374068512797275
-1.3349865798691858
0.9443301904899082
-1.3060929228828342
0.5174586410001393
0.3841094740756968
0.1208436950258532
-1.2877162915824785
1.6664667970122189
-1.0345391118801410
1.3077485727921987
-0.6673109123333851
-1.3593693276804342
-0.4190622162082685
-0.5613310272578724
-0.5199761660465656
0.3658350731835598
-0.8329044247617726
-1.1137010803066734
0.4482105409347803
0.4507129368294307
0.7127256149942180
1.6564353690962890
0.3588209224624939
-0.9780783588405197
0.1502272942188551
-0.6399827650123990
-0.0149540367568486
-0.0160972373108289
0.7562282118384266
0.2656754127504951
0.3122910088993979
0.5742394747780381
0.8739063867555812
0.5331309732594343
0.1805167248495307
-1.9173355731748898
0.2993859314441457
-0.6068114187157139
1.1193701985300089
0.0318029126166774
-0.7183781301050917
-0.4352226306270797
-0.7487891638824228
-0.3506901350067586
-0.5137609388806075
0.4462481099472363
-0.1570529748404169
-0.1358943196183505
0.1759571198989729
-0.4166315189433161
-0.6326211192888005
-1.3852351461269277
-1.0068224142304611
-1.8758529630940128
-0.4972126301994938
-1.7614001486757667
-1.0382391553509311
-2.0910820170260611
-0.6863019261986286
-2.4560979694478435
0.3002208667099018
-3.2256926951842990
-1.1931080566752930
0.0890940376395639
-0.5351363383036005
0.4115343597570303
0.0679006512231981
-0.6150898025591424
-0.7561125354305934
0.7525817217335047
-0.0745776868277640
-1.8138338086810295
-0.7321657684962273
0.3876404643806898
-0.0385637010377416
-1.4309299890699512
1.8327552831784137
-0.3635880916839522
0.5085420698121842
-0.4274500154214861
1.5625343944629384
1.2597235279396055
2.7090586429306844
0.3212284489467384
-0.7583905710752312
-1.7764772948468959
-0.6302417847388839
0.1843665894234275
-0.0418354269982921
0.0281641699719202
-0.1224429759310864
1.2863997878651130
-0.4645175200637142
-1.1010430055637985
-0.4205184149919772
0.4070477979688177
1.1274083293870307
2.1548404831109402
-0.3107049895483682
-0.8692886203997958
0.2434113165440111
0.8937722058359150
-0.6886652402869242
1.9212470924689680
0.9303266435285485
-0.8547841853713545
0.5391170463802550
-0.8127179338644818
1.7248789256208257
0.1950711065334662
-0.3931869694097347
-2.2378624617557463
0.9133066795049154
0.4216393676642992
1.6582236879038199
-0.4196584193384326
0.0551604726772303
-0.8106049295620622
-0.4691527144852104
0.1199133086048455
-0.7967995300832088
0.0474441783541834
0.3307574064499127
1.0339785692261272
0.7750676987755680
-0.5670333050432148
0.0604589116973411
-0.4456630534966955
-0.0392322442213395
-0.8676368559573412
-0.2682446366362144
-0.6230212705732567
-0.0517222192053477
0.0760911647138148
0.7704188094461266
1.9666133295737360
1.3164024649880062
0.7483433133465550
0.6404714570208160
-0.6163175775122992
0.9293545614311159
-0.5725459473474906
0.6010164000243793
1.3319553509190696
2.3631159094248804
-1.4422624314388766
-0.3450834220559360
1.5057194362916271
-0.0858673735524703
0.8292196450657311
0.3396119996419195
1.0247087100038472
-1.3470372688952983
1.7999043048468093
1.8038485226048979
0.8302573965149967
-1.6554947932965227
1.4240331406670161
0.2690733175075746
0.6848729158745045
0.4618613321462083
0.1001360398536892
-0.7347569585427961
-0.7222478828971118
-0.5663945309747583
-0.5451192148236749
-0.7341211071799758
-1.5623708996577825
-2.5863704928945541
1.4696681257708908
-0.1388177685647620
-1.4824721643757106
0.7917232211274166
-0.9174844181456605
-0.2150203101019766
0.3366528205695057
0.7144487987344627
-0.5723244271065355
0.0929999692152334
0.9028047439459360
-1.1127163172118324
-1.3925495064795974
-0.1110713255706887
-1.4857713432582300
1.1797024043718487
-1.2024108345622779
-0.6709263533107286
0.2987360883081138
1.0879965193993177
-0.1500524567004156
0.0970370247939121
0.6862099271060694
-1.0040468889390062
1.6120246564653919
-0.2905200170989494
-1.3864832186116183
0.2366047118932588
0.0555579788738251
-0.0911334664149858
-0.0241182821341784
-0.9241936735053529
-1.0388903987461211
-0.3955553399424155
0.3944046763470139
-0.5196236799493034
-0.4080520938315642
0.3797501599115509
-0.9841431901911474
0.1929865388923610
-0.1553050856765429
-0.1949237433442728
-0.6355240828801449
-1.1168178843916887
0.1377411459228218
1.5576117036037325
0.5967618952094147
-0.7145502235653841
0.2232330194242599
0.0993385496325959
-0.7570859481170987
-1.2031656403828466
-2.0478689602366340
1.1023698986624728
-0.4957465137833901
0.7565341800576232
0.5773858778279287
-1.0567598112404970
1.1049414027203766
0.6299806699230646
-1.8802996849573783
0.5558100573029141
-1.1714393330977848
0.5132353399303968
0.6858147908701664
2.2330879046098104
-1.2914223306667429
0.9579393067726526
0.4440021108400682
1.5103421238448738
-1.6176453589410396
-0.5998027805338100
1.5512157512419720
-1.4712747412498342
-1.6364086528819992
0.3310961495939270
-0.9523511178162068
0.5299238955188132
1.1421589573739475
-0.5438912797117650
-1.2022917657151264
-0.8808147400750045
-0.7946519576483974
-1.0322981741335848
-0.6408781914569831
-1.9042737705955923
-2.0164034581931833
-0.0100124427149317
2.5176885682177814
0.6375163098195699
0.1453409571984353
-0.2697133155199530
-0.2680073333137100
1.6225994735009595
-1.1467931098366384
0.7194851966840776
-2.5289526180578035
-1.0641499727047388
-0.0334756681729662
-1.2244395439906652
0.2912727041774833
-0.5380352739751918
-1.1475595315973155
-1.3547452576587242
1.3403029508060516
-1.1023312431503389
-0.3937436820377181
-0.0823931003695734
0.2802930986637056
-1.0569516148059743
0.6156552070575545
1.7364249632342834
-0.9486006740257542
-0.4303711692025550
-1.2797917809194370
0.7461195743711052
0.6110195395709614
-0.3615347599095016
-1.7232503352988313
0.5420225984986472
-0.5310235993973917
0.6255250225286680
0.9895644063918192
-0.1027027355170302
-1.3886994950342446
-0.2965883913392602
-1.2271155044111184
1.2004194626110025
0.1070988963323583
-1.8746029167910201
-0.0097929757915309
-0.6005044359435900
-1.8931466028147617
1.1921318284393314
-0.4083670566777423
1.0556745244972232
0.1453414861602711
-0.5622454351436978
0.7649252654917291
0.1485533976522837
-1.1560926662473756
0.5300688724918404
-0.5308720275428371
-0.6773989612938747
-0.0222317039930112
-1.5121633468180589
-0.6308528876351571
-0.5582866371374656
0.2622106931287291
1.0538968145392609
-1.4143781676230678
-1.9104855210234319
-0.3344395254584912
0.3702029889322822
0.2805263052040235
-0.1890160942336766
-0.1652622437006851
0.0165723530858084
1.8110462618973044
-0.1315527501782029
-0.6658376972691884
-0.2033355225425953
-1.6352177813658042
0.9247729632751926
-1.1315363280312369
-1.6979586031409426
0.4841593163412874
-0.4528959286992806
-1.3119527018811230
1.4406979864452445
0.6155986242601267
1.2281997814513117
-1.6013878547182114
-1.9811042026443837
0.4066126522059965
0.4218639075487550
0.4503477708547283
0.0280381176555176
0.3586957369801292
0.0057212770922156
1.6020362648328446
1.1202400179191652
0.6174344923702180
0.7467466571343407
-0.0152439164214409
-0.6089233194830773
-0.2682492497324561
-1.0780430486383188
0.5673295565624403
-0.0136145468690014
0.5761437413987791
2.0896210529788743
0.9035794708028773
0.9741617629559163
-0.1786460125364015
-1.9766184173167289
-0.4419449111052973
1.5995241898124255
-0.6202392673721017
-0.0388840667030779
1.9262880564884133
-0.3133319473056757
0.8270650965844087
-1.0185640259176194
2.2680203132512764
-0.6044573970853735
-0.8620637661085252
0.0096079358024679
-0.6984205266139626
-0.0557524205495169
0.2326249338494582
-1.9063351317770090
1.1287988246686047
-0.3688128349578839
0.5779609731585704
0.6466419836384464
-0.2178010688880623
-0.3719413370628349
-1.8329428782909871
-0.5666389825259081
0.5340344448720472
-0.8731852914086654
0.2927206695948036
-0.5973484542041463
-2.7828368362499898
0.4174471838595197
0.2504346409315924
1.0554579813502010
-1.7045996019545935
-0.5040777786115022
0.5674647053704757
0.7265288474309640
-0.7214305731702320
-1.8169060795103829
-0.1533662710084029
-0.2797174223113276
0.5038849726126190
-0.7241837776889722
0.9213109397808393
1.0486226524996363
0.1699981284948271
0.8024861839151756
-0.5560112949368974
-0.6273843216414454
-1.0330573598114035
-0.7795512179522542
0.4530336684701787
-0.0149047869480539
-1.2011701939215766
-0.0718214129120086
-0.8562341467696696
1.4991408519778304
-0.1063344803799496
-0.1010917642946809
-0.1895015342593416
0.0556921623971253
-1.3357738549491218
-0.3672887097815622
-0.3020549954949102
-0.2076615173518881
1.3610091964475048
-0.6217299073165642
-0.4002869939779108
-0.0218959894438954
-0.1879842181260180
2.5635459964729606
-0.1588281645814448
-1.6104124059722982
0.4612358324339575
-0.4884351529731055
0.3464822615371901
-0.3987466878022400
-1.5261982023859921
-0.2780470891396616
-2.2607985776480857
-1.7129082273781697
0.7107435399646685
1.5796057854299552
0.3887193911472298
-0.5213871100370611
-1.6269313275955861
0.2798004345104639
-0.7230376556839267
0.0632086415217379
0.7244269018952859
-1.7049805164119327
1.0705339418883795
0.0457286450343187
-1.5508260010097570
0.1027121252103695
-0.0413997623264672
0.1835263786148939
-0.2617467208206665
-0.4400937822829421
0.5376497448476061
-0.9353766816697978
-0.4092721186977391
-1.3089070425787670
-0.5791293463869642
-0.0858339244022446
0.3229128088032820
1.7378993085236103
2.2978042553124198
-0.1287914574479206
0.0488806059699200
-0.1353139694775866
1.0102403268303883
-1.4121568048702606
-0.1740833789835841
-0.0838253537448141
-1.1177796435252740
0.3408284047630021
0.7148448348937830
-0.6246292167724889
1.9373193563911115
-1.7643247232674335
-0.4396730679132310
0.4998064739116000
-1.4256329427319452
0.2071717715651247
1.0883468975468962
-0.7621210417558848
-0.1782027144399748
0.5211938198346403
-0.2680699750064026
2.1526424100911719
-1.0564042976450498
-0.0223270911042698
0.8818155692801953
-1.4850958232172908
-0.8135916041030424
0.0816290913208377
-1.2802768561514328
-1.2406506759751474
-0.2502661257328748
0.4191463757801810
-0.8823182864566922
-1.6827320672566666
-0.0145025005652336
1.3768501614805677
-1.7302536882512161
0.1586661730418851
-0.2087760515643827
0.8157964194303733
0.8935167534213779
1.2711174543696087
1.2728323826433801
-0.7332967054822286
0.0959859861115515
0.4199536126706974
0.8209217438930585
-0.4321880479851951
0.9024412376266223
0.6606731609717030
1.5819151791137780
1.3764552711886917
-1.6758878682925682
0.5873875474736441
-1.1121611649703256
0.2435084098847173
-0.6837992834941904
1.2939142475259695
-0.1377042145793002
0.3648420274340736
0.2115836425774942
-1.4940197156130650
-0.0417291908138684
0.9148564062985995
0.7742135414393955
0.6167537392521966
-1.0466137988935409
0.3882323589586361
-0.7942004366780274
0.2714364998666042
1.9896208725764626
1.7578695140193972
0.2629406016933544
-1.8878719549022891
0.1534033479985312
-0.3417807303052498
0.0922459659451283
0.1094825129781482
0.4699711309779543
1.5817426731892761
0.3863492970130608
-1.4294693622845995
-0.2533708231141598
-1.1125476547387076
0.1384938653688267
1.0979862316499032
-0.3893565484844516
0.9654145904529594
-0.8328077220083184
0.5578366342775176
-0.5891502011162335
0.3302691888430705
0.5126765819600849
0.8142907193031007
1.9195658869325714
0.5046180501940712
0.2344795698057243
0.5774171539131375
-0.6176349299148221
-0.3842104677724896
0.2572281267424365
0.0834238004254654
-0.0534486111143958
-0.4192972668719897
-0.9466100399574993
0.1453125934938813
0.2576282469042164
0.5503430087882157
1.7481911764893401
0.7990012787206684
0.1303113839626065
-0.8485897876574363
0.3582471622690057
-1.0729518991669049
0.9223943202893506
-0.6990462337954747
1.1593912290200601
-0.6775380817627992
-0.8635459293005836
-0.5683896747630129
0.3858869345714334
-2.5732502107782778
-0.1739407563181402
2.5303475181818533
-0.9787483237200553
0.9837356244026436
1.3295880367531121
0.9205122940408654
-1.4183305249665907
0.9990134675609328
0.3933708714635134
-0.4631893556316755
3.1167941959226293
0.0467436150278812
-2.8948959129850600
-0.2691616635655131
0.7385445060474241
1.1145535626161935
-1.9761168887262572
-1.1726395780602765
-0.3373366583367855
-0.4082426365280830
1.8855469879331528
-0.8242338058258895
-0.7825922630751478
-0.1678239711147111
-0.6255981678885749
0.2934261299982280
-0.1933150783054456
0.5013150497609825
-1.0454455579263779
-0.3857828335703591
0.7436308319362093
1.5331419259203432
-0.3035281187426966
-0.6726855744337575
0.0327478646560815
-0.9481559834789882
0.2574313207597573
-0.4876491734639474
0.5550281988641997
0.2771807517092399
0.1896918356280747
-1.8545826818280118
0.6124822840967604
0.9145799034203277
0.4244789783732571
1.2177803622151508
1.8454517366793448
0.1571017366284328
-0.3267339342778572
0.1397396776027290
-0.8623458456870926
-0.1308551130469158
1.2717097337598153
-0.4431879621354714
1.4722628312437782
1.6193596571035214
-0.6720594412044827
0.7353408771411741
-0.1397182204364314
-0.7448710287956806
-0.1996368851014250
-0.0186042658977313
-0.4028992848438282
-0.1140491361236167
-1.0656996970689778
0.1069606471217317
0.5140535762351762
0.1167642823797571
-0.3855203261297282
-0.3064274066701720
-0.0000088916524423
-0.4992151680069837
-0.8331617685352768
0.4804011029182390
-1.2428556057405498
-1.2614230050506019
1.2184505365960083
0.6543253601657294
2.3482248006271860
-1.2311381078004229
-0.4107612123664875
-0.8714823977635514
1.0943588379927300
1.3069078221445238
0.4275312178211957
1.4497081221574861
0.2581266356280000
1.3045339265595508
-0.2335532977344200
0.6070449487722271
0.0231799155044190
0.9530696021857918
0.8201469501293654
