-0.1369336162739666
1.8419553094992984
-0.4234024087770544
-0.3320790545603332
1.1137922593901193
-1.5589078460984698
1.5222415075627005
-0.2512669962510145
-1.7641013654772004
-0.6441328986199997
-0.6741288331255260
0.1368600032278934
-0.3338867944493594
-0.7438251511841943
0.1743200065873780
0.1115319883691074
-0.4404589914421822
-0.1564616982232485
0.9366911190051681
-0.1232224112280700
-0.1557128952338446
1.1384101846708257
-0.1057911007447579
1.2323793282945794
1.2130220556123879
1.0575377479302612
0.3724735038950392
-1.3391509545914584
0.3520039860410238
1.6445213934604888
-0.4311451873228780
0.4023472202541968
-0.1551724769943332
0.2754422976764674
-1.8059483152699380
-0.8187646228808170
-0.6758958803568199
-1.7083792504024338
-0.6064429787484347
-0.2566498391198919
0.9053642447591168
-0.5167206452452392
-0.5733597631162903
-1.6157645696440994
2.3781106733765167
-0.4895836877026694
0.4302580778779491
-0.5801610436419140
-0.0499789732266912
2.6935953789781601
0.0820174814468118
-1.0722309410738800
-0.8602680498871226
-0.2338015768671969
0.1356132734992112
2.3594798729689943
-0.3840403407363304
-0.6707770321281645
0.0934168460039040
2.2544565275610324
-0.7994407306094007
-1.0929545143775798
1.3211962411673208
2.1053557261460965
0.7358249449084047
0.3477540098599379
1.3254073091253236
-0.3249137986285915
-0.3842328151846738
-2.0492128076752549
1.6626649001108220
0.6623410703825920
0.3677001644499156
-1.4746782977965822
-0.9944399208320137
0.2186396734216903
1.1254661130600134
-0.6498744356659792
0.1649318024741033
0.5514876344058929
-0.7624864859856267
-0.9330430101843225
0.6747748762884808
-2.0845409032583326
-1.0796252726076487
-0.5775714129864586
0.3744528472674493
0.8759416846941146
0.0579895999714617
-0.8650180672777741
-0.6437656678547155
0.9888373075326100
0.5568627086861526
0.2924606541866640
0.3801358225019654
-1.2846082668757461
1.4029269676136322
-0.2536607118587599
-0.4265299031118058
1.6421983430967326
0.2866951517745819
-2.0685563322126588
-1.4365024276351588
2.1410726103314568
-1.5086885235276724
-1.0385592490839473
-0.0813451964831233
-0.2262077045575821
-1.5867007022103838
2.7361297137419029
1.2702302211874597
1.7019676357083693
0.8242751230839414
-0.6382138679292539
-0.0858523695368409
-0.6888589487769858
0.7815942800846838
1.4397475485640703
0.4622087148455362
1.5601752632445813
-1.3078015711023057
0.4222087640489804
-0.0014017807622177
0.0963256997112843
1.6420392095723564
0.5019864476666217
0.0843123319172116
0.2936675757563350
-0.1993657030347394
1.2764650087827134
0.6113071403322019
0.0652538181373576
-0.4117875044666722
0.6215216730580552
0.4376261882078648
-0.5586323551983221
0.8252395304544410
0.8967423212348766
-0.6895937137551867
1.7711231795278457
-2.4650880273254994
-0.3467543898427365
-0.1300553043789525
-0.2184752169495666
-0.3553268609910729
1.9289205782018715
-2.4801428743721887
-2.3116345389627191
0.4077938943890908
1.2701870734291123
-0.1640494653169792
-1.5187129377697421
-1.1699372023250565
-0.6083353548296462
1.2335355990657004
-0.1972356077609774
1.6466180117190237
-0.2043048357095180
0.6524530035992152
-0.7769086578020800
-0.5505172301758352
-0.4099273959488973
-0.0266204590219221
-0.0510938301479403
-0.4902091190685996
-0.0451782799131279
-1.2482300222149656
-1.9804810033728426
-1.1351301246457741
-0.5207825123293570
-0.2446831280925905
-1.2357406569516953
-0.5826629444531919
-0.0752439558811351
0.3719592854123892
-0.7501927770988595
-1.8755925968264628
0.3008539034069816
-0.8496564087624614
0.5425327582366730
0.4792462988355815
-0.7610805180954510
2.0231844012220996
-1.0267060061178528
-0.7071188442326040
-0.6664013990750257
1.9743459418224607
-1.9590179415046185
0.2107658445553787
0.6724783490520514
-1.0101004419813899
-0.3441013836245754
-0.2530372969381700
-0.4921684660956310
-1.0702921987684391
-0.1782181988483490
1.6544201940242673
0.6399453359345814
-0.6945398300645994
-0.3454345157558483
0.8111832412717860
-0.2029289462026596
1.0959558291810487
-1.1547724561706789
0.4590625630602793
-0.8691251501404026
-0.3565449976623928
-1.5259382318740651
0.7428469855624465
-0.1200495671781113
-0.2027951337625599
-1.1247743175828457
-0.4235523780785858
0.4258772240290961
-0.9973200055777842
0.2377613627178742
-1.6109302356192639
-0.2292053342475501
-0.7206536120391862
-0.0988265727398856
-0.2164299878459546
0.0406887813509695
-0.6735214797854038
-1.5857047357178049
0.8139482162580667
-0.8241176403540649
1.0147191158304638
-0.8453339851403509
-0.0291746623333533
1.3492353213873645
1.4964491286248034
0.3052557605468264
-2.1434205762490950
1.1917061755597320
-0.7842247939067047
-0.7687851655651642
0.5536333682994833
-0.2075018828706202
-0.7133576542572851
0.1948506749198475
0.5300074002110370
2.7415742996287609
0.8564326810989574
0.8472528285992089
0.3612391557194738
-0.4548093029872117
0.1301972726674909
0.6468124038579487
-0.4132038940725958
0.1122410219950915
0.9462444429388088
0.8231373947367041
0.1390246537120540
0.1276997061643516
-2.2206599673607785
-0.7235991646872846
0.0014788084198248
0.4671949377034489
-0.3386483163637188
0.4755526917736639
-0.0084461400502149
-0.6441450338087809
-0.4554949439941735
0.7032643494828483
1.3467308001171623
0.2088606634148525
0.1839845322335310
-0.1438186501980154
0.9533602863493413
-1.1311845410691310
-0.4024966984018109
-1.0875455693325971
1.7414270359326085
-1.8440370122126879
1.8946270205147655
0.4599519592324820
0.8177888387488895
-0.1488276228881023
0.3463902692015048
-1.2742792077562215
0.0724221516319925
0.9171976633536874
-1.4547801745256828
0.6060011499761218
0.8599637654120269
-1.2092007231331121
0.0855775484723193
-1.5371580958887154
0.3700555525918464
-2.7722542662587495
-1.5048169011780339
-1.2742166622078908
2.2100129151884809
-0.5681327575692094
-0.2892613290284821
-1.6697887290669400
-2.1085196803098243
0.2885157882506216
0.1838868670470057
-0.2290455045283123
1.3169159744883452
0.1302126980610754
-0.0450153495789386
0.5410289700475599
-1.2485337986564526
-1.1917968199892794
-1.6507565344032500
0.9866327465121858
-0.0496019975237490
0.4209456419593616
-0.0510961196628854
0.6152158365007837
0.0288612582495472
1.1698203151336395
-0.6129913571347863
0.7834482186062519
-0.9456282174019582
-0.8870401241026060
-0.7333197661726465
-0.7718534322089512
-0.4298535863222088
0.0021481281962673
-1.0531828485442447
0.5317767427651041
-0.4672982066054662
0.5218236897493133
-1.0778795019996532
1.6442722441862871
0.5325851519555876
-0.4928075113971595
-0.5869726931116165
1.2116391180601986
0.3875923415681320
-1.3904681674692172
-0.2691780293831164
0.7283655319243533
0.3795146563101033
1.7024315647427328
0.6170821571955020
0.2264073171743223
-0.0402341656293669
0.4711630348748681
1.0753016555007215
0.6718569871170748
0.1823646661677664
-1.3084349322174751
0.1492437928560225
-0.3091032159721557
-1.0799869184286861
0.7221814209204297
0.3719203652116219
0.3016126634196434
0.2620392917991007
-2.0845838096974911
0.2079383942680675
-0.5066768701031650
0.5795865958896462
-0.6213072638796655
-0.6297281433795885
0.8704451771433310
-0.9981228086666101
1.1244443305355762
-0.0569291954622083
-0.9130330455372924
-0.6130177622842584
2.2944073560907392
1.0791803664515476
0.7897269107393382
-3.3366084301523591
-0.1294279546058618
0.4453862426006980
0.6539134594288843
-0.1284236174506717
0.8334054209185664
-0.0104896229961151
-0.1447491626724888
0.4767944703169836
-0.4472664625995597
1.6545168299501241
1.2009838935378603
-1.1354408374513127
0.9816283321268334
-1.3611511802739396
-0.5520676796068442
-0.6736397913428714
0.0685612223144006
-0.2270775468591374
0.9029866708511819
-1.1029254242329700
1.2085391466612549
0.6802068970765897
0.5124314156609062
-1.0117601209404297
0.3211519551665256
1.0832674352668634
-1.9459660554202747
-1.4534881940018483
-0.0789011289284352
-0.2565442044396686
0.1062415968774437
1.0367326039670743
-0.2584277770219439
0.3592139764891368
0.3439291891161146
0.6425285849697934
-1.3488305284564799
-0.9542798989755834
1.7283389905392457
1.2727151150090492
0.1779598009516637
-0.4381384325585518
0.8037750140512609
-0.4221626791157455
2.0533459849570135
-0.0316170939643364
-0.8907468515032678
0.4848607815532175
0.1373554613680785
-0.2908572809575304
-0.6318071363534414
1.0924232148523128
-0.7744189230499240
-0.6462396569109619
0.9902694361122557
0.0773621120580883
1.5551154190798964
-0.9908539281511898
-0.5425675624828984
-0.6547041174202576
-1.0068429021206120
0.3581159070327448
0.1684964767762524
0.2306233947626967
0.2026896259432704
0.3491954476350347
-0.5737942944898892
-1.4071184431499073
-1.0705800415115183
1.4465162446115898
-0.7836021456983830
0.1840632863213417
-0.6684959825721536
-0.3945426912506119
-0.1866625862452897
0.3918786510972343
-1.9312943925012860
0.3549808101689531
-1.8178411566217680
1.3397360343877698
0.9812617944243622
-1.2138999904771568
-0.7119328782985174
0.1019598510180506
0.6067001498161589
0.5759043907508579
0.1714745708189402
-1.5519436385244163
-0.0295548050401801
0.5196459209319328
-2.5241502047331257
-0.0146406228272862
-1.4576834337926767
2.4974484982621865
-1.0888661184097752
0.0343307735938162
1.5318593286516096
0.4741789706060072
0.8132761902920511
-0.0840517837957959
0.0273868939998005
1.8137559678590713
0.0568504152024033
-0.6361804439948975
-2.0683937827610612
0.3772550416036848
-0.0082480201252453
-0.3087514695809540
-0.2730059221782251
-1.3488812806094588
-1.2558545437584909
-1.1845822834748052
-1.3785168707231141
-0.8250365656829245
0.7691354360609785
-0.4453652171406220
0.0688237586954916
1.2054461555432030
-0.7752898955092367
1.5757637496943819
-0.0307145932897294
-0.5772192326477225
-1.1552444679153102
-0.2764563008381609
-1.1670290533527288
0.7483310548839506
0.7529302534487319
1.8251453416528141
-1.2835658351491290
0.4590082442941837
-1.0796549320326718
-1.7065664198207631
-0.8711465691490413
0.2032199504613858
-1.0437003727542378
2.6888340469454497
0.1412269642409948
0.9743412077813992
-1.1242760273401449
-1.2693883683280818
1.9069320819461717
0.4939628141469315
0.2082223556195072
0.5866276216457174
-0.1467508089055342
0.2326458035374914
-0.4848315540720946
-1.3529470402634336
0.0396951481692604
-1.1905958116751432
-0.6939751046104009
-0.0821792385225987
0.4225748787195013
-1.8910987228486844
0.6856419680018215
0.2844927523552796
-0.7793793822418146
1.2325942568436981
-1.0911209923880905
0.5400815958384189
-1.2651097855676641
2.7698597779479397
0.0814392877090198
-1.1718198397879842
1.6475210066249744
-0.2372986741100488
-0.5611708916643356
1.5661994373091770
1.0784568633746769
-0.4407412053583553
-0.8680709073759922
-0.7352432232903900
0.4169180851592785
-0.8796265200111243
0.1905774119216311
-0.4242988507568493
-0.1064571776456651
-1.2617204776871138
0.4536622826608689
-1.1003630993151514
1.0211328570382239
0.4859468317752336
-2.2294372426280735
0.4847950149686536
-0.1900549661814964
1.9191354861911620
-0.0961107360468036
-0.6317682602851302
-0.0857715293825636
1.9590991693934137
1.9669049805626240
-0.0807169018474241
0.0849184279502847
0.2687943132201747
1.6364170495078347
0.5463566144090992
-0.1816713496754485
0.3166357628841579
-0.2699585635409093
-0.2476891027602702
-0.1463003163448638
-0.9667123331602401
0.8282067250916070
-0.6240060552913392
-0.4677429997134748
-0.5269706580037267
0.7270047698877747
0.0514682203559285
1.1341610393976416
0.0904844108051150
-0.1027053206166084
-1.0242894753023988
1.0897465356328135
0.8035740516291255
-1.3319499106880734
-0.7029826753496097
-0.6713086841011547
-1.0242729447634682
-0.6257876252886250
0.6947483536167695
0.7118871043874669
1.1397391335613485
0.1797616396017830
0.2293032116817627
-0.4326835586490354
-0.3722744307299488
-0.0029427507554546
-1.3214059859732243
1.5167812935827463
-0.3703935832800148
-1.0157836489305117
-0.5114233098655852
0.5300838311726555
-1.5065265954846370
-1.4967800215450413
-0.4274129518837099
-0.7085085161308835
0.7485691586330435
0.2330765204622444
1.0709671602773978
0.9909258393205798
0.0699464039782455
0.2296253732689799
-0.3262150790590352
-0.0084258871299363
0.8950389124559265
-1.9658467874817085
-0.3534496784653794
0.7491594060669802
-0.2985466977555247
0.6740131272273050
1.1457651578608772
1.0300574295261002
-0.2314488244217987
-0.0128861223873238
-0.7056242127992167
0.3896721113321204
-0.5664652236568692
0.9228807135750320
1.3417550369512987
0.3972602324610669
0.5562343165857774
-1.5383602642430667
-1.5817031575728091
-0.9077079775428529
-0.3247520892652983
-0.1371126942789088
0.3893149020858523
0.4468998503714965
-0.9427402717603757
0.3465561871498700
0.0252775442503352
-0.6319909777409584
-0.5743367526431988
0.1325368706170244
1.0289305814082921
-0.9500222518004937
-1.7561679287422409
0.4973783102925393
-0.0221819448961944
-0.3724990543097565
-0.4256863765820705
-0.2428193847797637
1.1206840096069455
0.7235198885154959
-0.3808963923564562
-0.2858673656470144
0.2050628391117046
-0.8026868162148609
0.1026711627418516
0.8466128178814378
-0.4603496609928043
-0.4823844442078923
0.0122393087739200
-0.5626143966124327
0.3968872161463974
-1.6281753594952122
1.8911879924923927
1.7391591902265231
0.5969559706206355
0.2171035457188923
-1.7102770336842028
-1.9750187325916824
1.4029981088572092
-0.1358115073764620
1.8381803566848578
0.1399493542687740
0.2575539254252239
1.5907094772365327
-0.6638124236285285
0.6502745335978377
-2.4383343147567320
-2.2193637741311862
-0.2056742426406928
-0.2592904583982794
-0.2689191706822129
0.9619815184588278
0.5460187711328226
-1.5923582390197930
-1.5035650585798033
-2.7770669358391196
-0.0893500527262029
-0.0238912610799885
-0.7383591416774450
-0.1852995387841777
0.6705438742553508
0.6103819326401132
-0.1277426764587228
-0.2375892193313611
2.0768877365196712
-0.9720916091608651
-0.0408640102392424
-2.8013998103494879
0.1886752603913553
1.7288458962108524
-0.1756564693296686
-0.2106679546940763
-0.7630750907130652
-0.1502787437973749
-0.3198883171017840
0.3684660695484363
0.3098916420001170
-1.0298950679975589
0.8293093051515424
0.1512957267464823
0.0613817675430980
1.0110116658313690
0.1456161737079597
-0.5506637139681775
0.0865323556290551
-1.5865293652274157
0.8180784655251655
-0.3399123263854641
-0.2705062980103877
0.5506423282999484
-0.7460963328017323
-0.4548083145492601
0.6767005738170151
0.3092194855618503
-0.3333315168494005
1.2477380811020531
-0.5475524118501883
-0.8084341150903286
1.1912285058585919
-1.0914349436527755
0.3690775766785700
0.3419771107870170
0.0570862567736701
0.2092730392036534
0.7283763740582013
0.2883296874250301
-0.6702237878223033
-0.1258337411010442
-0.3633454195795479
1.7428711483237660
0.7711516233462947
1.0934855194338813
-0.4467614971415588
1.6083381971657098
0.9732697749780669
1.3553002909957337
1.4064457589093913
2.1432870068472210
-0.8498399935229919
-0.8696268155542368
1.2827851694456802
2.0720147620695299
-1.1521495062284959
-1.5658555841121107
-0.2790840877362390
-0.5958843849323854
0.8273541487224348
-0.3877668909542081
-1.9596104048428322
0.5683007981276728
-0.1585573430969218
-0.8701823071949274
-0.8279259501345302
0.8086538942797531
0.1579339155608211
1.6439511726491658
-0.5987500666623866
-0.1273729108456891
-0.5300917864532275
0.0667789737308222
-0.8481027948517210
-0.9349131131810265
-1.0482131847989697
-1.1440094082383339
0.5680731122335336
-0.5414504587896032
1.1638087056273214
0.4896229495334665
-0.3085690849906082
-0.6234576115864585
-1.2777448316857192
-0.4786277242966442
0.2459634110946980
-0.2020933650409013
-0.0788799845004553
-0.9104109745516886
-0.5308435292022059
-1.4255473484566628
0.9257628989330958
-1.7715382468716059
-0.9483159582140439
-0.9781289842886169
0.1137492618912885
-0.2258556412099667
0.0677014007487953
1.4128287459565303
1.0638035512534116
0.1892536230825141
-0.1210058879261076
0.6583302673653519
-0.3824619000968514
-0.1631353906417953
0.3593311496038575
-0.6887112989718650
0.6156469247782433
-1.4327862373223632
-0.2224816733909342
-1.1245182283630915
1.1746700880299212
0.6969428635929974
-0.8975713360651508
-1.0780869732330449
0.5365025389437850
0.2567579236299532
0.4282924806233778
-1.4462778268343768
0.5055269107849255
1.6885524248716079
-1.0167941912367833
0.2588458325714831
-1.4089935195649468
0.5685110614500797
1.1833065924937420
-0.7095086209737153
1.4074659748233069
0.2427980813567072
-0.4674230423180521
0.1064809072413326
-0.2906097365559204
-0.6546838243149715
-0.9126912344746017
-0.5009004121980954
-1.3100199869564135
-1.1395737563211927
-0.1267568168685713
-0.0264901503304094
-1.8323101636338031
0.1135065243126046
2.4191288072493577
-0.2366930508135611
-2.6280911640565741
1.4681874801115700
-2.1478647189318743
-1.3552187187354900
0.1511051993293109
0.0021182966891494
1.9812615004277816
1.2763049037849765
-0.9907455841833190
0.2570854254639248
-0.1799299192536590
1.4870565045345008
-1.0628823009870938
1.0931957764994791
0.8626300380441204
0.6508828520065670
-0.2073265750250064
-0.7383137651440634
0.4499946840974424
1.0275947547052771
-0.8104000122230508
-0.6270646811542511
-0.5685804223087533
0.3875457217875447
0.8040856344887707
0.2446090278259297
0.3745628356837032
-1.9012923745697838
-0.0854744379265805
0.1311720912945671
0.3350122938052262
-0.7981581302220268
2.0622505935014610
-0.3904070099112033
-0.2256171808486849
-0.5350106809199938
-1.1403177642847606
-1.3539447182010131
0.0619913933917339
-0.5340245945044769
0.6861246104219219
-2.7944772785448411
-0.5615799208924007
0.3777309330538338
-0.7578854437351261
0.2378983965857636
-0.6482145770450141
-1.1287632509261301
1.8141953731920168
-2.3675009838659582
0.1913189657265993
0.1992129632456215
0.4444630048348011
-0.8278983814115406
0.9786987569173988
0.7062714608571949
-0.4012497185309826
-0.9944896491514071
0.6613715024610829
1.2968128767445521
0.9105607698367747
0.3427603962264508
1.7295084824980917
-0.8896661331582573
0.5575045907036140
-1.5021927483042539
1.6579373237647066
-0.4061142832887911
-1.1042268745919233
-0.5226044794475849
0.4848038725511977
-0.8376056152221182
0.9975008518322513
1.0826310672499826
0.3342091485421793
2.2911034395624790
-0.2042013925450462
-0.3307939927446126
-0.1269537164167680
-0.0739918496086185
-1.3210878088887945
-1.0984702891450362
-1.9435417620829722
0.1837989084216155
-1.8253363094537065
2.0541822177057494
0.3158383512494002
0.6359036713831101
-2.2395165581787992
0.6266646091159785
0.9927612901140653
-1.0503282851748748
-1.4579014252526907
-0.1913878134971980
2.1959419730629146
0.1954527590351716
0.4396560360071078
0.7757503417972909
0.1855039182030901
0.5142633733866130
-0.7526926883253089
0.4526257437719632
1.5849185309727953
-0.9953039653653850
1.3955750380925642
2.4804345399385443
-0.5285764121023125
-1.0764473204522531
-0.8200747661109339
-0.4676521400771094
-0.4335063784673328
-0.3473233633970217
0.4020963211976487
0.7853237386160561
1.0907482973024478
0.0774827087170818
1.1471705608293541
0.6799925529438363
0.0583076234873924
1.8535273666766583
1.2762443432572019
0.2223995296856161
1.0078836796969086
-1.2346520928616975
0.4482549560545965
1.6251658618031108
0.3676824677355094
0.0638361835442039
0.5650035694362191
0.3994196723310894
0.8625896042612510
-0.8156867098306878
1.5762330025067410
1.2482647879064235
0.7638690270048222
-0.2378436077911973
0.9997641415165291
1.1326405417048537
0.9436704060127050
1.2707300635375267
-0.9327042181787020
0.2836162642579452
0.1589526839942674
1.4058465831344198
0.0543773922690880
-0.5257316038501157
-1.0613390144487740
0.8240528784859623
-0.6946158235909842
0.7934116004851590
-0.7146853177878275
-0.7818383266394577
1.1001002469620891
-1.3873490668244555
0.2376558536370985
0.7966194461712305
