0.3440119717880244
1.0773304248495290
1.0514168596981879
1.0973776074501358
0.9136574662446100
1.0939307298466214
0.9969981694789832
1.0949834789973927
1.0986833915009449
1.0097635760237842
0.9287794548787977
1.0831565772215281
1.0952539019286314
1.0859902259758660
1.0963989240587415
1.0921332324562225
1.0960214757071645
1.0975441897930189
1.0342593997553642
0.6682577928183996
1.0689382393533624
0.4464053202383370
0.9231435320930019
1.0709761741513979
1.0216567679685287
0.3247031752313623
0.9680700986312114
1.0545766359149356
1.0930752959389620
1.0880314569626390
1.0527783857477222
1.0529402196628097
1.0032078107943865
0.8262007858459485
0.8832306799806106
1.0945597622335059
0.8947874874355373
0.9989627324655461
1.0960871115227344
1.0204713042982305
0.6601275089298798
0.4084377334267325
1.0884911675584288
1.0551117542654784
1.0919161517120080
1.0849295420606790
1.0174285687470990
1.0685945599907192
1.0965391842200154
0.9720159307203817
1.0917405330665078
0.6975513060256356
1.0801068649561509
0.8838819132879095
0.6536594384216899
1.0857759861796286
1.0893302056576715
0.9727123403065879
0.6575401888205490
1.0781247107332288
0.4136539615969433
1.0812740436024197
1.0855863940726180
1.0648939344471964
1.0965052717451411
1.0949560469571251
1.0930405106015457
1.0960729399568450
1.0894718154245515
1.0928410206236780
1.0935887161182898
1.0971956921164547
1.0478195291014902
0.9616359492330246
1.0882627486780510
1.0697021876616912
1.0891165312430755
1.0911424429263206
1.0979914101931925
0.9677692783897012
1.0091583619659450
1.0812552603873316
1.0251519020557689
0.7657610236788981
1.0929723536725910
1.0460318062150993
0.9367246337664854
1.0927232176630499
1.0962341096378403
1.0830957833799730
1.0879266851658629
0.8725332387794739
1.0942686612980379
1.0942456792895288
1.0126654452584747
1.0309045858436334
1.0509577310879812
1.0897547114946526
1.0336120541208831
1.0903938979132022
1.0747050783191401
1.0866141209964562
1.0248936208746908
1.0152428312051922
1.0847487665531992
1.0969507328221175
1.0816567870770903
1.0965328160180128
0.2809898249354476
0.3088543168187322
1.0615779744020168
1.0839180908413955
1.0883901277502632
1.0257234042263603
1.0914132732791333
1.0954621704459382
1.0038806632038324
1.0029589377616783
1.0827087484007902
1.0765690462628776
0.6790398353514755
0.9171687730342584
1.0809098579197498
1.0949909842728147
0.4175869932228277
1.0429312962003667
1.0716014133346696
1.0982037297967706
1.0698885565537390
1.0827870717405987
0.3109772347063457
1.0906030779203064
1.0884437856548366
1.0650834388111030
1.0835652331536598
1.0763012584835014
1.0771482948470275
1.0938703975451627
1.0161971071069835
1.0935552370321369
1.0931062550666679
1.0959915690792719
0.8043847523526007
0.5757111278117032
1.0866881881928427
1.0419614564453346
1.0663580882487282
1.0899593814944879
1.0923612780246734
1.0716735297699107
0.2926140861957511
1.0895845453439976
0.5863510801386345
1.0929473353825696
1.0959895499188017
1.0850721771633598
1.0954500063189847
1.0892528162191628
1.0860093989075648
0.9751933182029490
1.0604985029472016
1.0960707644354664
0.8062254316105391
1.0939637173498982
1.0971756508423087
1.0857846204487549
0.9752475044167810
0.9130132009464048
1.0084047438433448
1.0925250435071916
1.0903620669142051
0.8763323393547092
0.8676329618080888
1.0865676220553897
0.6439752305342520
0.9303857881345282
1.0547011698002642
1.0882465163704631
0.7552255063072654
1.0960161038452967
1.0876569561266225
0.6163801087816121
1.0563896347066069
1.0475271181823396
1.0919497326907286
1.0617182914015211
1.0876845663693433
1.0810156207865342
0.7588178634493078
0.6687847305041593
1.0966383101908133
1.0544093035045132
0.9894965895550989
1.0936033387490145
0.8002878389964940
1.0937972625710748
1.0445510525634378
1.0973179154206996
0.2826752461083856
1.0848305254159301
1.0076473891662079
1.0570030865759157
0.9754687477088285
1.0910877867066928
1.0892722442157903
0.9781873786469111
1.0775163247899868
1.0937121286493596
1.0934065294457449
1.0795009707400967
1.0645295891501732
1.0682618755479265
1.0756594190269655
1.0929580576361768
1.0949536036671710
1.0694277960896512
1.0891217801309794
1.0425836609769021
0.6620678362188159
0.7822003470504011
1.0904879925610786
1.0574599276583452
1.0910252595419037
1.0652750390041628
0.9783339378934264
1.0916217533331363
0.9590424856857414
0.7721302019199168
1.0775364061995838
1.0718114608414169
1.0945691993396283
0.4343429017190307
1.0374063565709595
1.0946646022508093
1.0192560586582160
0.8502158940805651
1.0699084295288654
1.0342254265806650
0.8361143747833973
1.0943906290855427
1.0963447901090635
1.0289763894199211
1.0964623867048795
0.7111084501668424
1.0975699551089981
1.0311959497162426
1.0702203418032015
0.5512823835542290
1.0961143791081340
1.0099552364552535
0.6430346651365502
1.0887110713595054
1.0749498238291149
1.0905684756098279
0.9306566046514427
1.0583329645229256
0.8219567904712859
1.0101664372571089
1.0948191747266220
0.9202103927371991
1.0675892628171015
1.0950723241308851
1.0717566703000367
1.0968452663356705
1.0969406056322002
1.0850968599868522
1.0612755093595292
1.0878132900051796
1.0751162680710744
0.2926039492889711
1.0928282202177444
0.2841930080729497
1.0751549679845187
1.0005023628270799
1.0901761239598509
0.3316990550833708
1.0244500113198745
0.6448460511532532
0.8727082098816422
1.0921622892131193
1.0741086157962418
1.0678611385953014
0.9002165805557886
1.0932223592985657
0.8249613738627061
1.0538107501053249
0.8259953716188041
0.9879928717446849
1.0652885319593619
1.0904391403082918
1.0183855905091286
1.0962526398114505
1.0790242896832640
1.0742291924169647
0.7728419486948686
1.0880641581663621
1.0972328750761100
0.8631419912603534
0.6681638115235623
0.8706396951214120
1.0972794267115180
1.0955526573582350
1.0857447849095199
1.0966301468520345
1.0779055658778371
1.0063697645302552
1.0856548661662782
1.0156444685446726
1.0884411834744752
1.0378246856443221
1.0856346831336834
1.0905324733286637
1.0921103447263658
1.0206901060556122
1.0882033839311729
1.0866273263756372
1.0898241076249389
1.0776121338957838
0.9585989229269590
0.6613206281697520
1.0772726645313777
0.5084132204401777
1.0901010811394642
1.0886523985302501
1.0861664054845468
0.9622133370370585
0.8676503795538330
1.0904490751260543
0.9986413991371629
1.0605661949334246
1.0193975991414690
1.0930454016716580
1.0853281775240857
1.0900324307123244
1.0927260875625764
1.0933745279003801
0.7659931082006595
1.0886167597405920
1.0003340823229898
1.0420073123406102
0.9755949052975110
1.0941337163720812
1.0939758040851315
1.0961487138193526
1.0926906408131527
0.8459469178868135
0.8775229112615988
1.0493406570273944
1.0959642281753539
1.0936312819073990
1.0150480171076355
1.0640456798866023
1.0119055091622764
0.5482026350116432
0.9733403121221516
1.0734994612406379
1.0872907601202300
0.9895076241017717
1.0009170347267660
1.0861616718097977
1.0940837603521538
1.0639519107073110
1.0292197625458332
1.0751138971632193
1.0664078573576035
1.0725356202288912
1.0797027415788945
0.7657977018074811
0.9913300628403314
1.0924259884075598
1.0612530742631543
1.0893191161713069
1.0697943128320253
1.0895346598216809
1.0911783521515810
1.0865908950058756
0.2808787065587524
0.2939172846425957
1.0846013432561645
0.8822774448058844
0.9659399735521927
0.7760761060210367
1.0814554886559717
0.9370063339350558
1.0936142277119829
1.0758627384895947
1.0918871541736166
0.9471005272142250
0.9844383765704332
1.0661827312312628
1.0812361903963839
1.0767690292067909
1.0895059762647732
1.0722104943819022
1.0599181262830584
1.0919835566132339
1.0786170445599996
0.2912638329150534
0.7949333598196036
0.7280881873724432
0.8554568730686013
1.0900199567866931
1.0873080845408207
1.0987530200348374
1.0768083614217607
0.8729633084208507
0.3002018905771137
1.0743502565676957
0.3723813628904676
0.8302533027554431
1.0547861516312171
1.0887856533269935
1.0847978460868837
1.0844098585244468
1.0647473230963385
1.0578543575147854
1.0799976159921902
1.0936683586655951
1.0748271317446614
1.0921603836282492
1.0895373070604266
1.0597995771830562
1.0447290483066094
1.0954025139777930
1.0942421099785227
1.0951538229332971
1.0790822251927166
1.0764998064396496
1.0862389529451124
1.0954741212091090
1.0865246123908330
0.4909472960199024
1.0580735310887424
1.0894113310522886
1.0965880351935713
0.9387220573264650
1.0967993330422920
1.0660498617062639
0.9062458330735537
1.0778322510996785
0.9676625214974693
1.0947711145785335
1.0884557134216470
1.0858474580216311
1.0918202928364300
1.0871211805853620
1.0924962395592737
0.9925380248971055
1.0940710544222341
1.0899545421070835
1.0942579696070678
1.0906877071297156
1.0937388184419481
0.9572805267643656
1.0939077021091312
1.0870791089416614
1.0178718697779461
1.0969144051172866
1.0647000479363167
1.0970229215823035
1.0802980253858252
0.8781330789871866
1.0974892681781696
1.0853332844369599
1.0903970180427995
1.0802739156243126
1.0984953757039579
1.0945077682474000
1.0926473228556206
1.0926957234083632
1.0974723438578073
1.0883685050896073
1.0870428575052322
0.8516753019816919
1.0844887605343243
1.0917923421333691
0.9817523769907217
1.0819280014148720
1.0667672323379911
1.0578783763178656
1.0847112868617157
1.0875627151985410
1.0917240465685298
1.0961358160032182
1.0721818064494613
1.0837952679361871
1.0979096659849439
1.0432200273264540
1.0948466695385899
0.3097427423669727
0.8256933519054299
1.0971240153146864
1.0879790461629810
0.7623290511669930
0.3406505430879551
1.0800500206054109
0.8695851104547295
1.0957187418759451
0.2981901234757068
1.0736334937230181
1.0758740798642574
1.0837457215430171
0.2882722430562814
1.0749706746392020
1.0967068207274082
0.8216487021817053
0.6825268084438314
0.2829429374063288
1.0454511389424452
0.9834005384717897
1.0416281484058856
0.9298237912539939
1.0988007285358650
1.0965936954389486
1.0912804628197628
1.0864521270264682
1.0521904337415668
1.0900093296875903
0.8093686229512248
1.0786482286802936
1.0871949737040438
1.0627279934855782
0.9669326270776647
1.0961222783621944
0.9978701861801521
1.0912938800469907
1.0655927928357871
1.0929546845747069
1.0780225899548730
1.0760266449013192
1.0933973713784286
1.0903024362062712
1.0906846724122587
1.0972445187799575
0.2839283169103305
1.0453337149836148
0.8463380187286834
1.0920406071426028
0.9486902306339489
1.0123217488124157
1.0630093439036055
1.0820960271932283
1.0835023559360621
0.3028395921419768
1.0961934224580001
1.0819356494269756
1.0952082609754481
1.0945407210876166
1.0368499660633990
1.0958485874425901
1.0943379372071089
0.3493232393226870
1.0969712897437924
1.0948378122460745
1.0819174869407715
0.6323337440395668
0.4639378948589685
1.0812895229314134
1.0445244712526371
1.0834620221569689
0.6033823735246298
1.0548622617565548
1.0904845451585981
1.0959925103239334
1.0893510386723939
0.7384430216227360
1.0947216670750235
0.2863997538647370
1.0911197498855305
1.0885183759360302
1.0734357371384702
1.0835890111856759
1.0330639397587582
0.8123236475193202
1.0958220851233160
1.0867027763581265
0.6198908939241412
1.0926895491943360
1.0856558646774936
1.0911120266952756
1.0873121638968266
0.8475503064968722
1.0586024479359291
1.0943719758125441
1.0919259494689346
1.0791497067672264
1.0753301143596445
1.0889624748195883
0.4905692897923921
1.0198788884069956
0.7143294441611899
0.9611621252834670
1.0742580958821175
1.0453214114481997
1.0095524731548418
1.0232878330430986
1.0966538109021946
1.0605587771201992
1.0708075904035455
1.0871763963610566
1.0922989623133232
1.0937143057610765
1.0947405952940481
0.3092435028353542
1.0961472753480497
1.0951064181512413
1.0914261854061291
1.0573189703228509
1.0690776167127070
1.0973908679315103
0.8989164654949245
1.0975246186926202
0.4155438521411138
0.7998436623183984
1.0089938325747512
1.0196469563137585
1.0685278821740367
1.0850639262940855
1.0116976716906962
1.0966000463079046
1.0953657021338619
0.6284351894433530
1.0943067382232703
0.7033494845851234
1.0901328541882573
0.9865415452618836
1.0976674733711673
1.0940310308269616
0.7638600514853665
1.0902184174331255
1.0886555494291401
1.0923073402237518
1.0695587033391987
1.0953371481176182
0.3158482250165810
1.0456103920906403
1.0635286634358421
1.0801156521884510
1.0897264366897186
0.8745206675415576
1.0943766337250005
1.0895431326190772
1.0645904158254540
1.0885659046569010
0.5632531479533953
0.5711248520208880
0.7620972926820259
1.0906411533462503
1.0928201127604800
1.0459662487203625
1.0829628062744661
1.0581648118600615
1.0456423023401427
1.0326354172044554
1.0552774329939258
0.2849042319538917
0.2840132935441144
1.0841900691863628
0.6466591893481838
0.5929610086458664
1.0977351402408102
1.0742692101250020
1.0986550265080073
1.0802633997114004
0.8159387829201236
1.0505295646956749
1.0789408284503608
0.3032737967775504
1.0856953250773018
1.0869784912797864
1.0960733183601437
1.0588751883134582
1.0989209889774538
0.9162848751301542
1.0840098853098088
1.0521230081262913
1.0980397020127970
1.0974840605781497
1.0961411406060491
1.0961721398967876
0.2823542444622573
1.0613430055687998
1.0440781332559941
1.0948486377512721
0.3635233764329064
1.0888975684030351
1.0864510673616716
1.0909994490700567
1.0338766941392521
1.0732515531524909
0.9524006828952972
1.0456572950165690
1.0440205069891471
1.0708287108676473
1.0942057616646619
1.0938040984743840
1.0804242649225595
1.0796552409571130
0.5563008648957405
1.0854932305271965
1.0978826215884461
1.0967165554187459
1.0254503012235263
1.0368320878211115
1.0769031141184693
1.0874695915144232
1.0940550997977072
1.0972647643062960
0.3791155305311620
0.8860069878972350
1.0808440082772401
1.0783012249816506
1.0887762332806763
1.0551636505572533
1.0926373204850490
0.5265450649887624
1.0938106004964658
1.0904647709937614
1.0913811240070446
1.0860808829698521
1.0775306330490455
1.0820062401932027
1.0967060177240227
1.0865860659727422
0.6022724825955017
1.0945144225372645
1.0965256718654386
1.0731536752200361
1.0682906777249861
1.0986621762491833
1.0702806493663586
0.8913734956746162
1.0900431040679508
0.3566461233807649
1.0512220174144205
0.9550412825056172
1.0320969995063740
0.9536595521797007
1.0835480704651375
1.0644325279051916
1.0738700628328854
1.0423217309252899
1.0951346221073599
1.0809995316580561
1.0875379640328178
1.0805411176643196
1.0160028115550963
0.4316186935883865
1.0900882655619251
1.0913822252886107
0.9177747446808691
1.0819074982391768
1.0956871683407208
1.0638566878263647
1.0823058411316917
1.0898564024029496
1.0175943114732151
1.0838098716695741
1.0979042963326628
0.4803509859051006
0.9761354434088680
1.0956250791593412
1.0762832176279693
1.0843696683496700
1.0963120341591734
1.0891199464073409
1.0867430320896443
1.0068536570590783
1.0917418793774396
0.9465624343039419
1.0879299153015505
1.0880109820986616
0.8535134980033934
0.2858111098140063
1.0853843185342205
0.9663263089196448
0.4780764002052528
0.9861073819844786
1.0894149666943747
1.0936255992212385
0.9843531078776020
1.0881206087004789
1.0602565654237333
0.7227431531895120
1.0972855869432108
1.0928497014483187
1.0244067749116883
1.0864105796493220
0.9427486702189195
0.8159011211667202
1.0873776384208123
1.0941186333554511
0.9435116153955874
1.0867229213267735
0.9969325484659639
0.8756774438820789
0.8771233879506483
1.0667104006417467
1.0673481660544264
1.0323745343507602
1.0947406447998447
1.0774464305527487
1.0980673841541986
1.0763777015983129
0.8613090577993081
1.0707209716801953
0.6387594813250143
0.6019444147954347
1.0937752422336662
1.0116859591018268
1.0914293651366682
1.0785017654352969
1.0443274371941493
1.0847658791044492
1.0832278554421133
0.2809779999573336
1.0502127977835356
1.0956469973615861
1.0836884321635454
1.0903573477317565
1.0731558860530026
1.0971573633660705
1.0718594744447272
1.0731418444035390
1.0810673678603120
1.0968579854423071
1.0796377006539302
1.0757013941046514
0.9695601125368803
1.0799996646056094
1.0964395156951852
1.0972083011689582
1.0976258355250255
1.0764114413356822
0.9896566013094344
1.0823440758300555
0.2923640546606216
1.0923499184371541
0.9833044993540114
1.0912625535431524
0.4592572837785925
1.0617177583362125
1.0941117933535456
1.0796643553548857
1.0961801307891654
1.0979143352292986
0.3148980025128479
1.0712485016222730
1.0782215241700999
1.0694940921063352
1.0831334623007827
1.0919797801940030
0.9298461512440073
1.0795304890505646
0.6408079087295645
1.0938597500655087
1.0893356790869755
1.0791353837338999
1.0592202377781688
1.0744268467986442
1.0416595495176959
1.0229133382606148
1.0891055540193066
1.0829640659866593
1.0912521479769344
1.0372544606620993
1.0253070218942748
1.0976190998615003
1.0695798096555591
1.0984027939050178
0.9583985762787046
1.0003622029585473
1.0608401415125901
1.0934899330656729
1.0938198846707330
1.0939208100126270
1.0709725570472348
1.0477910166751194
1.0825687350315849
1.0007151805696703
1.0517766993871203
0.4086831346178652
1.0880948649132853
1.0888347087445347
1.0929481658205698
1.0916485409392713
0.3225312427129922
1.0948377838611201
1.0387049036534053
0.8333072922939987
0.7853533280190501
1.0465379550389518
1.0935122615790935
1.0943784700411439
0.6449023057047940
1.0849666373475575
1.0962463367380171
1.0905949971059290
1.0858810910525389
1.0305219232894836
1.0929229249455148
1.0836393747334709
0.9265965669033832
1.0934671051823170
1.0727843371381647
1.0946934230620500
0.8125692797181024
1.0822037217210385
1.0908986114113202
0.6618102289119953
0.4323152918562176
0.9533675447476619
1.0910023293749034
1.0662177342847297
1.0955398194569528
1.0710107683960350
1.0958356873058226
1.0974749265838599
1.0923018822602286
1.0958459164407857
0.6133359346446734
1.0952327614871789
0.9867317940787205
1.0710912381499074
1.0928132806299835
1.0949222578106648
0.2854823441415926
0.4517216028141379
0.8368087958911825
1.0661617158582524
1.0611260384231986
1.0975110432987241
0.8857298506053723
0.6913409064517930
0.8788755270912790
1.0945986360865845
1.0966464527130224
1.0984204245471354
1.0585039313319329
1.0926009697275709
1.0954869186190179
1.0981303918128114
1.0927086473317191
0.3678966628288120
0.3503983481423446
1.0394868802195034
1.0119054641840006
1.0737555754855075
0.8641383503720571
1.0892504216025385
1.0927809483854933
1.0937925066939089
0.9958403295539079
0.8199993670039113
0.9849735953015885
1.0950836708149190
1.0957646172683375
0.7208647133733465
1.0944678583577718
1.0520003477097681
1.0706336665120664
1.0980138689995673
1.0359025472410575
1.0933086065878321
1.0494942247764392
0.9840840272659213
1.0975938870791655
1.0965509701157661
1.0871971883823601
1.0870855642076909
1.0786154783870170
1.0871082975207771
1.0980582512573154
0.2945273977357952
1.0739581263855060
1.0928080787851797
1.0963511255871352
0.4597309813337315
0.9498606717076639
1.0973405234629874
1.0887549985815117
0.7530090751756533
1.0847451228112359
1.0919392846955103
1.0601216198762935
0.3988559886584377
1.0858999874389799
1.0478728246931630
1.0919174607804538
0.8058834704507678
1.0868489082259238
1.0807005741809126
1.0702458063354741
0.8420239525940056
1.0611987902397320
1.0325825416122982
0.9551943561812766
0.9467364194796147
1.0923538152594514
1.0816843297018435
