0.2946195138725823
0.2809033111965857
1.0720143021435258
1.0737880525794250
0.9559564216330466
1.0839242700582379
1.0708728960903944
1.0799417995460594
0.6841563670630061
1.0934571756567886
1.0980443728847926
0.9528676218625044
1.0931093057115262
1.0975173727477610
1.0101162731411675
0.9344484520403147
0.7279465474921221
1.0857371857237752
1.0953785017397177
0.8325981121443696
1.0712791702401701
0.6197311516792169
1.0619301598161337
1.0910509845456455
1.0551952046441331
1.0927189669140371
1.0926550857530521
1.0827978311964814
0.5665360524717633
1.0277215303611182
0.8627959547311553
1.0949249124852569
1.0802827293686830
1.0165272627405701
1.0088843084587447
0.6397053279359710
1.0772863184182626
1.0938945876339199
1.0618108080147086
0.9474832542507885
1.0903951575371078
0.7331063254837387
1.0606769197517241
1.0918680499186899
1.0691387558675216
0.6204592207985208
0.3151607733200711
0.9876471149419669
1.0820398172237098
1.0952096420079451
0.3615106477612833
1.0860272297222513
1.0625976106393396
1.0870312179619979
1.0981156044089928
0.9676444475473371
1.0369752252001334
1.0771011395936045
1.0859050987803802
1.0322489083881214
1.0938881054732845
1.0963864340407254
1.0835159499691500
1.0984989261954603
1.0967158429430255
1.0873719817498764
1.0954250203005311
0.6840774776814205
1.0932104734487675
1.0948667472754250
0.9257818200224252
1.0953934523845019
0.8238027398825896
1.0962555969302166
1.0887143973570150
0.9958283506512596
0.4677655987252829
1.0950746511046894
1.0927664949696159
1.0668328092940156
1.0394360691369651
1.0800549609860519
1.0722973522715205
0.2914471341387160
1.0361454055607180
1.0752754597057357
1.0802404177083715
0.7650096854083224
1.0053657024599552
1.0924735797760352
1.0905016967534649
0.8427961474235715
1.0911599154921727
1.0788406512782756
1.0959300747095513
0.9486295952951731
1.0937231581855746
1.0848100616110472
1.0867823329695792
0.9704593776903062
1.0777400827287513
0.3504841355109852
1.0867163208806794
0.8419016522676377
0.6006500723972245
1.0945315695065476
1.0882227107014260
1.0573116290237992
1.0657742328901219
1.0845120295766999
0.9754629231175159
0.3034922001923657
1.0923734198183439
0.6063844168574860
1.0352053618278505
1.0950044844043776
1.0939320229109211
1.0965746907346792
1.0914719671424586
1.0976365906704935
1.0923963415549147
1.0885326196742333
1.0986550127032066
0.4639302180987960
0.8992089396989122
1.0955279047849906
1.0717048994988572
1.0727222151403575
1.0651329183886711
1.0908626910426951
1.0987510435325454
1.0336530501024332
1.0929022563769568
0.8160711114722871
1.0913977148065028
1.0817905028204373
1.0069634590849077
1.0950880117779866
1.0638331139308954
0.9725069764959937
1.0888357994644324
1.0768077429107907
0.8186793247220170
0.4330018330487788
0.8493074050031290
0.9504882112100106
0.9945897658412400
1.0952952249141286
1.0561728542087088
1.0937344555366637
0.7800717181857789
1.0903473661402159
1.0915075254555637
0.4635371983699472
1.0987581089604419
1.0856755154122417
1.0973808438661796
1.0919644170549383
1.0976603016600841
1.0825237942886141
1.0725898030961754
0.5763779910082889
1.0820800198227829
1.0979163189574748
1.0949096099008462
1.0760377691422862
1.0526374425208405
1.0915567977195577
1.0571072780271684
1.0968957347010952
1.0899546304886427
1.0992943167038909
0.9981601381776442
1.0956265872353250
1.0866779928256058
1.0974571453825122
1.0419247779901619
1.0794618863571226
1.0952148608067698
1.0750046181583035
0.9279897671772601
1.0946100096472358
1.0865144152637103
1.0904722579454065
1.0507367226266364
1.0749435658125099
1.0976209655615274
1.0275089915217530
1.0979296585132350
0.6328725106537669
1.0295062135215631
1.0838198471139440
1.0981843137324330
1.0376880290526125
1.0926860098533133
0.9594558960059149
1.0843332427151777
0.9215935677768746
0.4169346370077857
1.0447593841395588
1.0974788561988278
0.8843347588110047
0.5354844069220429
1.0927107605065729
0.7337120383589437
1.0941671088781038
1.0016561426430481
0.7913869029670774
1.0985805581121382
1.0960176335231322
1.0751744726663743
1.0888609378855945
0.6406213245104803
1.0893762019233844
0.9911074526476567
0.9769383268179868
1.0920117570761798
1.0906697428107006
1.0926863113770868
0.2972930305241252
1.0907664614982209
1.0975347899541574
1.0951824766607152
1.0958199476696546
0.9345018151855379
1.0603141880269171
1.0587021000613237
1.0948060670691664
1.0890397812560049
0.7298745684272966
0.7177530434571542
1.0489754891271028
1.0955976654045718
1.0944236029511092
0.8002679076369387
1.0892418257234220
1.0640853132109316
0.9510307102927102
0.9053532771464656
0.9539909624088913
1.0848681780883658
1.0931553949424104
1.0867880547944042
1.0269463944026409
0.7414005920542920
1.0946294173878290
1.0703845154724803
0.9658998873873151
0.9655007750837140
1.0812740262009899
1.0753455855495586
0.9953091775300295
1.0812842999524035
1.0507543299513644
1.0805707457701328
1.0746273451864010
1.0911139677495958
1.0962012784276154
1.0952809082767638
1.0860391693788971
1.0742258032031951
1.0952446800788205
1.0727950831444149
1.0689585965251953
1.0974953267969760
1.0931943813513973
1.0631712979790149
1.0928898841088901
1.0911921579579531
0.9209160890616263
1.0644319786162890
1.0912961488340567
0.7712836669667937
1.0984581942056291
0.4232345308264758
0.9272347651087040
1.0966972385952618
0.4119910517502539
0.9931487211672575
1.0849229611713689
1.0859031653037661
0.4078095755124529
1.0942916296964267
1.0972533397288060
1.0938465453723438
1.0024070923877766
1.0926653056789888
0.8657131292876796
0.8637395944826920
1.0642917574226640
1.0846069751872851
0.5661352372465657
0.9475396110567763
1.0923964306219802
1.0180512461134050
1.0905215910492012
0.9917071306831271
1.0650337819801681
1.0851107690937092
1.0896398788203874
0.9430302492266781
1.0967954760183902
1.0920113557638707
1.0936651755409525
1.0619413438686391
1.0851455894547315
0.9081315310331112
0.9421898741973508
1.0272495058784010
0.7731222588701785
0.9047788306957810
1.0718530488085214
1.0976191884484587
1.0837108140851350
1.0844926923734171
1.0489235871916753
1.0865940016772568
1.0784599579870899
1.0817591868555076
1.0715421867563417
1.0958136245656405
1.0942030166597827
0.4012190423909266
1.0092797784791532
1.0901946507952669
1.0970506126842876
0.9966218126220407
1.0737684028628143
0.9249022158794291
1.0957495315580259
1.0968773087714674
1.0932319603594924
1.0877591623690417
1.0595698909955356
1.0911087660357541
1.0381120632971275
1.0959108302171934
0.9495062307086745
1.0811294160838534
0.9834279071905099
1.0507997490665351
1.0839776194932329
1.0906048589685575
1.0863876251410192
1.0954123970745808
1.0951440147238189
1.0857786304723680
1.0320221632710007
1.0934820015297597
1.0738626065511978
0.8876718895868979
1.0901995351757372
1.0918296239659713
1.0767030455898905
1.0469392909668702
1.0844919860780935
0.6604729230460176
1.0627280304289430
1.0779522101968435
0.8704202108216315
1.0841821447101616
1.0495856030069339
1.0743314691287751
1.0488722290941783
1.0968177980743630
1.0863468113972923
1.0831187731084002
1.0975627997721162
1.0083014610737380
0.2822886769122115
1.0936136010530946
1.0779758129648265
1.0073980115450252
1.0964663899658653
1.0904900820619665
0.5682708142661195
1.0648597743216153
0.9842501198314169
0.9161258882962167
1.0946600044513866
1.0940265468533208
1.0988255049769045
1.0225667560758398
1.0658934092762422
1.0644356659924752
0.9896217385386272
1.0472693724554951
1.0818520881316371
1.0404737173224181
1.0883456947022927
0.3108175734321850
1.0912600262070951
1.0979581424140614
0.9678254867395433
1.0960314013360359
1.0846970491355081
1.0961928584363572
1.0546309289939160
0.8098140304362614
1.0910207005056585
1.0735005663044690
1.0906324370312135
0.5258349708395005
1.0713153997502147
1.0610490368573036
0.7998942033203162
1.0329810798092762
0.5658689536961247
1.0940464162601800
1.0880874217625716
0.4792740340950856
1.0916025599282289
1.0971135679422452
1.0962565417202006
1.0874126130645778
1.0114189939248368
1.0879989487680450
1.0852691315942831
0.3001837639251173
1.0817767472864472
0.5492005115348589
1.0728139567925610
1.0043832440517315
0.5300012583243251
0.9191068204569727
1.0939896427508127
0.4664112886191176
1.0957143223581345
1.0809874417466776
1.0863088206410778
1.0933231407621165
1.0639383349108149
0.6163559005948031
0.9653906348397506
1.0376453926868525
1.0918706929912416
1.0934390619463021
1.0945325561806716
0.5884637318296292
0.2868192445480376
1.0901002479762087
1.0831434437399121
1.0937577715332405
1.0948301498921591
1.0945664236951944
1.0897317364141870
0.8291213514010343
1.0971367879116602
0.9827533255170171
1.0861343465593511
1.0707068616112696
1.0904914051399539
0.9790942029325587
0.7837258143562693
1.0835224452824110
1.0127061606917289
1.0837290716959727
0.3745854773867823
1.0069147646685552
1.0959933396972681
1.0600280247166936
1.0930872810290799
1.0913782851887377
1.0892748471695257
1.0861349612359961
1.0691202635714350
1.0925641253060938
1.0717300675705486
1.0851748070275484
1.0790098493127387
1.0756860625597946
1.0953305296400477
1.0670911034442128
1.0922320414860696
0.4940052772475714
1.0873724707518573
1.0474462966634051
1.0921255415696178
1.0979177548317447
1.0881969939625189
1.0787495138949006
1.0492586806069439
1.0811532505218389
1.0953209452374721
1.0626895445006395
1.0219308129844697
1.0850185373159289
0.9631522173727274
1.0964264392962417
1.0898139774140267
1.0837886396257741
0.8776152048320920
1.0693464213904971
1.0550848606060146
1.0592384242288089
1.0663887340748188
1.0958046537799089
1.0749027896060885
1.0853840318843087
1.0235133765004352
1.0262268441190476
1.0756959664476551
0.7957707333195011
0.7490375490492059
1.0949350160318794
1.0708997513325793
1.0843127533842409
0.3667712488954683
1.0947522890053178
1.0982170934112627
0.4897040178133376
1.0750898985565074
1.0882146616982213
0.4252116024667288
1.0781395565503458
0.2876222082154547
0.9714799000264476
1.0647985497988464
1.0901075439111818
1.0779154752025590
1.0825929665182330
1.0914049620836979
1.0723446575574895
1.0715510508007935
1.0912171095930252
1.0953702924549698
0.9789809076550889
1.0842800400944410
1.0962625845154983
0.8805972972538705
0.8693209267220195
0.8377310851214251
1.0828028843604449
1.0767183635403692
1.0148308381797055
1.0343516254689649
1.0499575923868287
0.9736144044572081
0.7963282494576885
1.0772189846340334
1.0895034217902930
1.0959273901649458
1.0712716025001656
0.9160559869182230
1.0919326657731392
1.0929530858768890
1.0770362524005872
1.0971397729404708
1.0956253691625824
1.0927390372853456
1.0915004816532463
1.0897690929463064
1.0824639105109952
1.0957379004569794
1.0400847446722117
0.3159491522440787
1.0709618478292595
1.0781460631616391
0.8649157543277399
0.7871688729505213
0.4501781140108483
1.0871976195316155
1.0881905798362173
0.3448932079276649
1.0833465822306818
1.0902835826830370
1.0941048819221550
1.0834680437726614
1.0831043627550876
1.0643011129321007
1.0828822904333111
1.0880479603812543
0.7869298663274986
1.0940748460468279
1.0592230024261062
1.0751816922809581
1.0422391865572842
1.0830735277381884
1.0954737455573402
1.0926646315280766
1.0982437076656466
0.9263352495784255
1.0950526943177834
1.0972349222687325
1.0952126603734349
0.9555226169195933
1.0972318079735086
1.0503295339619292
1.0369600312619454
1.0925294364979563
0.5344905589631499
1.0800097555611901
1.0773138226825472
0.7286414589313542
1.0790462791407938
1.0382946091521856
1.0841468678508477
1.0330481520325960
0.9258228712832651
1.0167404944269438
0.8993416329667255
0.8892219249421265
0.4899700110118040
0.9808714458193080
1.0702754434835011
1.0846518737580331
1.0348776469645178
1.0945835657932244
1.0717509977218400
0.5094622489367823
1.0882446894613005
1.0946666898659165
1.0963390232544357
0.8809424553996000
1.0949985884901901
1.0931103473519663
1.0427897004445561
1.0803008073002605
1.0113456263145457
1.0756756619547880
1.0625296891011178
1.0535237014733203
0.9225719604415888
1.0942495043573208
1.0949794322969524
1.0881762030294715
1.0937788247749725
1.0877239871901989
0.8307309426791308
1.0923343546109519
1.0802798366941946
1.0883350122303810
0.8570439469736372
0.9666209320333141
0.9708760752500263
1.0936779674931409
1.0875981766370519
1.0428382420482900
0.8846436445629674
1.0382359549159321
1.0954545771120343
1.0851249011210695
1.0949653489371471
1.0953959164523495
1.0887848550926629
1.0724375633072898
1.0828725967317478
1.0721392687081051
0.9683345388714335
1.0812771232354339
0.9729600330745716
1.0963110926309532
1.0924837374787075
1.0297927936047773
1.0579678796674175
0.5619115399449649
0.7426458875754048
0.5755005168184889
1.0828834833277035
0.4800946299973080
1.0888018181474051
1.0869066446321489
1.0862698641560113
1.0906938281229888
1.0238945427294002
0.9768516609452803
1.0908116410509927
1.0912272197171971
1.0729687382126363
1.0825141582382731
0.7031944559355099
1.0630147909188017
1.0769010246734767
0.3104029252089691
1.0987319230071491
0.7361279327309693
1.0298972337613130
1.0736235282977409
1.0731519219296692
1.0988252380840255
1.0804744039951200
0.8785771612264549
1.0232786797121103
1.0925722848740913
1.0573872244934763
1.0825974363303703
1.0839906028120823
1.0897133350557719
1.0903232956704874
1.0960762338891141
1.0939537230377145
1.0938843622091641
1.0481895716025700
1.0752393306076748
0.9616534737030100
1.0949527169954048
1.0837192810670713
0.4525422690630466
0.9319503955060873
0.2948236537867047
0.9883601672708741
1.0050965970207137
0.3716672205266283
1.0318692596191974
1.0939947828464018
1.0913670347531408
1.0841297098866238
1.0798685458447850
1.0919107660092786
1.0056231758330909
1.0805001321913039
1.0915400491074978
1.0676613492463423
1.0922525256495521
0.5387659241653844
0.7488896834493488
1.0843839706729999
1.0986019880082092
1.0396797546728018
1.0457545461920283
1.0961419308585645
1.0953337890900678
1.0884146870425424
1.0937319398774699
1.0931289404500828
0.2853761339824051
1.0927316776168505
0.5858908377775851
1.0810517443233987
1.0019481418911909
1.0876017696523816
0.4698011540746347
1.0930846481864407
1.0908403191695359
1.0843110908935525
0.9046919670331149
1.0653013914500298
1.0837529812032483
1.0938537919428302
1.0600882827708205
1.0939102555216176
1.0055452696385347
0.3135815637610765
1.0957088814646248
1.0892894444379519
1.0664110856022266
1.0113835400999851
1.0578368213064711
1.0929576775917524
1.0754466917559220
1.0896928475483203
1.0734858270363623
1.0467045419029428
1.0983866182145843
1.0944183614802758
0.9822225460768139
0.9581350118409816
1.0754746254080771
1.0789152182957935
1.0887717005753206
1.0964114881854281
1.0915677239135166
1.0908669239352091
1.0939013482577571
0.9527636401233521
1.0783730783478052
1.0926478060078257
1.0825138516249053
1.0731643654224734
0.9255432127708674
0.6789773943077989
0.3107321306739230
1.0792116101309488
1.0756794568943702
1.0467560490168861
1.0954563021696662
1.0567593328496026
1.0830930127276306
1.0852249761024586
1.0841641120093779
0.5335103859594985
1.0947518011660271
1.0741514562426215
0.8041059252562101
1.0738078600428655
1.0836177618951901
1.0974429518888864
1.0895520406212778
1.0091759135520504
1.0886266602324797
1.0818765388309066
1.0943253545019638
1.0668476780329661
1.0698491258110721
1.0733858122631259
1.0481164702627739
1.0913564713086352
1.0559987688222940
1.0289291226479904
0.6036418157755284
1.0846587709495343
0.9874701175986420
0.7380227818787289
1.0836548411061619
1.0839532072046159
0.5994884836397286
1.0871899260974138
1.0464925220334764
1.0899729929002020
1.0449454745409807
1.0473857543771095
1.0888601775840765
0.8805049293461571
1.0957549046549413
1.0958812284821124
1.0901636433260571
0.2901436378416338
1.0855465940995064
1.0044333479690835
1.0820801730820309
0.5609733584423802
1.0758871390200655
1.0953892502739790
1.0965156652837862
1.0891406405598030
1.0825126211996583
1.0777199867762921
1.0395078664849324
1.0870262834415971
1.0890633991946137
0.4096955268129547
1.0494852292168457
1.0909904857162176
1.0860715204412530
1.0885590002018102
1.0951263547054690
1.0814408159008682
0.7531593571917318
1.0914940959791486
1.0958544929702041
1.0972800152435138
1.0607963410527093
1.0886581913203963
1.0757052234059752
1.0831582728933598
1.0915491118156841
1.0857758438019658
1.0867664842862501
1.0981628885835932
1.0825772204386879
1.0911927080901800
1.0976206500764494
1.0790388450259609
0.9897808771204425
1.0619968129089425
1.0903984009613870
1.0814373636827617
1.0817118062296449
1.0838347653687062
1.0351001723025515
0.3230904301776502
0.8680176407931898
1.0935920318117149
1.0305052570323534
1.0860098908188485
1.0981726022435134
0.9867069774115180
1.0931702036690261
0.9808935597863850
1.0746479092101484
1.0784616331251078
1.0934148495474978
1.0581580225280183
1.0442311769070467
1.0449767969852526
1.0718525306743933
1.0911739301584973
1.0824809178883532
1.0907618423514061
1.0957486775911776
1.0878966846045306
1.0848712989106031
1.0857523578619552
1.0533384873119129
1.0936350913552988
1.0789245734325632
1.0911547087836737
1.0908703887924818
1.0812530357908143
1.0825030332314318
1.0977903454118128
1.0938739724943936
1.0974919231630766
1.0087363584128402
1.0199199026495711
1.0612657737122577
1.0909783371328365
1.0892714882205150
0.2978728432642767
1.0605934403543889
1.0468633619514920
0.5173163840125570
1.0935016386899479
1.0948721228289768
1.0948036680705344
1.0882741719851419
1.0920727343949117
1.0527858659544378
1.0936607587861638
1.0925670477779577
1.0158334590577145
1.0885576504780856
1.0870280712372928
1.0982967248405413
1.0835153880057349
1.0936418666986349
0.4791639382047985
1.0979225194731519
1.0886202949967272
1.0971945797968390
1.0909766839321409
0.9916428891637038
1.0926983578544238
0.2909152596062872
1.0917113025785583
1.0961338043991049
0.9939851953300143
1.0878820590031686
1.0796236327898192
1.0778768498204059
1.0935217245501803
0.7428014028108731
0.7858240716743280
1.0922692294267893
1.0936293551351801
0.7376971111740970
1.0845823731465187
1.0715997646751485
1.0856645870733510
1.0861850281599554
1.0901344721276842
0.6351656269143858
1.0825655509493057
0.9058160815248165
1.0854589279753413
1.0838227360517041
0.2818566860287699
1.0175474622608147
0.8177043416328742
1.0957673738168667
1.0755099854430605
1.0850138499970641
1.0879887774102197
1.0941539367002915
1.0975746806562343
1.0960478216079390
1.0945459094077186
1.0962100862931936
0.8480779172052959
1.0915238327625096
0.2913228781549611
1.0973789941048588
1.0951144595515350
1.0941115162434372
1.0948909306739920
0.8379111792924366
1.0938979681681875
1.0920949234029202
1.0643417637640096
0.4504779162612900
1.0971189216881825
0.8246412973850239
1.0863997171508022
1.0940428407016103
1.0703789487025328
0.6250282030691398
1.0597958154056617
0.4400032465508233
1.0973244291536530
1.0962291149315115
1.0886820125310881
1.0903370049053813
1.0566695870291209
1.0540017161414941
1.0740396836289545
0.5669343318725365
1.0934406863082902
1.0824793765898424
1.0937527932771485
0.9982202783860866
1.0533228103440773
0.3561153586958692
0.3586221925583530
0.9772034330589705
0.7433681615832719
0.9032471084405416
1.0741886917234671
1.0474688838696851
1.0917418342689476
1.0962483262514680
