1.0723561130860715
0.3596161022551577
1.0158461749724506
0.9541415511765079
0.7977191842437068
0.7294472395075545
1.0883826727476233
1.0873458282162687
1.0693057258716445
1.0711609682962902
0.2808620113002337
1.0952952757160026
1.0976919850032694
1.0845333278673692
0.3514141004031246
0.5479764223154191
1.0864497270751790
1.0969215379916930
0.6334642752762373
1.0505242780305821
0.9667561764126301
1.0909319670725479
1.0917963431118780
0.7097430635349341
1.0716236551723688
0.8480345500029073
1.0970219054042327
0.8363040371954847
1.0877168516421782
1.0691608594622004
1.0967121940215590
1.0618135533104787
1.0644897678120899
0.7691031974636828
1.0943972562588702
1.0851233170982379
1.0910345846484253
1.0966589343420827
1.0966772243202376
1.0968998826040457
1.0934798447026088
1.0850187893649672
0.9551056424291209
1.0882221640668552
1.0591531142474508
1.0607594307212000
0.4792022888728451
0.3905356316464841
1.0477681133091490
0.6683038790955126
1.0788811025480327
0.2836920060065325
0.5887714945586568
1.0948793579754139
1.0619087068128341
1.0902166689411905
1.0839794956543718
1.0636581156927345
1.0668357146989944
1.0800141448955340
1.0252919890785175
0.9678303447559282
0.8804901853833706
1.0905996049605102
1.0766755526188703
1.0560425899605230
1.0914807969244320
0.9758845599349661
1.0543163939836580
1.0915043088266241
1.0613514282763903
1.0559656479828168
1.0721548226576432
1.0945457285521230
0.8294028381060568
1.0761937718843342
0.2813076899206332
1.0740445344349325
1.0098418509512286
0.8035119266914676
1.0810347176688309
1.0907940139245114
0.9643216952476065
1.0879058761221632
1.0685357572013887
1.0910731295780449
1.0429824707262982
1.0883570217982830
1.0946870879589032
0.9782197585349367
0.4933155410786048
0.9615899470435371
0.9317883472892076
1.0961516380280629
1.0780345898489989
1.0971402825279288
1.0943922072496668
0.9805007456895751
0.8511454595727937
1.0970873055936454
1.0766588011921285
0.6655873295838477
1.0833256935159152
1.0891878093863703
1.0925669969992151
0.9790904428871365
1.0846119353250863
1.0777526988253880
1.0245349609386625
0.3414652206295146
1.0895745210428576
1.0866043986886798
1.0880785603263108
1.0783149786831636
1.0948374569990107
1.0953041670457355
0.8739702007907311
1.0275997939630781
1.0177881411824805
1.0760320274942619
1.0919337189176250
0.9880353732709304
1.0795685955932148
0.9946869230510693
1.0802841457334531
1.0647057213842719
1.0855960693991311
0.6288867949535358
0.9607431427452698
1.0904825720494278
0.9269082982797824
0.7356200789621395
1.0865583903003881
0.8955951479072649
1.0434185308872594
0.2988558517840422
1.0183416621551513
1.0960788500635044
0.8392912423976613
0.9117116269599992
0.5365393381757207
1.0797659843793759
1.0258191913684207
1.0741350570241728
1.0337535959427115
1.0927461223616297
1.0909926459836121
1.0849244655384416
0.9464636411182706
1.0958643565163144
1.0574882509362091
1.0976445543555264
0.6106762634142325
1.0938045524580549
1.0946105968169144
1.0689354601183114
1.0947109440233009
0.6342636794846259
1.0947197360594965
1.0973085157695293
1.0831540638731134
1.0768118361696855
1.0971073205759030
1.0624943615702174
1.0699059881420068
1.0725453361971395
1.0940501996831098
0.9910966960233341
1.0937610389661272
1.0855724576842791
1.0282402499048817
1.0869603479564716
0.3838977237836884
0.5583202777044863
0.9794253762045979
0.8212851100167415
1.0823390428596595
1.0774518454894362
1.0982937597829614
1.0945651427013650
1.0903468171504513
1.0969030585633375
1.0979951518747717
1.0883939072129423
1.0718252974906011
1.0915894754453981
1.0866743396885616
1.0532532695866628
1.0838712413838900
0.8972958287064520
1.0914529515502303
1.0136119335768758
1.0866024712033233
1.0910178811970292
1.0952778821493672
0.3372626444850643
1.0899966841647171
1.0935000162355299
0.8780278245119821
0.9429181670589519
1.0892927802673718
0.6975693425996951
0.4247967356805575
1.0961161126018188
1.0980594577713183
0.9579298728180570
1.0816362858564537
1.0725812598147084
0.8956479812829332
1.0924166855955193
1.0777099621819641
1.0854605233862871
1.0599933418694099
1.0818358714511975
0.7060069256502102
1.0981086353059097
0.8719014699784927
1.0972030602007972
1.0915873826812383
0.8741992012244431
0.9795830955318269
1.0810180486635637
1.0905869263177259
0.4623786870083720
1.0903999539542917
1.0805682026480856
1.0901862918038236
0.9297590373720844
0.9022162963302335
0.4706365668685363
1.0967337271581363
1.0842728221535298
1.0413298034073049
0.8944822092171050
0.9873950587794277
1.0689074600064177
1.0270783794973797
1.0888344029689738
1.0432968240786604
1.0915255853120243
0.8825212338940794
1.0614610174685457
1.0859530467600866
1.0870287908407854
1.0946887310247906
1.0561743166203434
1.0925062587150336
1.0949139037925684
0.6314277571464079
1.0380606891420805
1.0934751600896708
0.8330511598730909
1.0956269281016899
1.0794288416383275
1.0966129875646919
1.0971455302062809
1.0287969158204742
0.9895504902179099
1.0969597664349198
0.9744137408963403
1.0931542684687807
1.0836093442729939
1.0887875890638310
1.0513497666727998
1.0642343307029685
1.0934439377862581
1.0792607237619545
1.0866194382026744
1.0937023637641474
1.0967716186297789
1.0656906059150539
1.0934099186214086
1.0877393147175232
0.3026237839956873
1.0870972016540323
0.7679462391510153
1.0295605755541251
1.0939088070769631
0.2848648741191215
1.0917031595831466
1.0938060947759589
1.0548817407392241
0.8459829699662510
0.9150609740971073
1.0950627728893783
1.0786899538488828
0.3550470491435619
0.7622403460680524
1.0651546952057818
0.4189870674984787
1.0199421544616809
1.0958986618080495
1.0910760930691368
1.0970744349021444
1.0948349259915360
1.0957379178387943
1.0668558754315074
1.0105363879029741
1.0650801352040156
1.0903605681849495
1.0959881370983440
1.0938787971691677
0.9853797701013020
0.8764568313778767
1.0970309265532052
1.0849857650489196
0.6881970400489563
1.0680687455097482
1.0600909097339331
1.0919318610178455
1.0969654889382003
1.0826338502421622
0.4118353214759506
1.0985117926481818
1.0721618119747753
1.0898076755325004
1.0951331940468390
1.0968437411077578
1.0855197793532927
1.0597902298410751
1.0936869067274069
0.7444748728494056
0.8444067178006532
1.0860246265876075
1.0484372844787615
0.9551694981826759
1.0933101581481903
1.0892154525695799
0.9627703538248065
1.0946370901747604
1.0930825052492876
1.0938925751692963
1.0938533935416912
0.6773552976871178
0.5898970745122861
1.0675958529758536
0.7571177801216945
0.9897215820593919
0.6939582218424267
1.0886628898905182
0.4553781261748687
0.9840329609187619
1.0862702146515106
1.0945182772228541
1.0895186509251649
1.0763625306054689
1.0845013763881817
0.7965540021857286
1.0832053103167232
0.3613863572563992
1.0547762457064218
0.2877770578460787
1.0479889304794643
1.0306158922707835
1.0981411166454371
0.3714943944687991
1.0638656983963055
1.0943939277602988
1.0612693601000209
1.0660916852014879
1.0949601221412109
1.0853162407458299
0.5213262833406007
1.0971938011491071
1.0915705381893546
0.9843766020490318
0.3075412791265011
1.0814323481985098
1.0879533273223987
1.0902283769533259
1.0926591276754742
0.8641180021164266
1.0594704478566108
0.9324115534008970
1.0135105251473557
1.0931138597028700
1.0813008842429996
1.0772426688127530
0.9823885628920853
1.0929833265627569
1.0981806888840968
0.9879434233203830
1.0980454028057858
1.0478320861195864
1.0629904566857344
1.0976221051247546
1.0723436973101688
0.9499182482382581
1.0921414824428644
0.5246295461086306
1.0976563700624067
1.0957118839571545
1.0731742012991938
0.9989196036240139
0.3887255928894726
1.0714692356851032
1.0820666454995405
1.0593510411511411
1.0957828106353693
1.0361028960118828
0.2918420313822872
0.2822375855423021
1.0914016288217963
1.0780441755655459
1.0962454824071137
1.0180118312944892
1.0912950255004805
1.0949483683112973
1.0971770266492002
1.0788543067196019
1.0745068259626573
1.0940395502896112
1.0775717559077829
1.0817698511153842
1.0897748460805790
1.0339052071722419
0.9625752621152246
1.0730772747295909
0.4820011936107914
1.0870677543521921
0.9234900726787646
1.0777378932926507
1.0966462472059120
0.9136795200726930
1.0243788981897932
1.0716136573500601
1.0880148143774120
1.0069276863031975
1.0733973560208703
0.8192123397179382
1.0690928536374111
1.0964729477038597
0.4677245401466557
1.0937070783712655
1.0907540429023062
1.0952306752042744
1.0801302372486707
0.8985801058527418
1.0818943196939117
1.0912889194821727
1.0821953986247119
1.0962250131029727
1.0208701367831801
1.0031790896545041
1.0912510623660643
1.0902483347808130
1.0439400921555795
1.0950298151005033
1.0688270636162329
1.0946412261431975
1.0819339555427310
1.0982637845185248
1.0964526487053559
1.0981364203796409
1.0408331260385240
1.0010087600988098
1.0450496937518972
1.0971597964236874
1.0596273492926556
1.0975181001204226
1.0985105348927080
1.0930211246889874
1.0923765863455550
1.0938541144252814
1.0951157786052546
1.0950992348340800
1.0984299496622540
0.8157959343960277
1.0919986138692639
1.0819283796896535
1.0892636270106884
1.0955911983226916
1.0156329460657567
1.0803450350441455
1.0965263061780905
0.3310271203314508
1.0945907875278473
1.0476305496497120
1.0907918158683920
1.0951582404133748
0.8627956243376407
1.0944968623752007
1.0653475434807895
1.0723713639518300
1.0941710142173644
1.0944145293829501
1.0535978236855310
1.0899782921037438
1.0597997189902770
1.0926103263172824
1.0527155286654375
1.0770594726200138
1.0846385342339497
0.9132032773100288
1.0833711196364471
1.0975639480411594
1.0969949070809728
0.8253278926023331
1.0940054767286984
0.6459147662563035
1.0929601353494136
1.0725822176729969
1.0885837149188335
0.6471448741090405
1.0825669223483214
0.9666163328018225
1.0865627091578052
1.0542483648419831
1.0827071956261860
1.0754590849071937
0.9506889961934842
1.0731016205675781
1.0004522328085925
1.0951926466578434
1.0903922178394816
1.0925566201552492
1.0744369601022778
1.0780120173799963
1.0688142336677229
1.0959787462596677
1.0736908735552517
1.0864588294119735
1.0959694882405382
1.0391737286837395
1.0918145529607357
1.0982949901723298
1.0903152886697645
1.0790564600259092
1.0808243887780238
1.0917416753769096
1.0980470105444218
0.7732016966614808
1.0967360420233232
1.0950329799172525
1.0358764699937506
1.0909609690821165
1.0888479143904641
1.0875506153578249
0.9426969178912218
1.0633312173516560
0.9768278305193681
1.0892233498567787
1.0946116893910607
1.0790025432245283
1.0713645370939637
1.0127864833719946
1.0899324099016268
0.7645336804944239
0.9974304184056240
1.0968486284985646
1.0866661440592937
1.0866016029572374
1.0803665998541394
1.0571278083505713
1.0963328915682868
0.8914151736640423
1.0909306868708359
1.0981572928646097
1.0961347913703812
1.0748189581768077
1.0891024659183237
1.0792247749070996
0.8325562455135698
0.4051148198898806
0.7211835130139996
1.0645631281267420
0.9624046410168927
1.0840036569445826
1.0487363098225193
0.4359151698684002
1.0931844995205349
1.0982208117316392
0.2816163627704939
1.0852337529060541
1.0545041780557698
1.0762852061305770
1.0543236320230625
1.0939988831195702
0.9419973822285226
1.0839195228340039
1.0962263877471947
0.5683621845088788
1.0772871032032607
1.0638986302808531
1.0867290842931583
1.0612033960263725
0.7959437387448148
1.0270379010515356
1.0859233796820091
1.0779897822092446
0.9544392098067085
1.0394134608884156
1.0946445510421805
1.0975994837455136
1.0606058182545650
1.0304445710536869
1.0707841599301264
0.8806899234966119
1.0934746002030391
1.0737821370188858
1.0972994091709420
1.0880349036070012
0.5881524354509683
0.9582030481357262
1.0894330299753059
1.0867565799518641
1.0905492086295372
0.6454854134182439
1.0420208215746802
1.0699672669782272
0.7119147734009290
1.0937328366815273
1.0333863982725289
1.0963145310377713
1.0849859623929707
0.5481283749245974
1.0877419505995098
1.0866552818027335
1.0957555553095841
1.0696474877168232
1.0987681691306039
1.0484812368916732
1.0551635051484496
1.0968606389526774
1.0894754866835688
0.8550518811056526
1.0931820396767198
0.7574455207448527
1.0985909472242918
1.0848940818546238
1.0465737927532406
1.0263478146746057
0.8076603158083450
1.0913408844598593
0.9683559013166116
1.0450740439240862
1.0976736958733766
1.0789141593692382
0.5650693486709590
1.0808090062485849
1.0874946115120254
0.6143723992938066
1.0956116098352313
1.0938763061287557
1.0414811316138517
1.0913604839552327
1.0922889076386826
1.0061407289059863
1.0538004749500036
1.0524094688475569
1.0956806834293393
1.0780567297935959
1.0838752684286985
1.0755083226825215
1.0976119478806363
1.0959329419791828
1.0824362892293564
1.0961020476230556
0.8765549881430129
1.0793426081527935
1.0834976446862306
1.0906454295984160
1.0468223412191782
1.0451411678268325
0.9729415036305825
1.0880294883795196
1.0056670146216073
1.0898029455959839
1.0708075162410162
1.0432584200128801
1.0950363767907130
1.0863599265585004
1.0942414254655302
1.0969116966215153
1.0773440674460186
1.0955813575119191
1.0854635634388727
0.6065021458633136
0.8164375828947436
0.8377897601584205
0.9148380854843140
0.9679960266322672
1.0884942042597165
1.0986215956018213
1.0430212343610701
0.2876890405267876
1.0096722431825831
1.0938894033828703
1.0969221423811091
0.7470097466840306
0.8997858292893127
1.0954767140456796
0.8866243967537519
1.0747798152393573
1.0884438986518834
1.0476066343922996
1.0720283892830580
1.0594700338557828
1.0923550933164312
1.0873003182281036
1.0736962259794585
1.0535787703429906
1.0700521916060093
1.0890940778812337
1.0895173045015649
0.8954770957860515
1.0983082289744306
1.0584357816880050
1.0676654973610085
1.0790477769369817
1.0925944318339218
0.8354072468418955
0.6614289869348680
1.0461747085706821
1.0937022962109610
1.0761197511494043
1.0861003770396056
0.3558518190418994
1.0958731054328448
1.0867093273464230
1.0785174587673922
1.0945381630285276
1.0874550285676303
1.0701356591142190
1.0877909879387297
1.0498870374156122
1.0952147578847600
1.0967015762828884
1.0631502224277936
1.0922304843949429
1.0942652181779198
1.0510136503026823
1.0911363124724855
1.0558360110444807
0.9165524008028035
1.0897411671639108
0.8341727623188437
1.0904053542015038
1.0978883234405690
1.0883529972838135
1.0264025281977431
1.0642009678425348
1.0849142996883849
1.0928750158228329
1.0886272562272659
0.8115669600842295
1.0580496877349743
0.7749175229622928
1.0738360195037253
1.0694804725253577
1.0840358672565165
1.0978198661616916
1.0915074867574694
1.0264168371699816
1.0322274117041730
1.0903568258427652
1.0991707697235185
1.0927102480333071
0.9703302079533442
1.0881868033456159
1.0707656897172337
1.0896892502884086
1.0765549251464572
0.8241312526649139
1.0730312719543480
1.0642924777346443
1.0968631585349209
0.8106348064930413
1.0672058672926774
1.0961659529696413
1.0746242235701127
0.9776569882349433
1.0968851126407559
0.9361399637058297
0.9888615611042578
0.9280747590577543
1.0951598046256912
1.0707565687895257
1.0956561110981171
1.0934810861526478
1.0947114323331433
1.0934184639357867
0.5914689662713539
0.9554197251895424
0.8946347051923043
1.0785768696383369
1.0773977501510623
1.0876087623101767
1.0964227317720683
1.0870741349731659
0.9082918737235272
1.0934600740360410
1.0408931787560733
1.0928520981625640
1.0935758751775719
1.0646168008308010
1.0956446872775158
1.0941080162569490
1.0928711914172837
0.9481201291446502
1.0847326307347922
1.0907668308010221
1.0983727680340847
1.0409515757398293
1.0944101068148779
1.0900164712616478
1.0251931389056461
1.0863202804643608
1.0905806494188104
1.0835526331677356
1.0896472802000288
1.0958142254453502
1.0982993023926340
1.0941407361927376
1.0801298298658750
1.0379356185508437
1.0894433689031260
1.0739580342505768
1.0946033124928676
1.0752440310033775
1.0892653407765049
1.0946015917294261
1.0965556670948686
1.0648793110144068
0.7997866349528037
1.0648142809279251
1.0840673187956982
1.0923099649504830
1.0853466363797786
1.0959493275342442
1.0942217499373277
1.0972634208708869
1.0704901597088230
0.8518496990430744
0.9837627150893606
1.0900546192772047
0.4791631671735970
1.0728269464980373
1.0964973662908244
1.0885980330774927
1.0671456335138918
1.0866835218358062
1.0279283502169025
1.0967439530801710
0.3372942550866898
1.0646335204690620
0.9959003027778803
1.0870987931081917
1.0769865940297911
0.4519064362442941
1.0914889176600673
1.0922592833981930
1.0955181524593700
1.0168788868057785
0.7372944638253089
1.0967581974355156
0.9068098249722790
1.0633380526453284
1.0296488299631561
0.9157462598541353
0.9231848547324830
1.0787702908371026
1.0808565206475760
1.0849769218863510
1.0745843851527783
1.0955627969823345
1.0817265974206305
1.0947301689509472
0.9701288660109607
1.0968164506457778
0.5494236059704526
1.0827971111445416
0.9803538895655675
1.0978439199545431
1.0933484001349640
1.0855039368395376
1.0303951006870564
0.8515543347169884
1.0958406079868566
1.0943918995481696
1.0932893305346545
1.0974841612457706
0.9615315694429667
1.0547826346205755
1.0740768030305530
1.0969838800070539
0.4659426299338730
1.0412331441630565
1.0826990703507515
0.9248675457674713
1.0700894984143592
1.0819529378409574
1.0977939236134158
1.0886924326851772
0.8453447477007360
0.3910354470201254
1.0486813612030463
1.0157708973638337
0.8787925425020591
1.0922245671540702
0.8158093093338051
0.3269422016326269
1.0856825488728268
0.9919500511016388
1.0774945124756761
1.0575663785370331
1.0896653165131631
1.0452275924544876
1.0788775070404497
1.0934715411358833
1.0458626830084681
1.0962786480420086
1.0138273376648073
0.6502048538964427
0.9287544920924238
1.0862979103963417
1.0798923685428823
1.0965888319037698
1.0618138980175615
1.0819950554455602
0.9717197017857608
1.0773891302809750
1.0904855678379759
0.6143655685267380
0.3359449050380785
0.7397484834520252
1.0974326722232528
1.0764940611064613
0.9915952705547567
1.0907276575469815
1.0063324300697347
1.0875589322944765
1.0921755852936748
1.0904456241092970
0.9935278326236632
1.0727116032076776
1.0945714594005469
1.0562482923854895
1.0463381411509440
0.5773638662091888
1.0361439746438166
1.0413246441224178
0.6972701863612949
1.0895524053240448
1.0429189627449820
1.0925387648266356
1.0471158651581973
1.0852585167233120
1.0882645624136773
1.0650883720470767
1.0894595572779771
0.6023197322381362
1.0973774141048092
1.0848241210343488
1.0559685763455002
1.0538706839773258
0.7593471253636064
1.0914952586780569
0.9114392897808768
1.0699484680965907
1.0794662912244730
1.0787464551529502
1.0905448110634270
1.0956551517949402
1.0928547678261027
1.0163316113135410
1.0779217056193646
1.0817924173161582
1.0969496122446285
0.2852697859739122
1.0992991035289386
1.0160761758450101
0.8294736814794738
1.0774845439006588
1.0974729046778711
0.2863509381746286
0.9458055443310190
1.0888302007756510
1.0978743058576583
0.6700002583746731
1.0711232970980034
1.0940096620901909
1.0841472821061822
1.0979413429478968
1.0990528110739157
0.6726729760924017
1.0066240610253967
1.0840104924537686
1.0886813794490968
1.0448108792400950
0.6630688806279140
1.0912795699432702
1.0748027977959134
1.0969961294120691
0.5542107170075059
0.8074273133979015
1.0733184590776923
1.0362612423834083
1.0923760089353476
1.0317330678041261
