0.4510814389004907
-0.5048802235049932
0.3389555562197310
-0.7284422137003720
0.9599813377758121
-0.4747651483553313
0.2998026507721240
-0.2298502931163813
-1.1304456083914336
0.3457308211238947
-1.2334075342979451
-0.6601090443394302
1.8700949410111694
-4.4975268789572267
-0.1798803111641468
0.5831298527614102
1.8339482644707217
-0.3543831268346083
-1.3743398569741510
-1.6477078569554939
-0.3886820542761721
-0.2605616105846842
0.3432524748494770
1.1383785960170671
-0.6666379778477012
0.5179279130189354
0.3921889272644099
-0.7039867526780074
0.8691203957357669
-1.1010141531565991
-1.1299976006291927
0.3377271454979595
-0.4211981796560155
2.6152204463425317
-0.0231827976547468
-1.3462687544868077
1.2060203253863573
1.2183572210434446
-0.2153532895001627
-0.6314408272347637
0.5136100005160219
-0.7660921490881858
0.9341541623181775
-0.4842675089966991
1.1796781199478084
0.3136978151537808
0.4757354967306842
0.9900082486432482
0.4228727359518369
-2.8790392426115505
-0.7398298775451907
-0.6942201155527049
-0.6563907626812865
1.3261900790923655
-0.5978234059863495
-1.6593576810608652
0.7714189738878094
-0.1900050363863578
0.0165515687888936
-1.1278368356384278
0.2590917735834686
0.6905137224012783
-0.6068375200803743
-0.2584041473366915
1.5763569754366529
0.1138028614557432
2.1216366370815534
1.3196142810957450
-0.6095837246419993
0.5681201267654803
-2.0180478437102929
1.4669264547808543
1.5570886219799682
-0.0223315426217536
-0.9534753745048088
-2.3426816535080146
-1.5011790427567349
0.3739423394170103
-0.0060207762959861
0.8992453559018136
1.5720833113938388
2.2077103258881619
-0.9475067247753839
-0.5616493200180610
-2.7897406002236784
0.4996425076394982
-0.3883181402867435
0.3642730987702339
-1.5162607220421944
-1.7224848780022108
0.5004902322692355
0.6680088747157975
0.7685611778389582
0.9531383673919347
-0.8629885655461587
-0.4506386746173784
0.8697198768388987
0.9344459135444718
-0.1286182031415594
1.2972846231909947
0.1252235397519152
1.2530309798684276
-0.3143806566033622
-0.0092682761277279
1.0880199220410973
0.1898398763970184
-1.1672104500220759
2.3105975653810997
-0.8939174088740124
-0.0671482252074523
-2.4526752662512008
0.7410687755327243
-0.4285015502429568
0.6640470783763301
0.7307225100915619
0.1450421401089350
-0.5425787775161623
1.6235308706082456
1.0721556266948962
0.0084866480085910
0.7016192152261471
-0.1769905792383121
-0.9182567456315180
-0.6647130477386628
-0.2267080755081975
1.1516313571601786
0.0107238293021641
-3.3671009611968987
0.8667572336465960
0.8861333965785735
-0.8277402691374086
0.6674678560778453
-0.5958508727729167
0.6790943983051170
-0.6075620698036007
-0.8117568884340612
-1.0958057046264547
-2.5984641680827001
0.3871879872938182
1.9486058573906324
-0.1920023951097607
-0.2369192101483382
-0.9730705016930062
0.9166177244532421
-0.2608365701717321
0.1748522308204317
-0.0668250946031861
-0.4062288603085108
1.0866584785164635
2.3149239387185894
-1.5871798626383236
-0.2471150705491534
0.1291232619859617
-0.8747134774512243
1.1750612765024078
1.4593122259280564
2.0684260136881116
0.2845770077810869
-2.6264942837897745
1.0346038329818175
-0.4418658559040937
1.8406588468080716
-1.2962354525516180
-1.0158972392389765
-0.7186880510855083
-1.5087356858692527
-0.6526047915144787
-1.7571101320570335
0.5858796947217398
1.9269829191324459
-1.0920173128067705
-1.1151063445587035
0.2173342119353674
-1.4686953114198600
-1.5630405900173336
1.2368332710582368
0.0426868156085790
0.7962804705311282
0.0342177301740320
1.0666734209108790
1.5371405538068394
1.2993545852130124
0.0931370768341885
-1.6587280864475369
0.0226204946988103
-1.6954219134983288
0.2219871737997861
-1.9914343206975618
-1.0457459415460557
-1.0611887951392105
-1.0676402644472209
-0.5468819048368816
0.5896009473355092
-0.2744054306987724
-0.0439509077282586
-1.5306809886686426
-1.2693652103215660
0.2477153830864681
1.6070498340281834
0.6869534322812588
-1.0886782829028823
0.1436286055682051
0.7368827080673779
-0.7559599684331545
-2.7402753292288109
-1.3497253310589654
0.5985647741754851
1.7963490741188393
0.6272822229250985
0.4522063846484191
-1.3316909199819595
0.4509741041476371
0.4103237865584289
-0.9260036748061584
-1.2809847197212463
-0.1166391765070065
-0.6520551009667750
0.0460623273857627
0.8525064242457463
1.2140812865082724
-0.5344827773075772
0.7744561839208139
1.6423914829977582
0.0918616870712515
1.6189209094354076
0.0757677420057430
0.0639490008344840
-0.2487186310456093
0.9871385092323640
1.7189409514182525
-0.0886088128356995
0.4359408917893660
-0.4345813268725761
2.1907086668549942
-2.7823829950747174
-0.5001597092610228
1.2595209090862842
0.1135385681030819
1.4041615221353041
0.0921241628269697
-0.4257652601043634
0.7450592127092427
-0.3740821239268773
0.3928228040368763
0.7068080181310561
0.1477672461465729
1.3142250451328237
1.2125151005200183
-0.3445337365214166
-1.7402513513594482
-0.3072720545703304
0.9219734726043873
1.1131969067414922
-1.0752682827416391
-1.1160805046789608
0.2933103908887133
1.5023292887979089
-1.7385643648124856
0.2442066482549887
1.0617170939014375
0.5059688268424388
-0.8883799090408351
0.5630535024196063
-0.0045978046667348
-0.5585379260103805
-0.2237869615584640
-0.9731133278492013
0.4743295046372573
-0.8794721638473760
1.3752881762290068
-0.5503920075011475
-0.6471011077134092
-1.9813351334483875
0.2159976312432667
-0.0942579520909105
-0.0464662606580599
-1.6806099914884698
-0.4182031864375784
0.8699322690254352
0.6499564372631143
-0.3762061549899404
-0.5093722908923749
-1.5928262743887012
-0.2370852330560473
0.3327670879263949
1.3805532289932059
-0.2096659845271982
-1.1098838115809455
-0.2556241187106090
-1.3538248646067332
-1.1118794944617809
-1.5729083954018330
0.8395196531911678
0.4605259585804950
1.1968225106392103
-1.0495938092416059
1.8699981384262820
0.0913478757587038
-1.4844540226145029
-0.9671225290189061
-1.0013473029023419
0.1843212686692089
-1.6316692587512684
2.3924842962581625
-0.2937514546420881
-0.6630955338886301
-1.4376057529347759
0.1370175427964432
-0.2367212777259610
-0.7924228111959595
-0.3698560296471750
0.5307382238299121
0.7425879525355608
1.2851022142279918
-1.3456332266435147
-0.1480483168989752
0.4244639034624869
0.6062859267098741
-0.2367596061660538
2.1688801901033670
-1.1952964793345502
-0.1911722308481901
0.9660959399876438
0.1800330317764423
-0.7093442338295345
-1.2099599521072146
-0.9673416569121416
0.1534663511348564
1.7525090953984479
-0.2036714160661814
1.1519880365843314
-0.9891470685012680
-0.3371256327172586
1.4287863151211444
-2.2115536316129689
0.4132325049344420
-0.4997766460895460
0.3130703490008790
-1.4371473774333781
-0.8404151213099674
-0.0843597030995102
-0.4899934256593942
1.1389825271346286
1.0153974014521816
-1.5794898381050737
0.4638242210688036
1.3796183558359869
0.2199965671026709
0.2421316673982461
0.0523456075047248
-0.7751301827002910
0.6575613509128957
0.5063439873970234
-0.4057245411787926
0.4795356500323115
0.3423682706569713
0.4006793980746458
0.9114311651141056
0.9387954275647955
-0.6945231673205764
-0.1970225619463106
0.2604302714417817
-0.0716211900119083
-0.3704683171512538
0.7357574713714472
0.4545786077435371
0.2537701592614067
-0.0288928194413571
-1.1180178346968213
1.7863148674776759
-1.1835826570154970
1.1418808664395348
-1.8629763092879816
2.0186436805243360
0.1301578414286687
-0.8928938660751587
-0.6659216587782409
-0.0655170193995263
1.4587741770139411
1.7102187290982611
0.2128666977536951
0.8147216992673442
0.4560011496409251
-0.0657380659185365
-0.4029392459804929
-2.9314360613798591
1.4672064214083400
0.6942017683101053
0.6372937039709412
-0.9098526843120573
0.4660774989116965
1.6977058174933450
1.1952791031142893
0.9686002988660117
1.1240538744513280
0.3174563987362223
0.1456975656173238
-0.0576979741130845
0.1809800593968258
-1.7773965395277758
0.0863522580230153
0.5725821738914195
1.0026498132295609
0.3972354658101395
1.2161754110809007
-2.4989446955185199
0.6144165157668231
-1.3718139028017118
-0.2906218071573073
-1.1976315965592268
0.3228338439518693
0.6167503993191341
-0.4531252636201777
-1.3126995586516297
-0.0569891505128642
-0.8777888659374009
-0.1190980919643355
1.4756483599460302
0.8870499495990865
0.4376979102396627
0.6184660422985427
0.0541979940428451
-0.7829691726591151
2.4811413291964524
0.6794338670501809
-3.5653137968781916
0.0873385757608249
0.2420701825113420
1.5121851378339177
-0.7874450314685826
2.7138747526457552
0.7436911108586850
0.0040050642926530
2.2140092003028440
-0.1688014142005855
1.0338091546352146
-1.8135676902183633
0.0066104747203425
1.8068492022688576
0.2180790361506754
-1.6754377868627723
0.9013277720585335
-0.3651457794802423
2.6699429585578898
-2.2683698616587868
1.1713656901972067
-1.2969972606495983
-0.6657610136481844
-0.6014721838996322
0.8606988461607307
0.3700431602543537
2.0553561590882907
-0.6840555727505635
-0.3330183426583084
-1.2994410234955405
-0.1098018272191899
-0.0024792894777318
-0.0481392099554240
2.1998881435820770
-0.3935895429143149
0.4219336597859624
0.0450100382977133
-0.9529684645401246
0.2118344882640665
1.3682127992285418
0.5296056842080356
0.7758151951320884
0.8682554464326263
-0.6310284855468336
1.5838737378797847
-0.8482982883714341
-0.5905950338912964
-0.7540020121020266
-0.7890610281939987
-1.9864700006157090
2.2095893486696738
-0.7446569157252804
0.3706403002883021
-1.6207871164198207
-0.6047372790561309
0.6939285967430522
-1.1669311786809380
1.8547310103498442
-0.2544764645922587
-0.1754167492766479
0.6109864508218822
-0.1994056239745026
1.0242322774982480
-0.7722139987672071
-0.8773970364008912
0.5311904747697995
0.6107239361476462
0.8843430531606308
0.1284251066671935
0.7075801160882812
-0.4769062355702627
0.5520714372825826
-0.7728964063306041
0.9237942772392363
-2.1326864213301331
-0.8159602293819164
-1.3203488358041624
0.7716376158083538
1.8428685716216138
-1.3836111705169403
-0.4660862776136681
0.1336823289201245
0.6065230704210116
-0.3313591881771074
-0.6929628299071861
-0.3634839135638275
1.6115303551596560
1.4360815461243686
-1.4806548276724449
0.1684605976382924
1.3394433099486260
1.1916103203296131
0.4311271580171595
-0.4634291462555062
0.1857459555579297
0.2052583235077486
0.6725389052261509
-1.9796352909902870
2.5091324603100018
0.7201082570197653
0.8907294592487107
-0.4645681704055016
-0.6060379634097232
0.9484023422678877
0.2411653739485351
-0.7880647921711872
0.2050138315725419
0.5785137112354641
0.6261654618564216
-0.0583719667034186
1.9340826321607236
-0.7430313637728496
0.2611886508978085
0.5371715862785942
1.0003495931026150
0.8310544433989087
-0.3800657571859142
-1.0509363829759664
-0.1086805386254253
-0.0819270600228313
-0.5135713215655662
1.2150896240387974
0.2557106788068026
1.8081083107235405
0.6529533429471228
1.9449158353799643
0.2697686272052388
-0.1393900600581077
0.1953033822958939
-0.7170209254750515
-0.8199119339704863
0.7449382413390941
0.2414923145951680
-0.2658094275750588
-0.1651071623697291
-0.5216559967428206
0.0032840253425278
0.1615614756863973
1.8535274560207182
1.0032413882060893
2.2617539659875425
1.1289062871374074
1.5288549941069627
-0.1882129461809750
0.4899911022837817
0.6518510230942667
1.0381791789035868
-0.7456151050080770
-0.7359134964851999
0.8014424445629206
-2.2970567935643151
2.8620129222845487
0.6494382448576446
-0.6541521166798107
0.6352380362389565
1.2389179567539366
-3.6590844659825779
-0.7391341483436764
-0.2887236104339490
-0.6153199611691946
0.5764721877192150
-0.4514415329239938
0.7351633871719846
-0.0169886177430595
0.4681375722032395
1.2892250121160902
-0.3690851026511110
-0.0156243183869704
0.3324997411998417
-0.8615891893418827
3.0284947518386973
1.8580011575358426
-0.9455382640953247
-0.8287209738073610
-1.4970698066475523
-0.9006562274570096
0.6135868531870740
-1.0683638177497505
-0.2483220880865833
-0.2303967682917319
-0.2052537905038874
-0.3814124312864663
1.3141600260507149
-2.0100395595044653
0.0266180476423006
-0.1769447823768109
-0.5452468716705327
0.6435354980101664
0.3599829270934682
-1.8313412051722717
-0.3179245501671979
2.0948462792292633
0.9936382910969945
-1.7234124497201537
0.9076231307394242
1.3652790216844970
-0.8163182504622284
-0.0289161389506252
1.1309998170776188
0.7459008223006591
2.4943052437475139
-1.4448187413319487
2.4368228606830500
-0.1219642233948294
-0.2764424098937763
1.0444994334781681
-3.3030378394405151
2.5380233537780117
-0.1626086253174290
-0.0566632544330865
0.0672065578487215
0.4747623442462175
0.6193418279056704
0.8278489565958783
-0.0381612651100683
2.1439178073498066
0.5681291817525804
0.2026652492789600
0.0845314415963450
-1.7485840894622171
0.0738448608022201
1.8879924632525646
3.2885002883328389
-0.0735943161712773
-1.5532007117120978
0.9290221122729279
-1.8345905559599709
-1.2240204818199487
-1.3517611334841066
0.6027218669527317
1.0463385189693357
1.3082575115707402
2.9341509059879685
-0.4350320920395357
-0.6990558038577377
-0.2281747641725987
0.1540107830820606
0.3407110828703680
-1.8381648946225095
0.2758153718557597
-0.0522309181037646
2.2517618792005565
-0.3931846114275719
2.0086263706928280
0.7866593056243842
1.2423795415500387
0.7414638738180004
-0.4210672949201326
-1.3668896808823903
1.7409335499306950
0.3250276408240210
-0.4398491592833729
0.0456559972350252
1.0373164933507657
1.0223339631123811
-1.9722020391864870
0.2734031580677155
2.0839317865367510
0.5671353414520275
0.0979948262539571
0.2060624506223982
-1.6535164291671474
0.3890861309585477
0.2242749372268354
0.0924432606463332
0.9518187558058424
1.4706750755808855
-0.3358466873778322
-0.1673904410818287
2.1922876153026385
0.1137449795743155
0.9135433026049951
0.7025958289741284
0.2461888587617020
0.0862681278403280
-0.8887280772177104
1.4525438614587474
-0.2964431673295265
0.8629371735494276
2.1272025003769151
-0.5979963351271841
0.9228110193009792
0.7861997897991164
0.6605081540771724
-1.4006876835617890
0.4897526311035703
-0.9158979404289280
-0.7056993466484334
-0.3370851404348842
0.4796900716845632
-2.3088199970593570
0.9641820772076642
-0.9090575762622022
0.8329509138541831
-0.3701462909589835
-1.9438125205044063
-0.1214402417821379
-2.7227029131574993
-0.9918353964175969
0.7885076260816881
-1.1491841461218695
0.1216658130245796
-0.9046443469224080
-0.3307312949501212
1.2145195245468550
-0.6602322456064540
-1.4790940845344145
1.9939358622371066
0.0632964822778506
0.9919911233250085
0.6214208139001223
-2.2334790835836551
-0.3618621150196483
1.0380967974515500
2.2090953049342024
0.0514398265640462
0.8718161064105426
0.7768612068343281
-2.0410080932987897
-0.0689822024025759
0.9272271627724451
0.5965683905576192
0.5885649071380969
-0.3822957589691113
0.1348752085947923
-0.5542641362792197
0.9037788636195753
1.3783651526112299
-0.7578056031437311
-0.4881344545438582
0.6357819679594252
1.2659689277182229
0.6699215865291140
-0.7412855199241547
-0.1195422325349537
2.6152051254513213
-0.0031041538049084
-0.3083446850801459
0.8558744839240634
-0.8676142216472555
-0.8906456779678011
-0.2375146008754303
-1.7134308415976602
2.2433080071500986
-1.2753187159642014
-1.7832646375442358
-1.1076720559682429
0.9628303895903576
-0.9970584245877686
-0.0288474777959555
0.4652351456385477
0.0331141744510472
0.6964152528092860
-0.1376345898146610
-0.4094608910142469
-2.0592664511387069
0.1407948286033459
0.3334935117803193
-0.0029849141775902
-0.2378567549679221
0.2181255811387140
1.0749072763006837
-0.6257356500397793
-1.5634669661698481
-0.3489930715553585
-1.2057770431086938
1.1148585766582992
-1.3181475301575560
-0.0463687468474178
0.1962354796239798
1.1364630513486249
1.8029518981511492
-0.2423881860555810
0.0382352892074909
-0.2028333074067457
-1.1629195327627735
-0.0496255471885338
0.3500600513859391
1.0562282521690369
1.5696357430628387
-0.1882404866132913
-0.1506672938890230
1.7068571748760029
1.5133982354476387
-0.4037834170659991
0.1325472587772178
-0.2611389200563078
0.4559431030113190
0.0026503169092754
-0.7793878380145803
1.0480769539000736
1.4388600718735691
0.7670692621900138
-0.0868001420844667
-1.5644441577812005
0.1878568572011654
0.4711213328425697
-0.2510994354375886
-1.2263653946335804
0.4306335861286677
0.7138364450798929
-0.0101541982410301
0.3622033698781505
-0.9250813492703881
1.3497647424169710
2.0262853134991525
-0.2570640690720861
-0.7039180931229132
0.0596025950048206
0.0858262672998529
0.5149047828079963
1.7639808507649786
0.4443599255693875
-0.5767734733082439
-0.0758591443928803
0.9078862309007875
-0.9981599766923310
1.7406781907572038
2.3134728429150360
-0.9647497551818341
2.0971217041503936
1.2778313659898939
1.1571760949076606
1.7948537028926184
-0.2242474042474946
1.5852325742537303
-1.7140508051981582
1.5642210875229841
-0.2696133991279983
-0.4429214615940649
1.0781070230539940
-0.9985603468562652
1.0383233798909823
0.7101503336555057
1.8869592874050678
1.6773753441787980
1.7064413378824419
1.3236024131124371
0.2009109666328859
1.5885436316533412
-0.0540310494026788
0.3614750757417565
-0.5742667068391183
-0.5328048198375339
-0.3451686439241108
0.0784468895754305
-0.9725269764045162
1.3841522897860765
0.4787071171437056
-0.6355313430811546
-0.5750534039242821
-0.5430213657931775
0.6563226153921994
0.2761184901226464
-1.1213231091082496
0.1003295757241569
-0.1167240899499007
0.1035271398976448
-2.2485635257338124
0.6247527999769066
0.2214363986554283
-1.5016115612098977
-0.8085686918969099
1.1167142182578567
0.6927003432244494
0.4069895165464090
2.1705762695222446
1.7186934026331593
1.0546383011003535
0.3610088670096543
-0.1371329072297054
2.1673232277317354
-2.2899965755878409
-1.5502705711130200
-0.1290044374721616
-0.7174921116960606
1.7150089091359983
-1.7226821461595208
0.9953557939113268
1.0278448828579356
-0.0255529331530413
-0.3057085537013415
0.2163532925710201
-1.4033956693765481
0.0554347866794012
0.0151344525235577
-0.2514628664094651
1.7369570563069996
0.2595733069525606
-1.1661779721109584
-0.0696022092382712
-1.4168903910939230
-0.5620950919157440
0.2559784855229355
1.2297011713039740
0.4512078236960639
0.7148031490628280
-1.2308443712669237
0.6296272896677000
2.3574899052315224
-0.3119758549478370
0.5519876636152441
1.0427001598361383
-0.1093086505944911
-0.4841638403972870
0.2480505400050563
0.9645303515376401
-0.5256334278259827
-0.1237303127285423
0.4301992377618508
1.5126174967930370
-0.6835463516014421
1.3554299871440396
0.8892916410660778
0.4442936866741000
-1.6774004828638722
0.2323604549552279
-0.5753328883173525
0.5411528316324935
0.3872667333252470
-1.7341624404505265
-0.0991797171738331
0.6000227887248296
-2.1929440945520096
1.5005373863455369
1.1170428517659163
-1.6375836586323045
-0.7198659154110373
0.0688801722933280
0.9863793702805537
0.3419921073647196
0.4162305716553218
-0.1309951193466337
-0.7061919018729220
0.8508706762864378
0.9474237176226591
0.2067589399280279
0.5763701546504265
-0.9386348685959115
0.4566983990864330
0.2707344557349461
-1.8824720539373831
1.4701544255412686
1.2619946077573216
2.2191111121591596
-0.8818581174768395
-1.1080936643641746
-0.3533395857896197
1.6968520672189538
1.8807506780410610
0.0317428118303587
-0.9923452380617392
0.5034386086918643
2.3462427243391302
-1.6810982333597715
0.7377672296325730
0.7812848117376310
0.4833723451657642
0.3594098233828865
-1.6895654065060670
-0.4964514797188289
-1.4547738793689873
-0.7927115958536276
-0.0551585524395601
-1.0037294608882856
1.3459399557528018
0.1756263229579837
0.3251337964521184
0.2097898459879228
-0.6068400835189981
0.3303570595488843
0.0922752078792294
1.2194283181621939
-1.1284997958047480
-1.6170133478026465
