1.8510196620229897
1.6796752361585185
-0.7214362166002717
0.1510672430418663
-0.3784139232981842
-0.0234793750844331
0.4805258684758179
0.3561974607113479
-0.5210784324180644
-0.0673619517485723
-0.9393585824555657
0.9397278435391452
-0.7959385114949371
0.1842708870365930
-1.7230190349695047
-1.7661715862408836
-1.2277042445203665
-0.9485776873073325
-0.7480596884453639
-0.0062736815248211
0.0866520439910375
1.7700888165039705
-1.1730841160298218
-0.2130440078657317
-0.1226657331265288
-0.1679073694691364
0.2674614206308553
-0.0120151396395955
-0.9284425193644142
-1.5691588522494726
0.3785616080454514
0.5064949619357464
0.1115850865670977
-0.7403543022044916
-0.1677834876758357
-0.8341935630083164
0.3813758397806540
-0.3573843064465808
-1.3061141353346652
0.9151063993714775
0.0047156831673242
2.3704001008446407
2.2395595379283013
0.1696031927414186
1.0313379717573761
-0.0046909137524375
0.5615533548808439
2.3332823635009059
1.5963142949690488
-0.2815700530768884
-0.4350196035930087
1.2992831695942872
0.4487889729325931
-1.7963785435561357
0.4959894404003978
0.7523448181769932
-0.0528905134904356
-0.8678570985415051
-0.7231751346690872
1.7490102280270041
0.3051613251766034
-0.9629759442085587
-1.0388704204378905
0.8589637429496459
-1.4811482059633758
-0.0407144405903713
-2.1292483276323169
0.8733916900496059
1.2167053333840494
-0.5691123307152796
-0.3763207495571596
-0.5965012986641295
0.2016465987894022
1.1589699399256024
0.9894470453217243
0.6370867626974788
2.0637420272795390
-1.2410062086839488
0.0451439235341544
-0.7146193016158434
0.9438920161025502
-0.5612003090815366
0.0241547835586638
0.4042358494632557
-0.3827352206682261
0.0763442932542410
-0.3678317425730042
1.1714581335432994
0.1240726221426130
-2.6590022274324459
-0.7064747804616833
-0.1270098417027745
-1.2323105894718502
-1.8698583568198612
-0.0518489091185125
-0.4405574104002539
1.0669377062198320
-0.4971786345755971
0.0300937348071444
1.6740819901560744
0.6324573727943132
-2.1674195942979719
-0.0392835689297735
0.8867328935826178
-0.2431960326271202
-0.1065634302979927
0.1823379143730218
0.0287889502202702
-0.1485113292334667
-0.1231009403343100
1.9073730956219799
-0.0139608669119241
0.2030468179996936
-0.5299713386745539
-0.2082072887249220
2.8007805361243419
-0.1490448140561500
-0.3845221546241204
-1.6314757010774970
-0.2200769998328930
-1.4730583215076984
-0.1970816105920264
-0.9873224346869688
-0.7823947961155860
0.0782299403762534
-0.8873754981121417
-1.2432399174297812
0.9954421401038581
0.9446571188019492
0.5098562456548975
-2.2542973502596828
-0.0937465000774123
0.9366441168607463
0.6430612490660489
0.3051295743888933
-0.1713601883895602
-0.7152567730318719
1.0262955884295344
1.9700562257662904
0.1074436051267630
-0.6884952877414737
-0.2359765054295543
-1.0400386928011203
1.2692213315916905
-0.6188211501394694
0.5618698507453749
1.0270254213157801
-1.3210034968363367
-0.2032394888455378
-1.3102345636967405
1.2503536752072677
0.6943987466478831
-0.7349882714896966
1.3670228965953033
-1.1459182176147449
-3.1978336438095409
-0.6640575613489158
-0.4012307591038304
0.1162995510849832
0.7881736127843531
-0.2446082735085429
-0.7928438683078481
0.8020774582901540
1.5995665203559410
0.6308958170921851
-0.2926249214208988
-0.2935041815486101
-0.1578749217739588
0.7035775021649613
1.5524378811005854
0.3696455700351359
-0.0148036631274598
-0.6018915284180921
-0.8430918897517713
-0.6018798694690027
-0.1966274716253787
-0.6951758875298245
-2.6542204073857656
-0.2359508885873908
0.5663969180459095
0.8358872144462138
0.1465450943964063
1.7072700955670479
0.3546638325436650
0.9062896591285534
-0.4337230189397471
0.4241323633569972
-0.7984738022887792
-0.9062467485623598
0.3249915614288820
0.7189995361985125
0.0755206297925898
1.1452275555587346
-1.0256160015563074
1.3979950738588225
0.7934672173296277
1.0580219634270183
1.4123067971924286
0.3194702521069397
0.5398940389346827
0.8918788081162305
-0.5222716196631475
0.7097812147035132
-0.0895387492749442
-0.2205471584471680
0.1300260280876792
-0.1349849340198390
-1.8172492081419946
-0.6849956329597348
0.3382806956194302
0.2957635543927495
-0.0031228822939555
-1.0833166704761235
-1.6525830628216980
0.6328159215445164
0.5475865418361603
-0.3140065767286130
0.8422018216431902
0.7487932152924495
2.1765047024064947
-0.6136771382442521
-0.1280580068465287
1.4373943099250190
-0.3143406304614212
-0.8352278511084761
0.1442472243946476
0.3955138880249238
0.7036050739630215
0.0255026935128037
0.1717453945257860
-0.2974909593268957
1.1757585633939924
0.0045934095155040
-0.7624610958623711
-0.5232294841275494
-0.1938142111216421
-0.2753590770501648
-1.0112109289170905
-0.7136566564044792
-0.1495027149851556
-0.6853139748753543
-0.1110259105986164
-0.1346093813281251
0.5923065664598907
-0.5166772976688759
-0.2486496935075453
0.4202424572179806
0.3337746895865916
-0.4171544652633157
1.1809278552481870
0.3594827710620098
0.2097640097140956
0.7113466893614320
-1.1541952646886968
0.0096546651115687
-0.2467357084402520
0.5004126519687071
1.8112377811578830
0.6700755167948603
-0.0919967730553704
0.7357976670437877
-1.0163851139601925
0.1714789921580049
-0.3820739091205630
0.2370047707307741
0.3911338920566186
-1.2975634848848683
-0.7436977054471290
-1.5307870208161403
-0.0557322232127387
0.9515908643774047
-1.7030121634985904
0.5299118067881565
0.2899180929712732
-0.2935994861295068
-1.1153954388785918
-1.9609307101852484
-0.6465926409007574
-0.7125185095439321
1.0131628338181720
-0.7441548510402132
-0.1568215135092184
1.2205341813362625
0.7745903557414476
0.4698466419023985
0.9543176800140337
-1.0923065500567923
-0.8328798736033841
1.2750171266016903
-0.0612649431339038
0.0940817448062774
0.5280319494154162
-0.8257267569409009
-2.0665882229343806
-0.2605137325991050
0.3431378808803789
-0.0231107506169096
0.5778819465471707
0.0309242850035357
-0.2980520333112273
-1.6790147342418098
0.1762810659223978
-1.3585697099693157
0.6517989213232760
0.2185434526527086
0.5599245697850154
0.4850781982774026
-0.5761557983721730
-0.5559715441255704
0.4274960231678235
-2.0786615954960563
1.5384376778063547
-0.3482499531126649
0.5043026550410172
0.3533929721562163
0.1847651450086968
1.2043599395408113
0.6401645112861225
1.5801940771410905
0.6990351946794230
0.8671213369838781
1.4503105589956342
1.6823346283260721
-1.4334712522331612
-0.2168551000257127
-0.2414803479772748
0.5483300188271364
1.5793173716131725
-0.4746812393251507
0.6959834740342000
0.7867203144780430
0.7438053614819012
-1.0756706046672435
-0.1596643818662485
0.3302095186443312
-0.7189327717426871
1.0074719275435708
-0.3432452943515367
1.1060594820266105
-0.0990460658417383
-1.2836061609114007
1.1292164068920305
-1.1159437268068795
-0.1064182196146827
0.4903684001624626
1.9670836708715635
-0.4623650082459925
0.0028192449988570
0.8545668487164526
-0.8973851337093830
-1.2957400181091583
-0.9997820621735776
-0.4610932527312654
0.8412369377531278
-0.5703547193797045
-0.4055036204134075
-2.0151337140796666
-2.3892358483835729
1.7462877568169235
0.4776900131073056
-0.0168478352586570
0.8542308526982293
2.8285137437478998
0.8668406505274625
-1.3850386318772658
0.9067782043154400
-1.3875027168989162
0.2012222013643932
-0.2992660903421296
0.0486192391521965
-0.8998572593458585
-1.1980439041267728
0.0419785183799189
0.7470094936730678
1.2708749242002935
0.4151220498207456
0.5113864915917123
0.7766960308704186
2.2871302136210154
-1.1904496469728683
-0.4265643727494685
2.5699778230822403
-1.2038659484462497
1.0320239347359073
0.2035583869890293
0.1317265645206478
0.9454629888241339
-0.4303063651478853
1.2453483555963634
-0.1436069201383843
0.0564019260177765
1.0863806844035659
0.7604366283616295
-0.7854489257423165
-0.9093561476609997
0.5772555073250319
0.2450258777072896
1.4864741738384610
-0.6245236449771558
0.1490334253454035
0.9393653095545249
-0.9187624704494948
-1.0622745070187509
-0.7667321009676441
0.4914461516641943
1.7051556182678040
0.8620159674475918
0.1193236970043199
0.6927541528340331
-0.6398994747054517
-1.2668790143447497
-0.5269782097050694
-1.4923078445291180
-1.6513293279847345
1.8560286155040304
0.3746763761662620
0.5570764727019951
-0.2700741785564570
0.5283087310302503
1.2509117965425685
-0.0927418648263540
-0.6828840465867081
-0.5812084452397873
-0.9036182134479149
0.2133758901296353
0.3277002964658934
0.3265218564889650
-0.7668568079516016
-0.2728916129739807
-0.1191498818480846
1.4993821305021480
2.1344101155984121
-0.0592650844281712
1.1825552279042291
-0.6738979657322871
-1.5411076077891581
0.3167586510639444
-2.1740293425554209
-0.0879230308444299
-0.5741663097520308
0.8583257450056747
-0.2548862609900780
-0.9515608940145456
-0.3025304432003900
-0.2737121857817538
1.1624041257557662
0.9281606644459290
2.2310358242049149
0.5183950595313432
1.1811376728794045
-1.5290436993074648
-0.9640408762489627
0.4587711146459634
-0.6257903994374318
-1.4757686444383575
0.4872819887834935
-0.4180417420118382
-1.8940805821700950
-0.3892082485835286
0.6608574814014836
-1.8043275637295770
0.2542031450333709
-1.2745417117289748
-0.0242047427202478
-0.9001550384699690
0.6901456382773989
0.0583823226369821
-0.6534373451441676
1.8452400820832553
-1.2720277362370207
0.8595129058096881
0.2719207454268565
1.4104686615415656
-2.3683853228370264
-1.2857492420328149
1.1043046566461541
-0.6110466936254169
0.9085939925044400
0.6620725267477370
-0.8011075327763579
-0.2557417363116091
0.2105050889082001
0.8672734659623644
0.5403238797526295
-0.9733462722277477
-0.9174085113973950
0.4942771555042765
-0.2222811302386365
1.4296684541476237
2.2191774464269218
-0.4335092392597917
1.7300398794991565
-0.5668457092481501
0.2571953271070930
0.6394565920169584
1.9300119972184129
0.2540930794751776
1.3106955681781187
1.0869446274312369
-0.1533807990526710
-0.8684891622251568
-3.2144682829867195
1.9773373085623243
0.2736820428953666
0.3767806661266731
-1.4104312018359297
0.6334846331894390
-0.3761556837476766
0.2112160599906377
0.0248565149191994
-1.3437059275951153
-0.5103495076539449
1.1655652768803288
1.7830015756294921
1.1036607764141273
0.2846708068166146
-0.0446825196322201
0.0865359616690381
-0.2262942452179942
1.4499183172296948
0.6756344821333939
0.2556295121136538
1.1406728052613924
-0.2322525892892455
-0.6955077722720123
-0.8649332824258557
1.4828935155732956
-0.4972656524653538
0.5191171202292455
0.3981950290665321
0.2746145900495189
2.0211339402560671
0.0154934789721089
1.7009429243941814
-0.0417411281614737
0.1582353751371372
1.4095991260090375
-0.1685145205931247
0.8856398205374115
-0.2765040566656786
-0.2860384556545396
0.6337507465028093
0.5765224522585475
0.9389353237688185
0.3455808839793136
0.3739634846093953
-0.5928994260715805
0.2429688445574940
0.2122368922044784
-0.3013790244316566
-0.8173284339890117
1.6262788296761423
0.0749055373255657
-2.3008897475132928
1.3476422970261051
0.8573956575628695
-0.0812708398171740
1.0959926471660926
-1.7993327646435893
-0.8591590951874494
-0.0567103235483770
0.5411902566469409
-0.0178293677277212
-0.5582999002306432
0.7114697948093095
-1.1261686646983176
2.1356640588300202
-0.2289870820656893
-1.5218964615295874
1.7358220849236423
-1.1455212653579421
0.1821705986482987
1.6956241988873526
-0.3309364657716005
2.5677775275133605
-0.2033468679249301
1.6169804336873428
-0.5687388875770585
-0.0315536578734288
0.5139746866975754
-0.2235945583843038
0.7169656856545505
0.7452202860026328
-0.9932356517957603
1.0008411359791496
0.8467502386253883
1.2359520946661218
0.1787582940393886
0.4487028329216104
1.2592729546103834
0.7439491591631698
0.5547011024121284
1.4880236469992956
0.6017516548642650
-1.2949022996900321
1.1096744434207191
0.7269270606855358
1.7492899282943160
0.0301775983268218
-0.1911435971689204
0.9964389927081494
-0.2077228215223793
-1.0951991020492744
0.2811319813012126
-0.5691932386158710
-1.0441671826502370
0.7578361174581009
-1.8671353751943356
-0.0684317057441947
-0.7710127584098475
-0.7006983177412984
2.2335778998268583
1.3141220765942667
-0.1968686320548728
-0.4573146125462207
-0.2789408899610730
-0.0613190787918696
-0.7950691300150851
0.7938855109639389
-1.3933783805838675
-0.0461446958085522
1.4801085798092102
1.2618939344336901
-0.8941781044804423
0.6960149032145739
0.9352302636896304
0.3426510957433168
-1.1710876262277614
1.0662306149027445
0.4686701163723548
0.2612739959845382
-2.2312144720720530
0.1009138489250105
-1.3481034419474622
-0.7717710171256306
0.9260455380959044
-0.6540330156133465
-0.0165667969629616
-0.4817988690792744
0.4968196054499579
-0.5882586105336076
-0.8588724497130804
0.1656062642452043
1.5171387380101595
-1.3140314057277684
-0.4552171401075541
0.4949626309674612
1.0464723769151292
0.6308036738421887
-0.0681512401456533
0.4907382776862765
1.6438620895225109
-0.2752381426008826
-1.0468213572801905
-0.7038719912794144
-0.7314796191599294
1.3706454318363952
-1.4488284434830714
0.9195788548496061
2.6435360686958886
-0.2448675118493205
-1.1672735811436310
-0.2151447682942845
0.3231612903984697
-0.4075186581177204
0.2150058598635776
0.1016336187303856
0.6849236425698592
-0.4229271841256647
-0.9794877320042937
-0.6963108926596343
0.9393706632452473
0.8248267465512499
-2.3265851911973923
0.0974087478193873
-0.1314071948195680
0.2243733669616153
-0.5038570941853635
-0.1511495477449075
1.1695208404890485
0.6520728924647683
-1.0046131827387366
-0.2235240757350423
-0.4161657137553793
0.3466029856481671
-1.1836565802209968
0.8899404175764070
0.8921847096843366
1.1530622744830181
0.5359302444631400
-1.6717363085557235
0.4863993207469410
-0.2222538412433520
-0.5022096430148728
-0.7299313486221184
0.8635587593477750
2.1047441093830024
-1.2626840190530766
1.0410185222733053
0.0284328733494333
0.6471078580695865
0.0234162322595707
1.8420332843380374
2.3639859620300117
-0.3965614840224844
-0.3960992780813491
0.0179436025580911
-1.0182509830091546
-0.3357353933519728
-0.8697715047716907
-0.4335377663255205
-0.9606339257475000
0.0953849943765470
0.1538054944231068
0.5336045118325896
-1.0201567829740747
-1.6971390568390017
0.8933371626588438
-2.0592083978861071
0.7589062639712042
-0.4378714956083865
-0.8389610603217911
0.2322604984151646
0.3915897391862779
2.1755549706657584
0.8759939126586773
1.0607754345987919
2.2337865937107115
0.1784060267704625
1.5082195205214468
-0.3364578625781603
1.2972529894531535
0.3590397873898064
-1.3348595276376254
-1.1895672316622945
-0.2399998691662152
1.7210268026627027
-1.0464476622382961
0.4805581390470806
0.8341665161724365
0.5051797422376771
0.1928553468585257
1.1350836852235222
-1.7149714032196264
-0.1233186280970909
-1.8543142424020931
0.9659911055717131
0.3601534242251577
1.1094720307113084
0.0263898433639007
0.4756419895932952
-1.8844511511252635
0.7853664533186444
0.2696244176781818
-1.2393123075553254
1.7367370186625593
-2.1739277627864881
-0.0346701899458521
1.1184921561325747
-0.7789290255480488
0.2513019238331995
1.4876167726188774
-0.7213738227420876
0.0995952871506903
0.5522000425598604
-0.4201224161641136
0.1152924855946396
-0.2202284601240935
0.0780006343724479
0.3110551553739279
0.3804544678270925
0.6109341371960428
1.4033018996760178
2.8449469581109281
1.2871018333842741
-0.7338042910971574
-0.1419547684983917
0.0017437118149994
0.3783869133020243
0.5154038965429814
0.7230082554358261
1.4934569097359804
-0.3225518915872364
0.8541697664583369
0.2690182657498454
-0.4064462609157756
0.1194736194646737
-0.3384879959254553
0.4622570164117612
0.6214391377891517
0.5029932820378826
1.6883251757568281
1.5376114265385079
0.4307877161167236
0.1734041738057482
-0.2494570063332111
0.5342820462944884
-0.7949989448949659
-0.5309305024767862
1.7814490400425591
0.9899255950399709
0.3473768417440541
0.5424169091399728
-2.5901168292331191
-0.9546488465224428
0.6899411293430658
1.2252852990114758
-0.4182798658255270
-1.2920946467552687
1.1416662220443661
1.8472914571303654
-0.8746318297128812
0.9151247664126729
0.8547887668826849
2.2862540215112910
-1.4364057936379844
0.4314760001056727
2.5228690097836566
0.2770561523816740
0.3727247211990866
-0.7844365134191569
1.2480681238835651
-0.7068691115588355
-1.7794115385264686
0.6986731022339751
0.3289652199632618
-0.2897573325338606
0.5067535598274738
-0.2061708751125803
-0.1317961543767548
0.0217574581033163
1.7894344302036700
2.1105201171222792
0.1726687005714854
2.5152470747276472
0.0703776070898925
-1.8639480724488346
0.5203578814746367
-0.4030686095930063
0.2158669508235969
-0.5042176226252796
1.3749469031943666
-1.0206961920091673
-0.1154170525356388
0.8562879345277972
-1.6850353732151884
-0.6080767735860095
-0.9642545139536122
-0.5514382750581379
-1.3834439394798095
0.9333261216934545
1.2656870764515027
0.9778264772062101
-0.2798336210840860
-0.1190273404052945
-1.6556130144738572
0.1948128319959902
0.6794075865710322
-0.8855597402969517
0.7126260898784369
-0.8371222074854872
-0.1084072767496955
0.6477558596516981
-1.4451172553832676
-0.4078939997142865
-0.6160312237632244
-1.2243831400251857
-1.1360322391401658
-0.8864967162239463
1.0592967478049189
-0.6614097871111178
1.0269569180584748
0.2352520847556114
-1.4091154736976503
0.8495371187836191
1.2469266451854024
0.6321117923861868
-0.2359454488868273
-0.2837669086682072
0.8754146434876345
-0.7681468904142172
1.3405043591874823
-0.0271386818521312
0.6702335381512696
1.2818305465195774
1.1967947287740146
-0.1041016657346559
0.0822040194300258
0.9733708725640193
-0.2549039487957360
1.1588843815306011
0.0271479809154160
-0.1573922625794341
-0.5271122979056806
0.9799033628352498
-1.1598495969635367
0.1158424956306457
0.6520448363534198
0.7987886558987183
-1.5101085691718910
-0.5016116795721277
0.1041625153318279
1.1441157472808423
0.2706261892241404
-1.2891138220599814
-0.0403004755841680
-0.7899739059182231
1.9178829279439900
-1.5083171900381100
0.4541144627667794
0.8923937039668008
-1.7341486525608953
1.5556338929994422
1.0877596880062277
1.6111332480768163
0.3804978857434074
-0.5207813746319161
0.7829607490415069
-0.9977439886948256
-0.3271519777943904
0.5558684219541415
-1.4219725017431628
-1.0077074413669507
0.1351621445765007
0.5661228000112651
0.7835646146782586
-0.5677852233229480
-0.4264648636572094
-0.0230305341245892
-1.7130743731494082
0.1503057712250856
-0.0131352175400934
-0.9165976117097699
2.1221820419473145
-1.8661264307558985
-0.9095881434971189
0.8964596075448800
-0.0583727000720279
-0.0303634115923086
-1.4474074701945241
-0.0231710533164616
0.7382351131037006
-1.0287029504824210
-0.5708409947002593
0.0849181060559697
1.5873716819568473
-0.2401228002406216
1.0821290039111124
0.2781306469535960
-1.3043474339266745
0.1790536923965976
0.4381862860113110
-0.5305043713947155
-0.3956984847383711
1.8482638935248517
2.1146630970176563
0.4257560023439244
-0.6147178834750608
-0.0938940653499829
-0.3373976517189740
1.6189990989256253
-0.9324023451668201
0.1723454728776724
-1.1433045365142500
-0.9045834078724880
2.1350604191924316
0.9215732368350213
0.1894112853189460
0.7587144792288475
0.4096969619241004
0.0849202852305762
0.6555035338043217
-1.4812526466088802
0.4189796669866489
-0.9564665076537743
-1.2090615896237746
0.9464006218808096
0.6419592697673449
0.6975234441152035
1.6174760413856071
-0.7648578408088414
0.9326212482939076
-1.1004721076293165
0.0541332299914835
-0.9718051234409057
-1.8932899485547412
0.0034826483382457
-1.8099407825275513
1.2649426821023482
-1.1219485340956281
-0.3349336555569959
0.3670259244677825
0.9709798580295909
-0.8870129510206883
-0.9703188226283929
1.5663179010333601
0.4457557471383741
0.4773507087136457
1.1636870763031932
-0.6647335033700765
