0.3166707127620769
0.8332815786190775
-0.4895909180523022
2.9929927214669756
1.3426611031710367
0.7099296782625755
-0.1153575576858057
2.5892666229920751
1.6271677577702088
-1.8220583251476385
-1.2134623788625583
0.1771128700743363
2.5791833501460659
1.9282773918649283
-0.1698760244593065
-0.4530163401430798
0.5270677070558327
-0.8408621552784492
1.5164883091234311
-0.6060920320672221
-0.8715822194538819
0.0090004985574834
0.4102997110654496
-0.1871578752448738
-1.6398020652047969
-0.0264227956312236
0.4108881909097921
-0.1857886426211603
0.3046059882082537
0.4006217552333636
-0.0659490186108371
-0.3579203332895701
-0.3306606455233858
-0.6271056496615566
2.0740824310908370
1.6247502129010047
1.0931237445966864
0.6878087211356796
0.0253749765759283
0.7657174514081250
0.2118616417812057
-0.0039620814523827
-0.5511414013145884
-0.3410672671137691
1.1173262048020178
0.0331982515565152
-0.3885007057802309
-1.4540084261105068
0.0855987850721415
1.8174782617885823
0.3082308482092513
0.0536040153477521
1.3740236698672759
0.3461378321651494
-1.2635619080250351
-0.8677922891051049
-0.1354621535731010
0.7847499538254550
-0.5262105533417092
0.2722890103446798
-2.6836147998373105
3.0155627619777179
1.5268320927164178
0.1908856746252684
-2.4931140946948762
0.5784914177108675
0.4842294782970020
-0.8278929478856313
-1.6863062265334980
-0.3109375978737309
-0.7001388747820602
0.4486418068940239
1.6439843839780741
1.5242444060812115
1.5464557066067885
1.2279570287779875
1.5499485872038630
2.4405846171692036
0.3630326909398084
-1.2620855643638202
-0.5126001271114708
-0.3638619835660164
1.8994986796241033
-0.6737346209317271
0.3081470122599765
-0.5704049597540297
0.5406185248135894
0.5810537571901223
-1.2862945447908254
-2.0776308472621077
0.2505387040577348
-0.1200262271218857
-0.7511870115755815
-1.1355743576607951
-0.7404033407596471
-1.0084017347406922
0.4891334457426023
0.5303007312543102
-0.6666690438586353
-1.7232465751016659
-0.9399359014354376
-0.7163566154528397
-0.9504738934084236
1.3229361621888340
-0.1173469006250222
0.3142744899261686
-1.0219194631949486
-1.7585278148894194
1.8515982797272581
-0.6274457639103236
0.3752116733179166
-0.6969602800246949
0.0671327603079040
2.2511647361777376
-0.2511769672666651
1.1225423300714772
-1.1164715472676789
-1.1514275703897077
-0.4660481382926730
-1.0978770562148934
0.2297235998377178
1.7410746425263812
-0.3790401306412208
-0.6613826754566484
0.1559427309367058
0.1352978497067040
0.1505027514711270
-0.1125857858257235
2.6702793086731624
0.8325877520299259
1.2654165666135282
0.0879130174676816
1.0094452690634121
0.3703444260727860
-1.2774552947349744
-0.1484518948329518
3.0671368089736353
-0.2563022843536358
-0.0122305792379729
0.3224975167346706
-0.6088086054171868
1.9931800351578373
-0.1809006580048532
-1.9685100039723882
-0.0162766262296687
0.2950538850797580
0.5079645112401724
-0.1485776746283228
-0.2300355734000518
0.4843148128019263
0.8165317274070225
1.0899093726521945
2.0115637770578023
1.3101895161849006
1.8185523932511602
0.3445828560631413
-0.5926418148005747
1.6487822848993816
1.3530422118874021
0.9700444345658674
-0.8228291229909900
1.5522151122928400
-2.2808314479588185
-0.6281002868486116
1.1339488420045196
0.1868204160110490
-1.1608712509983543
-0.9720600730220813
-0.3584456004781189
-1.8213243545964297
1.0595864351991864
-0.5719150392133459
0.2212412132580493
-1.3426038823979960
0.1743861685091369
0.7773438679720345
1.3517687828120977
0.0445785806954674
2.8033110090017943
-0.0415128894843340
-0.8514525647403702
-0.4536665317561498
-1.9983714203481335
-0.1081863182283946
0.5374286504589411
-0.3874766194771260
0.8112266849124667
-0.0862569619505902
1.9764337178224971
2.0560535088549221
-1.7710067424769567
-0.0229627284857248
-0.3698060284197937
0.6940564047579738
0.3500176813153657
-0.4179715556142590
1.2224672489998538
0.0828624661368630
-0.2175481512572540
-0.8431802752191442
0.6688581731513369
1.6790484797614236
-2.4446772775626795
-0.8211715909885334
0.7433525267201975
-0.7016284537152817
-0.1615610045638626
-1.3155991806364775
0.4898015839646024
-1.0411806701837438
1.3230581416590685
1.5741912441584265
-0.2218477896598866
-0.4139292233428397
0.2759368398741952
1.5781513982722926
0.4328141041147846
0.6663486734646650
-0.1757887249405925
1.7633748869218233
-1.3136503096380603
0.0098014037194833
-0.5285732212978813
0.8240097616062737
-1.5076077713727045
-0.1126762242295895
-1.5978819072961823
0.6737669432411167
0.4354537653908892
-1.4921179155010336
-2.0512547090716247
-0.2105681482736783
0.8423729135422069
-0.6615951088750185
-0.5505781341552778
0.2806032897288561
1.6262652275464005
1.6028967268493746
2.4571674066668017
-0.4691073176555133
-1.2864275809561556
1.7223781469158741
-0.7870925589091418
1.3455290678939478
0.8357429268896639
1.3575903406651169
-0.1312602901735990
-1.4604893245183783
-1.2103490877888277
0.4850957297534575
1.1383636632971250
0.2203090618629784
-0.5723900998838252
-0.9168863979774612
1.9231105706321525
1.2687981559427017
-0.6766058373959245
-0.7678368739490677
0.5790276414543913
-0.8406728688521189
-0.9908716194792462
-0.9739975136783900
1.6032030650350590
0.5945491709542570
-1.9887898320906015
-1.4991454774573627
-0.0863726502340516
0.8032298510305642
0.8533868362837136
-0.9448357898662546
0.2083704679850797
-1.4211190345467044
-1.2760872823611109
1.1231139962406325
-0.8856121371132109
-0.1335083916513791
-0.2487175794379602
-0.9443093652614913
-0.2604358692591043
0.9189135046710503
-0.6976245794792846
-1.2512755289978092
0.3304759132474177
0.7121513484103843
-0.6478668215382892
1.1805013306907750
-1.1441547529814144
-1.2042186812823465
0.3489533893967822
1.2614137579452611
0.2985364570394203
0.5907892602509750
0.9126428639120803
-1.0493924324028578
0.9154847201844082
1.4166863243158379
1.5993773261834638
0.1431457108370420
0.4209053093299667
-2.7870368640271921
1.3375477464178687
-0.7723977073704156
-1.0147923167065382
0.0205601753343639
-1.0919981465369912
1.0520583027834727
-1.9630287572962997
1.1991165643548964
-0.3900094801623047
0.1454241859058344
-1.8494094147625431
0.9141080883334514
-0.3298974205697935
0.1099120370650107
-0.6023045442289446
-0.1486093367315828
-1.2058566167894849
1.2140376352278404
0.1872540957975573
-2.2224746047135304
-1.6857518543546908
-0.9002140732383164
-0.1052518455446350
1.4053752215613791
-0.5431343529434235
1.5048933963363231
0.3367779446592842
-0.5023202331126424
1.5257996619047725
0.9889897866142245
0.4727962745372228
-0.3738421301860201
0.9208252063792106
-1.9119509547158300
1.0497806455472511
1.2742541610299121
0.0449527290025845
0.4876696496485129
-0.5671901750976738
0.0765660375807712
0.2470146771801966
0.2936149395717406
-0.0977241323551041
-1.9572020636655896
-0.3087842721798404
0.3852236173696638
-1.1609054260227019
-1.8010232192349556
-1.1397177954262991
-0.1424273189354296
1.4970820307007022
1.7859692720217892
-0.1908354194252406
-0.6352610385898390
-0.0497235568495393
0.8514165733714119
1.6303975060759854
1.0070610714903447
-0.6641201555427535
1.8994480837396874
-0.7775329027713047
0.3420027966942385
1.2665056997770123
1.1218788459737854
1.3134873323447906
-1.5302173845431897
-1.5977519651381775
-1.2716732300544749
0.0661936412247822
0.8464163566711371
-0.9958694051881479
-1.2900782841138931
-1.2893483077893222
-0.8534576410772370
1.0444990576768918
0.1173157365205769
-1.7656621102827792
-0.0071746177642090
0.3855815660710372
0.9690900200236005
-1.6082944099333221
-0.6079186970892589
0.6082755548079062
0.5071280324839902
-0.4521904891868258
0.0872945078223480
0.2017296289494064
-0.3080482581202222
0.4982690636922495
0.4655106425739761
1.2384228996060158
-0.9266317793666214
-0.7027056517656702
-0.1417980231632718
0.3048414300386625
-0.5395498761115332
-0.7995819080406046
-0.0027489749803329
-0.6148815048831465
1.1242679919532155
-0.1123284288311584
0.1340633136086146
-0.4312335196915256
0.7105031456207678
-1.0709428660535589
-1.5400982994204853
-1.4622485713072539
0.5803768697397822
0.5259126044210052
0.3488430857145111
-1.8091264455770675
-1.7828128356618855
2.1004301696937420
-1.9176714613073529
0.2781539671047627
-0.9468497593206732
0.0943816348129688
0.0792828435288190
-0.9854607337596548
0.3908000105964169
2.2669921824022672
0.8791207489907633
0.7799194231301517
0.9439899568972747
1.2076887840828652
-0.7319254164740944
1.8560819630549283
0.4161827730176108
1.6606073775273549
2.3606452306427772
1.0542041084177611
0.8859918768384496
-0.5190816061985317
0.4567389240008033
0.9315796800935219
0.1043262388678448
0.5652968544074121
1.5301377707002863
-2.3379886282693634
1.4470011186383074
0.1360599113809766
0.5615478787271567
-1.2216035524901872
0.7325124954968116
0.7824038554451416
1.1842659155856736
0.6793804799699293
0.6735826845047101
0.2774076427306224
0.4339764006335459
-1.2831067588085527
0.9476528223391815
-0.3632591070694586
1.7209987101331858
2.7739517812681851
-0.5888280749993511
-0.4235220920493197
-0.8056211322900461
0.3229739879369631
0.0649987023867677
0.0727375049066557
0.0042184956706180
-0.2257658484823873
-0.8684935526459621
0.3319729219398654
-0.5379567934094298
-2.5297907565394819
-0.6970041444543197
-0.0995764414008951
1.5997752770898157
1.4482444903034892
0.9801438870969579
-0.5614793147076488
-0.5969196730134309
-0.4318355273506136
0.5375285606578774
1.4155726588435957
-2.4450044711650012
0.1726826776061766
-1.1151985493929559
-0.3027997227026254
-0.1581241154716655
-0.2246754128479914
-1.0343596326975564
1.5269886847824916
1.1345473364080012
-1.4292409057187196
-1.2409348768900288
-1.2392739730280873
-1.1659563813033471
1.0938534654117069
0.0799905138459160
1.7891347852160404
-0.0303508454539208
0.6510071527045602
0.1777903988988560
1.5843518753802572
-1.8612955387447829
-0.2623544076021295
1.6199267473859615
-0.5148469783595555
-0.8414458946840180
0.3509076210686388
1.5644020017384703
-0.1601598312774934
-0.5841312906373123
-0.7959799469782938
-1.5236697034650970
-1.3572758725498022
-0.3747077873840998
1.3540011171405015
1.5607220327858480
-0.6053189244573813
-1.1791019408625680
1.0115882733204060
0.1092741567523907
0.5860615921262999
1.4756196241208259
-1.1839281091264195
-0.5580037438802662
-0.5201814457148410
0.7700924268290210
2.6013493427909857
1.6189449912629510
-1.0905905755693845
-0.7220014056055516
-0.3201003967428025
1.3685169596019604
-0.0950396246460784
-1.4507862489906469
1.6299883093464400
0.3219820663406889
0.6306084358365518
-0.1226886203603180
1.3883181472248443
0.3348105468854872
-1.2050466813548666
0.6180967798458242
-0.0420644025685337
0.3517139345224564
1.6882827928672930
1.0036189816926468
0.5577306922693238
1.1723116780524252
-0.2706214560434235
-1.5542944707315527
-1.2343313985235123
-0.0300064121379870
-1.1123531519749907
-0.0266089120362372
1.8643139815587768
-0.0150966786631488
-1.1532901430778002
0.0315768370993479
2.2133889401003937
0.8319597596403276
0.8793280816096107
-1.3395248096127101
0.7721954887399989
0.1540033871967436
1.2731363038614352
0.7586243386391384
-0.4085325521980014
-0.3455600029496097
0.2841410342198464
-2.0470138206407951
0.6943941124771966
-0.5586198346690446
1.1399184988194973
-0.6441531810778225
-0.4847661803070451
0.0525011724566966
1.2736351166263522
-0.0468016341835052
0.4617258544257493
-1.1745670212439441
-0.5431224783034412
2.0155385898251428
1.4085047313651216
1.0476281397586424
1.8831962640444682
1.1926995238905107
1.5214163471412663
0.5647554846580716
0.1620194169142163
-0.6197369283193658
0.4498481766591867
0.8979932933252800
-0.6395304794425718
0.5294476630140412
-0.3423449101477108
-0.1199247132229264
-0.2108963553021435
-1.3716410660743610
1.2192825103672784
0.2251464020495416
-0.5106349137981098
-1.2298917173556969
0.2790167026476782
0.1556640762916687
0.1026792545752087
0.2919193433389590
-0.3640274282834334
0.3335261806135269
0.8160768201027410
-0.2765871981291458
-2.6739597863067068
0.0486142080643483
0.0280520305563524
-0.5437345298409563
0.8439816907077687
0.2970746706887828
0.5969428510814763
-2.6168490328446916
0.4460481677207478
0.1906266130044353
-0.4997837124900811
-1.2812344296157538
-0.1463793592735368
1.4148991113922817
-0.1377056903613473
1.1617568600001358
1.0665701886643288
-1.3349505171581599
0.9221287394272280
0.4388599071503409
0.2970525221278821
0.2570125135447287
0.3143780075636927
-0.8515578114731082
-0.6393889770785881
0.8775162125384900
-1.0716591007226155
-0.8191884164036718
0.6053771616361611
0.2913861443120093
-0.5638563946436056
-1.3667104659274196
0.4963343668674332
0.0527894277811958
-0.0401391050527421
-0.4733113952324584
-0.8192033339857134
-2.5679263103692631
-0.2296881682641804
-1.5231639542704718
-1.0387828187577473
1.2995134083994537
-0.8869953954831391
-0.2090538670315332
0.7534048430376863
-1.0140608406578404
-1.9147568037116971
0.5837638187215827
-0.3466234485038531
-0.3859916416548840
-2.3008448903587322
-0.6006718128061976
0.2907222981902456
-0.5077440308318488
-0.4347273071193422
1.1326441775413603
1.2852809671018401
-0.8952281543781936
-0.4052360348020965
0.1090000923389005
0.5425410914747146
-0.7554139008257889
0.4938780195001120
0.7801161443601315
-1.4263525985577952
1.3612801066911535
0.4235137631038022
1.1779552579893298
-1.1063955213799554
0.1949950354221439
0.5863001165906508
1.2351106454297387
1.2165559739535565
0.3202639733055470
-0.5048843927851197
-0.9432780153167811
0.3617704455347678
0.4332483947804773
0.5139746711106788
0.6769889769549927
-0.3490987115350148
1.9131759410118558
1.1373534225204422
-2.0239874834144183
-2.4417033581376963
2.0004971018748003
0.0814137493138515
-1.1429548052980785
-1.7489029266830376
-0.4721858838313951
-0.2520545126474356
0.8279396463348736
0.6334581623490984
0.6401721257009692
0.2281981375874081
-2.0855451386289050
0.6636401410777631
1.2177728060220576
-0.4499633561598056
0.2769363799201994
-0.8890333487787597
0.7854159453745242
-0.8168769004261068
-0.7458525311319932
1.0802192992862498
-1.9763265343455618
1.2494333127556860
0.0673705376181755
1.9875792279667728
0.5566063111539161
0.1192940766166127
-0.8829768436511873
1.1365020955869527
0.7731514759778807
0.6940638773057927
-1.3859903875081776
0.4132456348709643
-0.2783245749001149
0.7458988771723118
0.2443978716637662
-0.0782679374900183
0.5453808066181177
-0.1418196949831408
0.5897298376955628
-1.2083538806569110
-2.3273200909311464
0.1432190811070888
0.5596282546481032
-0.9674397318582544
-0.9776335005279644
1.4979303814402232
1.1959012738048813
-0.0542988132164952
-0.5115549290601646
0.6779415300116327
-1.0484100131323595
0.5478692080385350
0.6034336775013920
-0.1518828333411771
0.5090295520338891
0.5005963835240139
0.8781389294608066
-0.2688936458691721
-1.3661917485629644
0.9270250173824301
0.4225795000894321
-0.2524066272007857
-0.3783171939383896
-0.2341594171641523
-1.2291719942420696
1.7571614572704852
0.5293827157763559
-1.2434642089524426
-2.0912549935519711
0.3788418623543047
-0.1457791477734287
0.7493268380047750
0.1060197803082372
1.8673439556107252
-0.5027650429654987
-1.2507450685447119
-0.6527603323881959
-0.3057962832698891
0.8747980788823118
0.0793112228477169
0.1142558349138801
0.2807243785194127
-0.5431735962242429
0.7548711206953301
-0.8550663654901635
-1.1403817897217290
-0.5396796462643368
0.1621871656320583
-0.7531989762450925
-0.7372391736456408
0.4054297430721613
0.4558137997938292
0.8917964224171662
-0.5732666297762830
0.1010956326917778
-0.4193478164746315
-0.7428321179038642
1.3760986221003633
0.3608756439465131
2.5681211639080153
0.6032693538077440
1.7261524919227722
-0.1302027229761685
0.5877322635388293
-1.5600815063300297
-1.8182529489924533
0.6166694100084121
-0.5971725692332825
-0.4304748139801831
-1.0239139033921094
0.4882665228101889
1.7633173061532839
-0.3530325832946376
0.4668494748720934
-2.0056939876650337
0.8962319660409200
-0.3961344742345314
-1.2509848260613263
-0.5661832396741939
-1.1923822653972218
0.7558159807565334
-0.6482599608274771
0.7534660306220524
-0.2303200342863488
1.4985135205588913
-0.0591125855205794
-1.8736991190564667
1.5801000566994556
0.4866287137302011
-0.9037849611363769
0.4005525856450504
-0.2117807909406611
-0.6652510325043758
0.2751020645034846
0.4453048886438174
-0.7395039627538085
-0.9486219019338651
-0.5700083829159476
0.8672153074696753
-0.0717731264684988
1.1808663017036649
2.2442743128271276
-0.6331460636361674
0.6414118023183186
1.7579497410520080
-0.0560929610829119
2.1895179926621156
1.3154870890901922
-1.1295125144319169
0.7255048756333131
0.5609774946812118
-1.1498955908266477
0.9206684867199033
2.5289921546342464
2.3217543869343755
0.3952676818310364
-0.9534158213939591
1.0686163876741794
-0.3859466474385517
-0.3635294926969306
-1.6456733167575703
-0.1354131495596240
0.5883842669273545
0.2883511511116064
0.3139520547582783
-1.0757496939610598
0.5340103673372950
-1.2801923667133748
-1.9523452675842337
0.5045964977096790
0.1363351728221020
0.7083249366173767
0.9270776285674236
-0.3618482390373456
-1.5211217017658198
-0.1000236135525783
0.9337248436675227
-0.0235028108102628
-0.4702918436138566
1.1294503615581486
-1.5885804142370135
-0.1820950768466046
1.7462702095830525
1.3151029784421713
0.4991928958488718
-0.5125631974698873
0.6706111270063349
2.0152738281952343
-0.3611785105020624
-0.3942366050520683
-0.7469483296743358
-0.3765320040948896
1.1575571107056177
-0.2368318278844988
1.0786439806567361
0.9820330692031430
-0.9154724263858539
-0.4361303218805772
-1.5217940083917743
0.6702317233871188
0.3138978554660306
-1.0898394903708035
1.1580516107670713
0.4998062985096010
-0.5875436173773162
-0.9075880611947532
-0.3138095627772403
-0.4832979093930939
-0.3487328675876824
-0.5244403372412005
-1.6390863111263343
-0.4945401106426627
-0.1448661949058792
-0.4007031325429631
-1.7163008827963344
-0.2239954849059348
-0.2880792364007956
0.5822836848391717
-1.1394502572239280
-1.4466868418710062
-1.5522588567699762
0.3199384964573080
-0.9620844198736620
0.3316843748583307
0.0885774093266969
-0.1920515908293107
1.1226091670073193
0.9672805650821504
0.1744754630864987
0.1344146100477485
1.0593389382753813
-1.3226509780868982
-1.9013457143735533
-0.8733014535748629
1.2059505543008395
-0.2599877576153488
-1.1157322988921126
-0.1558361470279057
-0.4404775810497958
-0.6051161010404629
0.4384975871040643
-0.9429611732291306
-1.0860466285284998
1.1967633494564174
-0.5702154158027402
-0.3275485838956180
1.5423630886526851
-0.2745071209398535
0.8633725394239637
0.4303959611998424
0.9498732340318696
-1.2256657949330854
0.8799784229843700
-0.7398516455310307
-2.7461279569066734
0.5505459233462981
0.7580797973158392
1.9683117794220268
1.7027520941438348
-0.5810397962347613
1.3655082734377617
0.0934164883901615
-1.2807138717071604
-0.0947825388382937
-1.2126214470072880
1.8563461001643355
-0.8439458840934672
-0.6292716436769948
0.6028172455782996
-0.5572200563690929
0.4732640787944907
0.5287991908511612
-0.8062083665893522
-1.3333203220566801
-1.1013357002114579
-1.8524352393046728
1.6403317836658697
1.4074228737585286
-0.4137288616290124
4.0588017322509700
-1.1351423262104605
-0.9125115782128843
0.6755676711669055
-1.4281192784351591
0.5148633714981609
0.5609154468610780
-0.8307921478936433
-0.8607849074084046
0.2617847037698058
0.2853598660452735
-0.6550486748339232
1.6597423189475780
0.3819257498143097
1.2488591226891868
-1.3181221888783268
-2.5098219126156991
0.4902901095573940
0.4534925475203589
0.4830039956741271
-0.6434781683807520
2.1923387813143180
-0.2285659003311694
-1.0207775625556301
-0.5209603467773244
-1.2159616002283786
1.2029281499846352
-0.8409409464641537
-0.5315276609717274
-2.0027787052414370
