-2.0252784382994604
1.2889256311644233
1.7243621396507109
0.2637107788389609
-1.1701742722687947
-0.9554448263439494
0.4899228432525876
-0.1582421475426422
0.9064882926261341
0.0220927482156826
0.1148271093909579
0.6375134518400537
0.3633071720534203
-0.0034777798807840
-0.0186069826573760
-0.4072313380554465
-0.0505167726454760
-0.1276545931236455
-0.5790432739897764
-0.6786694743000965
-0.8555155256409890
-0.2474624467796561
-0.1273069866677257
-0.4730785103303761
0.0517694800431996
-0.3967667993781814
1.7691495202275713
-1.4781375497682381
0.5595655989503717
-1.6055912608476963
1.5434223380571672
-0.1901777872487571
1.8306439034676572
-0.7005421351198033
1.5062431321700176
0.6437329777446520
0.1387337316386530
0.3174328941358153
-0.1473711163818312
-0.3600674833401570
0.7829952135413933
0.7474053191400192
0.2551495269137445
-0.6966913242650584
1.5036861037363121
1.3747221513762664
-1.0521048453196509
-1.1762465373865030
2.3903991980349715
0.0032762374708029
-0.8335960381475207
-0.3049556735989540
-0.1808902398574931
0.1877516890706974
-3.0578582240600531
1.1206739868918987
0.0979304903745374
-1.7653288987346283
-1.7045154009823185
-1.4884999082524304
-0.2246553167801629
1.6905831304575625
0.3427522842082723
1.9744435996971454
-0.3361426111061838
1.1548611606594841
-2.3838551607822049
0.8236233516769360
0.6472282626378889
-1.1338016318878481
1.4534700783809129
0.7001429471719367
0.9719126887405845
-1.8402750058296309
-0.5888874573769972
-1.7123782476753611
-0.5561314656847269
0.3447841411013577
0.2405060280717027
-1.0306930171641697
-1.6791017758839539
0.3165107971059343
-0.2102800521994390
-0.9066677927045494
2.0120519455012489
0.7814468567137058
-0.5077140373558487
-0.4173059760251574
-0.0807012999134956
-0.9964952925191860
-0.8208719640495419
0.6550768000466621
0.0823697695755968
-0.2282627129058601
1.5277247897571393
-2.4381974817364007
0.4643836588369148
-0.3346777071818501
0.4900644377637028
-1.3872808504483256
-0.9573998447487533
-0.3025011538559176
0.6517896696046204
0.8578875214182031
0.5506473384045734
-0.3541217149947330
0.1485324186492505
1.7630122261525534
-1.7135341097855608
0.1511849322181641
0.2547772146826686
-0.9744113069185102
2.3721222117347827
-0.7385063343448554
0.5577682329780005
0.7492750601686891
-0.7019064254512583
-0.3912731258215389
-0.7138371136548690
1.0357528645931926
0.5518500928793700
-0.2501034446869944
0.2278690882100889
-0.1555195463006744
-1.1696302127053537
0.3024940491704651
1.1202280293971347
0.1758512046982869
0.2332337749790749
0.3823205309262406
-0.4805369887245380
0.6151724880067519
0.6516779744018723
0.6425357287458987
0.3905770701581854
0.5541545900064433
2.5208109609375375
-0.5580096075049880
-1.1781873144720512
-0.6578129648055732
-1.2237644829732992
0.2418837706112325
1.1922758880952911
-0.8765734842354324
-0.0957763623854639
2.2296878990567768
0.5813029091299667
0.9356955033995022
0.1745903212319686
-0.7891406833373812
-0.3645842841127032
-0.4005468457634078
2.1556879987572350
1.0429526883369218
0.1183961879451100
0.5982500169155595
-0.4156318905936114
0.1633405683723963
0.9691522055881447
-0.0305524385875384
-1.2471106629670183
1.9417765552492097
-0.3681248541616801
0.3564194023743977
-0.8973649661834825
0.9464899256842244
0.0907964230242762
-0.7578725460771035
-0.3199594996580026
-1.4592135562821411
0.6610671157734730
0.9552683137055574
1.0753208813360169
0.7687404786566737
-1.2193842241441422
1.0587614428727139
0.1707277668568528
0.1159729475375708
-0.6692963466794148
-1.0781045383898833
-0.4808569140637846
1.1586007789017130
-0.1625689607847998
-2.4540183440046204
0.0740510530119846
1.7804139082331139
0.1451819332272337
-0.6610110066531235
0.9714041888740009
0.1491631287198134
1.1633210412312880
-0.4688545421151877
-0.4429361241985590
-0.8329952628388004
-0.4042999006465950
-1.2082157062023799
-0.7341742911529755
0.4733826039236227
-0.1279134435068163
-0.9684978557775532
0.3910755370994594
0.0101757235688287
-0.0692239281197260
0.5657363816768382
2.8824771415324917
-1.0102189008341249
1.4107207977298217
1.4716818845253532
0.7477854013744123
-0.0558410278302750
0.3148353040449619
-2.9083580653786925
-1.8775452294928925
1.6627646988870457
0.2612688845415141
-0.0241745115421337
0.3683400595858702
0.0150518530463934
-1.1909877880957469
0.9068023934005290
-0.3074563090949092
0.8934079165802069
0.5560540227920565
-0.9329390323363592
-1.6241584729240435
-0.6743475199800395
-0.2696988675745179
0.9654141763598100
-1.0560006389250596
1.1572462672370265
-0.6884723397751005
0.0168291166413643
-0.9393983778161191
-2.2099527717763205
-1.2623452655503056
0.9865880106307050
0.8577541700713253
0.8002755164377142
-0.1483168349147069
2.3159002970753417
-0.2662491024832351
-1.8247066579957247
0.5651756982570915
0.0656121409358242
-1.0956240248267548
0.2276233884247920
-0.1594037939860935
0.3418737774867828
1.2130211886380819
0.8931596973715045
-0.3641277921016947
-1.5856059763129005
0.4752834098085818
-0.1883410917221315
0.7712394795902382
-1.0378577971603573
0.4973268889293924
0.5788369483127282
0.1189691629439414
-0.1396715397196674
1.7417213809287360
0.6281133101008810
0.0881331011135500
0.9691586762286299
-1.6354597549000300
0.2778987764447873
-0.7689970510253916
-1.0002161320175795
0.0658624965801289
-0.5271707362532869
1.9704256211301923
1.3891374158194281
-0.4608209125513940
-0.3025785312653014
-0.7820149577614272
-0.6600336969254245
0.0810463668052614
0.3147431988906099
0.4540350395166257
-0.8042214111452922
-0.5890508594579338
1.3412845589255777
-0.9720707408606943
-0.3505656265799061
0.5467266860265609
-0.4113808938649124
-0.5308955001347367
-1.2501647804828957
-0.1444900934825313
1.5157654174409920
0.3538759044424149
0.0990410844063782
0.4984924860888916
0.1778708230989551
-2.4276829667714650
1.2221196769417906
-0.3284231321119673
1.6147557741870342
1.2169330470960018
-0.4367600590281873
0.6581545975894014
-0.1993175159830903
-0.4399786612740969
-0.8427055036541040
1.6011248601142465
-0.2572337684595910
-0.5923321063880927
-0.6275509888381131
0.2760727172815402
-0.4677015568416598
1.0681788928498808
0.6883618698936773
-2.0478355821133540
-0.0763065102982265
-0.2901910028274587
0.5825280182504953
1.3670262761519778
0.2736608584163930
0.2746501445384601
0.7083824916940519
1.4827221429871336
-0.0390608871614903
0.0832195890284390
0.8823446655148484
-0.2587095101579023
0.5601067477947225
0.8141950618707082
0.6473010418016526
-0.7133297771988573
0.5847239417212311
-1.7981819700361565
-1.2111879661613776
-1.9397415247323626
-0.8216106723195777
-0.0956581384932497
-0.7327412533886077
0.5767708805926381
-0.6617491830186347
-0.9366217652441657
0.5754256503227645
0.8677161719505087
1.6808411059484352
-2.1827569774465423
-0.0127592911116391
0.1229928824481973
1.1234698936638789
1.5264089278228679
-0.2457039785416208
-0.2333649785723798
1.1082317488823170
0.7374700205238148
-0.3342852425845045
-1.9657720395575162
1.1343626620698524
0.1041323810320358
-0.8966696683478573
0.2600618205953137
-0.2467381382426313
1.3035115204525554
-2.0046458999315826
0.3758600385368909
0.5011748275304296
-2.0674702010007833
0.5162519405101481
0.9599439731951089
-1.5458994768497769
-0.3475353555298410
-0.9032305185610874
0.4271972086634301
0.3039030641617815
0.4146832888405051
-2.3834970264547124
0.4126588513295367
1.0555027470089764
1.1028217444377337
-0.2576037324937188
-0.7502526960700018
0.9010868867412762
-0.5648940448192240
0.7129326451908549
0.4894978496026850
1.0156625392466754
0.6838655894760830
1.8495171061476472
0.2532395246451731
-3.6936709577201072
-0.5844641017119971
0.9455598472201537
-0.2001577436634108
-0.2767383611617406
-0.2556410634377553
0.9221874533895613
0.9364916126872660
-1.1012971193892100
0.8588143711255095
0.2694368181996832
-0.9488095170905925
1.0087419495430774
0.3676631920191114
0.6903666068601687
0.3006509678568220
1.3874325280605440
-0.7546883554850856
-0.0316774532760499
-1.6971881255023089
0.8043801616911794
1.8211131117535602
0.5290013051536893
-0.4012813318306411
-1.1087523861031632
-0.1291262817674428
-0.8190555114392640
-0.6532327354943566
0.0370621589532410
1.6753109096287393
-0.7525697840832177
-1.2191586807321400
0.6961635544996407
0.5881769646571035
0.2133053402797306
0.8560002406713437
0.7781018779185209
1.3045429229026186
0.1324652497351969
1.3718145732867917
1.6663468034177999
0.4032940384949147
-0.5056086962047920
2.4203380296896229
0.7929226462231146
0.7846653722454587
1.1033940267433677
0.9616394168290217
0.7857884149129561
0.4220953850713242
0.3862142256001183
-1.4692193130340769
0.1204255911258422
-0.5356831144312932
1.5210479096228724
-1.6215450219929899
0.8853538196736946
-0.4486147847871219
-0.5140401877674734
0.0706812436382986
-0.0858558397181808
-0.9141314347266639
0.3176885279829711
0.3480573608996921
-0.8983159633980112
0.6294101711806170
-0.7549201521458299
0.3157750042028321
-0.1999827455188692
-0.3842461561656226
1.8466526947945008
-0.1951094850804295
0.1463864771590884
-1.1140539611184677
0.8555855556921681
1.5304824884586417
0.3188140306813878
-1.1000810743923319
0.2260368573855016
1.5425529815901762
0.8891045196251075
-1.2932761715605445
-0.7178862960341489
0.6364298470857133
0.1093037423023228
0.1304560444415061
-0.4481743133113905
0.5224112282550138
0.8106304891294618
-1.0701249161997006
0.3736868889756353
1.8513355046100515
-1.6315240857978093
1.2568688286230101
-1.1860423522943431
0.9114359115944912
1.1243598811190900
-0.4757186092457310
-0.1328725500088203
1.2153863785662431
1.4750485093764856
0.9236441016135527
0.7205170773863691
0.1836955714118613
0.7185201433419424
0.3282429704327551
0.9187063310719812
0.8627825646674616
1.2584411596074399
0.3403879874791060
-0.1752291919703886
-1.2469087596063111
-0.1292818782186733
0.7885555914440577
0.4367622135224757
-0.5849471831307478
0.5401182492791954
-0.1767308494743736
-0.0237699077239071
1.4776848484484908
-0.4426935613245854
2.0295465674815150
-0.3761926830663813
0.8517567407577111
0.2440448904187655
-2.1861251772610748
-0.7945142782219905
-0.2728271635369377
-0.8314231670247495
1.1316700732563789
0.1867326109656316
1.3995876877277365
-1.1994107312312099
-0.9073491008894614
-0.9450650021474353
-1.9100029421924980
-2.4932438096099672
0.3727286942389180
1.9497779533774058
-0.2401073629961351
0.1608206265259300
-0.2702766712037087
-0.2339124638589090
-1.6970492382618210
0.0331905971543436
-0.0087047350767359
-0.5913481367115454
-0.0684009906639924
0.6360212953223208
-3.2508815635606960
-1.8158189636062609
-1.7666131192121730
-0.2213303681511391
-0.8881609323237728
-2.5916415816053351
-0.2027987101850410
-0.0133841793407355
-0.2168683089330914
1.2380472055942169
0.3575817625724289
0.0839784091613425
-1.2913719616956034
1.1512140286342976
0.2876845580429728
-0.0706381550268412
-0.6241223485451793
0.3930208959259089
0.7997251028896765
-0.8595709823556676
0.1303518535070754
-0.1124776360993803
-0.7499337020538656
-0.9430358890766686
-0.2527250046289752
1.4064504022504223
0.9893679644801412
1.1019667754695779
0.6331045171297545
0.5793596298991641
-0.6898519483866853
-0.5317524663502647
0.5105035233375813
-1.2412393428933834
0.4026075789189266
0.9925185522424862
-2.3163128047287538
0.6568574568873812
0.4664417127667388
-1.9863814296061997
1.3199454407507711
-1.0217539616291647
0.4401373552377846
1.1100320151061258
2.0679226309144383
-1.2375791340339808
2.3585881523129384
0.0263765018535279
-0.3920473190756349
0.9491507081467329
-0.9776019378451247
-1.5454434201224794
-1.0734940318101927
-0.9717803024751959
0.2523753042096393
0.5857069213411781
0.6463351500049924
0.0009562717391909
-0.3979335768383344
1.2333511239185619
-0.0363586159161191
-1.4337920483090947
-1.4501243878246990
1.6228400326594623
0.5950022507273833
1.5471586430853701
-1.0670736301573027
0.2734406567646575
0.1280291263832704
0.2042106728535726
-0.1489426600286514
0.7803076074170047
-1.0526462171568822
-0.4178203742480380
-0.4313512613397059
1.6617117547842291
-0.5696516963827646
0.2354247188072655
-0.7294699483854405
0.1395808844660114
-2.0112402490613257
-0.8408092086381929
0.5236537812811097
-0.5079633111680047
-0.9567174738594239
1.1624425882963432
-2.0242731314717877
-1.5904046880531784
-0.0440529760841745
0.1105893368711912
0.9181127807583460
-0.5387295974115179
-0.3005572666005983
-0.0883701608805978
-0.7954813762227985
-0.3195530121435854
0.4556750547128936
-1.2857719997193062
0.6752682250732692
-1.1862698582836895
-0.0473551909801826
2.6482340329604943
-1.2473940717223768
-0.0080267096010664
0.8791605512350860
0.6916255025004323
1.3712586838679328
-1.1169646689245496
-0.2147600167244422
0.3742863505586478
-0.5066666822687611
0.2850621000474084
0.5950691769191939
0.2927407706197250
1.9657323306992665
0.1147342449825448
0.4928240860082320
0.4305431411286052
-0.6693458700009155
-0.9297031626577376
1.2225652645373533
-1.6053225209478854
-0.3711621371100668
-0.4166609685134597
-0.8760809745695397
-0.8307792153265203
-1.3971951527732145
0.3768557164078707
-2.1723201814587711
0.0222306547705669
1.2034151573732712
-0.7445688626741784
0.4386580522382480
-1.2419759509902535
0.3094444356029664
0.4073629578352498
1.6048071618561517
1.6602839073103475
0.8243232793570892
0.4055361594207306
-0.4515119812398342
0.9131195047284798
-2.0612860889132203
1.4169503578747811
-1.1096304238780843
0.0871664289534279
-1.0086687749755503
-1.2352434524278404
-0.2481210034333619
-0.0005674990575708
0.0109758589371287
-0.5205619301111380
0.4712476305089168
-0.5741324705236239
1.1419427291311945
-0.6049215501270847
-0.5538125341566952
0.8315300977978910
0.8736050603888403
-0.2807803829413840
-0.0931788905308029
1.7515448783332686
1.1548846147801439
2.3810207290324819
1.1007497400251121
-1.0187532998340829
0.5147128827694853
-0.0606689442172779
-1.1035207859465335
-1.3648541252228013
1.3475917671315281
-1.1937419988306437
-0.0454394428518561
-0.1714049222168398
1.2472837185038834
-0.1406636075705373
-0.3763123500679046
-0.7888743570383066
-0.7366266403573614
-1.8458122792448579
-1.4979572932018645
0.2316949946077046
-0.0200514988161202
-0.6484894011190623
-0.5484657024760384
1.3468095490789564
-0.4182413149782588
0.7100199719992717
-1.2851271247065936
-0.7137490178741833
0.5159470133922168
-0.8434008900410911
-1.0252856878812184
0.0659788416218417
0.5039541190663732
0.0728947980117634
2.5637176060095079
-1.4698711255778816
0.4105532006077203
0.1533030757875399
0.7823121724014012
-0.2090320147323391
-1.5231347944776503
-2.2293340328557143
1.6789466073996946
-0.2377589448885782
-0.3045386318548087
1.2539113468979182
0.5064509429103111
-0.6265046711487998
-2.5396054808260971
0.5446385614658654
0.9607063646095728
-0.5442101470536186
-1.3895881149303451
0.6017516588250544
-0.6215768898314199
0.1234962298870558
-2.1911377269165899
-0.7078334589830318
-0.4645187443400774
0.8232414588595316
0.8962949983652116
-1.0047220798807615
-1.6296277611143675
0.1149833471161706
0.1197820386223165
1.2671669981925029
-1.2465344453475098
-1.4212617074479506
0.2762668387538157
0.2593279071096827
1.1289217885401988
0.3912384626861727
0.7808294115119571
-1.8689621465908388
1.1517467508753243
-0.3824424080900453
-0.6243484346916903
-1.4598086617613468
1.4879610608263032
-0.3547976702468447
-0.9519402450776586
-0.0638639615669910
-1.2449192026389326
1.0521647525584303
-1.2880986326068722
-0.5125645779919734
1.4181239617935126
-0.7979409481243436
-1.6800967241923557
0.4577363451625238
-0.3719574804212820
2.3781593959506679
0.0543346403201679
0.5134907595188887
2.3559904645580216
-0.1647538380601798
-1.3414007301749904
-1.7658184289846015
-1.2959877357299592
-1.2855845061119118
-0.6855630003792506
0.7412513620942920
0.9501766125205890
1.9995616459136849
0.0009402845976036
-1.0334179951566649
-0.3815408077830265
0.5247239004248236
-0.3154220500174518
-1.2445558996347077
0.9052453072064599
0.9851809828320155
-0.8038826147189714
0.2914227245697157
-1.1234447712022813
-1.1718209580746153
1.8743149351040878
1.3307040866849551
0.6472295873276137
-2.3137766870339678
-0.9651986212575557
-1.5740336954695999
-0.5029529170058439
-0.6750874658172690
0.5671360476452717
1.5539862846006198
-1.5221854086147371
0.1296600305057946
-1.0351888941198284
-0.6004081094126781
0.7532499466366253
1.3341687360785242
-0.7346518365293649
0.1547710147898640
0.9936270016037113
-0.1632127399293272
1.1395758635179773
-0.5834158308406545
0.0492579253008581
-1.5204453023356617
-0.8757816116254690
-0.2438533914255702
1.6287945983514958
1.4164838704206795
0.2604651081215881
0.8659903765837630
0.7304091772597809
-1.1752856784378025
1.3137583331023770
0.6781877011259405
0.9692589422809217
-1.1338796064079468
-0.1165078131698066
-0.3270855898159420
1.5614357165557688
0.3245911341642997
-0.8218060962815705
1.1831512269695721
-1.1870724305316724
1.7319924925088890
-0.2425090895612453
-1.5469137655070264
0.0378857691270594
0.5691624406324991
1.6168616823870929
1.3145875866359871
-1.1858684099228978
-0.9833854992272375
0.2818257692900021
1.0323190389951078
-0.0751463720319604
-0.1958220935240609
-0.0096460651402989
0.4880398332232542
-0.0338321143107368
1.4392712977979425
-1.4686784991084383
-0.2700202818394353
0.8147247435595496
1.4556298533665479
-0.3087471145970187
-2.0930099500128487
-0.3079949033204647
-0.2869003436830166
1.1590874068640455
0.4529952226342285
1.9701769424749977
0.9980293659291730
-1.8554357517180764
-0.6459084589569253
-1.2698737053570146
1.9756191501462217
0.6494477815004071
0.5633718072736256
-0.9313198342534622
0.1551826404793820
0.2918878489639862
0.8303710739786568
1.2804564839610304
-1.0185771074770096
0.9900628338543452
-0.0205783881117517
-0.0954282236873994
0.3424190747384339
-0.2827208917775745
0.3014187949124714
0.3322832099605980
-1.7710096819998864
0.5507797721345760
0.1805310050479918
0.4621027586716773
0.7929022756098982
2.0505103604181580
-1.6444466849762169
0.7818905611414846
-0.1844751686587059
-0.4925613805431739
-0.9920616911341331
0.7983056188344094
0.8469764587245792
-1.4352816910954123
-0.7041614071803308
0.1802716407002875
0.7434101213024491
0.3288642032653403
0.9072252651958250
0.5636464821876261
-1.3149237660403597
0.9942221777891366
0.2572320822103596
-0.6245338200829237
0.0876495416045191
-0.6003677334048065
-0.0011246171452390
0.5593273624647261
0.0270355532896745
0.0114522715798967
-0.2314597324352451
-0.3752165675220534
1.1803374769295618
1.4406373315682361
0.6607282957590896
-0.3730173721914463
2.4678866470755101
0.2804902007314068
1.8875985699454594
0.0965709693634729
-0.7761946806915373
-1.1974768998768559
-0.0399477129349643
0.9009911046129581
1.0558080562687258
-0.3457199427812811
-1.4275376247359695
1.0476352555218029
0.5428347539720391
-0.9118799141101435
1.4379082208217064
1.3092583693392019
-0.9402814749141675
-1.3858245070408570
-0.4472450948636895
-0.6453033379448480
-0.3250624905510352
0.0580939656521328
0.3149911229585008
2.7216987691993770
-0.7885041213086273
-0.9702006020564514
0.3096447273734712
0.6904740113641612
-0.2883942167354677
-1.2043902541578513
-1.5500507136863593
0.4535867595184678
1.0080294376326091
-0.3789351354506859
-1.9244329252421533
-1.0777117100970246
1.1263319530766411
-1.4135089808954140
1.2933400697549056
0.5022628887555225
-0.1458079133063593
0.1594480009148657
-2.0713394648503138
0.9004869716657392
1.5175597747729002
1.3020322103845532
-0.2878328787895800
-1.8348463150829319
-0.6199622232119593
0.1053430447881235
0.5927491320111054
-0.5212282381561358
-2.0616805253929287
-0.8003070598480383
0.0415353983918244
1.4085758978698182
-1.1627102808245040
-1.2149268907911039
-0.0490002257541704
-0.0680094701250716
0.4246703630708873
