1.5607990709259583
0.8633377102655617
-1.3404144487038092
-1.3967765986046963
0.2587449597109700
-0.6865125444107676
0.4639386021019120
1.8151057184425170
1.3269805142900533
-0.2590563965798393
0.0341340709982736
-0.2118793713621994
-2.6771188637655539
-1.5840713075450596
-1.0283437739700096
0.4065613574858749
-1.9502536224233400
0.3965563528570084
-0.6977010412757654
1.0171296975653210
0.5117463460208065
-1.2420263822480804
-0.5305323280493037
0.3643558270289067
0.0001414012438953
-2.0461699232015311
1.1238215619925076
-0.4986696119307515
-1.1237352800739511
0.2251286480522636
-0.8995931218735225
-0.5947838820330474
-0.3528529458392701
-2.4722872211216655
0.5600342437613544
-1.4838892108973225
0.7341298882764126
-2.6611291368674683
-1.0172696752392545
0.2949875967376513
-1.2536646613096847
-0.0388151171095803
-1.5755251117787952
0.1210417657861816
-0.6428176398560382
0.5617710741174358
0.2077685214516284
-0.3567649111841987
0.8500177376835866
-1.0489354119735084
-2.5294627024194649
-0.6638436566446488
0.8189237483902604
-0.7933672485065322
-1.2391317458003022
0.5007805115792408
0.6166606528730779
-1.1812156547535697
0.9374965962675603
0.4334507003159407
0.5794806798695893
0.4413243348136427
-0.2061128257383396
1.9884014202472546
0.9862811669654812
-0.3582398616113072
0.3616704162992717
-0.6220545217421986
0.4989707289084653
-0.9808605331364350
-0.4908731657281743
-2.2698900090199130
0.6860744098182223
-1.2015310112244719
-2.5896152184289156
0.6068926574682200
-0.2177800015801491
0.4473629841070681
-1.8761195884629123
0.7491932183039226
0.4648340540373129
0.4266481578991128
0.2421194389780823
-1.9132663129892102
-1.7255689911408552
-0.6486022142896857
1.7849631135291792
-0.4049956034699820
1.1694873106719326
0.2153133121976890
0.8475252326059139
0.4048699727838467
-0.7832189885767088
0.9410989388009330
-0.4848811607611309
0.8451412268059768
1.9709626889754879
1.1559647809715088
1.2428151094949187
0.1300738641249874
-1.6245138276482556
0.1649186734919702
0.1560176919233072
-0.5088396639489760
1.4433564086528425
0.8730082580308909
0.3115868079536285
1.3154221035693991
1.5460556080229195
-1.3050619878001726
-0.9832424037557944
0.6257139717345259
0.5759760826015182
-0.9572366378616110
0.5165162376915163
-0.0096341431583668
0.4169966240341542
-1.6483621771867982
1.2223954836346393
-1.0840012245094162
-1.6539993557033410
1.3615101490364276
1.1446205377144330
0.2125309508901333
-1.0834224824912380
-0.1230974430760917
2.0840496584715917
0.4609886666129865
1.5159352624199440
-1.4777974236097293
-2.8025595121253777
0.3680736609273022
-1.1344043017004874
-0.9974671200891965
1.0929674242892635
0.4841039209168459
1.4501230110759566
0.0714692362702202
0.7054506612337065
-2.1582241744121906
-0.9813782135990519
0.4486448358441790
-1.3099510284263427
-1.5660764178939772
-1.1886133413496480
1.5946163412922503
1.0414455429344418
-0.1585058982605967
0.1704221518925130
-0.7093288155190631
0.0366039593448938
-0.5469456743866146
-1.7473550985733446
-0.8459672015642247
-0.4440379237102633
0.4054027745442594
0.7768086831543353
1.5106185348361751
1.1518800312351964
0.0257153771565627
1.4740574025634174
-2.7466059328526420
-0.4888330648585740
0.5637922291463049
-1.6733786949041523
-2.3293184418549298
-0.7148786413924428
0.4089993013936388
0.1841059281403367
-1.0069225816400793
1.5659104009605374
-0.3825123985745863
-0.4698608968987642
-1.3673376049836188
0.6638673395549921
-1.4054613212442344
-0.6607397880702021
-0.5952457342503985
-0.0985996852262167
-0.5806044776196813
0.2187008715727471
0.2192892120608856
-1.3157933271687714
1.1984843373988638
-0.0660399003758720
0.9668807691706459
-0.0816167994382672
-0.8405310705614626
-0.8385556046541819
-1.4437382239785559
-1.9931768457850301
0.2417399539559013
-0.5916954468096280
-1.0559176703503936
1.2382047435992778
0.1377311955792536
-1.2139352577388463
-2.1410213276861194
-0.6321030308477962
-0.8216730364578592
0.4849325249886773
-1.2172169155917003
2.0369042352843638
0.8700443090841085
-1.1194599975226960
0.4670859745577904
-0.1308874500413167
-1.7144697991392701
-0.5606394910809097
1.1989690916533102
-1.4733067581659136
0.1868668051164125
-0.0269160968768560
-0.4776428296497913
-0.1708418923578419
-0.4030128108175576
0.6372853932035961
0.1273543176097695
1.0563346793916089
0.8223012072332978
0.1656534720657710
-2.1166473065134999
-0.4776820834745671
0.5147477374047804
-0.7320228218753940
-0.4218133526342379
0.0117509857924507
-0.3532803432906225
-1.4458631207546488
1.0007806258039560
-0.4755069805081436
0.5348886940152882
0.2909390198790851
-2.5767791426169691
-0.9541189994117529
-1.0994998965459515
0.0722219275722506
0.0805393222714527
-0.8920762224993108
0.0950071756429297
0.0916074248805512
-0.0399247256733318
-0.2982379280742845
-0.6549328959069212
0.7204208573142014
-0.5629568976253519
-0.8771952960615923
0.4992771559316815
0.2763772867376182
1.6677422460150777
-0.1701831146925647
0.0174102879467949
-0.3964953235593423
-0.2742355959508563
0.4525651656840264
-0.1860308889198891
1.6745518076660530
-1.3075138526206374
1.2335669058750935
-0.7260168278897094
0.4703250640711531
-0.2222569180308438
-2.1688538504471992
-2.4540863571230762
-0.0612934226214733
0.1899958040262517
-2.3903260259830237
0.2352466348634748
0.1023799510558178
0.2273793508046255
0.0334674435595909
-0.8157546374663998
0.4669853411441723
-1.7089863231877140
1.9856935495641415
0.5123541912119925
0.1673139297917606
-0.5437189006754031
0.7742211132657668
-0.0382340315798335
-2.1205891311553602
-0.3067206297675625
0.6373183027388347
0.9607908922336927
1.5261179948605823
1.1945874404099615
0.9123031583985233
0.6150562864984961
-0.7284787690109449
-1.0585683418058029
-0.3063725237735614
1.9499183977002441
0.5879449219103113
1.4828963213909074
-1.0024226488516739
-0.9169315739421877
1.0791732176410647
-0.2509436030249629
0.6169909144607941
-2.4174242707233065
-0.9144680440203345
-0.2615012615077336
-0.5380744397040406
-0.3284557090719551
2.0474194171276103
-0.7682662148674918
-1.1313078504643210
-0.5637061937194060
-0.4263272572165012
0.2097461332138835
-0.5712884187991730
0.5965941205343339
-1.9414001466512374
0.5657119635921458
-1.0165745220152727
-1.3380274751935417
1.4791754965307864
0.1060755887376690
1.2051717934700414
-1.4296545038023691
0.5708135654527930
-1.7581222771245695
-0.8347296416083083
-0.6997781010274928
-0.8875908404583758
0.2578273807497817
-0.3334635203421696
1.0622895813657034
-2.2290602463732099
-0.3804894939532852
-0.8095031697438464
0.1026602834947782
0.5635107578511135
-0.2327596615629994
0.9969467826883114
0.4501274037954821
-1.1111899333325743
0.0973393778075182
-0.1346238390307871
-1.0927817548775631
-0.9863300889918973
0.5343999117277758
1.9352430014513109
0.3728588129678210
-1.2600308294783289
1.1424799784546626
-0.0909971116952607
-0.1643254215118733
0.8906728390441605
0.4142270851523067
-0.8798584118906025
1.1668684376053187
0.0699824983530707
1.1252089750197656
-1.1840259216074980
0.4019148730397550
1.3772073273114618
0.3204240370058697
-2.6189923328713878
-1.2274350835634915
0.9281096248304066
-0.3401126294498584
2.0516835626363332
-0.9777605331092700
-0.1749742330283240
0.2962595316830980
-0.6076146218488233
-1.7904600636122798
-1.5409273239737351
0.5143393465895221
0.6038675095831235
0.6485952884222081
0.2966188007376797
0.3671274785243585
-0.5989758775164181
2.0530315566569088
0.6470786518923493
0.3999750764789772
0.8066134389215233
-1.5153201266013359
-0.8823026973670136
-0.0177462187420028
0.3827696779111827
-0.7381620550251100
-0.0623979102509705
-1.7885909777123317
0.9138547750957671
-2.0280292257853687
-0.2425154577786058
-0.4481732003568286
0.2589927298018380
-0.5523918822713830
1.1617363778941290
-1.2600117685215162
-1.4080849892749912
-1.8594599856212266
1.3322457467125004
2.1359143689627134
1.0131621535089483
-0.1922064498067440
-0.5275486009304547
-0.2700474608304876
0.0241553397142088
1.8297756876792111
1.9484666470677690
-0.5958414237513533
-1.6254593616017416
-0.1539018830731424
-0.4289711839137354
-0.5751657011295590
-1.1596519844811422
-1.5033957459246527
-0.9207002748419636
0.7077381917858920
0.0149389274135993
1.7688924633661465
0.9653354825891085
-1.0568137539746922
-0.1229417576022678
0.6896737905679575
-0.0170295065179218
-0.9153636180552940
0.4099601012128907
-1.2350903144308429
-2.0009289403010069
0.3825919845307727
-0.1107603443581753
1.5725003965703885
-0.3315128003695831
0.6764834818468906
0.8254621073072622
-0.2650379344307345
-0.6436199935630853
-2.8182979964717356
-0.2113909539863093
0.7305203597530099
0.3352827011818609
-0.9620416661388924
1.7929740901525311
-1.3939369413019156
1.6292087074590387
0.7048269443110682
1.1521082273801240
0.3246941773680765
-0.7935790312895350
-0.2682949761206838
0.3035892161425194
0.2967224429659931
1.4844939188659085
0.2812776082975445
0.2126580654868488
-0.4167376862093674
0.2006151865789537
-0.2300294600409969
0.2078719772295252
3.1010266369166777
0.2788858654255927
-1.5724931437418117
0.0510109752585645
-0.2719919868894903
-0.4131334523064605
0.4932940047590898
-0.6622126010874789
0.9256228345283248
0.8334694209328728
0.7606882033825897
0.5505231850825052
1.7332956467548892
0.4864543283086287
1.4333952646077752
0.4510613350163279
2.0352848185227868
-0.3629367148015072
0.1640054746137094
-1.0997447265358831
0.3039637744478867
0.3814012051104655
0.4159438381856739
-1.5405284613332944
-1.1041602395827175
-0.8428330008446843
1.3809007875353323
1.4411262306811363
-0.0251121747250007
-0.6017287135670897
0.1100735270434997
-1.6740699380927229
0.2532869186978153
-1.3205506354411658
0.1671779450292562
1.3699803112412055
0.8246331722148864
0.5369526575685130
-0.8858038529860719
-1.4304280067192905
-0.7163640385102168
-0.9092181853783343
-0.9214002603893559
0.5870626534470664
0.4320857809505630
-0.3564356545284499
0.9737897640409087
-0.8645067767420073
0.3253127038660504
-0.0389121065988518
-0.3750705429520163
-2.0788339471705526
-0.1613330499008210
1.1616956512296530
-0.5817978244565822
1.0607678444770530
0.5283563861721612
-1.4862506666290818
0.9368217578076298
0.8189832184945270
-1.2675998214825943
2.4137158429331116
-1.5601374854168772
0.5954832875246245
0.2760246964069055
-0.1417549886312684
1.0853101038085224
0.6354837401225220
-0.8159558407990398
0.5415212259797394
-0.5784167385808390
-0.4923427628157164
-1.7607904793142009
-0.8907656696901272
-1.1054179887881148
-0.7898386650192686
1.3723897892330317
-0.9136796395393986
-1.3198780067155940
1.4162796341319039
1.2702115548299246
-2.5676985398915186
-1.5042728059502168
0.7082418677177036
-1.0476479354934436
1.9510444585926954
-0.0912989317664237
-0.5604629193120605
0.9168544353056473
-0.9722891795806251
-1.6771708511151002
0.2428068213541059
0.6653602429778693
0.3330448675723622
-0.7761896786247784
0.7404212359803573
-0.9429833801872616
-0.7365903808836159
-0.4695185867797986
-0.9784526640765888
1.4449694472239345
-1.2355064121326234
0.5829893175634738
0.0328848390621792
0.7355892546576679
-1.0201361124462296
-0.6288797333479932
1.1332701789496482
-1.7722358697099843
0.5276346808834801
1.4451474336046473
0.1504453396992262
-0.0224722814215359
0.6823917401834733
0.6214660914804231
0.6133008079531811
0.9578735045276998
-0.6059665900679381
1.5303600444450121
0.1434255057430495
0.5909932399299365
1.1491404879569804
-0.8527836722499998
0.2967831403868660
0.5708824523242677
-0.7063885336758504
-0.1757672445269671
-0.3665824692841540
0.9323115866080820
-1.7053942193923164
-1.9867396291436470
-3.4681637536445087
-1.3401562434325687
-1.6089786458005018
-0.3230030607966272
-1.0054938526267905
-0.9292566108851903
1.5726543681824496
-0.3475710537410996
-0.6975960655626207
0.5341267591579539
0.7913560182362158
1.3469356412197906
1.3420723681345512
-0.4452844885718805
0.8810627923933912
0.7114914937903579
0.3970546570964937
1.0592772589167616
-0.0711162350240932
-0.4158139014536411
-0.3549027189850827
-1.5562794698522242
0.0002386070081924
-2.6622614711431209
-0.5859072249955533
0.7288999493223330
-2.7763087493394480
-0.1132290893174501
0.5878601571962548
-1.0982064317821281
-0.6905677473152864
0.5417519935939152
0.0783880117451492
-0.0365750243077816
0.5136699075476862
-0.7670443911452071
0.2913142713011100
-0.6833976390567993
0.0721563380072213
-0.8818457901700514
0.3437617711243151
-0.6794540477567431
1.1490458210954690
-0.7735198969323016
-0.8831444468849625
-2.4295581472661558
0.0610861921115645
-0.5043592047047679
-0.8166299418718702
-0.8490319281739160
-1.3415354019156707
-0.2742397475301670
-1.1320425928099955
1.9007494088044903
-0.3422752409383629
2.8222426362512611
-0.9259478867416837
-0.5880521293228225
-0.4799266564353737
0.7619333330723184
-0.7138809508468047
-0.7268705747558967
-0.1732132615662955
-0.0925759118976186
0.5444404591675278
0.6129616099128326
0.9555720618824880
-0.0355794482815669
-0.8184383402733785
0.0123349662833393
0.0701401582577101
-0.1441846376178286
0.1317251933875722
1.3645183611013569
-2.2997275626285432
-2.6403135883753150
-1.7183909340221144
0.2654847358245625
-1.6120357988120344
2.9816167523219588
0.0141903162252294
0.4644601762124598
-0.5286715105995214
1.3259665006603993
-2.1746164422730061
-0.2774701959556259
0.0340015279066237
-1.2049993602763469
-0.7904319728281843
0.3568275955924594
1.1318706290982745
-1.0247403063727492
0.0258273566241892
-0.2349663528544190
-0.0684162290483810
0.1467867698301728
1.4967443438337353
1.0132136066076582
0.2937964090316378
0.4862631814717989
-1.1338031792250645
-0.5154907049064361
-0.4761995418856236
-0.9443533483118882
-0.1541384266818442
0.1003565403419996
-1.3071232583560590
2.3731921345809792
1.2633031201661891
0.4032681243782094
-1.5083536450456847
0.2130072864694317
-0.0736222955400622
0.2589118720879436
0.3116722601785110
0.2823092486064493
0.9993470555036479
0.0471950497337298
-0.1288281475591761
1.3326863199750176
-0.1458512351980274
-1.9028350073656133
2.3532109428011010
-0.3583007400931238
0.8439024132991599
0.6528528180156037
0.1498979946033967
1.1748434038351747
2.4517563759335896
0.5569600777818559
0.4082315601804151
-0.0407484302956181
-0.3635006057158066
1.5624636234578524
-0.7025267873487142
1.1001380301045092
2.0482415908803238
-0.1485085880332438
0.1981180999187561
1.0874113702005315
2.0176528480197935
0.0540720553135828
-1.0316804899301002
-0.2890282019884224
0.5405865843059307
0.6641189633264655
-1.2280046263292497
-1.0602656577897116
0.4248744129985794
-1.2817198575854845
-1.6746846614908453
0.3003705732889025
1.5242426137540956
1.5218825073598883
1.6808406987177722
0.1798489619037099
0.7607354359096981
-0.5965769715832652
1.1359788554776626
0.5138492717108804
1.2020367782529773
1.1572929370932692
-0.1423835212000130
-0.6711150261425142
1.3510886361695500
-1.7700952106247039
0.2319204078780502
1.0301119485893098
-1.2829217457145983
-0.9151690429804367
-0.8977524622326389
0.3733116865202574
0.5447092279713179
-0.2862004464461056
-1.4334963539879315
-0.9281804976461115
0.1886099101193928
0.6109369760511714
-0.0501746520527168
1.8878310011047070
1.0544043617361645
-1.4108233411607487
0.1341438684128118
-1.8496960471604296
1.4253943940689051
0.1057802994498617
0.2600707877714214
-1.0527674201007753
1.2505020321567319
-0.4279458654055150
1.1663161217327713
-0.0362539507386730
-2.5916204494997572
0.5534041574226396
0.0354463437731273
-0.1023402527830059
0.2712558155132916
-0.3844996327019630
-0.7476999600292799
0.2346373105943477
-1.1013716107005900
-1.0198549080099018
0.0349920433966607
-0.3365307721589609
0.1901381327434420
0.6655257006866790
-0.4865181940928378
1.0841126819248035
-0.5985935307652147
-1.2494442529227565
1.8162320223008757
0.8601319846588571
0.8640809771870119
0.4501053108252461
-1.7905553687372748
-0.3314614285282909
1.8139170692877840
-0.4883501412661009
0.5721527500602880
-1.9678247716033264
-0.9559541819259449
-0.8725097788726185
0.6965525558227100
0.3149798407397328
0.3081252657338301
1.4859936809859031
0.9053171681646407
-0.3828951466379209
-0.4318702736363988
2.5379092982770137
0.6982983593254549
0.3762284778700660
-1.0533745694748660
-0.0140549730292403
0.4550623655501781
-1.1055416906786533
0.9212022769492564
0.3420356923238378
0.7487196351262427
1.3180058665628231
-0.1495339259082666
-1.7588663618372649
0.3871784794984365
-0.1802354532196409
0.5637666793051495
1.3480601679816382
-0.0145538211989970
-0.8942273844457137
0.7130734310743932
-0.1404215627246093
-0.0182235179109210
2.1076532474231269
0.4535473922700360
-0.1324732777947387
-0.2814865586197375
1.1933383859569431
0.4377340531697926
-0.3129805433381052
1.2136813819953582
-0.2114367061938646
-1.6907944480916530
0.2938019157690411
0.5606079968239795
0.6007895549390951
0.8338742421203830
0.4840804207932463
0.0941486938382418
-0.4008491523348356
0.1394341060683074
-0.7885701190446015
1.3754529505794468
-0.4957186388675019
-0.1848451142166274
-0.4420665247991883
-0.0536969966867019
0.9534070172557401
1.2324107529331019
0.5317934987529777
0.4904377920992610
0.0119446041398991
-1.8815496964630136
0.6445592621482856
0.2583481576036667
0.3219018034877179
3.0215485620438627
0.4334632158522776
-1.1131620378322291
-3.2552496102468811
-0.5962470289957538
0.5550507837695761
-0.3542112462606532
0.1124830378859725
-1.2690745376697681
0.9970176938109800
-0.0947603525639445
0.4292657408521324
-0.8841292854168867
-1.2146741524435809
-0.1928767807346402
-0.3908989622663019
0.2047486185910489
0.1311105655051655
-0.4780496430941961
0.7868433889527334
-0.4577917640305912
-0.4356776685061821
0.1402278561638769
0.0218807567687593
0.1580876847027042
-1.2462631726024302
-0.6390456150743766
0.0916830761422552
0.0909366954632715
-1.1944371975642958
-0.2159498729023281
-0.9290901339376803
-2.8437673855140422
-0.1440793269905373
1.1443056163148679
0.9819352032944507
-0.4938052682158954
1.3107214489579058
0.1083014957827086
-0.6588040741751516
1.3628297946548058
-1.6539727456979794
0.5280547591620708
-1.5273902101121524
-0.8152933095352841
1.1735412871685040
-0.4798034704543177
-0.2314763389478327
1.6282643559776631
0.6907743225366834
0.7340650923277071
-0.2462125774080590
1.1001735456040667
-0.8749816673444122
0.1398585493388560
-1.1352238546215341
0.2508050782182087
0.5961666198705958
-1.4329131450894597
-0.8387028666658967
-0.5181028937659795
0.3734973191713172
-0.6435677494420105
0.7202081367992620
0.3509078116804897
0.8939834581487853
0.1277960636013972
-0.9959372495200250
-0.6431642891691099
-0.9455538866249442
0.1374665172360141
2.7566199605205988
0.9026489714986961
-0.2690470625218730
0.3085446571079291
-1.2156185741135295
-0.2790189638228212
-0.0155084042259209
0.1458996534974788
1.2826447263454164
-0.1370685751948146
0.4150799062356591
0.5596801761881292
0.6353708489007200
2.0030012120119900
0.4207770847684124
2.0215544192426700
-0.2036201399953708
-1.1880437913985826
-0.6266682006527537
-0.5717187138714879
0.5173366953965186
-0.1334727453907630
0.5498309360215112
0.5469348441233355
-1.4063309418556131
0.4380678225025658
-0.0138337464458304
-2.1418381003926057
0.0019190629190936
1.3960421725522918
0.3858237205583030
1.8772144743108199
-0.5388179827211177
0.8891157924492989
-0.7143524394579257
-0.3791056103462204
0.5606240030499353
0.6947130963110719
-1.5308870253109432
0.0212732691209761
0.9844497228031530
1.6041801648911387
-0.2469162088280925
-1.0826533584638161
-0.6267083261879181
-0.4258235107826974
1.3633490666798558
0.8749911849534668
1.4180120241153071
0.2933196786894984
-0.1878220154169981
1.2459211872558109
-0.2310242673093778
-1.6421591678631755
-0.2413831277210890
-0.7388407065966172
-0.9211555548266407
0.3583485785800078
0.4985665072993405
