0.6285258565137180
-3.9493310269794728
-9.3701712599737927
-3.8817733815629767
1.1197991450137021
-5.0932838724089198
1.0262529797997857
-1.2563757519109331
-0.2924267975846478
-2.2808212503680108
-0.2521163719158974
3.3249230070755589
-0.2680086754201199
-0.8340243159005478
-1.5603733919410316
-5.2189300837506147
-6.9039455982802931
-0.9218912369746812
-1.9012010953816862
-2.0992346875610277
-3.0625727627377328
-1.5128853475583310
0.6320781457600788
-2.7673088562609767
-0.5322162657460203
2.9693743527080421
1.6946923279473902
-3.4785877973757260
-2.3881248841112388
-1.6155272668055318
5.4460652437464612
-1.1542875355437854
0.4168901249059569
-0.7502703302678272
-3.9229941328695510
-1.9601161069958914
-8.6007237665065670
0.8836225435296643
-0.7591317731385897
-2.2856507713487781
-2.4256927356877003
5.6341662723134904
-5.1912086699610933
-3.5906643415576198
-6.3152708597965876
-3.8387671687525309
-3.4228206556169902
-8.6100885749871079
-3.8141634954401131
-2.2739419025575756
-1.7223684205207443
-0.7485853122422923
-0.2798621014548928
-1.8769664244135555
-2.6964759906201201
-0.7127118407180806
0.8164401647149893
-6.9444003564521797
-0.4429567560610935
-4.0981270901481954
-1.5204886416734771
1.4343928847080991
5.7650989165163171
-2.9241907982498874
-2.7319961455654647
-0.1257231177644342
-8.0261995024187591
-1.8087570940313515
-0.8659767697601234
2.0768476630436714
0.1090190199126387
-1.7333862468362118
-2.1813667678122628
-5.9993738996146790
-2.0828481584201377
-2.0957334241615504
-1.7019015586841373
-5.8017599916522400
-7.8394754333054379
6.1523779641682026
-1.2113008432201366
-2.6311628669909775
-0.4999172945532274
-2.6117683622901837
-0.3781994601555735
-2.3281323896471458
6.2246277075248750
-4.5675012152133920
4.2207477957859947
-2.2587702309711384
-4.0692153344541362
-5.1741694678990742
-2.6504914165233613
-2.2752671956638593
-2.1128031943960437
-0.2945445947193182
-2.4265311676176142
-0.4418211347044035
1.4746557357066878
1.3623877141849330
-0.4132048157580817
-5.9523993227840055
2.9391649147146905
-3.0371047781901286
-4.8812780883759972
2.8102883477556189
-0.0506938719227282
-3.5943574137219847
0.2276750430607811
0.2013791706217624
2.4164053895146287
2.3977327748005441
-3.1629976815541201
-4.5500259081199781
-2.4861016949932462
-1.2491496692154849
-3.1843895098255106
-0.0885080852287486
0.3704607712697229
-1.5004435829134584
-2.5106894207061665
-2.1843143226261024
-3.7123545231982109
-5.7065169693736593
-0.1537663624488651
-3.3501259292781138
-1.8626764446016770
-1.0619632838483568
-5.8349531665106280
-2.2916837333322997
0.5099494729780009
-0.5378658406618483
5.7139193121535605
-1.2806779392394851
-1.4723288195805500
1.7160632987945714
-2.2489153672586260
0.3885162391668106
-1.4001917043737293
-1.1942144798727734
-1.0114530900002925
-0.2214342778123173
-3.5267289792793730
-2.7808063151047819
0.9043354764103904
-3.8033974884165911
0.3204452073184743
-8.7634132420885518
-1.6015831003989436
-7.1302018999516799
0.9546202578172199
0.0547975872861625
0.9703632080633328
-5.3982517224369282
1.6611147219308793
2.1487372163886960
-6.8594916043649787
0.0429591975633677
-2.4701573144205575
-1.4941704043019808
0.8628071400144055
-2.3042662979599635
-5.5926546124977214
-2.1761444475268035
2.4283541794735388
-3.0097338005016421
-6.8271376107820654
-3.6491078120729332
-0.0817873081956172
-4.8170130457264273
-5.1180843462857366
-4.9938496045604861
2.1989427633267993
0.3836097779753396
-4.2424147043155918
-0.5446322324071121
0.3580936430034251
-2.9675524571060907
-0.3842406107121633
2.1782205598639917
-0.4981468272321212
-1.4211280752117024
-0.7784524114520390
1.7818805980241919
-1.1889409735011838
-1.1009365658452568
6.0038693996062689
0.7233310695944930
-5.3466974372833738
-3.4660224643607256
-3.9708936511408202
-2.4776826369037206
-2.2012475233770941
-2.6590922845604226
-2.8877565433222285
4.7634056315662674
2.5571088936472770
-1.3246046501686237
-1.7259693058391572
-6.5627095894299998
-0.4771745001259827
-0.9188625455007439
-1.1758322722748991
0.8822155047465712
-1.7288277769022906
-0.4123048665399247
3.6822412875051054
-1.2199532412333092
0.4110028881047740
-4.3377639344225196
0.0889433382689520
-1.4607523503296955
-0.4059107424534318
1.1599094912687280
-0.2852581368645494
-4.0114970549463678
-1.6817481756340600
-5.0230133417016214
-1.4334799928826809
-3.4389463783082252
4.5498111519249571
-7.9107045775975768
-1.4246322080502507
-2.7827490878488588
-1.9096138060824701
-2.0713215934628195
-1.7366923805255716
1.8473739659979656
-0.3332022202748930
-1.4688940388497864
6.8174816188084311
-1.7359197805744027
4.1185172762268110
1.1658787332529368
1.3788587974287851
0.1715466915604397
-1.9909365035630131
-0.4900421747368249
0.4163395343706824
-2.1352556819522892
-1.2413893699510494
-1.6209151015831069
-5.6058843980599891
0.3616040978754768
-2.5784508142264371
-2.0988451699083477
-1.6805884296278342
-0.2572771404618484
1.5682123328640531
-1.7253090412807199
-2.9987215305782344
1.6181002443617036
-2.5837031395114542
-0.8577497303013236
3.0922889619776344
0.0848416406838116
2.0699164992254619
-1.0761642035318326
-9.5609835076538303
-1.2304046189063873
-4.8304178575394294
-0.1829225387938647
-0.8610007833438594
2.6090867748048363
-0.8004612054879914
-0.6264457239456785
-2.7810176966603106
-3.7243848968037088
-3.5117833239424154
-1.2807801029809320
-3.9452598571132538
-0.7029169677509876
0.4021714557826186
-1.3546165298891630
-1.8329992006192379
-0.3561943873254801
-0.3081760590351374
-5.1500916046577050
1.3669975558087948
-0.0195568005691948
-0.7792143042120401
-0.9152722012129502
-0.6395977817773784
-2.7700686036572630
-2.0183181160028094
-1.8601528870611517
-7.1625400043565630
0.0345780398044098
1.2066796673291929
-7.2378985726478424
-5.7731652146985963
0.0681244838699235
-0.2725046004834685
-4.2100607304550310
-0.1017702057038630
-0.8111038451761086
0.1912992907780898
-1.2392390298472806
5.4689825536703678
1.7480668622138993
-0.4074667731434516
-3.6720518143285039
-1.5898060236198255
0.1765718030469484
0.0299988400190719
-1.0026596958177876
-2.2928441017723502
-1.2050773144359308
3.7787516586474936
1.6259936607102745
2.0821971086914890
1.4767339358041514
-2.6462798637202916
-1.3191184277332766
-1.8652934565013137
-0.8413922413168489
-4.9014117650577482
0.5767330549646350
-3.3701831037091949
-0.7297077775896956
-4.5740441297403285
0.5242216660799062
-2.5233654911267207
0.9276230337132073
0.1097638425181924
2.5529609768517898
-0.9499727224659895
-1.7993202421271903
-4.3226287940700079
-4.4616802936934219
-1.8335343015481316
-0.4278642060490824
-0.9426093469599437
0.1649651202134833
-3.0602825303352930
-1.6555864683743440
-1.9047370279455529
-1.2407097678121692
-4.0353922630145753
-0.0696909919803103
-2.0895974795484809
5.0237436289236088
-1.3205334986627550
-3.2959626300222467
-3.7496976351515556
-4.5620667696310688
-4.1446166110028617
1.6667218119956364
-0.5621651317119525
-6.2519138718107747
-2.7085202251583733
-2.0078612763284513
-0.9005053322673270
-0.4774439517992638
-2.9337465553604840
3.0060138457245489
6.8146871222180261
-3.3745933101654644
-5.3384847588454285
-0.3330913826537968
-5.0653951498796514
-5.1513829150386208
-6.2088500092034220
-0.5556270322256923
-5.8888870600696297
-5.4416430723237434
-2.3064536227046193
0.4473070342189711
-4.6262050747033694
-2.9805076504819046
0.1394776572240806
-1.1707752273063534
-0.9102741321069044
-2.9655693527621296
-1.7627901726059370
1.5038679325308955
-0.8530981816885439
-1.1770870492630736
-0.7155914858973733
0.3660086668175733
-5.0559565319720026
-0.0610988436733821
2.5299264504214132
-2.2776535527414943
-3.5951867594439824
-1.6128250376610109
-0.4050962213708221
2.0975451023177802
1.7555459818210621
-1.4362046294695370
-3.4361906174873691
2.7518917218939358
-1.4423935938266659
-0.3183610063407618
-1.2684098543608679
-6.0716339415047855
-2.2825997435744134
-0.6068460054085864
-0.5495968219920428
-7.9538627734828538
5.3694237682424308
-4.0246165961342806
-3.5256131201482219
-0.7622080234738299
0.9749164613073573
1.1092821842566480
-2.1939778632480103
-6.1951955590739773
-0.5401320208170680
-3.4065822965664414
0.5375673669741233
1.2494940804025436
5.2899946431404752
5.0704808326166635
-1.6975192349155208
1.6482015789450946
-1.5614784123115364
-1.0275248374874906
-5.0978145886977213
-1.9193081234389893
-1.5567672469177032
-1.7729271733539735
0.4974939627762418
-5.4287476706781321
4.7401781774506029
-1.6624345791028683
-0.8270715126175795
-5.9162238659705828
1.5321232821042041
-0.4511116663922914
1.9785669109629764
0.2444600469936026
0.5252653904420810
3.2263720242424596
3.7162724724928466
-4.0521308039598356
-7.9468690832862467
-3.7364104114744841
-5.2766934058734023
-1.1302051413235759
0.8615689516122812
0.7575039369088709
0.0127592036246370
0.9315463946533660
-2.2524075954172962
-1.3112651599583391
0.9220923399478619
-1.5227479172553529
2.7865517093513894
-0.0388726014629904
-1.1019129811436239
3.6861188225390555
-5.0118725469413592
-1.2483670269789289
-0.9252263761160427
2.0160629079585295
0.0381048330512745
4.2854393852170123
-1.8980673117198257
-6.1909398180348658
-0.1112875847712577
-2.1316285633560565
-1.0923084727796619
-4.4712147322317275
-2.6266128556688222
2.0548030460416342
-2.8011952299313396
-1.0692390690548963
-1.8046141609586732
-5.7703470770947698
0.3051626054158494
-0.6916054076259578
0.1315628804608924
0.5260391691480161
4.0360160131258676
-0.6712131144850852
0.2718274247127927
-0.5433610049563277
0.1861689736601946
-1.0123473200882569
-2.1943063538352838
3.4589094082733607
-3.9801917677489045
-3.9342022284564693
4.8117248475362855
-6.9922224602324343
-2.9194714528913783
-3.2612873766236303
2.6980386525531084
-1.2917261878853774
2.2551792230287031
-4.1542496223328440
-2.0852120567552292
-5.8550451405827841
-3.7384197796658794
6.4185347582701677
0.4630087563869677
0.7731482623855888
3.3749658824024413
-1.6954190560579798
-1.3895168129144784
-3.3555876527602249
-1.2250094406506005
-1.3440904682861221
-2.5618349035699057
3.2469044902519020
-0.4450201393211553
-0.5558940744380015
-4.2155163803143862
-0.4008259886688808
0.2818984954777953
-1.0382937482912455
-1.9287624630944695
3.9445923440808994
-2.1554763207552492
-2.3402348337963299
7.3507239599687066
-2.3115276147065167
3.1405587100682912
0.1221886240165492
-1.0779716779520467
-1.2743849245514338
-2.9091807878707505
-2.1867385182497490
2.5028310544114327
-6.7737576953151901
-3.6369169648409128
-3.1738260018563405
-2.7683530628394779
-4.3217576137887752
-2.5580221343726395
3.9110670411833284
5.3012489131323122
-4.3715023625424108
-1.9539903116099797
-1.3621725207989868
-3.0348423181538919
-0.8219111157718264
6.8690267307892494
-2.6313488415524078
0.5881116045102757
1.2149959615931114
-0.1310925887938960
0.8398838080978659
-4.1583295343890390
-2.4756254172494843
-4.3961259020182242
-5.1899209604606380
-1.7346727931338826
-0.0829554163243172
-1.0894554406764472
0.1351122846595606
6.0748688854865796
1.5732723367505972
-2.5129812348084548
0.2248177611156343
-1.7080296033007316
-5.6410587342072969
-3.4175889220973743
1.8286902211255007
-3.8896056688940659
-0.3176086095977245
-4.3944550548721741
-2.2267351747567421
-2.0617099878019864
0.8497843043815795
2.7875210753521560
4.3838944619461184
-5.6598515906331626
-0.0541723833104680
1.0696856289978263
-4.2739509123915402
0.1826752845157135
-2.2079259222111101
-1.1112116893915254
6.6335188478885296
-2.4904408720610269
-4.6073524946598869
-1.4379936091858405
-0.1547426101242818
1.6072853487227838
-1.5417445791165156
-1.7939270827626332
5.2248405816264185
2.7844676588740906
-2.6475135042883893
-0.9016401979090961
2.0434943540125077
-0.2559370558365692
3.1116426593712889
-4.0671942367847889
-0.8737780059761857
-0.2681577369209591
-1.4004669142331272
-0.0794653635710151
0.0143807321592643
-0.6150430363307736
0.9384895042397136
0.9905183964857383
-5.1377323833450506
-0.7501688868386532
3.9623857748078808
-0.7084292164688879
-8.1542538223721088
-4.4980166199025469
-4.6148445392951576
-1.2060872373911107
-2.5035442417626470
-0.3775994311717538
-2.8067688706144174
-1.2543909167918965
-0.8297813241711186
-1.4415019352082199
-0.9899610949185306
-0.0752189112531982
-3.2557603829424870
1.6201042062632725
2.8614751400042819
-5.5714393605978465
-0.6008318211931123
-3.8666843648875417
-2.8743027505735999
-1.2097346584937596
0.2734842095178764
-0.3234934580892865
0.4208825360803395
-4.3906561649315661
-1.7388779939448358
-5.3343616171792281
-1.8596671488562280
3.9197540837536318
3.7754432956223103
-4.5249912983948111
-2.9241281479739896
0.7125544690547314
-1.1030115464375694
1.4618055855534804
4.5418200614731319
-2.6454147262286161
-3.0372784237592656
-1.7321197768715852
-0.6761531240188298
-3.6013420446893241
-4.4298367396417433
-1.0818125860390730
-0.5619435339277127
-0.7872778674624110
-0.5612271746417707
-2.3795150349525449
-4.4355223254008145
-0.5389783213649615
-3.3432677398910808
-1.6210424086784727
1.1323616411494146
-6.4143595064306069
1.8324584725573061
-0.4743893594124554
-5.0252632855062807
-2.0401762078332468
-1.3628653244320255
-4.2341127710968545
-5.5665484656242130
-3.4028595445066774
-1.8815069512514275
0.3926895122550502
4.0235737258675659
-1.1165442624547892
-1.0232941539552713
-3.1677449672213513
-1.0115591943031286
-0.7328541536930666
-1.2532489264943125
5.8372346533055843
0.1385385923257174
-0.1949791900468261
-3.3203520132897602
3.2105019178741454
3.8153779721440055
-1.7560083294565445
-0.3656468753204486
-3.3831513246711391
-5.6306685520523514
1.5930644433541046
0.0718949954335408
1.5837137322561725
-2.6298933853732365
-3.7545680155620738
-3.7668350172316183
0.4279304634930034
5.2913990100261081
-2.5411004370254631
-3.3489498919681440
-2.8464628801105931
-5.0828033515422950
-1.6908802300743508
-2.1904509051090839
-2.1757499721275053
-4.8956706958987093
-4.1909177671506050
2.6761142023175264
-0.2069815685378727
-4.5312241312009016
-2.7013038029021925
-3.3137048817976176
-3.2587631846740734
-0.9953434369732845
0.4501363681764924
0.0343093512524557
1.7498517600578931
-0.0016246299990233
-1.1945762659532158
-6.4518693859649616
-1.0356329147801253
-3.0553956065368140
3.3246063343375125
-2.5697216126967497
0.1491045467993535
-0.6758451728117941
0.2545967342200663
-1.1699428108242633
1.8939591006070184
-1.7613173322378621
-1.2440708380534120
-1.2769796472533379
-1.6317276895613095
3.4244410001569059
-1.7310972215748321
-2.4767841921207725
1.7176134383404900
-1.5610936200761261
-1.4302328063726519
-3.8507452989224791
-2.2725452251721054
-3.4705162884926724
-2.5429683389848279
-0.9799117831931345
0.2207080556858359
-1.2758461041698945
-2.8286276918552216
-4.6614604964604087
-0.0920260059343501
-0.7599540037878766
-1.3390292927469283
-0.4865327758786285
-6.0245438799057398
0.3633513129219914
-2.1103762328254789
-2.7973762484174718
-3.7729254731556190
-2.2908235264045040
1.0414120542759155
-6.6992822294160916
1.9852131465182641
-0.2868921879927766
2.2067568207613601
-4.7906259198679022
2.1991741247794865
0.2924889188762572
0.5720136306118216
-0.7104131980374874
-0.1639863978914480
-0.5080846265741260
-6.0103097809934551
-0.4085953965402752
-5.4600043183379583
0.1566364027889968
-1.3129788963864459
-0.5621872425463217
-0.5238873102594621
-0.3681568432496217
-4.9534939450113269
-1.5305455180922605
1.1717547929550070
-4.6252869219341086
-2.1090511184682534
-1.7850811495409096
-2.8785559352580443
-1.6426574097235700
8.6313841100249924
0.3558960420240677
-1.5136384035544901
-0.3656267562914405
-2.9984996819516501
-0.6674540136431809
-1.1524833484836201
-3.4350800792917324
-0.1067387687141698
0.4093408761236170
-2.0073045307629416
7.0969062843259287
-6.6282763423919677
-4.9470963183737471
-8.8813383158890087
0.0921980921908152
-0.2050135730589077
-2.0774258720742411
-1.6818822135412441
-1.1584468103636214
-5.4209716182868197
5.1465249615974118
0.3452255979691235
-1.0687604799910593
-3.7385979591967105
-2.2198769052294693
-4.5839597606428324
-2.8307308329629417
-2.4678911386965239
-2.2408838462917062
-4.9005757642980532
1.1553214465894830
-3.0579536653521826
-4.0153730702279820
5.4043182833880614
2.5103904136432038
-3.8699250885746483
-1.0864691756263392
-3.0902694537497601
-1.2585660923903177
-2.8380517148119426
-4.8366002727981758
0.2932359202726747
0.3469525365938527
-3.6311170151888477
-2.5461605462256638
-3.1843052324192356
-1.6243586325788952
0.4056997077681918
-2.8768210588441443
-6.8714434505316140
-2.2341438809000631
1.7450304351973061
3.0142984007253872
0.1111720013171002
-3.7115825819107795
1.2692354110703450
1.8322680448954485
3.3341833927731721
2.3762465179616168
-1.4782630766994749
-3.4215264363926217
-2.1989357336202406
-1.7733130321703798
3.3073816394020183
2.2782462160916790
3.1708314369262451
0.4514155628991117
-1.1874247125187725
-0.1025529146221854
-1.0755346784271345
-3.0946397144042974
-0.7930844170637599
-2.5712915635454916
-0.4482391572395709
-0.4695358915042618
-1.4103428849433732
-1.9728623134046401
-0.6073783228053886
1.3452484415903641
-0.7938867443518720
-1.6298253127794147
-5.0749024929675626
2.3477412061508969
-1.1615498489141536
3.8384481425417079
1.3300160453112797
-0.6505655484998436
3.8981766254825616
-3.6169208510992501
-0.2387736786562730
-1.5130265584246094
0.5222409003432367
-1.9065340880268056
-4.1051728680503512
-3.3707392018815581
-0.4307628662233096
-4.7104273438746747
-1.4557892524139289
0.5445201994927291
-3.3046564790216886
0.0603962353300086
-2.2749391451260692
3.3514674856820812
-5.6469651908969354
-5.3023681833779568
-0.7055935920504980
-0.1448437840203131
1.1758330270817883
-2.4847051581270407
-2.5401429217342009
-2.9107699434887855
-1.6693452044795645
-4.8029258544637550
-0.3181123333129633
-1.4765001528173867
0.5319822555952339
4.7303869919957631
-2.6732463097290395
-1.9317984950353968
-1.1396580981503606
-1.9426761419738354
0.2779592528888050
-1.8435491842676544
-7.6183744379273035
-1.1024696398002574
-4.8236217341817280
-1.2745024457071494
-0.2078637063983244
-0.4661284643578028
-4.9726507827947675
0.3644381692398362
3.8630802713408263
0.2409861307391237
-1.1908542836048919
-2.7435712934746599
-4.3054935258305909
-5.9349994687092780
-3.5326883899946688
-0.6751717500633151
0.0768727473488190
-2.2086573042850475
2.2958512389527410
-0.2529028464465289
-3.9764897877655319
1.4960487210916480
-0.2035566478891892
-3.1071395518803921
-2.0000671449836482
-4.4942441874368697
-1.6934989411517694
-3.3992836201541183
-1.6438938319407093
-9.2299287672570482
-2.5911132170943767
-1.6055076263692376
-1.9419011272622300
-0.9911211036216798
2.1119288422997471
-2.1712829933102316
-3.6046509835665566
-0.2422885787283412
-0.8659093696809727
-2.7990886429102453
-0.4139997438894479
2.6015397555191124
-3.0776953163745708
0.4755455085933748
1.4250747660924079
3.3472771049385517
-3.0082932018825543
-2.6072664987328005
-1.3138659155575134
-0.7920844340253852
2.4052202897997148
-0.2122738073972847
1.7331969708730073
-7.8471877370090750
-0.6239582734945920
1.5216586659517095
3.4250498242229841
-1.0750276702610553
-1.8066255893461387
-0.5347392965700761
-3.4459717066068971
-1.9470955469455291
-0.0365421972012647
1.0718371269183886
-7.1714259345142706
4.4172993236190781
-0.2792737510674668
3.3304831161871564
-0.9585484209014071
0.6933057602920107
-2.9115690585449219
1.8103723008485428
-6.0441859124117459
-0.2609727800529459
-4.8099037836822527
-0.1149708277274082
-1.4042621507112827
-4.2838207097497278
-2.6642583605403973
-5.3475255833680908
-2.4397542322473504
0.1916805869325491
0.0844480098588176
0.6330400352389451
-0.8609272070865716
-1.3726747997068132
-2.4842484804687484
-1.9243172499759795
-4.5596842459278166
1.9762696425105934
1.5321641731512823
-4.9111925594751558
-3.2005082190497838
-4.0541090274312408
-3.8166860499709450
-3.8647429375990479
-4.4425907661890838
-0.0153235552119220
