-0.4004080234414586
0.5185362306429890
-0.6248580497624524
0.7936013414136238
1.0302200431024207
-1.9406478049106479
1.1831539232230197
0.0572186246751031
-0.6729417324892586
-0.4684495892092407
0.6469874945385627
-0.8870218523297599
-0.8289732295402410
0.0830084748537040
-0.7038756912428306
0.8899949547741395
-0.4995918446859156
0.4164676254433577
-1.8182101065408245
-1.5893031414439358
-2.1173686420283775
2.2639347022394638
0.4659401297542464
-1.2307799862095563
0.1697226685829055
-0.9601174614763728
0.0231345660065493
0.3705080023356025
-1.1803129179455041
-2.6641753306783138
0.4675007367544145
-0.0801951066672938
0.2116215455865165
0.3501235429591035
0.6759972782417941
0.5517721253783290
0.4871063857523491
0.2385974207600249
1.5220116587742769
-0.0799607241842073
0.6407477855949646
-2.2513402714852906
-0.8997669948373117
1.0816937040731298
-1.1278603098619837
-0.0202337184642461
-1.0078473793117559
1.3280655379012143
-0.2350395857590311
0.6763486049263769
0.7557101733498486
-0.2593261069114512
0.2797594038768528
-0.4970555486838758
-0.4288952874498070
0.8149856900821635
-1.5770866700980750
-0.0826140823841070
-1.7289068472087001
1.9318604444086724
-0.0379230109838096
-1.5349364781237087
-0.1279980047200852
1.3840439596805414
0.4428426657490688
-0.5139337795368615
-0.6493732605702858
-1.1476770874687010
-0.9596009202813646
-0.0315036326034042
0.2655882606918694
-1.9841653406637392
0.3451203114987992
-1.0811459021488938
0.6189905604500543
0.4952569622307279
1.1591441815185570
0.4609849708998794
0.2486792745958091
0.8604965237413389
-1.5219707613859237
-0.3617094355392045
-1.0211271796847137
-0.8560369529604097
1.2197699530508479
0.2002955377776509
0.9494882348170600
0.3357854840665929
-0.8842820157872393
-0.4901601566431875
0.2772741667018325
-0.1679148335668016
-1.5770938385506443
-0.4916614571520078
1.1605127971724984
-0.9119069812144061
-0.4893975415023887
0.5754865616682473
-0.3544048093263770
-2.5248512929004510
-0.0426614420244110
-0.8397466204768579
-0.2094242840654672
0.6527787711602573
-0.1432336717551758
-0.9845626215113619
0.5888397105833587
0.4479252429660071
-0.7092037577920721
0.1820766011950929
0.8380243234753031
0.2914299024683927
0.0964426225213466
0.9426050666827491
-0.5128185776971708
-1.4441940719216417
-0.7420086904961587
0.0484463205867856
0.2419684860535289
0.3433188308948948
0.0179307426276165
-0.5371007151914089
-0.3280591199044174
0.6153715816766183
-0.7519528218865770
2.0794161953483723
-1.8909466485852267
-0.7071765644226903
-1.3492201975770446
0.0220087968992158
0.7828960768130092
-1.3476895285847432
0.4159809776301885
-1.2524231814193671
-0.6318062435315972
-0.1404820057467160
-0.2084554820944770
-0.0597009157741341
0.0308339096691854
-0.5733669992623495
-0.9155470136908643
0.5985358222881902
0.8418409568770208
-1.6229692305858259
-0.9227843001113601
1.2974044967835090
0.0030303575703709
-0.2624958173300262
0.0085366291490815
0.9087577477738934
2.6944504768711592
0.8110984402519271
0.2880989567271565
-0.2956600220729838
1.8283478642264563
0.1492837089734528
-0.4010599215337837
-0.1648207808305790
1.1375553482859919
1.1591020016203830
-1.3339164167020230
2.7791170420298417
1.0307560242393656
-1.2808981231493615
-0.2255620534381954
-0.6227656888843964
-0.1378055284530296
0.4414790039553211
0.0757497205521563
0.0217552040630369
-0.2197229566909038
-1.2848364217104042
-1.5077667774946719
-0.0627149472018879
-0.2341209776186181
0.9035206034918339
1.0430981688585204
-0.2550131608262354
-0.3056900715546057
-0.8628715032046025
-0.3535847856528253
-1.5408182124561556
0.4985607185378987
0.3536405165796634
2.2589587478468602
0.0733266841842713
1.4606439348514249
0.0034033216511841
1.6562429870141251
0.9505856546507678
0.2356997475113094
1.1812411732216717
0.7392143227494707
1.4610991867145753
-1.2686882596886733
-0.7848681059700451
0.6142513743113254
1.4443908329632515
-0.5486715532229387
-1.0278627856086449
0.2895012581533640
0.5148544319332456
-1.4050614999134927
-0.1381284754305656
0.0762763030739673
-0.4680618169584806
-0.0163397709385064
-0.1617888932565124
0.2690349348343860
0.3442175817482743
-0.5792729672725014
1.5278617846615958
-2.6862107552440135
-0.6482420317521401
-0.2253386814523372
1.5904258945106380
1.0646098377806328
-1.6567741512782503
0.8390928806224400
-0.1818046681228325
0.5322980829067054
-1.1740761002762852
1.0116156699538192
-0.3948948449536204
1.4863785479936620
-0.1013845409923675
-1.7565573200276845
0.0210809705760535
-0.7737238582326434
-0.9053449017434738
0.3577875477380792
0.6583097236973320
1.5266606848686808
0.3456725057946641
-1.7220464903118140
-1.0468627177611043
0.0545694813526521
-2.9539521321225828
-0.0495157912232729
0.6648284422839302
-0.8316198296028814
1.2841363058469275
0.1826720667387275
1.4056648750932477
-0.9017956833824163
-0.8485441300652591
0.7592032019074871
0.4635844194810811
0.5844131151694538
0.1637730737499788
-0.1137284984103091
0.6140241167487606
0.1212320694361215
-1.1178144922722335
-0.9194965248977988
1.1253471628873986
-2.2712161434978229
0.2420917263759619
-1.1937706824818961
0.4631037988441665
0.6133692997938233
0.6004653809213791
1.7121525797868602
-0.4569925620237138
0.8258668068959454
0.2492792285176333
1.2097229661044047
0.8226213600422149
0.0697108785874141
-0.6432830306544444
0.6723773394147217
0.6472542571876292
-0.0273358781599966
0.6901781588069978
1.5959434699069528
0.4794328380100008
-1.6281340700697864
0.9957306715208655
0.6088863730743613
0.5202533819729173
-0.1129110762178178
1.9148101512077027
-0.4636433484644517
1.0997706778756442
0.1002703542323525
-1.2250247614295446
-1.1487284469175600
1.9039243706567661
-0.8333208416131127
0.1873624616504574
0.5646737704549308
-0.8866409991068561
-1.3552471856357950
-2.2002563392805641
-0.6164610008737308
-1.6174660338735536
0.4446104597706345
-1.1956133268174067
1.5190455994478558
-0.6909146232653851
0.8755937876950823
-0.5199452043780070
2.1295697160473721
-0.5786856237058121
0.4860774591800825
-2.1553031724096479
0.4314935797882337
0.0915366435807430
0.7290556805026697
-0.9300778676904023
-0.6123931941551798
-1.2124698949815125
-0.0419585758210455
0.6944349242126417
2.1681109508693575
0.9958486757477005
-0.2482701365927490
-1.1081099222009552
0.0155423706684295
0.7536406173029211
0.3044904935931697
-0.3458624428355563
0.6589891301753960
-0.4662194589325340
-1.4643034045168628
-1.0653323299748165
-1.0773433679737530
-1.3938301806280042
-0.6567379758791497
-0.2022231508929180
0.4358092324972311
-0.0822951087066957
0.6819953082815948
-0.2925656588279021
-0.8288085707795309
-0.4244781531871584
1.0997845920226812
0.7242678953052117
1.4438861034469823
-0.9648136890134840
1.0508710267731476
-0.4442944756769285
-2.0122926942887065
-1.4740342732803378
-1.3077759952152941
1.9892444258390118
1.3912673551194539
0.2314238856684734
1.4385055805042295
-0.2128084342457200
0.3041624540478448
-0.9684673213288953
-0.3916686872780545
-1.0798567601471949
-0.1695558846686728
-0.9041226405221794
-1.4005421737700747
1.7124287652795893
-0.4470338881171655
-0.3521718312033509
1.7874460441005988
0.2845414457087188
-1.3627721696575621
0.5497474886410274
-0.5189071075747027
-0.9104542999543224
-0.9783729100497410
0.0275237981406957
-0.0340359179218536
0.5811968162074089
0.1286230544069192
-0.2827396756950522
0.5766386085940524
-0.2941203103373374
-1.0984114663524251
-1.5400886812232872
0.0784060821251414
-0.0241924898437663
1.7117189326206854
1.2026338054812447
-0.3891424402558739
-2.0376940623620090
0.3105337722650476
-0.1739133623577125
0.0087950184386273
-0.5245724750763275
0.4130476652714291
-0.3300675540554577
-1.4455163000689133
-1.1427264712662828
0.8229645183861185
-0.5580766110637687
-0.9306719696885326
-1.7013010109786064
-1.7844734613686930
0.9692413766655077
-0.5583815438929911
0.2202549694275505
-1.1693039734570645
-0.2037634661832908
-0.8931206214651727
-0.2328032607741695
-0.1078838990109800
-1.4778649317786081
-0.1566657697362355
0.5057565724722842
-0.3499332371405580
-1.3032387766364055
1.2472366977200939
1.0549186936617743
0.0763429159452668
-2.1552520229074421
0.6702501329702634
-0.9184075056418014
-1.2076906234168387
1.5458362576348192
-1.1993138902218907
1.5574195759581200
0.5609890548232269
0.3309773363170102
-0.8828324408795857
0.2766175924051267
0.2872196177001808
1.6559587618890252
-0.4006494056598813
-0.6191002184757060
-1.8320207220466325
-1.1924257223143242
0.0407166158403896
1.2426308541451967
0.5746482195545640
1.1380497294514980
0.4054844374750834
-1.2735903716966517
0.1669040300867728
-1.2221308672638096
-1.0357077131993098
-1.5394695261909377
-0.9592622521210138
-1.4767797809289918
-0.1450653772378587
-0.0839369600772983
0.6714793214882165
2.2010109765494512
0.6675633365420871
0.6110787340697010
0.3826074396985024
-1.3412578704675413
0.6384190321084954
-1.7126881381834818
0.2908724565705906
0.7247851316824964
0.3190758374993254
-0.6072327371571414
-0.0358214173116759
-0.8312680165099625
-0.2061607146109717
0.3728956425575656
0.1482402350842671
-0.0410538312204474
-0.3753501084399753
1.8323979156441825
2.1662871582105412
0.6095053017486657
-0.9365844041501363
1.3065363522356959
-0.3037410598044749
0.7105411390300373
0.5315979179365136
0.4501124328329657
-0.8865421054695595
0.2395306169620604
-2.1110794943100464
-1.8477043233250454
-1.3401181751658164
1.5249471353758159
1.4576224453213626
-0.2091930683199167
-1.5516806918778521
1.2172692142002528
0.0694637965670315
-0.6031471984014383
-1.5740336773402241
0.0209157220462082
0.7550876523557163
0.7153332059833583
0.5885153643636374
-1.2264161864570013
-0.1632854767000180
-2.5865865034623479
3.1062162914520814
0.7126802108620763
1.0015299017660138
-0.7678296508649416
-0.8059316899581908
-0.1854274714867254
1.6424920174153523
-1.7408805651409049
0.0635410449219835
-0.0471994494593176
0.7633154111446732
-0.1005489248251149
0.2594571216563265
1.5182269082982398
1.0078829971471097
-0.5065246621679870
-1.3079052212397240
-0.1526758396642418
1.0888445605846089
-0.6198967678463335
-0.5765191490860231
0.4529566359859990
1.5705304235568029
-1.7440355624189683
-1.9333500755614317
0.5600727994499590
-0.6556097167113215
0.3269125917416866
-0.0815776482506191
-1.4481273522169742
0.0776623062537021
-1.2384042503344719
-0.5103647976111753
0.0095956432341549
1.4181271308783465
0.2521818920374566
-1.2460872375465928
-0.6388392694864652
1.7706851445287359
-0.9722595575653541
1.2593825043042919
-0.1636423479288521
-0.3979219934025764
1.0468862698848622
-1.5958176262631545
-0.1602911870316086
-1.5929035839805701
-0.7977009720482002
0.5504457421485928
-0.1036380888215308
0.9203967548078895
0.5582696390009290
-0.6079438729965653
0.7964533939428705
-0.9850685372357169
0.6893789036988983
0.6556085734865256
1.5592351412330743
0.2569425835809093
-0.5508392951286968
1.1706898016025749
2.2937315275394430
-0.0627341647878667
-0.3801221114811507
-0.2934611350890214
0.9671332215207756
-0.0323982481845867
0.4102114982038044
1.2133286349787005
0.6074934416192403
-0.0434174653786835
-0.5394143649484547
2.0300017835771591
-0.8999323732441264
1.0229997633612244
-0.3140285394866173
1.1127333278275682
0.8143201685289165
0.8399845260812477
-1.3371978084435352
1.0163299935476167
0.4959568601178511
-0.0534095617451456
0.4874494952949981
0.0561374040030931
-0.8092636546480916
0.3006745283981075
3.6302662617365677
0.6599456707490813
0.0675000790899771
0.7058795546463287
0.8494867174356450
0.5803927968515352
-0.8055085235345705
0.1597870164565879
-0.7935116073346751
1.8675621320902276
0.6535528977263372
-0.6491549714656678
1.1535111712703716
-0.3151737880531034
0.9406827478836582
-0.2008751513715265
0.6840825979422493
-1.3576048774670000
-1.2706630296854009
0.7107772233078866
2.7172769691939140
0.4828910662773963
-1.3272024468530847
0.6786843383116037
-1.1706446988919956
-1.2049428278293313
-0.0699969573600946
0.3918755929692885
-0.7199970208312878
1.0400392968662275
-0.7349610307332998
0.3767712200235769
0.2569772504884521
-0.5048660158275008
-0.0989270917697957
2.4624335592333293
-0.4225718465149977
-1.4201844296136754
-1.0158026088343723
1.0047829049509471
0.3612058937609705
-1.6969432782467788
-0.2066609217149068
-0.2167157069076471
-0.5122641705830330
1.8578418376148351
0.9343699263845426
0.1268538868941286
-1.2615694314106010
0.2612187330433344
-0.2252528261042899
-0.6318087267704783
0.8790132592099014
1.4340995752951791
-1.0826567156239555
-0.3826705297965454
0.7996826141414970
-1.1262401742711077
0.0582433632023030
1.5511818550068632
-0.9241853176941174
0.0053669495782891
-0.4206400009373762
-0.4004780391711414
-0.5481629541383802
-1.2399266617385989
0.7170207117269543
-1.4691050888477117
0.9226748957308527
0.0071650284193714
-0.8051052638385505
1.8021020455743193
0.6795308044409136
-0.0943425131722608
-0.8647976060998375
3.0090797096797748
2.3176800838019989
1.7891456439727789
2.0342209368426625
-0.8707353824844754
0.0293621847523391
0.1093394849652906
0.5927365222453490
-0.7212653302361371
-1.3897863677178264
-0.0515140165564595
0.7277835736479874
0.1261622621594480
-0.6198586716307171
0.5121573151241984
-0.6388401390780838
1.1815550110180999
-0.0240711901911145
0.8609053869111343
-0.8160514834647818
-0.6784714466278524
-0.4950485981546537
0.2108222543812741
0.4924076937907567
0.8015551235123599
-0.2287299757426113
1.9950666903512304
-0.4102028921361575
-0.6789187945343874
-0.1705457087684558
0.7831161696266554
-0.6375856857125332
-0.3438438639152943
-1.0728769907709430
1.4693265277373380
1.6849525012785642
0.1036112110675201
0.0858411580943590
0.5003893176128100
0.8370831292864700
-0.7739430381633059
-0.6579000921213399
-1.0378620785872625
-0.1555100606037231
-0.1931238343596262
0.6296046812661010
0.4495419190274171
0.0261141260357296
-0.3684488105357359
-0.0180728840157677
0.6769474885145663
-0.7463973183517930
0.6901000569667148
-0.8436788236099044
-0.0562674108879781
-0.3937601272410054
0.5237355898118854
-0.9397809611069097
-0.8154907571960418
1.7368250208917579
-0.6192101163068444
1.8865523427103210
1.1418154524239448
-0.0006641681043297
2.0943308776238578
2.2774783374715981
0.4686364582540107
0.4822603324547060
1.3769208084017008
0.7818686530900705
-0.5881226975237912
1.1083798023606526
0.1344219791271445
1.2386829579970258
-0.7644082692261760
1.1904357781078547
0.7875656694333547
-0.1886697111690358
-1.3322450026600490
-1.0832538240860878
0.0011032675829866
0.5660471144234726
-0.8250702476321264
1.1792262690646214
-0.6405880203598747
-0.0229406039948832
0.2925986328994405
-0.5943626257254063
0.7642019065546862
-1.1278270966199506
-0.3725084990257946
-2.7532482008849106
-1.4338033373616830
-2.2165825540852282
0.0690225051885317
-0.1575688392019656
-0.4906027995592907
-1.3765137513187844
2.0735139077181715
-1.7188560679027061
1.0451131698807647
-1.5958986073154502
-0.4589040336536093
-0.5539339280717618
1.7574905328628747
-1.2863556013292017
-1.7088657772676241
-1.1010494380821376
-0.7860346390180483
1.4174647249985024
-0.0615879598362595
1.2915626277926329
0.2751471695672880
-0.5915264467888530
0.1041641544178429
1.1086406082998170
-1.2007314783022316
-0.7133248668744742
1.2639902972027695
0.0915112858578692
-1.9690162324096303
-1.2117639832338081
0.4436710797494148
-0.8857240015442812
1.9513666939222447
-0.0668079217635109
-0.9801606689713318
-1.0431375086356753
-0.1687503334911635
-0.6241914514879348
-0.1638609632408806
0.5129537745088716
0.1232679230109091
0.7509716747607401
-0.7950757990780519
-0.1506326283592423
-0.9156917351142462
-0.5436469308850416
-0.8783521935159363
-1.0176901152328102
-1.8895938868750486
-0.9498419248976668
0.6734293715175336
2.5107911858133236
-0.0866077675007970
-0.9583314745419587
0.0671170750003763
-0.8781141348760472
-1.1652125608188810
-0.9884265993335156
1.0394704928500202
1.1696142267706637
-0.7205993491140551
-0.7822868072075679
-0.2788332684770682
-1.3362171791607398
-0.2013464958340393
0.5293223525866472
-0.8102119913349466
-0.0576424140599130
-0.9858577665071960
-1.2522626726176722
0.7190215380140991
-2.1356595387857746
-0.6996265866563495
0.2516345283690040
0.1694512907344771
-0.5101116284949457
0.0068114803191286
0.7349070705621611
0.2175559599521305
-1.7172786156960074
-0.0670080961569800
0.3943861254947592
-1.4126529713719902
-0.1038708593192523
-0.1632887952373807
1.7959791901223601
0.1498455337137282
0.8664948353309025
0.5751115186045367
-0.0841653423678411
0.4270513225423549
0.1231029377015321
-1.0362272749106856
-0.4363971057684209
-1.0160456655541801
-1.4722456823517938
-0.7974744885723928
-1.6933995340448649
1.8343981817319717
-0.1376197339844229
-0.0306423792680514
0.4464658955952487
0.4771336347283267
-0.0082127320123942
-0.5516024398276410
-0.1290735078276493
-2.2962957564259350
0.4939562561124976
0.6444651022401942
1.5005111060276541
1.1581234345809808
1.2530576194259377
-0.8058432657243745
-0.2224907269681367
-0.4277814112667914
-0.9499626733571150
-1.1548377124469038
0.0526572346634872
-0.2062086138593566
0.2295038245622909
-0.3058454836536309
1.4355345311496654
0.8980940083529165
1.5983904073557715
-0.7904958473168602
-0.0296293618986637
1.2800017494230616
-0.1180994013477478
-0.7313036522868029
-0.1258898834760434
0.5010937807543383
0.0701752963218033
0.3438240992543291
0.2872306811939394
0.1440795150650708
0.3775797009142483
-1.0069084335206457
-1.9976767494233181
-2.1746026565286378
-1.6740452303139819
-1.5671630744402247
0.8168638998998857
1.4956464223171739
0.4933275059455753
2.0925406566509288
0.2284810925721073
-0.3784277368537614
-0.0426587166463550
0.9381299473094052
0.3598150870670165
1.3607555278970309
1.9800831034051889
-1.1239832965818275
-1.2316049310401174
-0.1782357998198747
-0.7214307791955985
-0.5269354966561023
-1.8647468123062418
1.5103248305540118
-0.3916697251838439
0.7792714156297212
0.1480257606337092
-0.5520572162314539
-0.7204349349957136
-0.8242560248543394
-0.5267844865631593
1.3207162193308892
-0.5357672585088337
1.8948565806012687
-0.9572493341538322
0.9857291196298921
0.0328354500944570
1.8333998885373326
0.4426194057594082
1.0244702967077244
-0.1691999872898107
-0.2258164480976765
0.8735108872367285
-0.6333192545199524
1.5903526734411786
-0.7355904831587543
-0.2084913972717124
0.7788532047852175
1.0086115628807391
-0.2498144854624719
-1.1822927701827568
-0.2854236507675484
0.2637446551282231
-0.6612728169460775
0.4123772071575810
2.4033584713670377
-0.3507110817214215
-0.5566120180310472
-0.4540568448829391
0.3511590241582927
0.1418281790567257
-0.0627855134533679
0.3470815015287231
-1.8442960163037014
-0.6928746014319646
0.3669558982582876
1.2575420504130930
0.9782990572317967
-0.4591644325160366
0.5541797961469326
0.5089359886638520
0.5537930787167097
0.1991116946075448
0.8268659156234739
-0.3864598875790976
-2.8544945814875775
-1.4984714361197233
0.0764530571745669
1.3689539760021239
0.8596408177438083
-0.0129503481040282
0.3684551708929090
-0.8910966359774859
1.8412733988136927
0.3732806593220642
0.0118277565421831
-0.3606848555880288
1.6293432312589993
1.1496314332050153
-0.2427557027348451
-0.6179638902026926
0.5725356001961371
-1.3117775599993717
-0.3736182562305696
-1.8259055487024423
0.7226823437599741
-0.9907512961781880
-1.1744654659559528
0.0068027447291648
-1.9816489600217511
-1.3496315605754805
0.3614688222801419
0.7624542090814552
-1.1895782816288014
0.2955934889220171
0.5275732354234878
1.1777092351001981
0.4660118602531213
-2.4314251625993069
-1.2816868434685211
0.6645281166212884
-2.0564588212063057
-0.8945064871708921
-0.0676253912679734
1.0960935488740271
-0.0109097753271258
0.3514359871288448
0.6731499731541521
-0.2169127362053879
-0.0220288262710510
-2.0710321540347358
