-0.2959858427630402
1.7011322865165666
1.6557225312705071
0.4044629794742536
-0.5213979655499310
0.5142960210871619
1.6156341055400338
-1.1948990582413206
-1.3030690546491144
-1.0854820452519343
0.3114602991308154
-1.0715237933314095
1.4986638077329237
-0.6002461223390060
-0.3651347273256503
0.7664000068974824
-0.4880783179245254
-2.2038504407949482
2.3711507603533892
-0.0193348219419915
-1.7915860572396864
0.3170616713366785
-1.5684925936112126
2.1709250281796222
-0.5129488677698537
-0.2530378105104945
-0.4217375422388430
-1.1168749252610521
-0.7100576309473394
-2.2492692673884465
-0.0889693703358920
1.0737471603821334
-0.7565974697576366
-2.3642244645677772
0.7587383139224034
-0.6698193877749805
-0.0898497185812121
0.6647108835208745
-0.9360965214013754
0.8574769421159375
0.2882536247029366
-1.3269618756195987
-1.4780389274932080
-0.4396770904388342
0.8592827854146333
1.1667800747591661
2.1006388307758814
0.5043139703112671
0.0916035384753374
0.1500336750533626
0.0724263912975013
1.0170302181827253
2.1063528240118128
0.0333003609986262
-1.5657101969810017
0.7131341088632502
0.1872298455668270
0.6557391028165740
-0.7221269819064579
-0.7866226033438857
0.1966363554635321
0.4205452755598357
0.1157246161808062
-0.1318301549209352
2.1642263754587954
0.4905237834027085
0.6248708578854187
-0.6525956766988728
1.3619246680480395
0.3170554281611899
-0.3290246698120624
2.0728909507685902
-0.7069694776681319
-0.5790364345832133
-0.2646525474154601
-0.5369809107664527
-0.2863749526251571
1.7143300903328793
0.8590928550284054
-0.6865410876031184
0.6832357032504992
-0.7672862458559053
0.8363180280212712
0.2181817094342842
0.2574080272009623
2.3677491014148599
-0.9907598469453827
-2.7373309251816567
-0.4925660078039754
-1.4062848029536377
-0.9326459443368904
2.0174378103013009
-1.2138818736646113
-0.7063382562014773
-0.0813200398583329
0.8395078389233593
-1.6429206917777555
1.2292667129677524
-1.0761287595815932
0.2341847949245353
1.0979626392612727
2.0289316260218846
-0.7751694909718150
1.9456877412566407
0.3915057686847775
-1.1348244761286130
-1.9633817397659321
-1.5013911123902162
1.0230198668495849
0.4124235406287239
-1.5619633492015481
1.5724725553241874
-0.5552252443233218
1.0905776233451381
-0.9983956064519349
-2.9337253845663946
0.5293307605862171
1.6950159985337032
1.2990873856942926
-0.9206589628499747
-2.0496061010925875
-0.8580757651740825
2.1735357773707631
0.7107377574832578
0.3776506009034212
-0.0421356694768295
-0.1824815485661771
0.2609260273387998
0.1163477242380307
2.2374727454877243
0.5694571656963159
0.6734078240588147
-0.6118140406381947
1.4378404504032505
0.8511048035736944
0.5526120733974791
1.1459052637481242
-2.3459413297734981
0.9959903416782663
0.0362388452065600
1.1498356250548531
0.2156538207558816
0.5751888068806567
1.7091977523203694
-1.4606617904774573
0.8793857717121615
0.2582801806920771
0.7662179161819351
-0.5204690821495912
-0.6877202914166400
3.2668282987726309
-0.2448882011780051
-1.2795403023222629
0.6578216030173832
0.6832594993426527
0.2525453757810889
0.2169244447679993
0.3018742826819584
2.1896971883395375
-1.0242505290199788
0.7567577687385193
-1.1821413152116960
1.4049675622218307
-0.0995331756215622
-1.3669375459582151
-0.6918832579813345
0.4108633532821930
0.3035256934575720
-0.0847985153169915
0.1502063920502225
2.0690915344372005
-0.2729321440073419
-0.2778936833378448
-0.2422024015500852
1.4359023937042907
0.3612339982339584
2.1648750946487665
0.1937595503958271
0.7310699701251513
-1.1042212207293645
-0.0456547916880418
-0.0810347361984911
-0.1285183881355892
-0.1547398535317247
-0.9542240580955472
1.0750180293304488
0.5604291820474370
-1.5714261948569379
0.0077748024536002
-1.8040650114673991
-0.1873040996688081
-0.6077011512959707
1.1935958208993254
-0.2631355839503293
-0.2704548954549802
-0.4203496057495658
-0.7809632458187836
-0.6189467595960561
2.1668868303422943
0.9626970721014273
0.0406584944956993
0.0453172536584246
-0.1190519275967521
-1.6797569676204323
-0.1412778202627701
-0.4885600400991968
-0.0134596055392040
1.0307606075981024
-0.8722956806986282
-1.7352724237124941
0.8118716523872093
0.2127232578805841
-0.1077600076686605
0.8615318329637175
-0.0771890409652115
0.7777875297912381
0.0328854002247505
2.0072848294647376
0.9589023062440887
-1.9700194092056353
-0.8004648747751359
1.2650086521544233
0.2569600229179543
-0.3206616446420171
-0.0398731955738754
-0.4793863668348269
-0.3818891712576419
-0.2763849348277534
-1.1004009986113485
-0.3234838162102428
-2.9612905371946838
-0.2048468714719925
0.1876897591407588
-0.1567116083551288
0.0270895622584158
0.0320517447718823
-0.5771953882833838
-1.0945755513758024
-0.2700449632628604
-2.1413128765520275
2.5750983703213075
0.8976052937002383
-3.1282521641285732
0.6293195901989119
-1.9878135801389651
0.3488522516093737
-0.9571410054928763
-0.0814982093555095
-0.4304410740372289
-1.0462680287897141
0.6120367169869657
1.4962556640423874
0.1061709594667847
-0.2891807320512490
-3.5040057470631116
0.4759739685878839
1.9355557924033175
1.1275290969883036
-2.8482780850105707
0.6826115550558008
0.9537337341049684
0.5634324587845776
-0.5376918843682756
-1.3185218310230253
0.2105857040506092
-0.4968832943708530
-0.3953875181514055
-0.3412111164772066
1.2334463209580513
-1.8996905855059261
-1.0657332451634101
-0.2672610490284807
0.2220453654340875
0.8773632291875720
-0.4238592473107264
0.0460575160431992
1.0721655178796246
0.7925671119252011
0.3231138837715799
-0.1099276165020972
-0.8531875494614042
0.2381406419933728
0.5057739236285612
1.4229634964555686
-0.2781547718402427
-0.4010911060140259
0.0699502478851388
0.4977898185112959
-0.4797110974027885
0.4620922615099234
-0.0273659626322648
0.5217066528598375
0.0916758567472491
0.9135335821382826
0.1458718723280023
0.5740679254065004
0.6843977958800443
-0.6752639822262988
0.3199878021647768
0.2238170780115182
-0.2891238703153694
-0.7871657554198029
0.0742660856325903
-0.3465847626559816
-0.2052760739850425
-1.1209053327900309
-2.5913701339639603
-1.5018782838064282
0.5775065678550662
0.7801152422684073
0.6624180618326655
0.1274828065964934
-0.3600162578944167
-0.5321601267436031
0.3113867988219809
-0.7240040634317709
-2.1709219228739594
0.9070713094279617
-0.7265018018413413
-0.7108071511599955
-0.0444972903775132
-0.8727844588370116
1.1014660826583678
-1.9619842978840831
0.1445134747154500
-0.1038345003733593
-0.8283663339199894
-0.4424838750451678
1.2118250157340216
1.7606585164054775
-0.0016173776169760
-1.1813559771348849
-0.0620691168713525
1.7174309562716670
-0.9154907200734961
-1.3382757756591721
-0.7074796574408380
-0.5624411645029486
-0.3597650013841108
-0.6136162852061559
-2.0692007298812127
-1.2620857187638139
-1.5345816310885281
-2.0229628830380459
-2.5397231170269583
-0.7270365590251968
1.1388077524732843
-2.5051423798056676
-0.6317233587811396
1.9494424181404770
-1.6970167397473224
-0.3564649295053230
0.9157994114209369
0.7838799143533329
-0.6987329584103306
1.4670190858068737
-1.8397008909386459
0.7792151797303197
-0.4454934343750920
1.7015193474943517
-0.3967328185378202
-2.0652585990926404
1.0689559430482751
-1.9481621529630437
-1.2530569388532018
0.2243395526337569
0.1195901000401268
0.8071052196921421
-0.2575086310218415
-0.2670617967977236
0.1391896411791658
0.1346246593536837
-0.0358977500897766
-0.3636999253467024
0.6392976351134645
-0.9919947006721456
-0.1054916429365833
-0.4206493119314673
0.4733931151259766
0.1083823309376608
0.4696264273660079
-0.8901580056617370
-0.6206583279975821
0.5074450103247011
-0.7191062159615591
-0.2863469531146561
-0.9100804597923878
-1.6467853513038679
-0.2878428452705090
1.3930287329073874
0.6892522935372868
-3.1951416924990821
1.0457121112414436
0.0080770084847659
0.0816877826140835
-0.5083151523793776
0.8436562630103148
2.2450432143307193
0.2544762191428914
-1.9299911086670039
-1.1495291229499029
-0.1669711390977134
0.9111570503899880
0.3352602567449579
-0.3995550522988628
-0.8482699979112616
-0.3606324989220503
0.0801912205848539
0.6881106007153597
0.9155243005502322
-1.0664907719619496
1.2744922829263710
1.2573986768967682
-0.5907218959120204
1.2977014833434799
-0.6494441923021109
-1.5137678902825185
-0.3396674860132286
-0.4629448681505625
1.5610063226254394
-0.7838603212166029
-1.6172184920935684
-0.2614130105174349
-1.4545950244456609
-1.1162338148164068
0.5273483448674400
1.0241568140401804
1.6382607533918154
0.9001572014522070
1.3295273555529676
0.6017019703509746
0.6417920215555760
2.8396656706492958
1.4303131059589842
1.1534908237122445
-2.2523954838360387
-1.5664308520906804
0.8017017512363747
0.4998535647705916
-1.2071387516398624
-1.0450389857230504
0.1982728990901098
-0.1790623767508658
-0.4013441299354782
0.3300316249713132
-2.0954687125920755
1.1072374025095395
-1.0235473514866158
-0.4338238031406082
-1.0639659215406543
-0.4065343738010901
0.5095135753926880
0.2951702938016154
-0.2737389958416003
-0.2794655805707215
-0.5821081078610200
0.2015555620826946
0.6779471531867743
0.4038433420313687
0.0799317543447094
-0.8938707594612564
-2.0464788531937836
-1.5263753385485375
-0.7603580491705506
-0.7208277464279447
0.8357228674435215
-0.9411194936544124
-0.6350442774868612
-1.3490106598546339
-0.5663164804433913
-2.9785401971258314
-1.7134025631735366
1.6983810240388064
-0.7300644856914368
-0.7536366258894345
-0.0929097970717596
-1.4923480925655999
-0.2362694174458333
0.2172032488597117
-0.4633803519171497
0.5573565318101795
0.6543390389260665
-0.0282543704924383
0.1655440141125760
0.4335155101321304
2.2501683781682518
1.3371542841067998
-0.7561581560754252
-2.4349419360888929
-0.8386773490693379
-0.2127139305608214
0.4102478267033638
0.1790640720288631
0.5510188409947490
-0.1781264865013902
0.6336710616635431
-0.8649119184641789
2.4139711608705401
-0.7692088057865739
0.6191470822521999
0.7375358165454893
-0.5301463476237853
-1.2176845636025799
-0.6329355296505529
1.4462823362804080
-0.8894474107945844
-1.0830185502655991
0.7288532229889042
0.1274735882377419
-2.0642559845070632
1.1248426584673752
1.5300849422926048
-1.8420088428753980
-1.7769045027230546
0.0444687590922062
-0.2147343364341772
0.3651456571869419
-1.1209704728274570
-0.2033975636527354
0.1096756717787473
0.5413038222404163
-0.2157605417980582
-0.0767295453817055
-0.1608034979259762
0.5288490000417088
0.2319087126496869
-0.8267511379223409
1.6397513990856774
-1.8099359229271268
-0.1318087429117393
0.2786251876828129
-0.6365902042384176
0.7066096946970142
-0.1587569837693341
0.1247077291022593
-1.0302839558395782
0.3273493227164652
0.5678719747460080
-0.4750403435413887
1.2826123388089077
0.3118852430541523
-0.0886995580647224
-2.1145966664842026
0.8290225472672175
-2.3333619764111022
0.1401311218422389
-1.0558477482689019
-1.9238139021249270
-0.2008342873648669
0.9040513992194148
-0.3797105112019890
-0.8000159029547634
-0.8771816492499913
-0.5638123142239981
0.3136766244708820
-2.1388553924442730
-1.1312863092398771
-0.5261830680633552
-0.9878469333910629
-1.8978022523499598
1.8574233079496985
-0.2412350068671517
-1.3962563201576028
-0.7116726116054463
0.4716270292183490
-1.9954450420684773
1.6984210710912879
-0.0372394093677628
0.7127249018514792
1.1087632711855586
-0.7920201118987727
-1.1485394603957553
1.5623310175813230
0.7496984003750450
2.1563413155833957
-0.6017549286502101
-0.2735692237890392
-0.8045413959324954
0.1973622730364323
-0.0102015961885034
0.4273060551761683
-0.8194459462038681
-0.0730383009150499
-0.7776255096346772
1.5977293577158302
-1.0802898869361997
1.1165921524412692
-0.1228607911718260
-2.1498321595335210
0.8789684755384919
-0.6407273226331773
0.0098376160213728
-0.7392680644683169
0.3664576204691086
0.1506375611663527
0.9120958160825346
0.0344975983300487
1.0126467102525665
-0.4257807347170607
0.1230358795944142
-0.4283871344995271
1.7489296052576260
-0.5273240379244947
-0.3961792776444923
0.0224818698812047
0.1273150973271588
-0.7009689940744538
-0.0668157221643640
0.7159910379826013
-0.6950449454024941
0.7415492673355965
1.5186160148791013
-0.4524659339970595
0.2113378856366073
-2.1981211814074189
-0.6808002073166415
-0.4370276900508323
-0.5232489983590991
1.1524255533861383
0.1765506185660269
0.1563139074719889
-0.5636651712396888
0.0696417914761367
1.4092604749337576
-0.6142707359090948
-1.4685334085520350
1.3710383488268150
-0.6201461993888758
-0.7979205512268465
1.6030871461582972
-0.0573767594266583
-0.5526606860739012
0.9245178657320232
-1.1250524037509537
0.2398449548686427
-0.6427409823091137
0.4785414668381947
0.0121473526703995
1.2065164766987404
-0.4040710396584285
0.1354824511359399
-2.9911269826575513
0.0088661588254955
1.1278962707157238
-0.1823247986045705
1.6525667346821411
-3.1701774815332686
-0.5096032705538385
0.9807973446740380
-0.5010320176013779
0.4985655701879856
-2.2360428550666462
1.5788969455998092
1.0418851501698769
-0.5301838654346378
2.1598009131979516
-0.5663766937049121
-0.5486122273080696
-0.2024957246900045
0.6401937923204991
-1.0848370905889284
-0.8705186614353011
-0.1582325406673949
0.5890933492562020
-1.1955218220582895
0.7141913370014210
2.6254258893579285
-0.9439298774782973
0.5042910993538527
-0.0762169310836049
-1.6834252897175070
1.6657437544425839
-0.2919138004181395
-0.1523824064750255
-1.0599302325169364
-0.1511351841685123
-0.9318668117478159
0.5229229379138318
0.2505380665971767
-0.9341437055675887
1.5704893944705274
0.5447052884310951
-1.8551759542914530
0.5570417741078849
0.0032535945467268
-0.6243896746705107
-0.7661934216752531
1.0479107155761218
0.1118232291626682
-2.1773181461707942
-0.2621010285695063
-0.8209776961080215
0.9353769892003783
0.1785815175277649
-2.4493753370145126
0.2679784594920312
1.3222432456066429
-1.0442314315756616
0.3071621758560823
-0.1106230108668877
1.0910721025481627
1.3224378849694733
0.1661389107260073
0.4523715008445506
1.1413675068400500
2.0887965308299878
-0.0304869231701284
-0.7264881831476006
-0.1942489673657835
2.1632203206495966
-1.1009516070416223
-1.1584630247786427
0.8385727540148608
-2.7079978328702028
-0.6914144360269013
1.5963239113200942
-0.7347984765876270
-0.1652080585171125
-1.6757156045121335
-0.0231183774239043
0.6551426009869437
-2.0439843070222823
0.1363928966261391
0.2045830720755684
-0.7978247040810280
-0.9994400388562358
-1.8814459677923685
-1.2740895939684078
0.5279337367344875
0.0250273946417101
0.6789322859693347
-1.0738828776586888
-0.4372136858409876
-0.6895550030095461
-1.3881050402172537
0.2461849949733774
-1.0499297937705581
-0.6431977722239909
0.3783837369342479
-0.9120405678773884
1.2603482362422944
-0.1113572047083214
-0.8284125218652081
-0.4005485966660937
2.0095623798710323
-0.6144386905140189
-0.1189350143718165
-0.8444124960858861
-1.1466539686985551
1.8777859634016281
-0.5010967257993943
-0.6345562158821976
-0.1930964429456981
0.8456464577889506
-0.0635116085224698
0.2753224526417972
-1.1319021653398613
-0.0381746862989579
0.0536366880172162
0.0519195723333641
-0.0889228362408770
-0.9108147341845529
0.0080972625806821
-0.5279445906119000
0.5573560997081561
0.5978953598093835
-0.6063208087465853
-0.0672593797782057
-0.8304649314833652
2.3495883940135429
-2.5380553285418506
-0.0685989049693032
0.3435425874350670
-0.3012933426376995
0.5512370656213720
0.3507023006261313
0.8420643973999745
-0.0436368837513408
1.8405059605076528
-1.9838425877433923
-1.2797360626951129
-0.9667124811525133
-1.9154719412935486
0.5996140724944510
0.3729433616754771
-2.8938761680015048
0.2516815084668630
1.2387946733310444
2.5347798202005500
-0.1992455399018634
0.3347062490196742
0.5740751010875862
0.1182556596764237
1.6081612299315089
-1.5232663810774334
0.1295948847878294
1.1406783795889002
0.3146541719337138
-0.6616728592066270
0.4680894774143452
0.0884435791415825
-0.8725170312724233
-2.0398015736522508
0.3090993568031762
-0.5356502514835058
-1.2563944872709851
-0.4463151652028628
-1.2256443214555388
2.2378971552425617
0.2716031051193340
1.4607650446222822
-0.1084533032280757
1.4100209273631756
-0.1666975606770617
0.8719620918329293
-1.2943580731590016
-1.0491355632732948
-1.6970427189496060
-0.8219988937491740
-0.1532145101490772
1.9191722632158656
0.3292331939877299
-0.8706072933976130
1.1134075019336098
-0.1290568276080347
-1.3515240392561583
-0.7467486340804568
0.6087908054770419
-0.1915132042302435
0.6796547655363603
0.1218933615356366
-0.4444962029558658
-0.1274790472251352
0.3637290025052665
0.7928392548870986
-1.5115614419342804
-0.2174532528915503
-0.1469076445950571
0.1126448761732802
-1.0268952377440719
-0.5861268343843420
-0.6253792184707793
-0.9500970714988733
0.7042601023145008
-0.7245757755490294
0.6164078793548939
0.1928652723118987
-0.9468273904118834
0.1781333215229585
-1.4003526162366349
0.7887442698713455
0.8969673502091864
0.3988725676033147
0.8623357015706051
-0.1666306181706287
-1.4276195708128945
-0.0258295566474923
0.0320316252108069
-0.2159048337438655
-1.3056181203880723
0.7212550376104169
-1.6242798015646180
-0.6316811110374765
-1.7859492493441074
2.0449451421066014
0.2997358960621217
-0.1585637556155937
-2.3472056707307978
2.2903208105870934
-1.3326072428199127
2.3855504487847434
1.6999588250420139
0.3712733981666415
0.4413247223379216
-0.8433269896468640
0.2403070591249928
-0.8231656511086890
-0.9937725854404565
0.1206136630504615
0.1569003880352562
-2.4079512213223375
-0.0235279610621858
-0.3997053727554649
-1.6333664936420142
-1.3392883329222747
-2.1336447232306366
-0.1172532567192422
-0.1654917812103822
1.1617270552205301
1.3132360052670120
-0.1212109139179316
1.1637739393622377
-0.5582998092793638
0.2762250504237255
-0.8913801738689908
0.5460325370839303
0.1014001449364123
0.6875248471771995
-1.3620310413585788
1.8895245271934220
0.4387427584646901
1.4662891388255761
1.1302420744347716
-1.2304147304049897
-0.0794366444560907
0.3981568530832438
-0.6633094379725682
-0.9227050982966802
1.8308488850268225
-0.4247006492054896
-0.2881923146872741
-0.2519026754196243
-1.4722749355081048
0.2692540611674540
0.0375715397869536
-0.2674406325042193
-0.8692189855232171
1.2698010518565168
0.2144628239919728
-0.9353200629076073
-1.7268520636126758
-1.4402617072604482
-0.2950904122804591
0.3996728518308955
0.5675872530717082
1.8664466654254166
0.6691420065924828
-1.4492688987124074
0.2376696628901933
0.1226232786108740
0.2362391435175406
0.6481995252557233
0.4120464436885785
0.6123195973198110
-0.5209941134759722
1.5703528635634043
-0.3254612689163357
1.4072844586515323
0.2233551440209746
-0.4422956680098918
-1.9331575407261903
-2.8682459386584869
-0.5258857360749128
-0.0085341986545634
1.1285654103481395
0.6166426884111367
-2.5408207854925053
2.0982046877301106
-0.6052031847052266
-2.1925389226186076
-1.7708363189452849
-1.3302683405188664
0.0079504022035919
-0.6746499671847053
0.2174136178372536
0.7062574709471344
1.7559609715654059
0.1446624249609635
0.9011190736931912
0.9382436929007284
0.2455023914775549
-0.2695698683847482
-0.3108265050737921
-0.5897508393872853
1.9780286731537917
-0.3892656034995772
-1.0131585750168974
-0.2301817072661847
-1.3684488394806933
1.2147093103942876
1.2435107459439823
0.3365713385097164
0.6449738271197251
-0.2863956972072497
0.1653193711798874
-1.1416451680498332
-0.0709266301826252
0.4515271028240749
0.9825811746740798
-0.1676792465732558
1.0775668138364558
-0.4402036470329209
-0.6718070646305707
-0.3313126304656965
-0.3198268681768428
0.1176146602550364
0.4440038473942296
0.2865900158870701
0.6243054451177086
-1.4808694905692470
-0.9016242942612394
-1.3036204363536152
-1.2171333853163242
-0.7569754596408248
0.9638334657747325
1.7418797144967491
0.9425556354313680
-1.6680787510822759
-0.8543904672870585
-2.0614595423156015
