0.6248233696497822
1.0094283770846431
1.2226380274111592
-0.4346855963302006
1.4333451742784453
-0.7885088273826846
0.6944850863605611
-0.2179867363640547
1.0490057393081247
2.2420197775773412
-0.4380253013055666
-0.1426671213903026
-0.8862382763147355
1.0109718428872154
-0.8158640739209092
-0.8150993295679470
0.0145694609974353
0.2619060734838363
-0.1161359532887223
-1.9277286018820354
0.2273100564062903
-0.3956330517897775
-2.0228369728874438
-1.0959871679107553
1.0930920275850378
0.2480517686426932
1.8780788920795708
0.4270726101502491
0.4132617675710550
-1.0598090906112716
3.4721427852529958
0.1758044260290370
0.5722128389703421
-0.4907077379325406
1.9609219951449113
0.6931558735810134
0.6941756896563851
-2.2676989695111138
-0.1098871800311038
-1.1296504596603667
-0.5475280246687971
1.1299691402889085
-0.5903861340741741
-0.1078520672245104
-0.3252883064327710
0.9633555879418162
0.0369493333859253
-0.0146505117696850
-0.9679906690641008
-0.9725550471152483
0.3841607690096888
-1.0772924665857235
0.7191837330979096
-0.3987055149668967
0.8704266483950261
-0.2261215260526289
0.2864674647231346
-1.2260062024662024
-0.7489963656914841
0.3994178606271029
0.0477768164815302
-1.3226402032494942
1.1035337826402025
-1.3647410670416780
-1.0907095190070817
0.7118823230450647
0.3731128909057783
1.2384573157827308
1.1166745344237661
-0.1894614871635890
-0.7786077526836814
1.4984216429879815
-2.0424776505911328
2.0429441487157134
0.7703416836954361
-0.0911907704420616
-0.1168630725727279
0.5675594109586335
-0.5710594657726273
1.7268106204940903
-0.8386431363036737
0.4521924270392893
1.1266226455185044
-0.9104149686743498
0.5163720803480798
-0.8197174700914199
-0.7159727116725955
0.4577753976672864
0.2701003156665686
-0.2461045392390903
0.2278759959235350
-0.9548553663251623
-1.3974944842196946
-0.3031522503165354
-0.7586138590657570
-0.5305546272514294
-0.4328756410445052
-0.4376069571235383
0.2016529329209714
-0.9827212402118450
0.9212552781347547
0.1167777814850860
-0.6801597312298858
-0.5175355877921312
-0.2002683861960902
-2.6132666291640008
-0.1665440625749784
-0.5345948505067172
-1.9068557827572825
-0.3523641587840993
-1.1720775417407741
-0.2950667315416118
-1.0318550705268523
-0.7927362764375117
0.1129997847368342
-1.1161895435895832
0.5803491699825648
1.9274920214696794
-0.2682859419878527
0.5751381653365097
-1.4364719021197485
0.9798681384770598
0.5861806731153197
0.0564528039209842
-0.5767664495080644
1.2054164997351304
2.3113917114285245
1.6174289510802187
0.0454375494375605
1.5835431552688095
0.3295719663746136
0.6978173945880185
0.7314674861386880
0.1056989702307893
0.0243582680791796
-0.9743685811925569
0.3867700887813234
0.6846622693599249
-1.3257071194824110
0.9360554937510267
-2.0509830694610804
-0.6818406316135879
-1.7988489793179712
-2.4355285490277288
0.1604668768914743
-1.2272221554530989
1.5430461767380239
0.7383586495175711
-1.7434640617393724
-0.1547242586208454
-0.3534477918446537
0.1445669729333135
0.3854141943084614
0.0763713601806393
-0.6314241986479291
-1.6645986690662362
0.8223219972298886
-1.4181294749268316
0.7199218998103523
1.1786131115521208
-1.1582853767646990
-1.2462850523029623
-1.6025194389447668
1.6084958040620088
-1.5382068551988530
-0.3495920994161185
-0.1105416426169625
1.1253563369467281
-0.6456390042102542
1.2113603022138877
0.2403075311907845
0.5762551420803315
-1.1160542547135375
0.5483350134780094
0.3041320056224868
1.1748746399289878
0.3982829917104663
1.0942353143588950
1.1436608514667890
2.3581709873179642
0.8818174235768726
-2.5546879277463712
0.9181878689155870
0.1822639606371929
0.7876522233527912
0.1888658513408845
1.4548058233973258
0.3604884994107492
1.1288842735131241
0.8337615363495560
0.7305003353231653
-0.7704294254491693
1.2156673565170544
1.4279942172238718
-0.7180064011246221
-0.8608622307136653
1.1713955436753747
-1.4897995341871693
-1.0856839595906187
-0.0831226001369238
-1.9179971589513796
0.8734693656935554
1.8692269508569404
0.0176186057967170
1.9217185555556024
-0.4706592147343807
0.0858363246782217
-0.7107148511557690
-2.2663225844014563
-0.1981260917984438
-0.0439737659526106
1.3042184838730120
-1.5650479714914987
-0.5192032489014098
-0.8632568468236599
0.6343283390815035
-0.9580416260332534
-0.2255407892484988
-0.8586512069322939
0.6935780672746213
-1.1076075348263241
0.0465478935058441
-0.4856962348196239
0.1805780059230896
0.4751023751147161
-0.4449090042802775
1.1180397506927227
0.9848705187777462
-0.2899726734032617
1.0448935437368145
0.1654936944950218
0.0812296183957003
-1.1603508642106439
-0.4401893290203221
-0.2237935954256247
-0.8817262031404862
-0.3864611375865997
0.7063123548517325
0.2427982790964781
0.2839222374789048
0.7569264753182767
-1.2076661689628720
0.9062443944850406
1.7276069838080763
-1.1359770976055854
-0.9557418621731268
0.1336378725892928
-1.2782158318430730
-2.3227243742132875
-0.0038878896229088
1.6915879927990030
-0.4843898396107069
-0.1466209711968957
0.0436551108191297
-0.9440758051036853
-0.0519669533629826
-0.9289818289585725
-1.0276185916952936
1.4355894162999285
0.2712091994623743
0.3452814689277275
-0.3749536609294164
0.6320542555124151
0.7882211062840376
1.0787693622747063
0.8633372137903939
-0.0304169633264061
0.7502297430810553
0.3499825208749629
-0.3505241013118625
0.3605681003026116
0.8773148193902830
0.3269591229780463
1.1407403309032655
0.9568454085733014
0.7827640977293890
-0.1450514525179058
1.8346616052224645
0.8152699903657631
-1.1864731555236625
-0.7550018957011675
0.0777189752401595
-0.6428474271818211
1.4929572578897023
1.6098160854631745
-1.4356964086833679
1.3141023042910325
0.2463016666936771
0.3169246076552671
0.2899660506757022
-0.7822581904214544
-0.7074552278335765
0.1302908997100545
0.0579061898044654
-0.1482675291550216
0.0561615597703470
-0.1342952911063582
0.1319526868197429
-1.2712518853339125
-0.0867077296752199
-0.1862497052961085
0.1979455828411781
0.6175632242002655
0.6991139126904682
-0.9443125335983275
-0.4145818456339199
1.2986246123411018
0.0891015302445690
-0.5563746538768292
-0.2878082755504110
-0.4480114492498449
0.0280445901950301
-0.0405532161839605
0.6210800039223493
0.4220014108302639
-0.9125951559333007
0.1143633848782506
-0.1229354518210548
1.3397353945147468
1.1075780870172547
-0.1861631356243173
1.8487990724151617
-0.4899703497717391
0.4426007713434880
2.6715543968815334
-0.0619880704579387
0.4696495552985013
-0.6642812915663547
0.9407402294397669
-1.7000437588948143
0.8225008358556731
-1.6330468883270264
0.4117565722661957
0.0431479907223497
0.7435037916932586
-0.1915556295376596
1.9263930158975739
-0.4289822839023854
0.9052098925589396
-1.4759947981852235
-0.2068098999231879
0.5692866136437338
-2.4601928936501678
0.1879972674701083
-0.3503267386532282
0.1483905395725402
-0.4102981611226538
-0.3887361059736206
0.1724251190671265
0.5438872654042701
-1.5876151156809162
0.0943696657990539
0.9124521442672675
0.8375156045674692
1.5212951646690334
0.1602784225727445
0.8171694238189425
0.6248311988084242
-1.1159123961818644
1.3482126430528634
-0.5971276414130446
0.3407199440473431
0.9448442961088831
-1.7819065973555770
-1.9309090123962693
-0.5228488680720280
0.5642483500461416
-0.9103417792533118
-0.5761693325992416
1.2517735145349840
-2.7541995928419531
0.8734913595569345
-0.4604009141012925
-1.8181345206709212
-0.8531451654438915
0.1066148670668358
-1.3900229228673406
-0.3052193840476708
0.2808478692154485
0.5466318392860985
0.7357772794049182
1.4154566289533907
1.7268434689141878
-0.9833886288643907
0.1317774171979495
1.0590372079236090
0.7541034667362069
-0.1915885444873771
-0.2062017023431624
0.9771588206872838
0.1205212106920343
1.0296284664952722
-1.7358154203038265
-0.3974463046131022
1.0677297422264682
-0.1012434082522464
-0.8698806569418559
0.2345473691328991
-1.6127349150198966
-0.6919755999874376
0.8948301276116944
-0.1550871078787711
-0.3358420194445911
0.3459318220024619
-0.2269230054298932
0.1286228269714924
1.7575282829001841
-1.1939459134426622
-0.8692064061222655
-1.3810390137149278
-1.6833397802720480
-0.6529202208916177
0.2824906799075292
0.6795168154528708
-1.3682453997041839
0.3582422394899695
-0.4219927194444827
-2.6077070445497954
2.4956287013097227
0.5561723291995460
-1.0076534651240696
-0.3707726175708486
1.7958438383470265
1.0199053023448503
0.7580247708197322
1.8268435412836503
0.6482843809296955
2.0686181867405495
0.5362494021522668
0.7314276256891887
0.2276780992720290
0.4856843374856237
0.1392427072692933
-0.2928462375824060
1.1343476582816068
-0.0215520033728767
-2.0353088495487062
1.6618670975242977
-0.3106007453631748
1.2777525365118765
-0.4502412195244859
0.4787162161605973
-0.0364764739870913
-0.3116671681604546
-1.0279580747405745
0.1687350657299645
-1.2200448933004620
-1.4278981172020719
-0.6041415099607577
1.4485974329330324
-0.4881671973415095
0.5681059455308729
0.3601796302727284
-0.4362781417320753
-0.6042267799656932
-1.1962832257388440
-2.8391063489787012
-1.3858027581514660
-0.1964075161093023
-1.5352442992460962
-1.1197794904971727
-1.1693581974595884
0.6641159214674988
1.4558626184460794
0.5464701874151747
1.3684725687628283
-0.5633164049788910
-0.6043238185251759
0.1039091853579432
-0.2230144501191939
2.1656302880133258
-2.3185182900571668
0.4288815188882169
-0.0328571751830464
-1.0394951445795075
0.5702784581833743
-0.6038821230072311
-0.0683842114518756
-0.7967477574095639
1.1657554938047308
-1.0891880504049489
1.7630784515260831
-0.1131425221296739
0.0253372513886529
-0.5181277227107081
0.2079294149804927
0.3718232217539775
0.6055996273371583
0.8163872450775340
0.0359645203665444
0.5875386360046607
-0.6217602205276894
1.0923967485507040
-0.5137404626283144
-0.7919292241836378
-0.8960847558960883
1.2722879705281425
0.3857320161105882
-1.0486794681579379
-1.0561533039865789
-1.1254266701891957
-2.1394851263908294
-0.3870634857333463
0.7180806474717352
-0.4424310742789715
-0.3410692406764498
0.7691849761781839
-0.0140614298031878
0.8982247917121814
0.3103434598640749
0.5443500003935622
0.6685080151253079
-0.7746630198816138
-0.2357240264863209
0.9842272487443479
-0.3273530272612062
-0.7217651525101209
0.4926914312418546
1.9280967396368365
-2.0096297154891007
-0.6608954521514102
0.0314924512500842
0.3502605647203777
-0.7176275793468796
-0.2138334237735601
0.6505565995626934
1.0139775864579106
0.6167960327611981
0.4789066381311140
0.1368523490440099
0.7233834224655289
-0.7585945016885369
1.6110742077795128
-0.6298017543069798
-1.3466506567501983
1.5945123297526897
0.1203618462947929
0.4551658906070065
0.0208522005220576
0.7399486684997608
-1.3686243642837510
0.2059576059935460
0.4373796407644079
0.2518305800342606
0.3231753700473139
-0.5067219166753134
0.7063151886007329
-0.1901433226445077
0.7160882962197639
0.0126742161193499
2.5184745599016316
0.7957288197822192
0.8371380727417839
2.2653182596381320
-0.0630277962404623
-0.0205367614603188
-0.6443819481337305
0.6402036281840023
-0.7569178478148256
-1.4079969181935212
-0.0618322383431971
0.4419389422230226
-1.4618010370117462
0.4687383767883027
1.3976481064403310
0.8138150773997590
0.9287450867991558
-0.3999219392814475
-0.7339608039851274
0.1591486748971019
-1.2769300011421811
-0.6335005720903103
0.3791970234396688
-0.7109867746399908
0.6229338355559169
-1.2331937203047467
0.0314960099479850
-0.4843640648425906
-0.0217367123548481
-0.6475070606495219
1.4370136826887954
1.3651207553516866
1.4348990823797512
-1.0843345101864241
0.6132085805410009
0.4008925792119086
0.0612439974665207
-0.3913658024552766
1.1000246849625737
-1.2980659619582287
0.4920032479870867
0.0414639765294757
1.5035432788646654
1.0586520579069623
-2.4591973433476886
0.1278786051618019
1.9704418611436636
-0.8239133500487330
0.0412502674520898
0.2032205890737158
2.1436096400737581
-0.1106354596354170
0.5355265887087305
0.6624550877041043
-0.1693587448469240
0.5681444779219212
-0.2840371591223971
-1.3721040896431751
0.9358432203543779
0.7974291873969596
0.2188233276758527
-0.4313527066791095
-1.0445087015828118
-0.0292752712596877
-0.7366035295472979
-0.0786123444654990
0.9622054252782009
-0.2839982933811872
1.1407750359482298
-1.1654119558748424
1.2882887073351326
1.4268205278740658
0.2128137320721125
-2.2005547149174451
0.7398710289154470
0.1188746468818883
-2.1582384207140994
0.3220792457010915
0.6468033899939095
-0.6936499607426955
-1.9110403704110333
0.5640209810361715
0.8395770790068285
-0.8652824743738722
0.8973299537342749
1.0981970689911895
0.8752836669611436
-0.4215075504425082
0.2096456011918175
1.6378045091558895
1.2450277515060635
0.3807251346673490
-0.6065050705357927
0.4110870248661961
-0.5762759685552074
-0.6864565004907287
0.6382580216001217
1.3193634396113569
0.6925400071853484
1.7787859479713044
0.8115273752235226
0.0814629723778113
0.3934089414186500
0.6707478685993830
-0.4358181884328550
-0.5096705875845509
0.5538882827990902
1.4205258947620261
-0.1834765654323194
-1.5028501587284369
-2.0581233560252605
0.8647441990572409
0.1410429651423228
-1.2857290056708650
1.5477710027783922
1.7346925507133129
-2.0476196114526837
0.4209944301940978
-0.3847895259253315
-1.3731399531559483
-1.0019947520705108
0.9921372974913181
1.5278552251331492
1.9856988301526908
-0.2702637431318901
1.3728330168563434
-0.9872321583718732
1.4553955708760593
-0.3259326414755206
0.1689720791451372
0.1392249536306586
-0.6955798355504788
0.5417016846390572
-0.0739888416003023
0.2817080560172862
-0.5777990622383619
-0.4103233250787371
0.2262923640858811
0.2111019378021103
0.1414853468645771
0.2527339811991828
-0.6969440341041030
0.0118988096625234
0.5204055414877548
-2.0200415686230508
-1.9514909005895855
0.3971239422655018
2.7548145499852565
-0.3217324208410230
1.0111912819040321
0.6106238910870486
-0.1142371051661075
-0.4363598614563332
1.4625264566356508
-0.3421294710705155
-0.8499526169413127
0.5630568762500257
-0.2575767527802264
-1.2166979584240687
0.7482797675300279
-0.5794337754857871
-0.9264705390330950
0.8491586647929402
-0.0598685071407363
1.0310670599488745
1.3208764606825680
0.8272635318862157
-2.1313395642772095
-0.0095243513511370
2.2313031576281266
0.4017344439988655
-0.1991030205654161
-1.0564072589990361
0.6039992289480685
-0.1025789843492156
-1.6579889984121290
1.3930623770034478
3.0206217429277715
0.6106995188702554
-0.8975668529482996
1.2951965818325952
-0.5097670473423408
-0.6840742097356530
-0.7909997434107621
0.1919350366124525
-1.3275940619416486
-0.7427083761755268
0.4796258145994674
0.7267821878896475
-0.1616853301374529
-0.3848467097092355
-0.2684416886995453
-0.0526069431618548
0.3167989455802781
-2.5449354839366922
-0.4085587413505419
-0.9873910284626303
1.2997373615788257
-1.5283615183759758
-1.2154069656170943
0.5253266442671826
-1.2281916443776881
-0.5488409945730433
1.4842005942807655
-0.3377193838752439
1.3738451738055650
1.4858636583270479
0.9812630483101852
-0.9819706778344722
2.6384687417588055
-1.2136981660152890
0.6175046114475681
-0.5710044571005641
-0.2360866195117449
-0.7152906009747479
-1.6204171272615753
-0.6806676512088907
-1.1173625797415581
-0.7383847193021762
-0.2546900759016718
1.8724462878929871
0.1988949937204947
1.5352929997527518
-0.8789495788956824
0.2530054509260466
-1.4870099273218416
0.9623543327464523
0.4066932588048509
0.4124416962401296
-0.3664734444762898
-0.1527438234442363
1.1325448134238454
-1.4208778838037008
-0.3178325933593630
-0.9269573919632932
1.3047469099720823
-0.0754733824753322
-2.3495998713631825
-0.3115165001072073
0.5017948396896581
1.0895510637411185
-0.2607867879084539
0.0193105267120210
0.4410691371716841
-0.7667448438834198
0.5564155824724518
-0.8363720879139885
0.1411922633660729
0.0118601153173462
-0.6548017338515265
0.6351849946240535
0.5067721216475942
-0.6042494393099319
0.8293654494715285
1.0175543764907626
0.2511418952724619
-1.9998844461001641
0.4702117996823998
-0.7624161808246782
-2.1434365191937981
-0.4241515508289370
-0.9034209993616098
-1.0435365724584620
-0.3404776640855597
-1.9782410266329091
-1.2753393229312036
0.9816148738075368
0.3712008535938096
1.1021861158106463
0.7779855407967832
-0.0271082763856902
1.9442935079251507
1.0576788035176452
-0.2827279245227119
-0.4118882617162259
0.1084844679800059
1.6107427065501501
0.1175862066437548
0.0193102226843281
-1.6140874669248200
1.2701450560226322
-0.3228652357532504
-1.3075999413754729
-0.6561498163430322
-1.1723726015826168
0.4613624019276269
0.3211441778976331
0.3871593252813963
1.1187505616836542
0.3768146388710312
0.1554703732421297
0.3381152186357820
0.6024170973249187
-0.5511470601607862
1.8356673279227731
2.1601128320342329
-0.0918222063879739
-0.1107987695838884
-0.0686883009274932
0.1336249832295117
0.0747308940005045
0.3859936405161741
-0.8196997672954707
-0.0249701713866655
2.3413178833511190
0.6777692575667393
0.9717294635907805
-0.1504008836087162
1.0451668488990113
-1.6486575889435249
-1.7095232555564539
2.1165114161951193
-0.2044920917223774
-0.0877713195977871
1.3196764922807005
-1.1585176137542776
0.1342124549068965
-0.2819022053987832
1.5860766663852972
-1.0996312935053543
1.0566624589363978
0.7724569863835693
-0.2520265490788176
0.1789752566945600
-0.7242636183973821
-0.2038021248760857
0.6652459324903323
-0.2169814762480105
0.8447862321551144
-2.0330414560810817
1.3404859540742515
0.5856615875074108
0.2229640327961580
-1.0466608074868919
-0.4585056604011206
0.5139124101435816
1.2504555377413176
-0.3808575180321110
-1.3174287632312809
-1.7211422236107221
-0.4205574185328696
2.1692445044553699
-0.1841793017042217
0.8735861766439403
-0.0454830124813229
-0.8328889445060362
1.7622399840135119
0.5870177129135178
-1.1478440002823123
0.1565211744465510
-0.7598447916267170
-0.1718740084106658
-0.0558342562858320
0.0333222054438903
0.7453201767224826
0.5376102138391013
1.4010856347791145
0.7534325479942129
-0.6042925849577475
-1.4496663961783429
-1.9538500063835047
-0.9414909669530175
-0.2149775304688957
1.4200224237640098
-1.5714170785907733
0.1352617651666857
-1.5157286860640664
0.7381705457788459
0.3324305395027032
0.7196929636055881
0.7069172004118597
-0.1899273790389852
-0.9484185434836061
-0.5199307583208551
-0.1953186054747289
0.2579577886691730
-0.9332816180553400
-0.7107865582340435
0.9006785917445108
0.2469720728431893
0.0639109634418325
-0.8150291460898816
-1.7117496747564345
0.1049539635528925
-1.3437784360883767
-0.9646622797882394
1.2416332534176195
-0.1125148151347114
0.0369301561276788
-0.7562065334410825
-0.6487610667461897
2.8184370484278629
0.7672240520385123
-0.9169904008884355
0.4601923151979478
-1.0135235128391997
0.4633613257359867
0.1603231049196978
-0.4063828493141419
1.8323427472382503
0.9618817873300807
0.7611947711496800
1.1219161951189656
-0.8883680574300353
0.7484563517011293
0.3231920990571696
-0.3853343814386120
1.3416604836421033
0.4226350720764657
0.6488969111938223
1.0404099093558483
0.2036454918522247
2.4320586143490073
0.3958415993740966
0.4275859160722305
0.6044133155334892
-0.1215691492280389
2.1698063955196107
0.7227409832635764
1.0344823124652163
-0.7644983643962520
0.4186290855322323
-1.2417648426336634
0.0335425566655384
0.9014143519933411
0.8331115295880331
-0.7127828551811926
0.6755128035497341
0.9539940597904084
-0.5616861291488427
0.5818529049020555
-0.6945703176899063
-0.9092101984416772
-1.4619605563548816
0.0959013086269837
-1.3637597771265071
-1.6147087578325086
0.1233834098960198
1.2015353071738879
-0.9956236331620626
-0.1110487299796339
0.4696975481937115
-1.1623279814856873
-0.1550101824308177
0.6485260447357331
-1.0642911440863982
-0.0370913456929045
0.6740062102241136
-1.4553267765888045
0.4151811096129395
