1.3721251742515397
-0.9853776270049770
-0.2688588727635957
-0.2224435908996209
0.9500343254179845
-0.1941043664952544
2.0256231542790766
-0.5304850686423419
1.4196446153231848
-0.9497265932163286
0.0080158589058479
-1.1162027411883237
0.7582829052637990
0.8796476822220304
-1.6232181352270159
-0.5638246227109202
-0.7400622017259610
0.7820256464623665
1.2364679754119001
0.8660081676923698
-1.5817727314077783
0.2063398457724209
-1.5604043974421156
0.4437492631931331
1.3336702040685708
0.6448056504165445
-1.5879018091465567
-1.9531098077666280
-0.4806875509218060
-0.6975053090101244
1.9003577429723539
0.9817659476148820
0.7798110024464638
-1.2487716499521135
0.3325105968958302
1.0641655530804299
0.5701433121613257
0.4660740005922461
0.4627911229785037
0.2482380795310097
-0.1272753334857398
-0.0483564246935258
-0.9610166082511737
-1.1801687107233871
0.6173669480727323
0.0881830784173228
-0.4110421814012986
-0.7665435403477640
-0.1072909298169594
1.0869468487269067
-1.2464489845699882
-0.2683252290441375
0.0082243994563378
0.6135940145377398
-0.0725708429294873
-0.3397573204306621
0.8726348638018270
0.7771939679756439
-0.3164305973048925
-1.0899736174112400
0.4112963430124169
-0.6720437806057631
1.5495512792985344
0.4603852607575858
-0.4999363095467507
0.0632001091255309
-0.6431022363455238
-0.5083687682485845
1.5444616600968506
1.0494093104839450
-0.0711534960995776
-0.6319385041650010
-1.2750927877826821
0.3496901519477328
1.5735226158007156
1.1997559668010120
0.2417845450656310
-1.8908604345814541
-0.8407569602776278
1.0492627525297729
0.6416089143518223
-0.6086808486746006
0.5431132505471725
-0.0470301776997578
0.6353046609683159
-0.2145924494670716
-0.4947718547857118
-0.3683843519993612
-1.3931771488762117
-0.3715014538291294
-1.1923230806455838
0.4220291919572475
0.2146096857109510
-0.2763198968098879
-0.8043745052025724
-0.4268169527046392
-1.0914453473332273
-0.8917875761507843
-0.3561116653751301
-0.3768709528704534
-0.2234572792902426
0.7561076477567994
0.8460481337888817
1.0727899011845006
0.5550567442551690
-0.3042092947058041
1.2397680536715647
-0.5196511326044841
-2.4279356595815584
-0.8712752962604895
0.6409966479975360
1.7013925844446312
0.9829887100546874
-0.7026644978625427
0.1034618380567808
-1.4778110006749583
-0.3330372547212730
-1.5453192591558564
1.3075795753630270
0.2572132687980166
-1.3394594299138349
-0.3163341044920861
-0.9266432646490039
1.0141684671435027
0.3485368854604465
2.2352293654139506
-0.2301766807788331
0.6777845519483479
-0.8023520903358029
-1.2784341104890617
1.7675682354493503
0.3353112179048695
0.9944808009842544
1.1605439578049324
-0.2184595164618563
0.9099811502224192
-0.6140239968707075
1.6820120017662790
0.4624431532868123
0.2878403099757867
0.3793439844116043
1.2655721960123250
-1.1694876804170788
2.0459129778998153
0.0086868697174845
0.7249223671772379
0.5049911321473809
2.0064192900830990
-1.0125526366253204
0.4467631149450046
0.0410819808049295
0.5602654670254511
0.5714468361828596
0.1951156578092772
0.6187590476259759
-1.0741656777731570
-0.0045850070043479
-0.0225032885482177
0.1014526631121394
0.3095520604277313
-0.3253335944125011
-0.4403248925369632
-1.2413455363224162
-0.6923534763535076
-0.0185596591158415
-0.7707307454489122
0.9703330447922744
-0.4577305304768911
-0.3219598707049018
-0.4161207873207495
-0.4417557605309590
-1.4789781868430409
0.8368313365193164
1.0054906445138925
1.2836195046778376
2.0008941286648829
1.4012275912392393
0.1522313025495448
-0.2078434428630025
-1.3741096912400603
0.3352228604554934
0.7054356636486957
-0.7574802989691310
-2.3450604816712799
-0.2580525803841845
-2.3070979701622214
-1.3884309670148167
2.3020140057849381
-0.3049274857680014
-0.6405009802252635
-0.5822161121007842
-0.7292410314340615
0.1897335773781400
-0.2733875159473477
-0.5757526523643154
0.2127730448390188
-0.3118725703153889
0.9180320693035057
1.9059825502679510
1.0944445419173205
0.8198240446882465
0.7415741082239511
-1.0537928900270139
-0.3697049639480534
-0.4854854872869828
1.1283233559687602
-0.7132389501026923
1.8464982156929850
-0.0902262038874406
-0.3187067748611344
-0.1799295550261457
0.4554374659625460
0.3705997631634994
0.5652141737060941
1.0807456230682662
-0.1505272319283467
0.5342732572705355
1.1621635920776898
-1.5919481599561658
1.1217213129692110
-1.1623285768949312
-2.7180149044438227
-1.0358482014474737
0.6930807148225798
0.6096617885382917
0.6410148703484472
-0.5300365674363454
1.8065291468049562
-0.3983895732447384
-0.3547968757643891
0.2805543009814133
-0.3628456048015231
0.2795605225903954
0.1143957483727778
-1.1296204528459775
-0.1331697823863845
-0.3821532814680538
-0.1622003662222695
-1.0375206789378435
1.6966546318086619
-0.4400138551795806
2.0525328158785556
-0.3737398239104716
0.3046575161030402
0.6362119020303905
-0.6125035083021201
-1.8301148069493665
0.3705343212297986
-0.4579201738223603
-0.6958316815697931
-0.4537273350268027
-1.4299158176064946
-1.0509327118699086
-1.6891086705024003
-1.3165862851386034
-1.0796447884510358
1.0050255731981188
0.0658726571733530
-0.4910272138066381
0.4413504327700377
0.5992937444942165
-0.0440245455749325
-2.1516318638766965
1.3972940688704667
-0.0468057903107784
-1.2037882899318073
-0.5552434410042707
-0.1751645958424773
0.6309277541000405
-0.2055656837127606
-0.4693214170316124
0.3773984612936793
1.3617500505239166
0.2357750025650971
1.9899548123323019
0.1459502706167364
0.1091430158093650
-1.8017954689676907
0.5745836628768067
0.9651482450891036
-0.9940908911207544
0.8716242170352575
1.0474479209933811
1.4246401513644988
0.6984859384022352
-0.1181003306575380
-0.6371596263366154
1.3966677994232763
-1.0769985225965433
-0.2729878317401463
0.4402073886186396
-0.1450682149061886
0.3024233189428513
0.6215951836822143
1.2513461208060126
-0.6067157816772812
0.3407183429079120
0.9151500183349830
-0.4201453493594188
0.0706570856819798
1.3559158435467213
1.2829186092326164
0.4387505605417871
1.2996878665232494
-0.3207648670828754
0.6742807151367890
-1.6464891869341645
0.0085188186708191
-0.7193018340362517
-1.2982542374334674
-1.9084171069808116
0.0806971144680536
0.6944506473124235
-2.2229468745828647
-0.5672624451236054
0.0655633868275285
0.9659449857470286
-0.8864407744975286
0.9656474027406575
0.9116438390506580
-0.3332340600470649
-0.1368874809222683
0.8564280917680168
-1.2687837623209590
-0.2494893883989133
1.1229582286268947
0.5463459824484282
0.1256593644583944
-0.5042892748644935
-0.1952223354993738
-0.8007076028332176
-1.4298052272498532
-1.0413642926914035
-0.8739789489032440
1.8000859029982086
-0.2393944987063785
0.8362473183144824
0.9459730044476862
-1.2394413463772183
0.4682658352848386
0.4959589011837338
-0.3958506874645640
0.5438850452554664
-1.5642609626751549
1.3372981750570030
-1.5515790042587021
-1.2135583963216616
0.2742621604291092
0.9480034435933908
-0.6570142882696741
-0.9764860391182202
0.9736679223295992
0.0321681278691786
2.8073886818888329
-0.0794210309415830
0.1652714424398840
-0.5111788748387673
-0.4063960219609341
0.8467531374307302
-0.8897804220105057
0.6590970623436297
-0.2849510699962821
0.6433580176771925
0.8218772967605755
0.3016540395377910
1.0802775680314520
3.0402256152464018
0.7153006808148834
0.8458638670825904
-0.5128322639455282
0.1675366752573401
0.0599575967387156
-0.0902765891501008
-0.7305021533277417
-0.1033545157911751
0.4496097298061454
-1.5991785500426783
-1.6157407194326054
1.1265972146587702
-0.5682588635284638
-1.4010996502379067
-1.1758476730354375
0.4061483995439168
0.5652380778831835
-0.2857268499312543
-0.0392459346669621
0.8156710573624288
-2.3279545780244870
-0.8217582819524911
0.0128505684848396
-1.2859501558310851
-1.2180168700165754
-1.1113903542902075
1.3414993098770973
-0.3047463166500588
-0.6259597117514829
-0.2283600661362932
0.5661543864609426
0.0219137858541866
0.0322993721191436
3.2035054946657691
-0.6091723297624956
1.4085040489922349
0.0185204616384396
-0.6705091201384165
1.2076658594728733
-1.1898835316052236
-0.2491914482221386
-0.4349135823069347
-2.2086320388017628
-0.1693887534889186
0.9091108762885686
-1.6432026163308804
-1.8681841783620288
-0.9619473756864574
-0.5613903920649667
2.0500057127668398
0.7427743217320776
1.3689621845213196
-0.7579169042566601
-1.1605238347209046
0.4474615609169822
0.9364189230628354
0.5679004995919053
0.5907084398704454
1.2049061176514262
0.0755848709660097
-0.6637253968786238
1.0013385291145520
0.2505145553450241
1.3273060886256438
-0.7790035187075963
-0.7163870080452324
0.1365568227562012
-1.7172098927970876
0.2290584166418831
0.7369468443351194
-0.8456072201604337
0.7077054417579974
-0.7354083188232214
-0.4868723996520280
-0.2389673804326251
1.2045321367833630
-0.1138221175751112
-0.6945011401343866
2.2625539714330594
-0.8432704936977955
-0.4850969350806441
-2.4262437105381935
-0.3685851639976178
-0.8595004930548783
-0.9804924812199085
0.5717694784986032
0.1097115379301724
-2.9381890999356122
-0.7219950410266243
0.7954323946991791
1.7625454492036527
-1.7110804816557528
0.2763087577116941
1.5718966376751973
-1.5110501561336120
0.4522599500350026
2.1570742837863950
0.4314279152697737
-0.1665681973165724
1.1962670626172067
0.2015965379083685
1.5129878558531167
-1.0552694174259196
1.0639873544586846
1.7388789898011277
0.1455187450665502
0.6258832237909797
-0.0240782871848415
-0.5026039954468196
0.6901041395951969
-0.9455106120826703
1.4920724180588067
-0.1690826865103392
-0.1394847821321452
0.0425261158186524
0.5244207245693453
0.2941547957671262
0.1865142816509166
-1.8141974033746044
1.4383093703148961
0.2697700447620178
-0.3327063585780443
-2.3116015851570451
0.0313349668582176
-1.1004142658348635
-1.5485653545903311
-0.2180619217040951
-2.2477398532157529
-1.7515880389578402
1.7859493506235331
1.0810345595275128
-0.8560668676707166
-0.0189306740672698
0.1671671103886506
0.1168156572561903
0.5245146670187080
-0.4949346267256527
-0.1659659129914947
0.4418176012672804
-0.6965355740740587
0.6296583602655823
0.0318870874207858
0.0803284432830181
-0.6831714357011632
0.0306864413276690
0.7131810215685497
0.0930765148965816
0.9350480857820190
1.4291105747960793
0.1832847560930863
-0.0008857846053862
0.8645653263381194
-0.2592933010338160
-1.3915435835384971
0.2417676764256082
0.0881478501471651
1.1579296323847126
0.2836302203424456
-0.0422032399813315
1.3750647275326073
-0.1393462028655059
-0.5284758259843566
-0.3725478010684369
1.1703213722958163
-0.0743310774993722
-0.3389201054796665
0.6296963348620560
1.8983214798268451
-2.1818372238364554
-0.8975965487604229
0.8017243086242393
-0.2354871620582510
-0.5676732863651364
0.0711713210793308
-0.8663122713417872
-0.4741606317362069
1.0651918982412929
1.3643711893150838
0.8113022035522547
-0.5130184758454432
2.4274168836545909
0.0608721240291017
-1.2649527013238047
-1.7148201822059304
0.5313879958844240
-0.3583133770644713
-0.2433838416101871
-0.1103672076139879
1.2493579953003418
-0.2972508850815482
-2.1038899618541986
-1.0136499730117889
0.6119964661109866
1.2184009034093382
-0.4144112798517551
1.6538810302892453
-0.9162270358742346
-1.4482155072458804
0.6408380640324537
-0.5094270749831066
-0.7155422596884963
0.3947675636692884
1.2505647781007860
-1.5779938067400847
-3.2330368413344304
0.2581113456907062
1.0667800267721184
0.5093209374032364
0.0256964100751682
-0.5786650782317710
-0.8899006611668756
-0.4813189037296124
0.1796225504171871
2.1917697585021050
-0.6436457855829163
-1.1457442056843172
-1.2297756622362017
-0.9998645852885240
-0.3221017426761493
-0.6936701788078208
0.6106905455103943
1.4512883896007944
0.8275887360133672
-1.9238498393001686
-0.6306441727510129
0.1156901032219262
-0.4025479348390992
-1.1289535806909794
0.2531383729446168
-0.6530575039916617
0.8181875250216687
1.1315043356625747
-0.0362990772954571
1.7139537966315401
1.3269500797518305
1.8251277044518461
0.0091586124630731
1.5901823094023135
0.0733018646752502
0.5288799244914592
0.4958517129581133
0.0753119562032014
0.2895747312310397
-0.4844445612653006
-0.0780063239798986
0.6760488925186878
-1.2646056328968116
1.0858336128198345
-0.2022613532316120
-0.1812411918843550
-0.0127897659526872
-0.3146140374705219
0.6471904221624938
-0.0543710234212469
-0.3551469345517472
0.8749507886250476
-0.3524987396871157
-0.3939871657467569
-0.9603104666906669
0.9903399714459129
1.1555207296373708
-0.0126333459346327
-0.2276538463549285
-0.2581867816301046
0.8491892672359680
-0.2360812775019727
-0.3363788970111016
-1.1090143526525043
2.2241105196481570
1.2197251570110275
0.0612915921638688
-0.2805165175558670
-1.2176907541455801
0.6129693807550746
-0.4249479894395216
-0.4689556460902827
0.0927107844667114
-0.1369296406534647
-0.9580174836441353
-0.3604782778122401
-0.3652905199848952
-2.6713890685876578
-0.6936037613883453
-2.2966390382081721
-0.0595374658088538
0.7024120560346483
0.4935589408785993
0.2399207777052527
-0.2413266281613325
2.0908977217073521
1.2717136286704507
-0.3973024028076275
-0.1143723224189934
1.6646153063612010
-0.5426136582660100
-0.6422276319047608
-0.9440392704952091
-0.8994793608385763
-0.5748785108769613
1.0667072582289563
-1.4185724860796016
0.9246910473070826
0.1308933096906181
0.7144907509869044
-0.0465200115893051
-0.6066503067383678
0.5755359520677139
1.5177821099088515
-0.0694640745203020
0.5460639811793705
-0.2627252937571171
1.1425569286547157
0.4261488681548740
-1.1986854480650777
-1.1395973665952424
2.1655576817024045
-0.8055041639475672
-0.2580577583836037
-1.4450821183033853
-0.9221173182186854
0.6929105969285739
-1.1043202906939957
1.7877337153459412
1.1818241898563893
0.3806514865742039
0.7200918615703940
-0.2696184652197156
0.2900761309687039
-0.4382123568340485
0.4611933774503473
0.9385999077947025
0.9759560243796600
-0.8335172628425110
0.4045424811325894
1.6819626885998260
-0.6764314991654217
-3.2472738098244509
-1.1181729364699096
-0.6775603835343498
0.4872057148382138
-0.5809647215738359
1.4415315396039188
0.7198364031381452
-0.8447086172281610
0.6673383853292024
0.9347647049074319
0.7142247036786133
0.1921745187097518
1.4256725976844693
-1.1691363257256300
-0.2612632149027783
0.5646770561002955
1.7908058631195107
-0.5741775575211451
0.7913055560930580
-0.8565803431254698
-0.9156835765495228
-0.4976489354104617
0.1225797955799596
0.1907368673377442
-0.6981733138394560
-0.8606279986334521
0.3212382411419423
0.9373102879092394
0.6648614298429351
0.2762238662018799
-0.0875257078981870
0.5034539981148641
1.0987645292799004
1.3255711230091831
0.3384306445372446
1.8247528112182596
1.9994040055104565
1.8919005020778366
1.0722637143158060
0.9355567400476870
0.8494737712885334
2.0203464228890176
-0.0485651987034271
-0.4965622142875453
-0.5370407432093325
0.9840053310881346
0.0679979904228914
-0.6090635098290301
-1.0021726359169685
1.3469311755194813
-0.2876760957907800
-0.6648421844584466
-0.8334561864034891
-0.2811624316232832
1.2113271499568130
0.5707362790550745
0.6173121764941075
-1.7937326561805360
-1.1597681829976569
2.5453070531831536
0.2822787459420513
0.1612712494646348
-1.4832849979159450
-1.5813667089338819
0.2539979036335620
-0.4162187751234303
1.2499461550938755
-0.2523607246323101
-1.3002437121420125
0.7502519817910918
1.4331204154194821
-1.5080052554636285
-0.0737987656220568
-0.8779370781634811
-0.8528284553102170
2.0698030379783634
0.1759966262076705
0.4002077773432282
1.3334857278626211
-1.2118147190290882
-0.1562899249362252
0.7014654656294791
-0.4849007179600255
0.4718921185204595
-0.3721980663529688
-0.8263628094913283
-0.1403125857762556
-1.0151554897672430
-0.6183086027506560
-1.9604645521871409
1.1892168947018544
0.0542843819957583
1.9959378530884153
-1.4013484302115384
0.1692088831220896
1.4173259567668393
-1.2244771841040609
1.2590510213554882
0.6863207692501777
0.7681110962961063
1.4682016169504017
1.1855089681775286
-0.7401167115804477
-0.0750022710703963
-0.9076512284445761
-1.9633745632741328
-0.3467037140722181
-0.6650540478933740
-0.3052587240532532
-1.5679485821721109
-0.9090912667123797
-0.9085068717733978
-0.1572667602405821
0.8635530154516670
-0.3559846986658098
1.3509439004273618
0.0278126214336587
0.2800338844614835
0.3306603641540781
1.2855243772130189
1.8167014944970568
1.0868394532667465
1.7810416773402762
-1.4436986376829937
-0.6321984042721187
0.9884386829785451
-0.0339181697986641
0.5387678518457311
-1.4615347583276337
-1.2421280858724386
-0.4013843773527802
-0.2548761619522888
0.3649689994104386
1.6000559487677817
-0.6200999582895851
-1.7431881078151521
-0.0892566742522986
-0.7371709661788159
-0.6278849338340635
-0.6099307197233093
-1.1528304521049666
0.5499879117165684
-0.2389176623689103
1.6559326396483642
1.1744091709714872
-0.1140105059944107
0.4312823292880351
1.0948563668815026
1.1415458042711439
-0.0288990831492575
0.4216747250442616
-0.4680672197053018
-0.1677161961829768
0.8475682976692858
1.1778772755114031
0.0913473423351705
-2.1623663813831548
-0.2027105230210652
1.5934033494203506
2.0438266831076044
-0.3711525424202495
0.8830872026475601
-1.3948564144002509
-0.9590753003854974
-1.3117632422699630
-0.9413618006886115
-0.0085557882014662
-0.1478901659524773
-1.2475789446731769
0.8704164882631237
-1.0566117322332269
0.7382520657108694
0.8723285314139401
1.5677368278851826
1.4307760235221703
1.5249480960880382
-1.4765581508677115
0.1848402711063053
0.0866951027671948
1.0397389689058381
-0.2682552460668479
0.5078592719884601
-1.2180870738009080
0.4646269295797467
-0.3823633753221999
1.1921900904876435
0.9870510768807154
0.6388342246590799
-0.4899107852819195
-1.3157637310459533
-1.7296997008414770
-1.9901257752247885
0.2347545898204396
-1.2370379428999823
-0.3735271549039798
1.3191455686285516
0.4304990114010205
-1.0180955130865084
1.3676134632073305
-0.1232143929547428
0.6202529448787586
1.2838088372665013
-0.8146392372038748
0.0992053521388985
1.5602341254452092
2.1307831300078002
-1.3545315110822089
-0.5584913308653724
1.3242684279457779
1.1046718666775992
-0.8834032114995746
1.0412507282078585
-1.9356191469790063
-0.9127578168700535
-0.1607531889108970
1.1333209264105553
-1.8260483693277905
-1.9800588134562409
-0.9807151246687228
-1.3023636341075335
-0.3689473707491300
0.3233117860935791
1.1346771461581882
-1.0283753856404623
-1.3614629440281076
-1.0927947824936741
-2.1522914976582848
0.3690797013009586
-0.2570473474225377
-0.9510485317623494
0.6982933222720428
-0.0454137898025116
0.9567898540298848
1.0872606157775822
0.3404580138794228
-0.5872119209529491
1.5237130516205202
1.1673533556271738
-0.1669819337185342
1.5737610173119621
-1.0024003275136966
-1.0671675254283033
-0.5475180008030249
0.6087569602618689
-2.0461848116471013
-0.9990613512139324
-0.2944209721667339
-1.3519904950738322
0.3127783323728058
0.8235326573913755
1.0963481606832983
-0.9295699894234825
0.1136506107352459
-0.9403031208777062
1.1837865643767571
1.7352076570332813
-0.3308996752933968
1.2279839528622416
-0.0564242824916720
-0.6072132378280224
0.0958076078882645
0.8773688655660845
-1.6410538066239910
0.6794011157000387
0.5299890478382342
1.3769672186014996
0.8977920123334635
0.4783346534965243
1.0817196925682517
0.0604646006044190
-3.3411072762911056
0.8941791384066686
0.4041109198476062
-0.6791763417237605
-1.7237527172011191
1.1958513796405770
0.4842960188473198
-0.4030029578407359
0.0675377352492086
2.3804931252469967
0.8133216322174208
0.3336988623987238
0.9574388414558841
1.1424904931145967
0.5296585962860770
-0.3911415617444455
0.2145982324061063
-0.2890120897137284
-1.1245504900380436
-0.3833834058377842
0.1184553513532065
2.2210091340818137
-1.6473956321321679
-0.1654757247020272
0.3858902174426898
1.5195190733553403
0.1066356844271239
