1.0916311347407608
1.0806382252518540
1.0940672145587753
0.3097701461947758
1.0934116686133930
1.0909063443263642
1.0691410047814178
1.0593526801896429
1.0947129497947594
1.0898576780796363
1.0823398591644393
1.0680190133873029
1.0950208246649638
1.0935090371336178
1.0911226563210621
0.6144756617836773
1.0621358334256517
1.0475103393431191
1.0972150050176439
1.0798642109064791
1.0948076049738349
0.9734429530435128
1.0501302301934865
1.0968466238578423
0.5512984954330133
1.0986815387546691
1.0787777747736702
1.0830772429189992
1.0574032801651694
0.5757745409416384
1.0135122255019935
1.0755025988471247
1.0923427972187469
0.8983646830371109
1.0789063686556495
1.0278972856297617
1.0810368701230162
0.4052234837517656
1.0654822914793702
1.0705075924121816
1.0591292291165189
1.0848632916815169
1.0700741959789259
0.3844948239773738
1.0910770476162055
1.0941193060559173
1.0895162856043599
1.0847574535234947
1.0945938204576895
1.0923029960854347
1.0701554085498437
1.0743729929166268
1.0570424076281908
1.0974088656498817
1.0972266852562471
0.8284895064217119
0.8482049051981316
1.0734533346990747
1.0482785787067170
1.0937720164861437
1.0896742505315666
1.0073874827761107
1.0532618432036296
1.0948464548145760
1.0837431460231395
1.0781274368809257
1.0657867502624720
1.0801131173088097
1.0846417005502857
1.0903107650155861
1.0845260457648107
1.0904829960148261
1.0981586634992733
1.0636526350321616
1.0926492037945141
1.0934093937001710
1.0903380693831874
1.0973287306406745
0.3584196061705634
1.0897168301962543
1.0813730949280032
1.0971969170671689
0.9965712138671854
1.0832662243054163
1.0971201272101145
1.0391359538595080
1.0074418569773775
0.7982631490296506
1.0933815504784881
1.0846732013495646
1.0923135043771588
1.0814778404618470
1.0306244781925844
1.0924933827263688
1.0943329810061522
1.0625011475110484
0.8697871245406954
1.0805676892020117
1.0948231928900996
1.0977541008707077
1.0920491640576184
1.0917780252101306
1.0877386279763572
1.0964313779210273
1.0890538037236286
0.9704047590973442
1.0959687542274557
0.2816752129695136
1.0836169108711289
0.5962199158065432
1.0728737090945206
1.0122510984057593
0.9279917608444410
0.6932596039046749
0.9960355712889437
1.0882529146964264
0.9802778647530642
0.6470195857137423
1.0889418195123370
1.0944958045149460
1.0978390474747928
1.0404846779592360
1.0954697255750867
1.0945392895738875
1.0821110479992448
1.0818798777112641
1.0964073266075653
1.0457416140771882
0.7159292583945240
1.0887260168137236
1.0900631542975794
1.0974371980976572
0.9816219685645553
1.0075782456989402
1.0631557793555344
1.0899225501707237
1.0391164255752292
1.0930936753266189
1.0190582045432712
1.0652776255677643
1.0309123619389668
0.6411101625439428
1.0954121544781614
1.0440720054330723
1.0896763874277444
1.0158357567670473
1.0720355153186447
1.0965702182797232
1.0866182586165969
0.6168072562178484
0.8675618986078399
1.0690765240576383
1.0966927079035891
0.9540368425540218
0.6230904983258151
1.0630768893160731
1.0940234019782593
1.0782770587648323
1.0903630546921699
1.0795252386468970
1.0948310218748054
1.0963033118485879
1.0705769929598281
1.0912465607527853
1.0864644786820987
1.0969707498845596
0.6609037636900774
1.0910369924788812
1.0869735818220922
0.5720139784811681
1.0941694082028288
0.7016881257142893
0.8839855899413294
0.4376651254839926
1.0927715885462868
1.0799354265903334
1.0864416648480641
1.0013840636314719
1.0938657830755822
1.0911987575897975
1.0811025072203297
1.0845379877361514
1.0791522075077986
0.6017942436375514
1.0958302997129772
0.9678624592515753
0.9935148588416828
0.4651486233696567
1.0931944601202672
1.0757154101082078
1.0485332049851923
0.9126156585968636
1.0656863817925946
0.7370547651148939
1.0077655831302876
0.9170650165456747
1.0514148375978036
1.0860523658927725
1.0877260546829579
0.8671985472480850
1.0293668019780182
1.0943829215508640
0.8172812120040736
1.0828437734715801
1.0965958518991743
1.0815146282529442
1.0268140941888437
1.0934998602014634
1.0891544308297934
1.0902113942194034
0.9850491615517540
0.5865574178685269
0.6765254138384419
1.0808327888797289
1.0826957281262908
0.8623535843112031
1.0959996638969483
1.0913536029631832
1.0893792541802620
1.0916074015738757
1.0728816435845556
0.9600527717748034
1.0730132205247669
1.0289641447595004
1.0310590913646862
1.0903727070558324
1.0918218536089306
1.0900681319070353
1.0726004061041612
1.0984278612428289
1.0973684883737143
1.0847002208946197
0.8397515067405908
0.7773492628774772
1.0812219414274846
0.8976546871458767
1.0288771140547932
1.0970691120591436
0.8968404950911704
1.0922588029645859
1.0965233813539110
0.8954117132133114
1.0785534836285349
1.0941589447784139
1.0687263664682671
1.0885581309296706
1.0925883365225295
0.3117256343097762
1.0556060611736064
1.0940661843139039
1.0940931715914559
1.0968467127387940
1.0814408024913713
1.0816369194162452
1.0768787275402290
1.0962964599349179
1.0800986350194337
1.0942391263006148
1.0667732297605663
0.6318835374401717
0.8683081814202848
1.0271505007150326
1.0315576130493955
0.5127786024320993
1.0446191563397293
0.9630853889818730
1.0870685038873855
0.5530624658285104
1.0632367617660852
0.4539379160411686
1.0861887962535945
0.8899555636626004
1.0897216243128298
0.4329695226098584
1.0685539946025877
1.0896834977798200
1.0874374667018829
1.0743858352047908
1.0970587763884623
1.0963749807123164
0.2893750786689456
1.0898515139994340
0.9469009521581638
1.0429738492401044
1.0721679755949742
1.0903456019986435
1.0183236484754201
1.0611617659989470
1.0974199433965710
1.0900552186934762
1.0704792888268204
1.0162969527441992
1.0468465344876514
1.0752885527080254
1.0505399925218000
0.8674203518587499
0.4717365329734175
1.0974373872413070
0.3809932308167213
1.0799401302158973
1.0901827300853213
1.0921737131158378
1.0878676289208651
1.0698533019416336
1.0657803043111416
1.0044809383558206
1.0923312267157341
1.0989141718438724
1.0796739213475930
1.0901972440656691
1.0570435268235481
1.0772030584846104
0.2907074793045335
1.0934457317276618
1.0903059478983075
0.2859877159635484
0.9874349533360799
1.0635925252489902
1.0922160585176375
0.7678456938494937
1.0958604473165932
1.0958919796129432
1.0959786736648716
0.5151343131071855
0.7934340894073678
1.0218180150734848
1.0900504443494361
1.0783633622808184
1.0861796216007933
1.0618509997746626
0.9204335699825396
1.0969059093578719
1.0847391364066008
1.0921536144014199
0.8890913215137579
1.0830503728141943
0.7285672288664011
1.0410403595362550
1.0426121911046049
0.3045808970755852
1.0926801932649759
1.0941537984606529
1.0686445360365437
1.0564165703697099
0.7953242784402603
0.8622064906029774
1.0947411368491475
0.3072211054988246
0.9361584412352835
0.8929440601406430
1.0201546806898814
1.0456433001253933
1.0798951578982658
1.0321250652390439
1.0962992772250930
1.0665494644507982
1.0945849531213281
1.0811731783965117
1.0848245391623319
1.0539860003619430
1.0823909603903672
0.8314980979690662
1.0644362244072807
0.8583171037610586
1.0841447996598812
1.0309974305249436
1.0508972585332510
1.0956368816860289
0.4993554839126609
1.0672625503406543
1.0926199412702329
1.0948070094688633
1.0842092071531664
1.0945324022354237
0.9161893245019802
1.0424851602501550
1.0928797949842375
1.0726709942416708
1.0907792391771955
0.6166791163201066
1.0959616610204084
1.0911304093811818
1.0923648807252715
1.0796670239320221
0.9908239486310036
1.0928835693421002
0.4657421129511862
1.0956784808769233
1.0747274621473666
1.0462418322443068
1.0366864979536412
1.0555836041462974
1.0851617659852295
1.0957710687980278
1.0188676317751559
1.0946839013979697
0.4505990425730033
1.0940754352618942
1.0948055183755858
1.0606376255448986
1.0938151207268614
1.0671012438738852
1.0194003248836001
1.0307005685336279
1.0982653937813627
1.0976205434275355
1.0936923024788681
1.0762550111512392
1.0928282350952512
1.0776409988495195
0.9440346913426600
0.9861442674302080
0.9306311855724855
1.0114408049861150
0.7090332996790961
1.0813177701877281
1.0942513692139892
0.3303998375677825
1.0763815211580385
1.0856705286105921
1.0826795913070186
0.6917068504948994
1.0939297026475268
1.0974924930026380
0.8162907028929725
1.0921743426495414
1.0664914217674437
1.0933229295115292
1.0940865084953011
1.0964054292710717
1.0796309063630958
0.9576176661201791
1.0916902632623462
1.0153809329134276
1.0861846609051267
1.0969080199976882
0.3826310319715435
1.0912308258968626
1.0772042636555332
1.0727538571910751
1.0670213760262484
1.0409289678734006
1.0966690682496594
1.0967017139369659
1.0888900823552390
1.0659290829198564
1.0842926785438387
1.0938585961065641
1.0951111485273159
0.4056411865718711
1.0918659059676907
1.0729375518033157
1.0956340004375846
1.0354109118364634
0.9294624522644030
1.0979994367761627
1.0678486654424648
1.0920138473822822
1.0884617251690605
0.5930189447437568
1.0954897867383862
0.9323345246320350
0.3102464345770192
1.0876867553180112
1.0831435845302928
1.0901647948920326
1.0871454621776957
1.0748306864073633
1.0751078728633392
1.0922676423284676
1.0960130122247931
1.0893809500863691
1.0071221147596481
1.0057785779274171
1.0865283990975485
1.0980192201470607
1.0855114104898489
1.0968840209624011
0.8521020606113865
1.0314480799278058
1.0779421748279725
0.8817512161539142
1.0920896957036039
1.0887550910935984
0.5031348481964123
1.0948647331665804
1.0780675851057433
1.0729136445236604
1.0851806703688760
1.0830231216362538
1.0819163713912319
0.9796868241860253
0.8472386998696506
1.0751172670392128
1.0627174801488706
0.7324546247701424
1.0888405328093194
1.0572330013605460
1.0760618496061256
1.0911645702299522
1.0853769119444834
1.0856827954932535
1.0446750454216809
1.0641710464286667
1.0795497776213376
1.0640221653323145
1.0927324814401382
0.3149915589591894
1.0863790250322745
0.8014105658976385
1.0918557889933729
1.0877474317137521
1.0871400534499536
1.0775080463464253
1.0775552959077297
1.0925875153586777
1.0842432781483280
1.0831188917272321
1.0390348388777988
1.0966085128746339
1.0873823030599408
0.2851049077918377
1.0821419908240173
1.0876181804528373
1.0478190410411168
1.0896601484037356
1.0761577670114555
1.0311132031216694
1.0780758653140123
1.0931318443442610
1.0637940579781373
1.0917938625062362
1.0279889617240838
1.0942217366615652
0.4782363085857060
0.8049860500990452
1.0258253273860398
1.0855492714024904
1.0452904227769533
1.0846945237551300
1.0845427310679538
1.0555142311216021
0.9208201685219298
1.0936363556082807
1.0896624724139128
1.0495090146200314
1.0988372998514437
1.0984078327219644
1.0945619980298162
1.0843837176296383
1.0935491763405589
1.0913127887727914
1.0957128544572152
1.0967478097944692
1.0411803659554519
1.0972135186435261
1.0940389591110031
1.0833039746904167
1.0839329263925224
0.6151402445433337
1.0911642354897697
0.9426370566742428
1.0890506419353976
1.0901927834471361
1.0962942253307995
1.0633709047883055
1.0912280645142258
1.0483888628940654
1.0914530370426647
1.0778298266323405
1.0888550634736045
1.0978839425553086
1.0665484905289542
0.3770506642957121
0.8779207309788807
1.0832405299526715
0.7265509144683221
1.0958740122004094
1.0838193609066524
1.0763689028006396
1.0471394650523229
1.0808344630433240
1.0923967195750302
0.8600216564385811
0.8048394787090827
1.0734672044447080
1.0921536344119793
1.0806168360383128
1.0667007779709405
1.0884517647204406
1.0601821541837486
1.0922077376903501
0.2833515381494917
1.0289595348403926
0.9597852243288304
0.7825404798645780
1.0519256685583769
1.0812325102365417
1.0963960423579278
0.9518604072572435
1.0480383789557197
0.9758929628246894
1.0730608747060471
1.0836225777319055
1.0978487638547851
1.0797628960849137
0.4577021363060151
1.0811769516641143
1.0735534549062760
1.0890106637481241
0.8637434051616980
1.0954326863692356
1.0921843097269148
1.0760694208428532
1.0938342836816082
1.0919654168718236
1.0859755505385631
0.6356206524390051
1.0943814480706320
1.0814566233549163
0.6388580430898428
1.0929695894975120
1.0841834806009045
1.0817540502584924
1.0898171486842367
1.0199414913046803
1.0975282834157827
1.0956445895131472
0.4527916330244446
1.0866108951461320
1.0940221044298288
1.0937229417661376
1.0381198995954344
1.0956456020383485
0.8149834699508864
1.0618752977134891
0.5541787605899837
1.0640415669804653
1.0613216994471086
1.0760491572438851
1.0109105376980816
1.0195227713875419
1.0799089278785088
1.0834004658755565
0.7345052704235007
0.9678510294556683
1.0971311652638418
0.3195676840565412
1.0835539649291053
0.9879377408813197
1.0543280610953831
0.6304634480822793
1.0886084182159621
1.0691209518828677
1.0850637640570659
0.4188778640585222
1.0742458726687967
1.0912401242156557
1.0936520386476820
1.0926392290824485
0.4382026450133981
1.0900683467509482
1.0868383132976576
1.0675163915182297
1.0945637638175907
1.0974178231408087
1.0924914710625471
1.0851474536880334
1.0748430543367351
0.7366471191458912
1.0961361805873753
1.0744922484456743
1.0947191652736521
1.0578657663472502
1.0853419492352789
0.9148880572206114
1.0782549187128192
1.0712464371442689
1.0235614519657568
1.0019483789461177
1.0840838681282656
1.0788124404574841
1.0937286270092448
1.0763041888671716
1.0955150442166595
1.0865038748394833
1.0886704808123255
1.0490616250672731
1.0614393804141442
1.0891028696407252
1.0929721848965737
1.0837525709737263
0.9565418379875217
1.0941754738897238
1.0464666981305255
1.0918359714862163
0.9070900847605322
0.6826437433741576
1.0858749962343810
1.0472421193862300
1.0209089198237224
1.0939938103695070
1.0954804352734142
1.0805571656394160
1.0942677276006378
1.0981986147885625
0.5853157154058322
1.0790673800643964
1.0574278217011270
0.7164408786011658
1.0378571055566281
1.0961834507136710
1.0897037717056417
0.7978207027734212
1.0614374262579285
1.0906821797511432
1.0936699790297919
1.0934273617687702
1.0338765281622486
1.0859427224369351
1.0936558372808662
1.0728315015510546
0.9795150149257329
1.0811450429096969
0.5472368926176699
1.0803371613101247
0.8538047087831397
1.0739988604652140
1.0148508661340676
1.0900712976944746
1.0894598345630413
1.0396411813472990
1.0897912136796681
1.0790351516260861
0.9963908844333438
0.6821601966497518
1.0951895550402859
0.3621836421755271
1.0974478560172320
1.0842331284926079
1.0946299715505983
1.0217439532103720
1.0382704726052787
1.0976888572930799
1.0784160512713734
1.0452102645403567
1.0826885717423187
1.0303653084218132
1.0968818025772633
1.0885985185972684
1.0835786062383306
0.3251471188780153
0.4619645015427022
0.7971772085265634
1.0172052223171726
1.0929660268788559
1.0893872979188093
1.0771123712031445
1.0137377520815105
1.0832990566405061
1.0640333368022197
1.0958981425106979
1.0981790311976944
1.0968198729821177
0.8718878681016683
0.9736513321778487
1.0920831225394689
1.0291325385755379
0.3558333726968131
1.0055311319002076
0.9705279014392859
1.0508219855187877
0.4474278262661068
1.0520202731200563
0.6861348315511075
1.0942474794811747
0.7350171084038362
1.0970910288903859
1.0491491310909189
0.9964574071933727
1.0989308179300661
1.0299815459497395
1.0814141279100815
0.9734823453521420
1.0934991236334584
1.0321554609924728
1.0767081400364054
1.0894451969601087
1.0253354735838669
0.9677074450466762
1.0870047219743832
0.4518113441181236
1.0833344018724496
0.8528175954430846
1.0818672554269253
1.0799810623487969
1.0591681213659101
1.0914310103633860
1.0624464572541246
1.0973023756887583
1.0962625109345217
1.0958173634307300
1.0475364970125334
1.0941481170267804
1.0737373767061331
1.0401631698221028
1.0828206230483683
1.0857048959000313
1.0692981553804040
1.0559553888920403
1.0912299181530600
1.0918436911907277
1.0945673404748220
0.2973745542411384
1.0978308791112945
1.0925125354378376
1.0342118009576091
1.0836129171438604
1.0950377715271484
1.0974171384022153
1.0136542360861100
1.0410014955870281
1.0140974865476540
0.3628826520497074
1.0929269186664508
1.0826153774595255
1.0927592206941759
1.0956409695529079
1.0727768438812288
1.0906219962482624
1.0810200156057714
1.0932350926663228
1.0642025092726495
1.0917706794990396
1.0802369928299065
1.0863252144112991
1.0641676174629626
1.0948545755121015
1.0647242695584456
1.0698023239182348
1.0688063355237869
0.2808768688104731
0.5198127157193226
1.0949601504660398
1.0338000986810427
1.0914045708011231
1.0943088948220476
1.0786623266648985
0.9779998210988272
0.9863540328982284
1.0956508146601183
1.0426172101459978
1.0452144281901861
1.0912432934173830
0.9926569752355654
1.0944369347805973
1.0923795059578953
1.0936505299858810
1.0224145061848922
1.0971974736121051
0.9736794799746593
1.0966086508902273
1.0721113550533463
1.0779152252099293
1.0868220438971887
1.0358381735005804
1.0822490393521333
1.0967226231985974
1.0774790358094262
1.0884436182021426
1.0969780022903126
1.0705135661592886
1.0942876115221061
1.0728235313469912
0.9703118302587830
0.9177402870075314
0.6215359446714372
1.0857063701792431
1.0870823174143531
1.0986142215123036
1.0964348593285342
1.0928513755666054
1.0961542605389401
1.0852022489018187
0.9766035270501711
0.3730438191922713
1.0443406474512575
1.0976493718739457
0.9147393181027976
0.4501874761903661
0.9666102591604649
0.6988282373088704
1.0686847242790349
1.0835738616469301
1.0584691544385831
0.7597524205453675
0.7675553937854277
1.0507773673635801
1.0242871996266396
0.9922238092429791
0.8711901577690460
1.0831931130179675
1.0844124304435458
0.4347362223062651
0.7246786285083663
0.6700611800677809
1.0818496769371897
0.8931181157041235
1.0920255636033471
1.0929899502042282
1.0720884624652893
0.9779446546259645
1.0457192886603310
0.7102341697067618
1.0971981201546985
0.9588054192519084
1.0944581876083714
1.0415934165727050
1.0963446742759899
1.0789484986495206
0.8575059045608102
0.9007338554897869
1.0001121440103091
1.0946885936338064
1.0818300904402527
1.0730807698093514
1.0932361768650158
0.9826802152733058
1.0949647376643010
1.0947805358658829
1.0852769636275239
0.9968296714754205
1.0690311332860025
1.0980168570152100
0.9884485655887725
0.9922719861077466
0.7897294154716556
1.0772023320677362
1.0970392509297209
1.0967228779198674
1.0563546684507508
1.0955006579385402
1.0834916821533085
1.0109982413804368
1.0869222395741396
1.0750690086901873
0.3543017777557134
1.0638555466982269
1.0950322543869662
0.2829746617884855
1.0797641753728047
1.0859031199960789
0.9832470690169485
1.0694083490106920
1.0938576348583342
1.0831076611837289
0.8032456023150959
1.0819741505110088
1.0092685485089403
1.0909696528955013
1.0748932841103025
0.8259045132162636
1.0737811697439454
1.0879872075875034
1.0783629214972799
1.0953367369768370
1.0482444193419496
1.0243073355459564
1.0736525688221270
0.9113537433961270
1.0944200273335796
1.0903242235025881
0.9426298337749046
1.0767064804083406
1.0959991387603676
1.0970992457086517
1.0818530876781902
1.0400563862366030
1.0930490122120895
1.0698743063614451
1.0814516856516467
1.0684974411787200
0.3893153212089315
1.0978642311193343
0.6387843843769968
1.0685994773334897
1.0885815019417442
0.9829206094761558
1.0906187161671514
0.8445718137360042
0.9583784652012303
1.0437907577654821
0.5722862260741685
1.0421776154666147
1.0907315649408149
1.0505737488479998
1.0976866777995682
1.0976812516583536
1.0973284216328534
1.0969678926752635
