0.3613831816586567
1.0939326816725945
1.0987598220663912
1.0937455754478780
0.8719706734989350
1.0961503207127663
0.8142623579905512
1.0625530227256510
0.9437457886404893
1.0846433777918216
0.9300861815277306
1.0851105508425269
0.9356605259204894
1.0371758861405025
1.0724468589375873
1.0963168738293452
1.0977985900958260
1.0441923779633882
1.0795336339462902
1.0824698451310273
1.0905750704531341
1.0711773226835271
0.3654629618966804
1.0888187369528843
1.0001550842049112
1.0806219597614575
1.0231105313275237
1.0924259152713824
1.0857439674655491
1.0738198957488867
1.0950832849019370
1.0580305421559577
0.3163789457095459
1.0292220009614910
1.0938607485716847
1.0804792839408128
1.0985416334245424
0.6881581871660838
1.0301307941146818
1.0846955946238253
1.0861016148969451
1.0954350008173734
1.0962810678329298
1.0928317116714792
1.0974031148065044
1.0936219335760826
1.0922110803778393
1.0985446248934276
1.0935495471750150
1.0845685384701986
1.0762059038786080
1.0290472500893602
0.9396556923042659
1.0791247645633710
1.0883247764716995
1.0251731602394636
0.6098512400857062
1.0978223882718565
0.9831578401330167
1.0943163506278972
1.0713863443422560
0.9813153797731169
1.0956580451531228
1.0898074797267272
1.0885764646283067
0.8750970720675920
1.0983388805178060
1.0779065336801850
1.0398692764914086
1.0540418835544272
0.6959849693867372
1.0764334119845949
1.0835062188285791
1.0971454337280280
1.0822514952276829
1.0824235282527070
1.0757745358707393
1.0969642644160793
1.0982638195088694
1.0962300294983722
1.0606495244931138
1.0878398676799506
0.9944380622876591
1.0876900803199183
0.9681428618588332
1.0851437179646917
1.0963241691026322
1.0953147870930102
1.0913511698505169
1.0844015547456927
1.0942446987062822
1.0962588000526066
1.0879864552597320
1.0845829983364219
1.0826476314350737
0.9444209413294439
1.0861094435503058
0.9829158595039563
0.9896356100769360
0.9640663723987422
0.9765764705097147
1.0971038651046832
1.0801505847850394
1.0904404335843794
1.0958425700468204
1.0779350294556937
0.8309763393513423
1.0928445254169694
0.5524291853643104
0.5871483877790981
1.0683162031124747
1.0677141087263835
1.0910792746020717
1.0952824905603515
1.0866492666578431
1.0622571397299998
1.0911814607817631
0.8544822358358978
0.3625400347783094
1.0708303740094431
1.0868629906486922
1.0835417006696804
1.0932365572536145
1.0968707342599633
0.8891552220625574
1.0919170794813828
1.0788779569859464
1.0532116369462248
1.0969958783826070
1.0847604521080427
0.2813761690594441
1.0011093763433387
1.0955728446447432
1.0635233781871563
1.0700232184521634
1.0255479264449598
1.0842916424929694
0.3428341938216345
1.0677943596660309
1.0598905248884289
1.0502236976508335
0.9185691723636105
1.0926043247032799
1.0889093168713062
0.7098043513399973
1.0935174854195933
0.4252608292244835
1.0985923225125285
1.0734825114759834
1.0979268875084773
0.7574652712935345
0.7490534877729044
0.7710161470242234
1.0965364980001295
1.0190411878555676
1.0577619590462015
1.0977719870404865
0.7595900027450987
1.0865078890568181
1.0706530902312759
0.6652018086785567
1.0848944096170559
1.0967531426608548
1.0834430735691194
1.0686928093446335
1.0902925076312802
1.0977523210128093
1.0930305409297267
0.8505018185911282
1.0957419844020226
1.0961840772067006
1.0960103860227268
1.0601027075857838
0.3479906738538761
1.0946547364114501
1.0022352162600352
0.3770904362106126
1.0900577536258762
0.9696550769049584
1.0591603283941216
0.9941112873837333
1.0684658516939087
1.0320543121050372
1.0323875515175926
1.0596519067423411
1.0553403486869737
1.0960248291997292
0.4852195869340954
1.0964754101915493
1.0923782893093421
1.0939906401507760
1.0865748923922798
1.0837433516160855
1.0880508374933995
1.0895898418115559
1.0933962757255706
1.0723622657912504
1.0651854727470904
1.0762806164025560
1.0975813656278479
0.9901282583751695
1.0439700408648782
1.0590496128169007
0.6866444015222246
1.0763396772331810
0.9763693074499037
1.0882215839360592
1.0610258195625537
0.3213599991577080
1.0948620668021987
0.7165724125030174
1.0696812241250042
0.9748831874471328
0.8920784030943908
0.9414301259723967
1.0940975528461663
1.0753383293966814
1.0960522076479753
1.0688523381309734
1.0922741294278273
1.0926876451676313
1.0982930414907921
1.0685762126556597
1.0889222643407896
1.0796727852259429
1.0820954690452231
1.0765010505677539
1.0383221768974866
0.9560651318014129
1.0699223460907019
1.0969792998829437
1.0764852701632730
1.0908610511578325
0.8948673893686826
0.9683091014956343
0.6247286971082279
1.0809482911330996
0.9925968451335865
0.3168327282369371
1.0829359797780720
1.0619355234798320
1.0739485524383197
1.0967671425629550
0.3728824076035717
1.0874262569556075
1.0824647013417301
1.0753128734777382
0.9319244359990874
1.0060182268193985
1.0762669430952343
1.0902320257616847
1.0133579584861436
1.0874684042313090
1.0391921469942615
1.0823777847285481
0.7206415130691449
1.0536579830345949
1.0540042366159199
1.0988063500591148
1.0614733149406232
1.0957632637750891
0.9025606010797802
1.0394610505070285
1.0736648618703510
1.0341529540296919
1.0145046658271870
1.0889107267037339
1.0932747118642006
1.0925496153322356
1.0635273787281765
1.0939216448865110
1.0240620680525938
0.3293483346760053
1.0662574851674504
1.0783513304785874
0.9624214309849045
0.9486714396664410
1.0962269917052998
0.9652729046164353
0.8094601450481006
1.0321285786982883
1.0437047894072324
1.0162678543750809
1.0888373469208967
1.0813510403969191
1.0788339212017048
1.0979443054168323
0.7668307762507184
0.9126508970813948
1.0979840536575556
1.0969366287258100
0.7367504339730884
0.9371918335736117
1.0945815326561703
0.8620997214319298
1.0351340483615123
0.6000805342286845
1.0618456895076154
1.0951282661644040
1.0289933562339193
0.9752471508318920
1.0931063490881696
1.0731925117923979
0.6185491410924737
0.7707115675075272
1.0496750001185176
1.0847728796862910
1.0603755386413334
1.0888955991598672
1.0144431124952447
1.0543349874586270
0.9900423139633883
1.0879547404645438
1.0649840736129488
1.0789234798078347
1.0378123521998193
1.0958733513668788
0.3113094911981297
1.0919998329737948
1.0270459016423457
1.0953267940852354
0.2839739718520010
1.0869711862625786
0.7327246054016229
0.6951996067316542
1.0722542239476258
1.0461937146932065
1.0777297058652135
1.0948299688416625
1.0951140006617457
1.0783609979398090
0.9798830210518640
1.0456792312646510
0.6327248497829937
1.0905630794205206
1.0747544680911969
1.0795922924653707
1.0619071657579233
1.0941591460964437
0.8431270425394000
1.0823419175151441
1.0941292408792516
1.0650361853061729
1.0916871050445489
1.0933539475898404
1.0953047791200448
1.0944287973492188
1.0197420708091687
1.0050683563114613
1.0973543067952087
1.0884110390056632
1.0811987424555976
1.0425942788668161
0.9901807753623189
1.0898634355717256
1.0811716433443508
1.0969766355147652
1.0920178590327163
1.0964655299444590
0.9560335061043702
1.0961118237463618
1.0962287078673578
1.0973203430172542
1.0040258017782124
1.0970462043981208
1.0965866925390584
1.0849175173147594
0.2954650903553311
1.0954208891626627
1.0901307482199640
0.6626089407458681
1.0588137148706092
1.0433324664455286
1.0900465089011058
1.0770249937787426
0.9951620626540510
1.0388043617327851
1.0591078365034521
1.0254953323275666
0.3676881749841281
1.0960986642320802
0.8377193540016850
1.0716426879399927
1.0846089842729372
1.0928473982631841
1.0737550136901926
0.9746920694008259
1.0551608276555142
1.0297651046693994
1.0689366465712999
1.0922634090215586
1.0768083264385671
1.0691269008641584
0.9517427910318703
1.0630382311749567
1.0972076539099889
1.0846626377252711
1.0117761585769061
1.0030496152416992
1.0983103900152864
1.0949282522855104
1.0941314899571886
1.0926002608278809
1.0304423173023993
0.7748187001464726
0.8662789018030094
1.0836572335018859
1.0973094374810839
1.0014884981591934
1.0921468103287280
0.2883343435417579
0.9291415602548609
1.0947597302753334
1.0942478632064814
1.0756806635603786
1.0173930282594161
1.0724754064410333
1.0512041065253201
1.0961565208780741
1.0798313968862590
1.0723533904260489
1.0772238345904130
0.2808807248409892
1.0965718897109431
1.0933243137596909
1.0749092667003008
1.0365665270497677
1.0970712315373570
1.0001392678964545
0.9848748560219505
1.0481253585677905
0.5296620998517332
0.2842482718679471
1.0840358330790376
1.0884660593596212
1.0942017209497386
1.0983075967199729
1.0933125301773847
1.0963898434247381
1.0568466067955145
0.6637984515424507
0.5323453002307699
0.7848546396019908
0.7364405942053318
1.0843307233187136
1.0646927706829039
0.7274154782762717
1.0714480210628032
1.0774870814353263
0.8230489456612502
1.0553918374189108
1.0882498281098392
1.0960363092747478
1.0622248862908632
1.0444357205369974
1.0505078425486769
0.7638057116604267
1.0916412903009931
1.0794814369255530
1.0973060249101403
0.8673784047996874
1.0828898836941891
1.0548815438294838
1.0951326144477129
1.0878049722970475
1.0528043669537179
1.0890440807975625
1.0536202090980058
1.0778291612606286
1.0969338847259518
0.4459280861365159
1.0227489334812847
0.6715294647934482
0.2844589887939166
1.0904346138864445
1.0202971692617744
0.4919292620283389
1.0020251060734484
0.6065732069133957
1.0502790040589363
1.0836611395265967
1.0864068070729391
1.0940153773342234
1.0938915160236642
1.0935423055639697
1.0978500264416238
1.0897796742001253
1.0915347024082802
1.0756918180218880
1.0639522810696358
1.0625042660954991
1.0944516805656226
1.0822832432372278
1.0970147754021176
1.0933188182885323
1.0965600978094994
0.2881082027073088
0.5535352696960608
1.0856154423779638
1.0756354847708061
1.0674438114607780
1.0919397402402373
1.0612432624177575
1.0658871248732347
1.0872915204465070
1.0842690732321332
0.9835956994224414
1.0040687048495929
1.0945939813282779
0.9736833404910152
0.4779736599951689
1.0518452445059945
1.0799843155201982
1.0899263912705095
1.0831896002025305
1.0852678040216894
1.0974298401304239
1.0849709183438421
1.0830030423451025
0.6818704857754324
1.0541036990982413
1.0632757006255202
1.0897186491947242
1.0835707973035147
1.0708974286910360
1.0977193012306010
1.0929897534342958
1.0911312200786918
1.0888257838572306
1.0948281121512793
1.0872602992892162
1.0897298755950222
1.0947841133586949
1.0949325529091543
1.0803840203756181
1.0665196890493320
1.0904283342876198
1.0361086693825634
1.0970278205598956
1.0878412908024069
0.3205927954559304
0.9160183163921787
0.8778824174370745
0.6385439386163574
1.0944613300100428
1.0865566248774479
1.0949830864851438
1.0962793919253702
1.0764597671385343
0.8511995564412613
1.0547283056707710
0.6675504103549466
1.0961249654863445
1.0068025814198791
1.0868826512839964
0.5562630864355789
1.0759049030407732
1.0968039276158779
1.0921904597638445
1.0367091616932147
1.0937677067161287
0.9515188775701441
1.0949796814024018
1.0840400029633463
1.0819637974590064
0.6502317174857543
1.0775056385380237
1.0920556775590535
1.0968233245955166
0.8332546816996853
0.8431237116204147
1.0947246744695618
0.6109588358214052
1.0838218709837915
1.0558778335610910
1.0967960954451823
1.0866873592986741
1.0953872103451026
1.0689918193676431
0.8896234000291294
1.0118386862713729
1.0719589118537476
1.0776277027399315
1.0946151583616488
1.0774471082113957
1.0879640432351942
1.0426807557373776
1.0521504446158294
0.9314497321980728
1.0826325303565911
1.0942396393509701
1.0405012344696014
0.9357116130843784
1.0678033231910506
0.8491074010505846
0.7835553466915104
1.0129323320349133
0.7429153902023103
0.7874615772823510
1.0962105068616967
1.0292114981065663
1.0900284174018806
1.0246902754457008
1.0983875798022755
1.0951843739575611
1.0954006386250481
1.0604201905585382
1.0868014117720464
0.9679913193648052
1.0890804951722439
1.0624720926562843
1.0368050419115260
1.0690995970289834
1.0488668267676973
0.8465313323880180
1.0915100250060374
1.0136353259952973
1.0788570113667415
1.0967305021177511
1.0109137563439146
1.0937026064524482
1.0895077186941011
1.0605808381981567
0.4896333437081573
0.9532577543104063
0.3131645570137366
1.0949719266139202
1.0765456067697301
1.0964605539574197
1.0788254294622415
1.0897813425977401
1.0888734579013759
1.0952356395886049
1.0898071113431140
0.4702964906690246
1.0554496630574732
0.9870726800495585
1.0926589590628892
1.0879482101381512
1.0904413612704187
1.0764074252691020
1.0209013339167148
1.0928686663051526
1.0950510551090067
1.0543140107371849
1.0050332873292314
1.0329073958332187
1.0049197925408766
1.0856600690540554
1.0950623825747965
1.0012957499970518
1.0918884896234693
1.0739515810648710
0.8785340893671916
1.0974767870700533
1.0370393994325753
0.9895833255253242
1.0960554068181201
1.0816635175389331
1.0665435794078051
1.0946360943771571
1.0967252490986623
1.0921319642741019
1.0792022883159864
0.3385738521030554
1.0903677294060683
1.0561530316546215
1.0509487948475857
1.0911021040465487
1.0502302647181716
1.0273851195235635
1.0624254118473546
1.0957740240209890
0.6636763625948016
0.9077705114965289
1.0917918558783626
1.0838520065607664
1.0891363870006865
1.0768905222649725
0.9649209516950839
1.0920526658169263
1.0967931271667315
1.0097818893521731
0.7331833400468053
1.0083916562144835
1.0878301466546592
1.0933690329227503
1.0934068020614087
0.3078241964848151
1.0947627822303398
1.0871203440527510
1.0919121876260640
1.0893346795914058
1.0961359208677071
1.0755374194298644
1.0836152072470489
1.0834382891789598
1.0958646090233326
1.0945375112585516
1.0752142997049063
0.9127745959272923
1.0952473689225797
1.0883594686919011
1.0917635033568054
1.0915234454968681
1.0492116820668416
0.2939587115802865
0.7670599464944067
1.0291786500581506
0.7961054812940621
1.0599068188302705
1.0975038603845928
1.0516879851869421
1.0905374164820163
1.0851072722298074
1.0873557400993825
0.6515270324329760
1.0208638653778490
0.5157487781908504
1.0587746929244435
1.0420917106635770
1.0769958890538573
1.0620471095065906
1.0633781225257093
1.0742039328031090
1.0860899148706222
1.0763864123743159
1.0865669190201224
1.0257203456162562
1.0724654705556393
1.0687514172698396
1.0936567353098066
1.0845532778644928
1.0923953734095093
1.0871359053593295
1.0482136929474402
0.5617533034977812
1.0633334299557011
1.0892215754494048
1.0954828902279474
0.8565331868202087
1.0302142574071822
1.0657069040197567
0.9919314866385675
1.0971673402624704
0.3708102811161818
1.0826160290570774
1.0890190253804091
1.0934254346510937
1.0847512295070705
0.8247762952486681
1.0976720037713970
1.0485597588283355
0.9419621184619289
1.0604497540771782
1.0956996260661600
1.0601130474702141
0.4633305951988997
0.3077835778098008
1.0249145381686278
0.8939886677083896
0.9959270268847590
1.0971549827782028
0.9755102074962416
1.0966076050250255
0.6426817398673732
1.0647566433464106
1.0050718544443575
0.9987240023466025
0.9655739606681524
1.0959514117919387
1.0716593835530264
0.8975643026218731
1.0954192574876611
1.0825987380569115
1.0774588862434313
1.0895337847878590
1.0744583223224378
1.0981740196112832
0.3797541329686133
1.0711981256820386
0.9649156994490952
1.0902308015394246
1.0198329473238021
1.0579435131909716
1.0922590825389555
0.8648746704215474
0.3228168731088247
1.0811905819248155
1.0972289359651042
1.0976255275754683
1.0959419427664490
1.0986274312061708
0.7133105460155350
0.9119662512204008
1.0821783511763081
1.0753412689578263
1.0582301658816102
1.0965629169382565
1.0944333418411238
0.3929850318372999
1.0535934953735546
1.0933193754560815
1.0839609777039845
1.0953449027737290
1.0892350057073263
1.0864876139280355
1.0842012102913310
1.0958720800503114
0.8899003399779957
1.0905508627275626
1.0941076096705815
1.0949997321213514
1.0711082413882578
1.0937118722261390
1.0545670900385280
1.0907182980676973
1.0626420334173388
1.0892815610739441
1.0957730243854644
0.4623003833402795
0.3908121228656984
1.0929702228208296
1.0871624344597854
1.0911810616381381
1.0740302901039769
0.3260845906568750
1.0895231641060164
1.0977791866625870
1.0841247205073132
1.0286765164926854
1.0812927135324666
0.6937105780794545
1.0932340979764963
0.9360803102863337
1.0370227713145177
1.0852059527070859
1.0670001082151697
1.0701963182964500
1.0922059868633918
1.0837160390740732
1.0772313527661044
1.0849273053038222
1.0634279648439100
1.0833784614392645
0.2933033942870554
1.0595829108065609
0.8625396757268394
1.0539695204055035
1.0907406005682676
1.0334601883638670
1.0873684660425811
0.9842741567372909
0.9886244809902599
1.0681225538906522
1.0806753094118238
1.0118519102351040
0.9594453573024226
1.0335360492776624
1.0741592709966550
1.0961250119873636
1.0660162542073361
1.0583781858876422
1.0892840734728195
0.9551521320868218
1.0176983550550522
1.0896527889258925
1.0929220742083772
0.9252041380038435
1.0711812252970656
0.2834848317503031
1.0796220085792134
1.0943336098358178
1.0920021092933483
0.9805219753837285
1.0955669404310886
1.0695328314286274
0.2913287222208267
1.0917246726111596
0.7439425074330971
1.0845794209590858
1.0853815945906231
1.0968100430194041
1.0964215837634392
1.0243680563395210
0.8848114984293505
0.8994082719363342
1.0866369721887377
1.0871123561960456
1.0897281085760449
1.0750640544455190
1.0957194488620092
0.9516688378458191
1.0701450494487093
0.2862853773612271
1.0932936273679776
1.0881556725132613
1.0800330558870823
1.0573171261989394
1.0802062434188486
0.4834313810030449
1.0785407552514608
1.0981681756433315
1.0554211522863142
1.0957524952689564
1.0632803486973066
0.9131354042117010
0.9879442250966148
1.0959795684852498
0.3695289995679937
1.0894384732604958
0.5344050400123412
1.0597387224596855
1.0886567353942684
1.0947932654929613
1.0970882372174808
1.0926259720228544
1.0207818402427349
0.7284152507509387
1.0838304356526389
1.0641105108611164
0.9303680962718049
1.0940055466865615
0.9937221690148580
0.9113647834547901
1.0908039500135114
1.0810840180792700
1.0951771386439284
1.0755940703566005
1.0921176642085051
1.0744868654577246
1.0987238693527261
1.0875275087626939
1.0735781160770461
1.0801939781679695
1.0489414401754629
1.0559149913841841
1.0833839674611843
1.0928800604440025
0.9265086450103174
1.0398637739384791
1.0890302705582764
0.9767590508630113
1.0734814526964407
1.0906536795716901
0.2840341713297393
0.9792635680292769
1.0853392983528221
1.0902846273987052
1.0876549178866535
1.0647896363929432
1.0333654622581974
1.0679575588768164
0.9149251595772527
1.0274219410085559
1.0982670195589950
1.0141651791954387
0.9983361026970646
1.0860956074096944
1.0539415325759633
1.0778667764232528
1.0005828811240294
1.0923013589393229
1.0802759687071846
0.8214518891695632
0.8444555913578320
1.0979490531359049
1.0921893159426033
0.9394605652127438
1.0851679415349949
1.0467839528555456
0.4438384477213050
1.0897328603630780
1.0350672948029105
1.0971842610750895
0.9332240894259630
1.0957306338480741
0.8693803200189989
1.0679265576617809
1.0947462815224434
1.0880892611452533
1.0964764041943351
1.0862320458739667
0.5995955291593138
0.7210295842197754
0.3665793290719784
1.0394549840357743
1.0668791569755822
1.0866329481436841
1.0799126323013004
1.0953003814148041
1.0479739566634028
1.0001462238133223
1.0958881816845687
1.0912573065164779
1.0942067218996332
1.0935570251724964
1.0936970457977337
1.0950764110811826
0.8063730847469160
