-0.7542937370911551
1.6047414306873959
-1.1519627526665648
-0.0362227077059362
0.3898501010214723
-2.8963384711946403
-1.3616272962125562
1.8573869798497167
-1.6825171954925962
2.4875348463530380
-0.9377888973326368
-1.3260571689394243
-0.7062801083766481
-0.2141948532697551
-1.4903400606303694
-3.9992285175097821
2.7523514352739609
-2.8157587413426617
-0.1741498477994610
-1.3269313879137514
-0.2702041191486161
2.4756927736284258
-3.0714253741861826
0.8265297937020090
-1.2493570239607306
-1.0984573985901793
-2.8828880608003487
-1.4975731111199944
-0.5387553152820583
1.9379952858537490
-1.3664861130298855
0.0362337091915168
-3.5730707967178077
-2.2045982690588661
-1.8940655527622630
-2.6983047239544087
0.2712350724114563
-1.0097014898679553
-0.0050351163901560
-3.9011705181227132
-0.0061990277283942
-2.7961536779846310
-9.1529371131906370
-5.0920181542016243
-2.2894887306509961
-2.0425876387226269
-0.6531254375759538
-6.0930372566126589
-6.0912181690986706
0.2920076043163844
-3.7658961800215898
-1.6375376730013187
-2.0716321229952381
-0.0429684393904945
-1.7140633916216079
-0.9017202493597456
1.8147241157932474
-0.7856723405581646
-6.2078738586263675
-1.6916763619513899
3.3925976627827517
-6.7801825903047259
0.3488786653267066
-6.0719807796015326
-0.9602785090729818
-0.3949308829087527
-2.9860466135157235
-6.8944305314768517
1.1790643276771120
2.7284703764533682
0.1072708461805295
-1.2732188322738796
-3.5520652136620052
-2.8717429430744406
0.4526917925390138
-0.1398337960996580
1.8129852910475346
0.4590471079706195
-1.3575060670057593
-1.2051255412835922
-3.5106310176986431
-1.2107167980893696
-0.3848105398524257
4.7927855627054576
-3.0008994501599111
0.4145765416647151
-6.6783242439926349
4.6172352000338304
2.1602263056810860
-5.5521152626886234
-1.6978816661812723
0.1858791248951411
1.0571960959871065
-6.0957940322650179
1.5905121067074579
0.0255959449393849
-2.1956961365625771
-0.6892747197023992
-1.9497228565289979
-1.4765502002589863
-1.3547076799714093
-0.6417571973848479
-3.6400471270905954
-5.2630147959626878
-3.6181286435503326
-2.0970480774713596
-0.3949342556446352
-0.0624618776754985
-4.2367307166499923
2.7055961539870990
-0.5841215070029662
-2.9076256752984890
-5.0583184765975062
3.0357347618157360
4.7128117398765665
-4.9057472725812081
-1.4042577021570948
3.6839217936049953
-5.2485598847558714
-2.0180783934714639
-2.3665233598925615
5.1695271102366238
-1.0606823843946136
-5.9769445332160158
-1.5212393235557933
-2.0917286845093161
-4.5861907689022114
-1.9627812274369902
-6.8364462295398880
-4.0095971513253259
2.2065679508074014
-1.1291581183589241
-3.1848552608530989
-3.2248787039471716
-1.7285704423400201
-7.2714775123663378
0.1269153207629384
0.0705508532663857
-0.0786075892033946
-2.7125325693688636
-2.7387502444692333
-3.6584866237149334
-6.2292243510500409
-4.4530161422060228
-2.4562737220459709
-2.4998269562187776
-4.0828044435636288
-1.0507316063552004
0.3885769272098338
4.6244618425055410
-0.0566236081550101
-1.5694772661765628
0.0291863739250536
-4.9499461090419983
-1.6001764245814081
-0.9625572717218325
-4.6439756778813281
-3.3659640226594405
4.9625505932306249
-2.8525892607982479
-5.5840654428273675
-0.0615750903466650
2.2403980539382680
-3.0624817744670270
-6.4997203374193147
-5.0212299999987362
-3.8475346824933885
-1.4318357805354698
-1.5982968063662111
-6.8733475739260550
6.5782494049170293
-0.1097035830693695
-5.8345392010637749
-1.0649443796911349
-6.5757823373836182
-4.3419342257820759
-1.1128350203851245
0.1754976656227719
-1.5491189481989689
-3.4921447742046161
-9.2092503529887715
4.1653274245712755
0.9625527308965073
1.0867780783417607
-1.1451563047271962
-4.5663707552756518
0.0756650130086629
-9.0961416494802041
-4.4026177027506650
0.7717347387945183
-5.0745281830434275
-3.7453568419675585
-0.0918559258867420
4.3986761303675426
-2.3722945546903813
-1.1461624718232435
-0.3690969385392204
-0.5541368947203920
1.0637558596156145
-3.5599166681875674
0.3989120195478442
-1.7515851943254839
0.6387536626319605
-0.4019116737925458
-5.4010426730643015
-2.0146695696186980
-2.7630379587576712
6.7409846890317473
0.0580827546277752
0.0252972624869208
-1.8152123575385968
0.3632801805430486
-1.2623148595603568
-3.6429013125658365
0.4753838258138174
0.4399056847204109
-1.0595224187552841
-0.1754942175948362
-1.5764809181233730
-3.2514792949735360
0.2094846717765778
-4.1010990022626510
-6.5181437536284745
-7.2913490684041191
-2.1722488501174126
-2.3476819807871534
0.3007407676124825
-1.2368484955847010
-0.9104331183359302
1.2279550161172477
-4.7118754648035104
1.9285386648938179
2.7675384575057236
0.5538266112471835
1.6147144338295152
-2.4980362947279078
-2.9710017534715001
-3.3767002104897035
-0.5275167978864276
-5.9431789741646055
0.5711606836250870
-4.2631516611851215
-1.2428494120333897
2.5739975024424315
-6.7601199516662831
-2.9507127313164561
-4.2439448861410360
0.2455472780483883
-5.3253753351493689
0.7048932211899017
-3.8577638990369176
-0.9392641649462841
-3.4596879442973489
-0.4810348301117348
-1.8512126694338564
-6.3987532925459485
0.9610332767001513
-0.1324979908708454
-5.0881799152838623
-1.3602629787848179
-2.4600445708041456
-4.9746091034660784
-1.7417969237406901
-1.5233139516850238
-0.7575443684681972
-9.7878802636552731
-4.4995401083886497
0.3407911218586767
-3.8723487427277679
-0.2325328249586071
0.2194320700043006
-2.4652992125931394
-1.2275758034333009
1.5153730323374113
-1.1926480440973604
-2.2435573944966754
-8.4381059858197229
-3.6578847054062429
-2.8296974636598553
-2.5463436383269298
4.5737303236080855
2.0322891666877529
0.4018612276411584
4.1192708159612383
3.8386644624899819
-0.3525688233117693
-1.9988748322006387
-0.0309702121654715
-1.9929970557426011
-0.9926654397314604
-0.8513483125305173
-5.3802070939332047
-4.2910955615290449
-4.9642567292352995
0.2773217061786010
-2.6530782399414514
3.6939588310005202
-0.3671625493265406
-2.5625244786576848
0.1073947066401977
-0.5487439569994057
-4.9589816589469606
-0.8561011768285567
-8.0014577306783305
-2.0133985742739160
2.0072488147464513
0.6780953820478224
-3.1593114682599666
-5.0882841905768794
-0.5500565255867585
1.0918210339904715
-0.6715660429694927
-0.5716559568674748
-1.7992669280234486
-3.7111620590996712
-0.1573050179197220
-0.4102163474812240
-3.8215772777286388
0.1789340552264228
0.8024436217269904
-2.7573550485511160
2.1730271382024791
-0.5715526755321139
1.4463516219097696
-2.4697673464432341
-0.6213538384247900
-1.0523369306707684
3.1367987550841114
-3.6937830032539400
-1.6784371312374977
-0.2001694281250550
-5.9102914522353398
-1.3552299612572203
-4.7721156144465828
-1.6623764931398490
3.4384530958499817
-8.0735749302258135
-0.5808849978085597
-3.5176601148116751
2.4581384139154268
1.1852324663814340
7.6804994298958489
-1.8846467899237733
0.7890681619521054
-1.0837430869863924
-2.1564541880440968
-3.7622398562264081
-4.6866072017604283
-2.9104590396056289
1.0980148563626742
4.5618162386925940
4.3630473550975815
-4.0708917753727203
-0.0572773209003003
0.0211268615960479
-1.4470775088678727
-0.0369653149896936
-1.7067181415758255
-1.2428800549018635
-2.8595734731541702
-5.9849552647172528
-2.0388403763405969
-1.4396397457768704
2.5652194275272988
2.4545368621180796
-1.0314781782868616
-2.6350356338072429
-2.9358970075560493
-0.0151743868971200
-0.5194399368442181
-2.1029275435582067
-0.3887081274653455
3.9677335322904312
2.6754021681443709
-0.5344382756286743
-0.9721829627192635
4.4200460319782175
1.6547024239192243
1.9856572244882571
1.8838578438077240
3.1852397562914514
-2.4274768678643359
-0.5121050519256146
-2.5420571409627502
-3.5530081265658802
-5.1704326326285459
0.3358426279737133
-1.6017410443216247
-2.7633689204273746
0.1365178142154376
-0.9696480632721609
6.2446677455728867
6.3049395030665378
-3.8030393829421385
1.1787524089236208
-2.6152555182612653
-2.2085397583184756
-4.1960921312264965
-2.3130604754338031
-2.3652694995403709
-0.5376127731196080
1.7970132880488774
-6.9211646922052008
4.7817438762992879
-1.6641471232106435
2.5741299604441759
-2.7063795995148383
-1.1845061874974987
-1.2459777466358144
6.0993184379712524
-0.8293548084670277
-2.1574937657849125
-0.1080935960644049
2.6448340136299242
-1.6232430560891060
6.9303143098257216
1.6995187030549748
-1.7286195792790076
-1.0071474265556959
-1.3672315074489971
-6.5319935550835924
1.9671661650972034
-5.6076430620727260
2.6963165421825481
-4.9029289694156377
-4.8778085663591089
-1.2150505427112905
2.5263690598350919
-2.0417981224886890
-1.8670042128949991
-4.7835162275665208
2.6447585860379603
-6.3882113761936132
-2.2904060634072509
-1.7164684152177103
-5.6350797218416302
5.5431264146935755
-4.6672770769233738
-4.9004794910785261
0.1615143991642015
1.7597343425497776
-4.1219564726355733
-6.7068853340100194
0.4752843429512654
-3.0811195546207508
-3.3416447554404378
-2.3505524117249745
-8.2909768745731593
-0.5849240840281769
-0.5224909686137805
-0.4305524924337729
1.3276605951169047
-0.2405082714723520
-1.1197741537955188
3.9774687158472108
-3.5760642937940545
-2.7880618125809602
-1.5945788695065799
-5.9412739538454709
0.2662354216448723
-9.2539239147120345
-3.5261319001443252
-1.9897485269372672
-0.8148601590453770
-2.1125784089244841
-3.5211872654621583
0.3380727675187026
-2.1514329007030542
-1.2207848403968520
-1.1446363314715549
-1.3028332749893743
-2.0816335671551758
4.7069305701465352
-1.5371816863300141
-0.7990243982523638
0.0643315841015009
5.3995295538262829
3.5484904185118826
-3.8783667600332050
-3.1672983681059352
-0.3339284169949892
-4.7808076761803378
5.2478490772185875
-2.6809793817865275
-8.4566437599915094
-1.4057732247337758
-5.0468940543538405
0.2381937177473304
-0.7764992687689972
-2.4317773681743180
0.1968338947277392
-0.4270978667656548
2.0917137765252605
0.6709268775107339
-2.2717678844609583
0.8984587832534819
-5.0400600487478124
-2.2907878177184919
-3.3154210174042631
-3.0347561745326370
3.2708254584037464
-2.0358365106997445
-0.4166239062043319
7.7531784498616512
-3.8283313132676078
-0.9529515291778297
-2.7418629268139272
7.3780223966949592
4.8652895848628299
-1.3620221224169435
-2.0664036569046917
-6.5392390911273912
2.6132542243948613
-4.4987985113497793
1.4888203853909279
0.2623330877559565
-3.2191817730018557
0.3733250888428451
-0.4380292421741028
2.7615897287876852
5.8689576211471506
-0.0966969224891629
-6.1535797715217804
-1.4751228529414977
-4.0515732074453679
-2.1709450344340233
-1.9759528812047025
-2.0765470016626635
0.8055148262323980
-2.6413250109392115
-0.5322594917895122
12.0612410011059481
-2.9106353041183741
0.8151519607024745
-2.4369802018121547
-2.7576522963847419
1.6239213767161667
-2.4312139370052828
-5.1649607054031925
-1.9737890655157335
0.4301828476806337
-3.1579207591398291
1.7155597758348886
6.1118719390395162
8.5678814878734393
0.4011270439932202
-2.4062432225848096
1.3622813218045389
-2.8251903572870649
1.5306793057016510
1.2863456090821002
1.5173478875537532
5.5445194751427431
-2.4805348945938923
-3.6338296446343548
-2.7812926285752764
-1.4776148295285794
-0.3077093034423147
0.0615368985895060
0.2944081684787055
-1.8745542297678677
-0.5001647928100996
-4.5081282792194362
-7.6618350764469811
-3.7609549302682925
0.2939041985647535
1.1181912286743523
-2.3588806075881239
1.5223051450297163
-8.9045709874514962
0.1910353553710088
-0.8207961903490069
-0.1563768293568717
-2.5960600059452013
-2.0932669506081347
7.2080526544513326
0.7041227686719826
0.8669738745375433
0.6574642209478162
0.6132641814893597
-0.2457295338788714
-2.1606441115177648
0.3874845602603202
-1.3952025877924243
5.0273922437886265
0.5125564809203411
0.4850044662407503
-2.3766005555212950
-2.0802470264527848
-0.7125396120938555
1.6162028151913266
0.5291238386405891
0.0123179700705121
-0.8834700381100286
-1.0066156973116500
2.4145820057930827
-3.6226205368452620
-6.6864643404549575
-2.2392921053881607
5.0130237379769138
-2.2554458231482277
-3.3340078048086177
-4.8887655419233695
-1.1088498368197393
-4.8182781690752394
-2.7678367947555360
-7.0040999500736154
-2.7986955060839214
-0.1405709854597194
-5.3340173037638259
-2.7903037050210933
-0.6142463273349320
-1.9169282515754440
0.4215228944372335
-2.1636477994781207
-3.2620169166873825
-2.0073215649682008
-1.3411945482332877
-5.0352729175328692
5.0491853657656289
-0.8745203898877199
-5.3510516451636745
3.1493944972865973
5.4621875342835473
-7.5866955235208309
0.4894839155167073
6.4991452565752903
1.7726226426412157
2.8603808593568849
4.9082600628980160
-2.9760386618653865
0.4851454547971394
1.6097663974205161
0.0369528404314314
-4.2579883305453237
-1.7629546407505461
-5.1208913195290364
-3.4852744345716768
0.8749485106304359
-3.7036385907404341
-1.6311834821489515
2.5567665085275997
-3.1292692266942934
0.4716227341267865
-0.4956521698233604
0.3820690582633933
1.3675460018775278
-2.5662318138174740
-1.7797083379777938
0.0434912481833165
-2.2949949178116289
-3.9856032029726904
-3.9188570491934867
-6.7669334786618709
-1.0722182382261187
-4.7899790139573328
-3.3612788600106116
-0.3442710146780949
-2.1357435348829839
7.0292552147742668
-0.6640911017397331
0.2879764186212980
0.4225919078237268
1.6847801889359078
-2.5900661060861379
0.0218428020441929
-6.5028134814956022
-3.7924865353462720
-1.1472452202091710
-0.9230279414842498
0.9396135103667438
0.2536829392912550
-0.4270977044575893
-2.6478200972475014
-3.9225182464736754
-0.4581795414570069
0.4548025829573362
-5.2433562185196054
3.0879712978105425
-0.5031536129005922
-2.1348315053576186
-0.9897507360800665
-6.9281275399715430
-1.6095312356303482
0.2468436175458513
-5.0222380716641695
0.3984105860962017
2.7789028016536474
0.9737576010546451
-5.6799054599698655
-4.6475489687148137
-2.9142553564423408
-7.0560471692428388
-5.1975239048404074
-1.5926447838833258
-0.1432340040273817
0.6070675666392074
2.6388984321238724
-4.9690888594843292
2.5882257480152830
-0.1287432765514205
-1.2281370985536322
-0.0738369221373079
-0.4442402371123471
-1.1948698462407430
-0.1355733245151112
2.4273204022041317
-0.3390961416789893
-5.3407568269679819
-5.4923999119152924
-2.7923484238222218
6.9867909502778813
-6.4510339021111855
-5.6789615925550763
2.5406677050203692
-1.2090919160863751
-0.1810348901679772
-5.7384263567658387
-4.4815253401887833
-4.4379169481287839
0.2092243628411703
-3.9767638476175553
4.5510522985802027
-2.1912651361605420
-1.1987073282555865
-1.7363650011313727
-8.1857258538065842
-0.5662592022795769
-3.1504794114429790
-2.6487731942925627
-1.0377376766301039
-0.4845548508264320
-3.0826917658276574
-1.6838993442396868
-0.2058328104971272
-1.8852441172140626
-2.6798753072598731
-2.1087302260036540
-1.5111059029242631
1.6585128765900066
-2.4218735690015865
0.1221390500468448
0.0635848828270065
3.7489199127495891
-4.5592515244990679
1.2276959122153286
-3.4110649011299543
-3.8312154864640942
-1.2044861837176530
0.0240567040276202
-3.9567836201950568
-2.9770029344694136
-4.8437426386982558
-3.8719963650308440
-4.2364900730234281
-0.5659209524554671
-2.6732739890799735
-1.8473486382512736
-3.7825359990668765
-0.1856968405938324
-5.1853991092373928
-3.6414448974669891
-0.6862766273362620
-2.8055122619607173
5.3646441334740782
-1.6756555293791313
-1.4387229639964001
-0.2833794447274528
-1.8221673276693826
-6.1867508706650804
-2.8450152144422245
-1.1433827366949407
-3.2799841242297809
-0.8831587635068763
-5.2128650071789036
-2.5633019269254174
-0.9676189301122728
0.8606843614912182
0.1432505857504665
-1.2075669488513383
-4.0566756636705898
-5.9739481488039310
-0.4833211379539311
2.0724411110284580
-0.5171545834273721
0.1643308166078456
0.4338138873013482
-1.1951584640514674
-3.2998093238571879
-5.9060406465859261
-2.1366670452787608
-0.4411892572249952
-2.9557376048088906
3.0105998603377162
-0.9620612677639214
-4.8489353216326601
-1.1404960795876498
-0.2014803077680133
4.5463043871843594
0.0533631911774467
-1.1629062800965269
-0.5633193319447101
2.6081005628281706
-2.9772237353038622
-1.4258589456903292
-0.6861105600371906
0.3379797647137753
-1.0595139847959389
-2.4813181364853101
-5.6143186500030522
-3.3504857842794165
-2.9809892255091004
-0.3601252752257194
2.5785124599511682
-4.5449211170358330
-2.3858620821439969
-3.5729473796312452
-0.3364709810370136
-1.6663884811814813
-1.6961073815477827
-2.1208550587048727
-4.1284363899661836
-8.4643207862825243
-6.3059512477375517
-5.5559419941843586
1.6638277586916830
-0.1872291784077668
0.0564342522958716
2.1166703123316539
-3.7668088917183651
0.4402685349116326
3.3954640024791289
1.6719956385940038
0.0204710524799022
-0.2513215319244015
-0.7231836260736163
-0.3724372080613559
-5.4551909091124786
-0.2714842806566162
-6.8594725795776190
4.1153271290064461
-0.3508702673505341
-2.8833968423827128
2.6194692728843991
-3.9769339379160304
-0.1229995914202384
-2.7056280293217356
-5.3953219566919248
-2.3768569343307262
3.0138813147374441
-2.4556324529313605
0.4114657841402717
0.4654186828269026
-4.0603774510706900
-7.8871207582680416
-1.1738009496121729
1.3002082185523209
2.4120714820674056
-2.6843278919706663
1.7715513229711648
-6.5494926332806598
0.5487109664088586
-3.3670273906796471
-3.6001740917365250
-0.4729844053968446
-2.5236334598917796
-2.5966653809340361
-2.7735096776598644
-2.0888557624441111
2.2388554217505887
-1.0940362291154200
-0.4783048501372039
-2.4047439045880772
-0.5380088118538372
-0.1424108436091702
-3.4250511731917155
-5.5691993567365508
-5.5068240348290924
-0.7459177598922971
-5.2514506315572804
-0.9135173352396055
2.1266226433016668
-0.9273015632958437
-3.3008959159024460
-0.4574944036905954
4.9747038505424985
-1.8688919700506639
-1.2094254949248198
2.9283539490296451
-1.9094706853637433
-1.4542483647007831
-0.6350084747238003
-4.6307138028703392
-0.1160576696884642
-1.2807032341119982
-9.5712755430053633
2.1613001894680397
0.2966090629495410
5.2143191270234688
-1.6580069577462739
-0.0966477137164204
-3.9037085430457066
0.1116123527267684
1.2106754318552577
-3.1133587485148606
2.4532976716690817
-2.5373462243507210
5.4748091911463908
-3.2461932616103097
-2.7306247188148602
-3.3613518847944657
-3.9169802485867122
1.5134442584809498
-4.6048239485031530
1.3468421501357413
4.2301782236845238
-3.6158908069118390
0.9250672996840242
-3.2070364447865063
-4.0797371550697870
1.8476404806233184
1.0445550316711665
-1.0982589587011811
-0.4600598185224293
-2.6505023146842230
0.3604663293229561
-4.5927471740004275
-2.7543874830628470
-3.1631566146530563
-0.6791025830220767
-1.2564445268580342
-1.4162886608952001
-5.6935932498361641
-3.4602779343984009
-3.5384512920665250
-2.0194411876109628
1.2566327829039441
-1.6732458969697761
2.7726791303266181
-1.9870920201670206
1.0678633100537942
-2.1934245341498340
4.0865987854084338
-1.5337417835351024
-3.7398036592050494
-3.6492273025700492
-0.8762944525308199
-5.9884926582062343
4.1620344745419802
-0.3428050057977438
-4.0045118599532623
-1.4420452039655878
-3.2196589614334137
0.1976815885003710
-3.4477575207864826
4.0420809362238685
-3.6208367720287229
-1.2249706186083456
-0.3237963096091881
-0.1140712200971742
-0.3809482359929106
-1.8034382213399449
-1.1931351791406029
-1.7669827969114025
-0.8972635985601264
6.9457928161651363
-1.6295174206258471
-2.8545180958881602
-0.7051305234550305
-3.6371376076705086
-0.7203321937174285
0.3656033671254380
-1.4227873272746643
0.3499532043111873
-0.1556238441504759
-0.6292572863275344
-1.9314754397764966
-0.5413647219891056
0.4056497280236349
0.5149719286208916
3.5982486145500010
-2.3289686291576861
-2.5493233336535628
-3.1480596309896103
-3.3996129020948462
-5.0333660866769936
3.5684402618770661
-1.9204920368779812
-2.4179454997091070
-0.4018738653487209
-2.6626146570906846
-2.6668861839035891
1.4854181782137559
-1.5895600075113174
-2.4506123334362564
2.8272655746120132
-4.3251383252238158
-1.2360826401465208
2.2392092759090105
1.2804884897821478
