-3.2831184104854341
2.9704362629088994
-3.9998639580552977
0.4252953132017025
-3.7684232662106210
-3.1276180225306551
2.4428546415025587
2.1823926298660030
-4.2686205332719931
-2.9327596968754168
-2.0894432675416970
2.4071236948354735
-4.4147581039394934
-3.8005738930810797
-3.1720343225464647
0.1798565166483275
-1.2462112363039073
-0.9692955728487895
-6.0803306291645356
-1.9213278777173561
-4.3121664511157833
-0.3998154493366985
-1.0099451576104317
-5.6826537310220679
0.2285158255457720
10.0722142245223019
-1.8569466042191765
3.1464626196732008
-1.1414056058259070
0.7898939814331020
-0.6192136700079548
-1.6892750988603888
-3.4567345522998085
-0.1735188326762146
-1.8643087871263495
-0.7376453403649534
-1.9968843787130479
0.6643440029616510
2.3327762281039388
-1.4890637699098237
-1.1775487425778759
-2.3013286101593717
-1.4740711623869731
0.6479717765268587
-3.1625355613449502
-4.0198934615858306
-2.8756988642146823
-2.2914039653810501
5.2154457586323257
-3.4463952811489795
-1.4768559978472926
-1.6389733336434786
-1.1341203466561633
-6.3228534850430798
-6.0942198445657665
-0.0469390595583925
-0.0779713460627526
-1.6003895845443503
1.9809018002535503
-3.8911357448808501
3.9017509877039682
-0.5770856188926082
-1.0628523067143529
-4.3303847945257719
-2.2012300999537127
-1.8207050619882748
-1.3412667663974718
-1.9368095152606180
-2.2806665285639833
-3.0130781871534342
-2.2700579981306137
-3.0450976922362782
-7.5973312783514739
2.2839872285776535
-3.5391131682401515
-3.7676806066533093
-3.0180974077882095
-6.2194086428071422
0.6259066108223151
-2.9088754504029235
-2.0198429282684556
-6.0589932359558949
-0.5116700361178350
-2.1616750147374293
-5.9706552915699254
-0.8570730043772055
-0.5774418706849825
-0.0044563146774854
-3.7586219760524968
3.2835766199002761
-3.4491172751266079
-2.0271217122444085
-0.7640161358252308
-3.4965916267463686
-4.1049155954741163
-1.2551027684900287
-0.1157243926776202
2.9658408139899746
5.3194517019556402
-6.8300482982719251
-3.3822878065225965
-3.3171051894076107
-2.6180155793436888
-5.3103596559864936
-2.8026807262369267
-0.3872721787446724
-4.9652694392958114
0.4875501800514909
-2.1905936157047829
0.8056728502535281
-1.5770753666918422
-0.6101943971877770
-0.2463288687852104
0.1115974546211826
1.5086865386111235
-2.6865434116004288
-0.4296528577788608
0.8470411054586492
-2.7856897853430769
-4.1729931445794470
-6.9731159238998357
-0.8735720808699627
-4.6539143602046105
-4.1916865984988227
3.0724657706974234
3.0556384483074144
-5.2907935351786133
-0.9434967278910646
0.0895874041361577
3.7536605353086729
-2.9685061037379334
-6.3605819694764234
-0.4358048198330493
-0.5783367942477374
-1.2713604265502134
-2.9439277148119309
-0.8568380416105152
-3.6681897805846622
-0.6612500239670263
-1.3271306115800923
-0.7668877649445738
0.1579612461241919
-4.6212957164871620
-0.9202493260952226
-2.9021074884152993
-0.6363379164949663
2.5446372190960118
6.4272968530987260
-2.4825831462407617
0.8220209593531700
-0.1116234643141634
-1.4407493523761943
-5.5365103338447099
-0.3261616847279217
0.1728839126690790
2.2693786799607891
-3.9832204032829672
-1.8289000221969600
-3.0227089323662675
-1.9006962600456669
-4.3231230973692272
-5.2083829372457462
2.4914949006470359
-3.1982118472692118
-2.4653114722355025
-5.8085270931249857
0.1409733877910082
-3.1542530722981019
3.5236479282432809
0.7870344879868247
5.0394101320466698
0.1035656100292171
1.1431742308397221
0.3112349595336923
-3.5734671045791977
-1.9257282053317686
-2.4627740770445414
-0.5395065242056460
-3.9248223654810919
-3.1880471398178298
-2.0013184962393762
-2.2711479069080123
-1.8785708726014532
0.1899498953507643
-4.8733143306600670
-0.3770899732373881
1.4949353829927916
0.2911714383647117
-3.6991982953914091
-1.6991384062442765
1.9848045187042047
1.2065937131189082
2.3384554569588718
0.0678009122173991
1.5795691193033423
-0.2176230670210225
2.0310413565815160
3.4204343797831815
3.6163940826831555
-0.1109586961485241
1.7516711464565262
-4.1254817520828784
1.0305338879083736
-2.1280148641337115
-5.4496642301775911
-2.0296926572475718
1.7275698623805944
-3.7975129919388579
-2.8181714269634104
-2.9949883048064847
-0.4519491687063527
0.2018356546477786
0.8729383863798502
-1.9832423273100825
3.1165095264274232
-0.1022216158679378
-4.9864463123956435
-3.2212768060016543
-2.8535695650049147
-3.2777107586216223
-1.5773895164029850
-0.3474560304507732
-1.5826189861044568
-0.7477860915014243
-0.7683580894652202
4.0244952502675231
-3.3274223313758950
-2.9693857323029578
-1.5663370003932666
-8.2646364631712164
-6.2701411775976830
-2.2860798382819576
-0.0643010887313978
0.0220186777278370
-2.0094459738029786
-0.1719535330290539
-0.7469505755601036
-5.9138952418145241
-0.1701675311958760
-3.4350083489922154
-5.3870677951706263
-0.1670563724860339
-1.8442630519367220
-4.0353135476781503
-1.4294291866407307
-2.7293694252153791
-3.5223442266496829
0.4227265421967487
-1.1059933225089906
-3.9994704779326278
-4.0098115581846692
-5.6827411985345488
-2.0245409504370442
-2.0382941091715803
-1.7554162793809038
-5.2030762165494533
-1.9359008518805618
-4.0669894331576524
-1.3695625544078551
0.1656619584354691
-0.1129930808891941
1.7306757058668285
-0.7733878013181403
0.2567520340508702
-0.9277546283640474
-0.3586816927801829
-2.5349020166682532
0.2272037656082729
-1.2734012622584525
0.2993131577648862
-2.4350696359993957
1.1554369917015357
-2.9096803657823243
0.6852933670629012
-1.4239252869699452
-2.9032945101714529
-2.5798451874242732
-1.6395266317455033
-5.9025757134779759
-5.2647868654332042
0.4598844145951356
-2.9317040746114280
-0.3024343572294768
-0.9055052693304282
-1.5496669010812787
-3.0194858207234478
-0.6554466117087643
-1.2231095116669550
-6.3375310739305304
3.9671051074337940
-1.4880747149374975
-0.6398181805252876
-0.9594658558461640
-1.6794820570631401
-1.0165869391434152
-0.1113643370716745
0.2864043072380699
-6.3608359381389512
0.6451201202437269
-1.9260196542640096
-2.9898210697971903
-3.4133552424139451
-2.6347965990626721
-1.4665528529035416
-1.3410858498055367
-0.5584687060861029
-3.4537205735911156
-10.0493751895358017
-1.9096828452751926
-2.9924346592798932
-1.1341428014290487
2.7718618550216978
0.4568336383445885
4.7795894552910614
-3.0121948740263824
0.4689102166230960
-0.4635966904861012
-1.2824461136370797
-3.4240867825167460
0.9666135217799361
-4.8929440973902212
-4.9137058449984252
5.9720388893199745
0.2550428338927083
0.0018478363274619
-0.6837536494169956
-2.9662630222067121
-1.8336652236107371
-2.4340786928329226
-1.2393659329282811
-0.2262182924126285
-5.7418298821201326
-2.2896967577503822
-3.4082919838372177
-0.1536333399048028
-2.1443202028787733
0.9232848372215352
-0.8805295870351793
-0.9007401952968921
0.4325229126919112
4.5477307725155622
5.0333027151608469
-1.4268107254933784
-1.1216972922478730
1.0006053730853335
-0.1019599827870609
-4.2814651908652284
0.5712354900395955
-0.2694642102352217
1.1617507767163315
-0.6700559320174555
-0.9420989121114154
-1.9232372047351174
-0.7791782326870978
-5.2052563907547817
-1.3630360988700523
-4.2115578841415759
-2.0061183892418928
-2.2976827418138006
-1.0758334300211534
-2.0932797157208851
1.0514871983110885
-1.3044277749906952
1.0951171191630109
3.2359084819634085
-0.7677396537211918
2.0224440840475966
-4.7522465298019130
0.7335342464450861
-1.3840635088755076
-3.5310255239848094
5.3118887820880891
-2.2415913047074754
-4.1887110304380553
-0.2154237860290806
1.8990768943994256
-3.6045738020693774
-1.5690952235210402
-3.1022484527804171
0.1780824057613214
-4.9604440075382445
4.1736562797834704
-3.4625059896168615
-1.9092637953851832
1.4807588627198669
-3.6056715880068779
0.2907415503837448
-4.7775986839020250
-1.6543981395781850
-0.9506666632637411
1.8284326632651022
-1.1055642229080163
-2.3298832793367041
-4.8353598833070253
-0.6597370974109168
-4.2554901717504166
0.3017476254391229
-4.0030073479569062
5.3111937317351536
-1.2110292347881431
-3.9065264834959330
-1.3792479759278851
1.6639790248194193
-0.7647734470521020
-7.8432668548203965
-6.6207852504793507
-3.8630888962188141
-1.7247333261369959
-3.5896640537965756
-1.7946280081649240
-0.2933314658279045
1.4572524762824897
-0.2536384199870242
1.6044973125050572
0.0964224494260774
-2.0160229426967797
-4.0718841182724637
0.4010558361146653
-1.7308593930951088
-2.3805843157090214
-2.1152643143137846
0.8869412886837034
-3.9482310545249595
-6.4360460611815729
-0.0291230855449274
-3.4135141482215885
2.3613537331444476
-3.7397350525992996
-4.0072518052497808
-5.2892583722567945
-1.9070729333907992
1.3386854637876746
-3.2966912387871368
-0.6329325891085777
-2.4346228605081333
6.7439679106948667
0.3535424805553986
-3.1948568969178823
2.7719236121069568
-1.5723465942664709
2.3768765636239837
-0.8791272275310014
-5.5149652599300873
-5.5447791773828801
-2.7779264128324246
2.3452744601126660
-2.2490077807233475
-3.9222131698781144
-4.4602241638274762
0.3353336334262290
-3.3378758263951482
-1.5796069573731937
5.7505039913116560
-0.8141497115624191
-0.2503826527900246
-7.2676639223767872
2.4018608105843171
-3.3736105432861225
-2.7156597927513260
0.1968253434481956
-4.6654268154427605
-0.2584390042513795
0.5753373543267788
-2.6113418394638566
3.1517739599752139
-2.9865993721592874
-2.5441171639331843
-1.6589504655239402
-1.6713130888490260
-3.4372781381958522
5.9956674591640349
-2.8538408287716615
-0.5753512689470995
-0.5666783957295829
-2.4724549209918192
-7.3064516008246319
-2.3644423283696150
6.7197855265274322
-0.0844725822310241
1.7722781345838707
-1.8106727736433692
-0.1386994684613476
-3.3923176778753223
-2.7579221545495129
0.2637344276835013
-4.3390275706167118
-1.8174502063397489
-1.5786579122333402
3.3317206550391840
-2.1421525631426350
-2.0582735875885541
1.4269785200672200
-0.0763794374077036
2.6717356506414833
-1.2604286979843735
0.0726603140984392
-2.7705417407057906
-1.1379567538921482
-1.7154726810411560
4.1808281208338522
-2.3510026762659670
-2.3818398433346855
1.9285273724113550
-1.2974365140181356
-1.9021727306319316
2.2935447662546795
-3.5623955525338156
0.5814070819082996
-2.4558397941493579
-0.0086311829643417
-3.3354676223883595
-2.6191524185287829
-2.5434668244129601
2.7876469389613159
-1.7901208786361735
-3.5221194047129436
3.2446114574635354
-2.1497934103383676
-0.8558575859489043
-5.4608052527688331
-2.5730012639197049
0.4717186056472844
-2.0747427344450675
-2.6025833832861949
1.9739291843461262
3.8994010745919945
-1.7200572725078993
-0.7689014738202442
-1.8178997127970240
-3.6798531660582610
-1.2876279704732532
-3.3208237594345706
-0.7385081640135100
5.0600637962321571
0.2817088656250128
-0.0134392179139701
1.7185598388597405
-2.3682591475674526
1.9371120874186751
-2.2855514803870109
-2.2715811651297799
-1.1042406857755118
1.2272187604454530
-3.8437190799430225
-2.8997880073077082
2.0000272953137603
-9.6942012879479762
-8.2092293290830138
-4.2015373606960802
-2.2571639099541660
-3.8140385156375554
-3.2124322598196975
-4.7988246114358759
-5.5876375531495741
-0.8822976925564238
-6.0785694101333885
-3.9891092955558491
-2.1647444945155403
-2.2174545465367914
0.1793220866108127
-3.1807576433892968
-0.2889762758474814
3.8021974431134828
3.9916308031208407
-5.2013487225841315
-1.2767964446169888
-3.1942690491339389
-0.9825886855822351
-3.2430880724210098
-1.8046496968882189
-2.7727022535536920
-7.0521816694185793
-1.3630078341638117
0.3581265954315070
-0.1311670642040582
-2.1595917031532341
0.0788001865944855
-4.9018464727022932
3.2077116828434997
-1.7302461809496854
-0.9637813047975076
2.9833533585280301
-3.4708710272497476
-0.0980983801214728
-0.0132407272849140
-1.6009567026332525
4.4082970152416658
-1.9690401195418450
-1.3674422883722841
3.7142530882398264
2.2007227052958243
-3.4219711641346633
0.4783298612019813
-0.7477417978594335
-0.3464820083820753
0.9843581929247102
-1.0396594650168358
-2.0101688845644574
-5.2816811006327784
-0.3187568550256903
-0.9772459423214335
-0.4102436019460645
-1.5845223189327000
-2.1910684811375210
-6.9900177644376784
-1.9151075025857631
0.2965743498677416
-2.0063754185854821
-1.6044932824406872
3.7961046513564414
-0.1047040844756449
-4.6328580344160546
-3.4160325702153220
-1.7158335732590193
-3.9134204181897765
4.3618040761483563
-2.4122877862533465
0.1625585298071320
5.1248710399522244
-2.0256423906417043
0.1598529808885813
-3.6309293425106217
-2.2393172551302252
-2.0466129366518331
-2.9258363892262409
-0.6683301386340010
-6.4862341773707666
-4.7569165971986473
0.3001483693114210
3.4817493841055542
4.9827302744129769
4.8738060622073975
-0.8449920593923990
-4.7575309920519127
-0.0272704617439129
-1.2399469300956520
0.7736276180584248
-1.2940505755594045
-1.2268436208445017
-1.7148680642600891
-0.6008095322774766
-0.6649598205633782
-1.9240881729856947
-2.1726373865792463
0.0705024001222913
-0.3770448183945421
-5.9831349354147845
0.5869168647062820
3.1853353443723327
-0.4660961262454874
-1.0820701133417661
0.8331641785775157
-2.7365893027859762
-1.4421992190818691
-2.3204138095289690
0.3252396414662058
-1.6335185798806433
-3.1968383747727720
-3.8491230594666384
-3.5363509331087335
0.3108385806470806
-2.9694237137162500
-2.5078200466573826
-1.3917130207940902
5.2023059261503093
-6.3347145168132348
-3.4960781675077861
-2.3284945424284360
-1.6594977666592750
0.0682342625008307
-5.0829918629957085
2.6441272405553788
-4.2714440650670094
-1.1508762331754354
-2.3475392040034437
-0.2121817985503270
-1.8276821048772454
-1.5153903630565930
-0.6985713809293417
-0.5428977567701267
3.2305639284817675
-1.8589247214827156
-3.8758032873171984
-1.7271089149991268
-4.6800307689212648
-2.4697082373164063
-2.7455656694551251
-0.9929948471602983
-1.2296058034180288
-2.8102073277455610
-3.6316985976023646
-2.2020291756002788
1.3348770425239131
-4.0417899784611739
-0.9539217350801865
-3.3307632784230456
-0.1933797378782577
0.1214786331463668
-2.4017235996244404
-0.9653019105138739
-0.6762154977340189
-3.9720820585482497
-4.6600507912429796
-1.9651573275912266
-4.0784485595603410
-7.6868288096588708
0.2027936610878326
-1.8736215616690830
-1.1419043480156748
0.0890751518195410
-0.8419144589140948
-5.1176210798493260
-2.9066858154617856
-0.0038736653705284
-1.2295598343558409
-3.0832251142055762
-3.8553294091095718
-3.7735568657671990
-0.7975042414391192
-2.4088264939854738
-3.8504349784347349
-1.5754065340098813
-0.4262046026975483
3.0042042562896354
0.2315292606965798
-1.9509933180739414
1.0873542558212199
-1.6230326309402126
-0.6289970798271840
-2.9699455236990229
3.8665305104401528
-0.8631903910864737
-2.9214276819620912
-1.8717489838969497
-0.5106631525475263
0.1219227677833158
-4.5007232110634270
0.3707724345513537
7.3749366175008682
-2.2437107452243445
-4.2313954828027898
-0.6831347955153718
-0.8467640409373597
-6.7255580322658641
-1.8365883314350850
-0.9359858616649444
-2.1159570843274387
1.7614457095704172
-5.7175642821225532
-2.7351642309768507
-2.1873902111841170
0.4067326306027124
0.2934795374263929
-0.0030280983636959
-0.6467537652689033
-3.6298741028510650
3.8548567525962434
-1.7672285985935128
-0.6208465751000848
-2.1643440229394360
-1.2938359620507418
-4.9177915659349347
-7.6425905675193793
-5.6564949231189940
1.1196436912484451
1.4006912759367889
-3.3906858828715185
-0.7494069437810507
0.3764079253722633
-0.5651004170065970
-0.3877725014633108
2.0212048386447679
0.6959351278046993
-1.0412702900397448
0.8817430183169994
-4.0703273236015081
0.9300382846382648
-5.9380973978398526
-0.9943631959182118
1.5110342960453700
11.1312867531792090
-0.7576650228991300
3.0226870412775653
1.3999808610678071
4.7972675951441852
-0.7794903858048953
2.7469033075334082
-2.8641651464214850
-0.7141603807644519
-0.3764780370639934
-2.5273264256655423
0.3008631044566540
3.1672260602662754
-0.0856804916863295
-2.0547288554335821
-1.9285602149694245
2.1783890244847366
-3.2382238289076475
-1.2537635178518525
-6.1863978836191356
-5.1769984560417335
-4.8649562691034962
-0.9696866486212337
-4.0310858695557155
-1.6120921994516653
-0.8695897765560318
-2.1262059945718805
-2.3841058952085925
2.4480129842087628
2.1127095318063613
-3.1946636243663602
-3.3325937749682195
-4.2038638245076214
0.5560868527719358
-6.9589947679234347
-3.5017467243840326
-0.8010930340519040
-2.1902591006746359
-4.4231940893732480
7.3338056472308599
-0.6202411681913146
-0.8800398718705056
1.6234639790994374
0.3701615918189981
-3.6183426510352872
-2.1103262613608331
-3.5699559935995282
-4.7547217727330224
-1.5732511437037280
-3.0715774033199863
-1.9957494550403931
4.7118947540547120
-1.2982620108257228
-3.3153840620944450
-1.9446222756284790
3.4499207837843602
-1.2973466122896711
5.3342189294855196
-1.3121097179388099
-1.4648293530576386
-1.4319979038269031
0.5023577582164900
0.2516432837015584
-4.3849040464162661
-0.7966898406659817
-3.2324096937321669
-4.0950932796600874
-1.8503933147758078
1.4194462920898450
-0.4582765838237838
-4.7606973716820704
-0.9008060235742246
1.9360443016504509
-3.1975144522293029
-0.4903608540415038
-4.1480353817182296
-3.4663419948866605
4.8486023447140019
-0.6887690101651956
-6.0596466841292438
-0.4008097384411660
-5.4609270427343715
-1.5475126148834346
-1.8092238322623460
3.5059326985507937
-0.8188876927471602
-2.0826655608238585
-5.5641079891183161
-1.7861317994982711
-2.7131039092375406
6.8161201903433328
-1.4892726993189354
-4.0864656078973836
2.5750918337834818
-0.3868950549405555
-0.2193287745587580
0.1741494494706057
3.3842572454009452
-2.5365500433977219
-8.8364435399234811
-5.3132082041472106
-3.5963357673475693
-5.0961615986720368
-2.3338222151324222
-0.4133225111375405
0.6385314741689054
-0.9239208086285128
-6.6644426369212448
-0.2118131963156720
0.6979519255458203
-0.3721753687319945
0.1063101594560397
-1.4280954282214267
-2.1869941973277918
-1.1634649603677727
0.0427734560796230
0.0337277350437919
-1.0204715886407145
-0.7048847761735859
-0.4880708139252360
-0.1183367772861217
-2.1557595774753939
-2.2597509857679010
0.3133984727685031
0.0807253899987191
0.1328762452427367
-2.0534636755632092
1.1621222377028866
-3.3764828345976170
-3.6369755219881634
-1.5466434425128752
-0.4192024703168515
-0.9431789824106827
0.0952413416022114
-6.0604060441438925
-0.3429370227831189
-4.1569997182639016
-0.8875500504803114
-5.2407334032979564
-1.8667353191552811
-0.0937078601404705
-0.1787959077102173
-0.5319638705806833
-4.2576038598284045
-2.0520561199749072
-1.5853184179811832
-3.7122350957604500
-0.4407184426127169
-4.3871422919615934
-4.2995927587758054
-2.3411342166677627
-0.5131175350818089
2.4392712422527838
-7.3017879162350283
-0.4686518934692844
-0.4883248642121746
0.0066037016175433
-1.7718246332764935
-5.8813534046453517
6.5643445953658777
-1.1204827959140213
-4.6716975304428079
-2.1801619005821911
-0.6014172895273603
-2.5176115753063222
-1.6695674420554256
0.6222079970444134
-1.2892174729617198
-4.4204429808137613
0.4800307717831896
-1.9151857574824389
-2.4046669452585494
-0.4433763511555581
2.4516533791106490
-3.9218645395699006
-2.1488940628269422
-0.0110899885201769
-2.0624619391239345
-0.5895877251882256
-3.1404527276812222
-1.6617246277849416
-0.0430814624454370
-1.6139131998906451
-2.6505915230387389
2.8336408142285747
-4.5794813436023736
-0.9803803749538467
-0.7050611914653100
2.6085784982861822
1.2035299644468465
-4.1409404307752151
-3.0155495464690083
-0.2889539074795806
-1.7468209409073037
-4.9860844854659980
-5.9472415378334658
-2.0537090147795527
-0.8682740292820563
4.6546638026046550
2.4672642408699375
-2.0252984802220726
-1.4221292342587015
0.3481475748343028
-7.0171607428815594
0.1599147186559503
-1.4253732234226646
-2.7327189580398366
-0.4418433944305915
4.0709457980449582
-0.0720255483691015
-0.3414030118026524
-0.9164331203769461
0.2127589068968126
-0.8950721597324289
4.0928672549602432
-1.0171376916893577
-6.7221439082170793
-6.7136648892431809
-6.2190187719239205
-5.8055431366012975
