1.0964558020854471
0.7866524066571583
1.0793588677713259
0.8859952832456540
0.8273888427953691
1.0857177105902815
1.0668226021217340
0.7993568301391926
1.0683390642085695
1.0925363921040965
1.0903600357750243
0.9018809045795693
1.0667499842755801
1.0817083251639552
1.0605060478253248
1.0767129381207319
1.0936739031111640
1.0850496583134732
0.9625814601367173
1.0852661089489917
1.0876031434432201
0.9857349647512542
0.9508881704708990
1.0935092794824601
1.0508954103712904
1.0531958197635962
1.0937470304492465
1.0965029726674664
0.9805039329453976
0.5623936200764712
1.0913798623621411
0.2904317348039351
1.0890763761675746
1.0902327221940922
1.0696690159087370
0.7476826105590479
1.0618107579928837
0.6146818955844595
1.0878933545210261
0.8381662063382013
1.0671622144330846
1.0579460566976617
1.0973659239095785
1.0962235626262262
1.0844218623610531
1.0598557549039516
0.8762983284795395
1.0669614149673512
1.0720379243108185
1.0898204657635613
0.3368889057952184
1.0928921272777414
1.0340041187573783
1.0807555780507216
1.0767797433854536
1.0893000612014418
1.0959573958554707
1.0770832885200181
1.0021575864047318
0.6914106009464910
1.0953473645074951
0.9642122372065992
1.0984102761483583
1.0925147867697462
1.0797418431732946
1.0927179364589192
1.0445994716391003
1.0904325814480185
1.0965993328830603
0.6698581282691405
0.5950331801721059
0.3842287746057548
1.0480672559361954
1.0825734681089652
1.0971845802888924
1.0967657135214510
0.2920714825881480
1.0756527975744508
1.0937247022208783
1.0849513149269081
1.0503964789907454
0.9619212375033547
1.0953447155247373
0.9583904261105697
0.8133148394141029
0.7249171644391184
0.9034627702927958
1.0721009959262682
0.3845117853846274
0.8966451424870628
0.4775293182798162
0.7900120187282568
1.0568567663564188
1.0919977536587391
1.0513313882404163
1.0719981027175549
1.0461347569740942
1.0878138777715298
1.0974270552162506
1.0957726833864165
1.0718444359904529
0.5292804964202622
1.0900144964494987
1.0548774052469183
1.0833919115061805
0.5431597535468186
1.0971197428817250
0.9971703741356063
1.0909305521387085
1.0896063304218981
1.0473765997478919
0.7286715064127012
1.0796245794178121
1.0872447149529934
1.0902942085929563
1.0921736051790436
1.0732881504661658
1.0959695719767879
1.0644090943151998
1.0972635979892273
1.0854635895927436
1.0803727871852236
1.0173530177398558
1.0787449181583961
1.0872860000322899
1.0105462386959312
1.0892284971280235
1.0164466924396778
1.0669353765468543
1.0932130969696126
1.0959388773595049
1.0812275010695469
1.0949773718236215
1.0210298976973879
0.9137578366541707
1.0926189466837626
1.0992815219234935
0.7595989247389479
1.0927112535034889
1.0965315269152376
1.0230097929268027
0.9993565488154164
1.0976952813725354
1.0938790079753873
0.3437896767194102
1.0825587258641527
1.0571003369431307
0.5318638429042761
1.0897768554864602
1.0229982147053134
1.0184985974304883
1.0788721189775961
1.0963909919112995
1.0227861285595488
1.0976240362157450
1.0644228136839848
1.0960207217993803
1.0974007058089701
1.0919473232735533
1.0946844023164299
1.0951939627805287
1.0114548657822457
1.0895683933335840
0.2842419059888361
1.0787956549664424
1.0589641801855945
1.0786920188749916
1.0900599062393848
0.8022873652776260
1.0453139307513686
1.0501242238407793
1.0576462255807650
0.9910560146803225
1.0831827516143975
1.0873178128533629
1.0945076513862935
1.0975902968124993
1.0957704616846173
0.8943070134912590
1.0955857531831859
0.8902924603717211
1.0936303722654885
1.0670705254551918
1.0684991209627270
1.0888682558513816
1.0843769233079170
1.0353156978141380
0.9089338085715354
1.0838405402473557
1.0861143005008900
1.0781935793462618
1.0771993224291867
0.7208916496757787
1.0955674212521562
1.0116934043353094
1.0814973431048931
0.9657196452156510
1.0938000912999559
1.0821271853865873
1.0907181085629549
1.0908095721481914
1.0903962947901988
0.8485413150768836
1.0658767316524673
0.5733647018511064
1.0076910401077177
1.0666892982615359
1.0640950829503417
1.0891545406722076
1.0972353860033031
1.0239588188923550
1.0583535638548649
1.0793390053096306
1.0893221879118395
1.0976835354910659
0.6427460136288773
1.0844390583465462
1.0922262238105693
1.0898199199689866
1.0959708586271681
1.0907200660513647
1.0599072698635525
1.0988394684423723
1.0930338674479598
0.8913332663314778
0.3853072905772605
0.9360626368077730
1.0892780352939611
0.5019030215433796
1.0072251659705762
1.0529071608822616
1.0554823464250200
1.0972657198204314
1.0890086755340012
1.0954759580200164
1.0177903920474838
0.4717685517682019
1.0441512382060312
1.0757572355359615
0.4246599593809418
1.0922097537390401
0.4522237420029033
1.0880051170075271
1.0655406015015756
1.0947398517737359
1.0865426102528879
1.0553198135269115
0.7269643396834004
1.0692249247333769
0.8764727403389831
1.0381776139275656
1.0778545909913404
1.0905158035457014
0.2817077110070392
1.0945614919275031
0.9377001907056730
1.0964982620806285
1.0940887167123829
1.0849954749543291
1.0885478304584693
1.0422299626890907
0.4166625124350738
0.9745776521281699
1.0916171678994340
1.0990359394229270
0.9653026732056591
1.0794459738925020
1.0903272152680401
1.0956387021509162
0.5510548019360941
1.0799666354805513
1.0782475029090761
1.0605270263734965
1.0928015366130572
1.0703289236296643
1.0743708622250130
1.0033694311328454
1.0907979815283673
1.0731373980448224
1.0859163434520418
1.0903748504035415
0.8244102565247116
1.0755357239396073
1.0929864851333175
1.0782683056495641
0.9296445870339798
1.0566495355594530
1.0913647459123141
1.0830906622938576
1.0907458085831740
1.0871888624137653
1.0475744340124813
1.0415795629242182
1.0808880901209004
1.0220057565975211
1.0756239715538178
0.2884212211279158
1.0977420213259665
1.0516014914175515
0.7620015709482327
1.0903992097773891
1.0927353487507969
1.0809508191726098
1.0697536626791628
1.0468742536386415
1.0974289763018041
1.0953649693407941
1.0973734010803831
1.0919513171510955
1.0790573126351144
1.0930674414938151
1.0941259466445674
1.0710505129270067
0.8855250757378812
1.0963951430856826
1.0117786229626977
1.0855005160284579
1.0887112320810981
1.0952645163202266
1.0629174765704119
1.0939362365549430
1.0601868997723112
1.0874968421905615
0.8931697117207767
1.0487676969751543
1.0587211812532193
1.0278118017101159
1.0204059049998677
0.3695672357991068
1.0920597071879974
1.0804640051901448
1.0908024823137243
0.7583295158609078
1.0911221134920133
1.0954285662268661
0.8207691407915448
1.0633045142086701
1.0935238381233319
1.0775608309412050
1.0862568537952590
1.0968461277418657
1.0785561600599789
1.0960465225494878
1.0171189324927825
0.2989203355239394
0.8970562825936204
1.0402658174584685
1.0526321961777141
1.0283340589300771
1.0931627271478639
1.0947804539749255
1.0567369862335396
0.7444985126926948
1.0949132617580675
1.0907727599593431
1.0614591313682709
1.0908411131018931
0.7857334095045154
1.0867775166200013
1.0936632687550387
1.0900485112165541
1.0778326276744878
0.7069783186511149
1.0664008364481348
1.0830992106417869
0.7993933620517679
1.0930692011969847
1.0060260408124377
1.0983209329367736
1.0936321040210992
1.0902885077509137
1.0940156446968681
1.0928466786190447
0.9609843971295979
1.0619192798370465
1.0833586340928358
0.7930063329677004
1.0686656016124094
1.0934165262913484
1.0920959295305519
1.0867218589262808
1.0963127689937442
0.9359710003349787
1.0962314937123263
1.0681920881350873
0.5123833918225309
0.8395693605985853
1.0950288098908019
1.0713228744400585
0.9797060716530037
1.0886913004729586
0.2830188477386887
1.0919737708833364
0.9936484264839065
1.0901234942492855
1.0798210391455176
0.9844687747309738
1.0854321531580116
1.0965098084070972
1.0985032477174514
1.0779191084289068
1.0858573101273359
1.0950081602371549
1.0159128131869364
1.0926564243161365
0.2815330764382324
1.0833453485149960
1.0419973286155702
1.0269440047428087
1.0222858732199382
0.9853773592117964
1.0546385712162596
1.0956665140063473
1.0560025792280223
1.0810519933492131
1.0558356224960801
1.0955967390897814
1.0541774764758829
1.0720946421149493
1.0922038016110784
0.8672932279557302
0.8965124137245997
1.0627089953957909
1.0435137717680667
0.8930193533888164
1.0975532342486720
1.0171424414970369
1.0826581471787347
1.0560124746705530
1.0341312875985689
1.0045469792737240
1.0926301405359888
1.0926780053869349
0.7050356274012212
1.0835745087245849
1.0738106909005087
0.9990020307731973
1.0846020205893523
1.0915613405714677
1.0186102270128241
1.0771208907710617
1.0818646382443751
1.0692577362920048
0.7605922840136334
1.0957823290009132
1.0259259831149035
1.0962304507600265
1.0967930256931346
0.6052647928228093
1.0964086712767238
1.0861211369895138
1.0686404888214425
1.0936359748021409
1.0821949119148953
1.0936248509510573
1.0931387072860090
1.0935917453622821
0.8922985269206830
1.0920295259983350
1.0938264204349810
1.0903536758377934
0.9346451001937164
1.0878177415780088
0.7930775818011254
1.0964522719638661
1.0840716150495058
0.4763204798107575
1.0863322529003532
1.0706532393198616
1.0934972061645607
1.0954370374684479
1.0667045058400448
1.0917706205140643
0.9720142539682380
1.0728730800099961
1.0885333631002720
1.0712446837901670
0.9553356350007027
1.0632522353503384
1.0795301840530749
1.0950832267503330
1.0939999832087406
1.0792225986853097
1.0568253749015795
1.0320321872326179
1.0938167624944508
1.0598023125770553
1.0902925919184261
0.7106099216059379
1.0945810652868118
1.0966770435105897
1.0858243674646668
1.0946151688033881
1.0863522217367929
1.0961783943412915
0.7938571617860236
1.0881820385899852
0.8733171982631854
1.0947788197438724
1.0155958918975787
1.0592921342107939
1.0559828757346035
1.0982305579540923
1.0839405933278790
0.9443530262689938
1.0963700742749318
1.0189148008349653
1.0956661026713870
0.9285438634962003
1.0857199142206551
1.0940058182034909
1.0896963851658925
1.0841907801347914
1.0884034353619361
0.8277923557613055
1.0404713246589541
1.0920169483794953
0.6778143581154894
1.0950817434219138
0.8835341737132260
1.0698481969437068
1.0849452104418473
1.0659353406239311
0.9583428228953546
1.0919571793473122
0.6501484865248782
1.0022056229736371
1.0863931095908441
1.0053769396819021
1.0053229399854158
1.0560977166754393
1.0938417455590970
1.0626338223207685
1.0906385107504093
1.0264793586972816
1.0928024877662736
1.0964188835429918
1.0973775030060173
1.0924508206479850
1.0065322343417380
1.0689121052164225
1.0653175057295103
1.0315973795540703
1.0504948886964161
0.9081106665931374
1.0958097173291221
1.0846642498326657
1.0853826538052704
1.0354981436472654
0.8757803715434728
0.8051325691442660
0.7367923693395524
1.0947217020579734
1.0950383438438642
1.0984284967238802
1.0948438477708451
1.0975017764547998
1.0908423645296850
1.0801037525711539
1.0857360376398566
0.7089495689441357
0.9466497096823085
1.0236153996488035
1.0808930319218784
1.0774183307866432
0.9668443914818055
1.0815860958175072
1.0953355383716312
1.0187043960667135
0.7885389935618234
1.0846920754415712
1.0776196293402274
1.0961850732833578
1.0206945882198712
0.6546217426206403
0.7188376530374495
1.0946181424671906
1.0758994195414862
1.0913989975635980
1.0965498707749723
1.0679002983535726
0.8087735868485666
1.0955232281620737
1.0971561624455257
0.8895192530727759
1.0938417955301447
1.0484652210163075
1.0968348336746847
1.0901478355231446
0.9678838304064227
0.9456389030118983
1.0720868990607322
1.0759563403036643
1.0972532533244332
1.0971896572322501
1.0859689228898672
1.0905972613057306
1.0818917569510049
1.0860826061855953
1.0957313543340164
1.0649314965410170
0.8325348116872545
1.0962070573221117
0.7974574974074695
1.0651346916337818
1.0447736312803662
1.0938245261262496
1.0744686753325887
1.0891154060451320
1.0597940013764104
1.0798720514177882
1.0973374941776532
0.6005634867787528
1.0108451626369108
0.6071091410142810
1.0564476429217189
1.0767309263638387
1.0368552134254403
1.0535702116880277
1.0705115256590070
0.5008024498860582
1.0742959040216797
0.9512058378874061
1.0189117537349912
1.0324842612561198
0.7072984321789856
1.0421360055265412
1.0889538232472458
1.0921222433872939
0.7406826484608956
1.0905299229677750
1.0909156272436589
1.0759861852751900
0.9795825917524132
0.9297109991575078
1.0888313475665239
1.0969275776566598
1.0946361415075485
1.0942548923810622
1.0962472335070426
0.9023780193370511
1.0981428635419588
1.0878377799176258
1.0800704530098142
1.0088790573704101
0.5580248442526284
1.0745510245034848
1.0849627036315408
1.0873443074078888
1.0883211842947331
1.0882800026358399
0.9975925286283337
0.4216140559205326
1.0838872544347855
1.0854442692132191
1.0582276881366683
1.0963766030111393
1.0780011910926799
1.0375023426803418
0.7528329402354280
1.0960412345125206
1.0066900703357988
1.0935294203974770
1.0895223362230304
0.8231233586127064
1.0861646678892916
1.0769177566562635
1.0753860610436643
1.0464059256668001
1.0542934470969081
1.0096899654781768
0.7500882018488071
1.0387789361486905
1.0868237040149906
1.0908074279006323
1.0949459724096133
1.0943268072368164
1.0775129152495591
1.0564547152220372
1.0653907392521877
1.0769300531674622
1.0061196345695513
1.0965367165001942
1.0785043956340696
1.0836179110403750
0.4099377475707316
1.0894468504096808
0.9388340224890990
0.6691092059885102
1.0907159986936603
1.0850750053379992
1.0892614311656854
1.0914267671555669
0.6453021622260077
1.0727933667815361
0.2808550358516049
1.0946574261642188
1.0931369618037492
1.0971676397060888
1.0586719976264898
1.0398067866796570
1.0650787041672904
1.0608822786085355
1.0961081556349817
0.6906513404783624
1.0834801868456929
0.3414256099657323
1.0947038498134605
0.9648784540094525
1.0916031970753171
1.0679625196827984
1.0972942837829751
1.0966224686807369
1.0508076101300627
1.0914567428921169
1.0906916617376934
0.3435325083953429
1.0410437931817806
0.6472887322780826
0.6461034296322734
1.0927404424012692
1.0332128972504593
1.0954264956099158
1.0652131186083804
0.9589172472312559
1.0945810314544950
1.0215579448063861
0.3001431450677083
1.0910169247037873
1.0944070846088683
1.0118243604194832
1.0845018781405980
1.0933614248083652
1.0928428891948976
1.0868942295502191
1.0932672666415004
0.9793428357798704
0.9310269944440930
1.0931012278741461
1.0881252436903257
1.0557371763509409
0.8312191479603642
1.0907721009989209
1.0836340936156208
1.0900598504274142
0.9222317084879286
1.0760364655862784
0.9455094131504408
1.0986296684657857
1.0935141491340779
1.0904863837167200
1.0914088949212326
1.0189496166352094
0.2826830134479496
1.0837473585366004
1.0882434129358300
1.0959305582699317
1.0314729633266788
1.0964304605311954
0.7730432284027611
1.0807632565762662
1.0076554485826839
1.0843226811284687
1.0509962955618228
1.0908568427761052
1.0750518155074369
0.2814747675879594
1.0738206290675651
0.9708162315750316
1.0927084455001590
1.0744566375912212
1.0515775877298361
1.0687209723092026
1.0778968178703543
1.0920036710806140
1.0963189077267215
1.0704234286823995
1.0841038680547046
1.0516488141810179
1.0979193619623953
1.0378864697145334
1.0712949778710184
1.0921306157624058
1.0640296423307665
1.0959932231419016
0.7488860239080376
1.0911562983678564
1.0819058744215237
1.0795982686916525
0.8803518921239505
0.5873430155142639
1.0421022586881061
1.0205216250861255
0.9950823851829597
1.0821777728139470
0.8078915385807736
0.7124383740413004
1.0829746612158182
1.0962404222642541
0.9465213707595108
1.0932703830001169
1.0957906037539420
0.9725812610622286
1.0973126914204172
1.0868742633969923
0.8874603973174112
1.0069787691487100
1.0888810990701896
1.0569577312012612
1.0983705966722717
1.0397486121396784
1.0181539493603804
0.5722075475702924
1.0366240062499117
1.0924167886699963
1.0977532147880573
1.0270619865703055
1.0977080845397211
1.0983207895177864
1.0933960346852178
1.0920343355037698
1.0972808194170860
1.0943514239790184
1.0849424617457148
0.7689499545138339
0.7998988208354992
1.0263846460684609
1.0953598708435290
1.0311788785075426
1.0925900864830411
0.8273855998411056
1.0851929063952219
0.8825639411466778
0.2831349545269048
1.0974552511589801
1.0875092429337896
0.2853420384448292
1.0791869917264802
1.0827225914440386
1.0946466718188639
0.9461881867091857
1.0141408337584079
1.0943761834767192
1.0212206357262110
1.0946031542972217
1.0867240445979622
1.0972661352106650
1.0567775220439350
1.0923139347705664
1.0876091053515964
1.0957388658079934
1.0966545561270751
0.8815246808695348
1.0904170186569369
1.0872713887238985
1.0827105858328900
1.0470896705498804
1.0893748020882470
1.0877592947153469
0.8472577570383187
1.0892199845124610
1.0887831613257302
0.9504276361472215
1.0906577519317362
1.0900827745355690
1.0988768440025594
1.0946765277152117
1.0946099505015909
1.0941274604448941
1.0944753435134664
1.0964565106876110
0.6144441951681503
1.0906962356043719
1.0965986499821545
1.0937816949032020
0.8693479223379098
1.0880283377808961
0.9015075591809841
1.0961202781128654
1.0974964912843230
0.3196865650145254
0.8254338804500333
1.0840610224248683
1.0826046411790016
0.9399339598328843
1.0757048052951514
1.0940980275657595
1.0226153171415264
1.0630083008640532
0.6382134735427469
1.0947084581539257
0.3120105188218806
1.0907316517006007
1.0623382557046623
1.0968638192213818
1.0909325848984668
1.0975359955889152
1.0158577489912717
1.0881450349789545
1.0889657427657042
0.8984673574992261
1.0650486312182292
1.0919246829370077
1.0680619272174987
1.0816383236428007
1.0931243477203130
0.9311530698890023
0.9784477375917364
1.0662270498288380
1.0938286878624035
1.0744563956184121
1.0572696002162301
1.0956208918411179
0.3264280104399277
1.0820977961414435
1.0964655446349827
1.0938933320504454
1.0943884623798075
1.0157174337758936
0.5367442794171345
1.0878676904230040
0.8718494063019797
0.9463697042302053
1.0758569340115050
1.0897973976226285
1.0720773834058683
1.0954393112905314
0.9067285365775010
1.0799296144753951
1.0950593974755716
1.0956598121765140
0.3047192586288913
0.8109536603792082
1.0851082837832962
1.0859647273432305
1.0572881973520036
0.9910023880724002
1.0976377854203043
1.0934524006313489
1.0026773575327217
1.0602946294912707
1.0736357798638050
1.0229028026224580
0.7299543805064767
0.7966837581849928
1.0491708048107709
1.0952580627357225
1.0556968144118546
1.0986776335309154
1.0938351429948956
0.9865380389034787
1.0622443687157757
1.0962796771799308
0.2812216840763482
0.4926997042347506
1.0860060174156985
0.9355349543392275
1.0985827402468133
1.0974499054608127
1.0831404694492941
1.0229722950994127
1.0887863861136295
1.0591492926420742
1.0926986306270101
0.9518822500573386
1.0970091001528746
1.0952556404637237
1.0813706600736528
1.0545230523956501
1.0309751717110625
1.0338507513843689
1.0347961934831624
1.0981082295932127
1.0244451712818723
1.0969860355619727
1.0548920995498350
1.0584135838623445
1.0825296164163769
1.0811215736059976
0.9739333274441244
0.5761734879285213
1.0900617100571450
1.0562235255964318
1.0905230886483177
1.0982545734809626
0.9839711539275485
0.9704381370721529
0.9933875216121428
1.0834298388317065
0.3007189818361707
0.9452733549696112
1.0882186268882097
0.8698484379764316
1.0973458952159028
1.0959352985064745
1.0925597005032059
0.8719002978622730
0.7043473899541284
1.0927310198280837
1.0977272109351106
