-0.0798042861856463
0.7291497177136047
0.8765239860641282
0.0461222052580544
0.4468481256103877
0.0613656745361447
-0.8964147288719136
-1.2078686028233960
-0.6893171338085673
0.6357209101218381
-0.7708629221686010
0.8733700340848940
0.0962693330581156
-1.3031396436886804
-0.0939230006515601
0.4156910567997782
-0.7831691736962129
-1.1317258519882472
1.7058779135436348
-0.1115432338989863
0.2349155571955356
0.6853458673955476
-1.3192096082630378
0.6330206794787763
-0.7915237478653284
-1.9734511077474464
-0.2074048169154100
0.1292292494029860
0.3716049114778085
2.0462302313391358
-0.8026157307649507
0.2528993481768547
-1.4231150351026272
-0.2233680102438796
-1.8446454646089983
0.0117230183743854
-0.1353412498315270
-0.4253577665937188
0.1194138813332970
-0.6212706480931754
-1.0655057776434032
-0.0469509793292124
1.4385184744932640
2.8334099884070190
-0.7522859897781088
-0.7942202534875442
-0.7931275526105777
0.9409016102413450
-0.6309574080185818
-1.5828192020053855
-0.6369645022776533
-0.7517941491124785
-0.9815089282971781
0.3523972200098163
0.7329914538789712
-0.4447034265945478
-0.1004877236067176
1.1224907282306864
0.0757057401107231
-0.2259641535575519
-1.3420583115095737
-0.0367412533972831
0.0613876514591748
-0.7839075879113663
0.1200766505542986
1.6086489782581743
-0.7983986101143422
-0.2604950781232249
-1.4303231933289575
-0.2151308033695339
0.6005650803574464
-0.7814163026999429
-1.3843519087232370
0.7832986854285279
-0.1243200300012226
0.2605529473237663
0.6753621906971522
-0.1315069195853605
3.1155450876082971
-1.0448693312140920
0.5841594650506934
0.3100381479454301
-2.4387468948088133
-0.0958517722820239
-0.4464615655513840
0.5075875985336205
-0.6891103489824326
1.2355407632601512
1.7303673671857209
-1.0673353333304709
1.8618211029940739
-0.4968930861673531
0.0987233421978216
0.2810873941087850
-0.5891541705475474
0.5466181425896112
-0.3593823983529928
-0.0068825263224786
0.0616921672982881
1.2330405762930565
-0.8902557157807370
-0.5767931479806283
-0.3001841500442709
0.5855601948320741
1.8929108361112972
-1.1980049279305536
0.4187742745056495
0.2517422610386316
0.1876638187268014
0.2353777480471837
-1.2470798138678112
0.3199316268693196
0.2122784369423985
-1.3290784550945018
-0.5049305653589423
0.0932300783834096
0.5106630441748025
0.2798637597837477
1.4541807528801274
0.7658424101462002
0.3803782452856290
1.0889351310019713
-0.5593063820550643
-0.1651105457936713
1.1571579041616884
-0.5486374819787426
-0.0502024666980457
-0.0476046074600831
2.0176339834467640
0.6081910459579538
-0.0112389754988246
0.2310604441939912
0.6852843521633274
-1.2597591007802378
-0.4122852418980457
0.0994613123053554
0.8919590525699558
-0.6794761062558031
-1.7241166009081246
-0.3516302822875136
-1.0463716182964400
-0.5751767261271520
1.7515117605679105
-0.4126444894627181
-0.8748580589276420
-0.1367225842949491
0.6373156866961274
-1.8238635501083404
-0.3326647145169677
-0.3586046722257653
0.3115110739179535
0.9062599484376412
-1.3039951552356219
0.9740821499067321
0.2715271303546706
1.1002732631903527
-1.6494925435479426
-1.3574785481179228
0.1613570720457463
0.2309979501337492
-2.5187441720368366
-0.9540409181731115
-0.2627795620748987
0.0858367439160331
-0.4666308029532373
1.0172693537020270
0.5735098827422226
0.3450372609820265
0.9372536426743467
0.4008208545391096
-0.9576399889415732
-0.6861896539819580
0.8248706623240427
-2.2372773461861883
-0.6845485816408676
-0.4283838948720124
1.1900471904949808
-0.7029439083983224
0.4512029112714749
1.2472543969684142
-0.0164577749142552
0.1891783503633897
-0.5011604751201454
-0.3614770915340337
-0.9358792840450231
1.1127598651910007
-0.9355821208856840
-0.6234875428794807
-1.1361500539480784
0.6802263108329174
-0.5549810587955547
-0.7572402182108476
-0.0881497508286729
0.0520449316873862
0.2645092578247192
-1.9639735469044668
-0.0871061090042761
0.0369284702761518
0.7547647132894886
-0.0535912713829632
0.2893733805063128
0.3564433558459444
-1.8708939064577936
-1.1628243859188785
-0.0832496428832580
0.7089469973377823
0.6067164201629835
0.4442835892177692
0.0782184671601142
-0.1570526822821951
0.1627874815572537
0.1277887529164184
-0.8812354350182960
-1.8635745229216016
-0.6422437642483677
-0.6325975514881719
-2.0836495622613174
1.3584919653249785
-1.3679100613919946
-0.4867614769755643
-0.7439772912406021
-1.3238141398300942
1.2735234555949366
0.5669951081754642
-0.8012916561795841
-1.2551006045257869
1.0886610655817217
-0.2993773718567255
-0.9253803317351641
2.3345164683935109
-1.2996768321911871
0.6370668938619405
1.6418094003310360
-0.6846823283718897
-0.7848742982162216
-1.0047192222936583
-1.2239617341578153
-0.5301294285706755
-0.3002977830683204
-0.2843408784610302
0.9607889063104910
0.0863457798094258
1.6529780577468731
1.0181051187170602
0.0328329587155315
0.1056283536627649
-0.6895026485383160
-1.7374946795613759
-0.3133249935237293
-0.1534819057162595
-0.5611631735544113
-0.7689934004443237
0.1078795265796978
1.5540883311844775
0.0110257900594688
0.4275389411846616
0.8558458453609937
-1.5195097892584413
-0.3129993026434819
0.8565468500071876
-0.2284277356758818
1.3523874637316566
0.1472059812782972
1.4717264629995881
1.5352562431069665
-0.2649356801909951
0.9702871209403056
-0.0961791910927029
-1.9319532864950630
0.8833358100207459
0.1231359421790803
-0.1560485834789582
0.9880492172922671
1.2568557006011145
0.9399295991182647
-0.3658419832116693
-0.7967606626524949
-0.3030824768139750
-1.4806874252685720
1.2692853054904729
-0.3873622183102297
-0.3313031968228851
0.8004852118555347
0.6040328531195641
0.5510683983134108
-0.2419610813933062
0.2653694576862297
-1.6485777509797037
1.0561722613103590
-1.0370712379213578
-0.9326163962368859
0.3636824310341031
-0.9067240939930147
-1.2636283688317216
0.1148621578592953
-0.2014215140250088
-0.2285147560523194
-1.4468864227830012
0.5045869052152568
-0.4106993591716404
-0.4664300064000650
-2.2226560515410054
0.1942685372404014
0.5077173847480292
0.4812448372102851
0.4120678148608362
-1.3949106433035467
-0.1027742201079232
0.5459730711747310
1.6668351650924909
-0.1047361646792361
0.2341511440420387
-0.4313427242234267
0.1641980721373795
1.0449510324152473
-1.7930958034418989
-0.5673240857366997
1.0371678517723437
0.9042668261198370
1.3974447025355075
0.2949128403887086
0.6398280421312850
0.5566632223040751
0.1712213252468957
-1.3399266670191781
-1.6321682302339149
-0.2043431108125270
0.0434272552865959
0.2653542034352950
0.0254300291213450
-0.3774640663351508
1.2863450133359242
-1.6078139745508080
-0.7026011473409288
0.4889575601577577
1.2560894324659617
0.5888495417680194
0.7604475138042278
1.8741727988245771
-0.0084477088263765
0.3172276461431209
1.1684060287399138
2.1929883032400408
0.5971298172412709
-0.2724403959616060
0.3422111459223258
-0.1183419526160043
2.8941034232741982
0.1587571005516150
-0.9438218314335078
-1.6409380187230793
-1.4576219891485855
-0.1151661486289706
-0.4433513136322784
-0.7883535805025869
-2.9427418821164397
-0.7329739074609262
-0.2167295456483153
-0.8207221146729882
-0.5069558141568475
-0.1999163988809443
-1.3201650960420086
0.4948568432523488
0.3395187817999833
-2.0781430044870892
0.3505831450068526
-0.0035716165570506
0.8093721527737809
0.4087862833614078
-0.4188386665266511
-0.1948397869161668
0.4986587854330196
-2.0164019396731439
0.8867418200857347
1.6015436475830973
0.7925800423226176
-0.0052262505038450
-1.0735066794226449
-0.5570311026336251
1.0862243467449153
0.2740534122312720
-0.8791769184679746
1.0077440417642611
-1.5681556884975936
-1.4605761736669503
0.8224647542758949
0.3435936975416816
0.8675783075851646
0.4035912772472605
0.0129123887261075
-1.9390455816756031
2.1383883337084928
-0.6043026930469370
1.2990056488095929
0.0842571284716204
-0.6567121389742460
-0.0837156205789145
0.0107660355326411
-0.3752241877501786
1.0160364644608202
3.9813665391474746
-0.2204010506010910
0.4072694709714546
2.2447289657938838
2.2728537199577339
1.1681709965620519
-0.2600385062348859
0.4154641824838140
0.9689872386480022
0.3006942888878045
0.7233426354119354
1.2938286711500477
-0.5101408578421814
-2.1051722978765435
-0.9512704316176845
1.2733633771290138
-1.0741071008060388
1.8726932435976160
-0.8057976428477551
0.7448020295036981
1.0440170647536176
-0.3205088472947548
1.7307108016056869
-0.0675074199255725
0.6878646528010963
-1.1791523807065158
-0.3683872041496080
-1.0799578671209651
0.2071132337067451
-0.0729220929050550
-0.1269914740115876
-0.3714235582748178
-1.8148418686997652
0.3903406458483109
1.2175798843079626
-1.0287956815879666
-0.4683592955703842
0.3965452687735201
-0.0864675257650051
-0.1184975000846374
-0.8875115669944125
-1.7606954372288557
-0.4923898116377508
0.7616790640630335
0.3630228633053397
0.0502911557020707
1.1405045455543681
0.2985439169773860
1.5531019168204714
-0.9808496201935918
1.2110413781148226
-0.4659102334368587
-0.8866423722816027
-0.7908064963752660
1.0912670935054534
-0.2953009824456501
0.1492443327585961
0.4813630968491454
0.3533611911129484
0.0704169856170217
0.2446164564709123
0.2654866681442228
0.0769222980658517
0.0937914243535177
0.7600789692349965
0.3703050385867535
-1.4704254753866524
-0.3501182123153739
1.5684318199296867
-1.1851203252660021
0.1023755552996146
-0.0861613612653338
2.3132655010820367
-0.0446872487097858
-0.3709511810794989
-3.0169882337692875
-0.7286673809151988
-1.7284942717620631
-0.5703428675745745
0.3898227386300452
-0.0445501299213783
-0.8075351271736675
0.5836195474979549
0.1458321272395172
-0.0553418788605647
-0.2745366910274894
-0.8932905175376937
1.2892575490904472
0.6120576861330542
-1.8694922585106508
-0.1247516365279503
-2.6531145605391990
0.1633595106235188
1.3843358948009739
-0.6601208632289008
-1.2081734209586230
-3.4438872587869627
-0.3745475834831280
0.2373175532186436
1.0664260058552752
0.8042606995257957
-0.5419197651192662
-0.6042782886030479
-1.1345714603357981
1.9903500273004893
-0.2490134799593831
0.3625116290770741
-1.0030481465315240
-0.6594733656420351
1.0284155571227354
0.0733242438505019
0.0128555646177883
-1.0826255853097939
-1.2124854492600674
1.6615295892291539
-1.1847628810882833
1.0527008471665029
0.9962527301507101
0.4238994291491961
-1.5433755304452466
0.7832242917816140
-0.4691716717442835
0.9884138227742770
0.4985114937884175
1.2664178959335692
0.2647259991373572
0.3114215412333083
-0.6289879041919746
-0.5400230120040979
-1.1695669300974643
0.5876710965647116
-1.5470335847881325
-0.7375036856999619
0.7431730331370976
-0.2557803115024960
0.5983548961796733
-0.2900264155161049
1.2092076326222503
0.3625877797247226
0.7829509065917439
0.5364185022025473
-0.6210918593336306
0.0073107723869459
-0.8838900948468622
0.1987778392330830
-0.8071108497783394
-1.4361505450865375
-0.2380521632249388
0.2037619874208342
-2.1564627480584151
1.5209134270266815
-1.0867375212640398
-0.2187502649530546
-1.1255879381332574
2.6112962587990887
-2.6603112387509773
0.4448528015165836
0.1437404509808247
0.4460702203516678
2.5173016233975418
-0.5031159808941399
-0.7877103293130125
0.2564429509150252
-0.1512674958023402
-0.0449287836264365
0.6028515601686721
0.0481178751492749
-0.3884754574233002
0.1472733540683758
0.5933929123839723
1.5941951336795535
1.5218169370970074
1.1931320431872972
-0.7015999583136073
-0.7176059458559657
-0.1312369708497212
-0.5379015031880559
-1.2804331370540041
-1.1107709600436939
-1.2101262592999020
0.8483614710071854
1.4750372740263713
0.4981520993063186
-1.3910191424576870
-0.1766635985765035
-1.8150881532744925
-0.4047191839338342
-0.5863439985438094
-1.5602629141984730
1.2340649620565980
-0.2484193359096622
-0.5783823744084480
-1.1249226603957145
0.3103990246453197
-0.3957014654727524
0.6204047903321637
0.9245826039805025
-1.7225723120860723
0.1239342044651820
-0.9791318143489851
-0.0113259552414211
1.3571592780548063
0.6209919080827100
3.4348528336281414
0.0307004858776166
-0.8894241567289112
0.4405523237289203
0.9313142258985995
0.2363853898417269
-0.0132149179458262
-0.4829938957516527
-0.0652749096052113
-0.0215137451109119
-0.7389778192793036
1.0407654309402814
-1.3570632716806783
1.0514425111240178
-0.2131346225720810
-0.4656134695713762
-0.9149785876447917
-0.5663125631441359
0.7373718227933139
0.5926032741828943
-0.4447622271809031
-0.7113591647472691
-0.8151856329592159
-0.0465155371977937
1.1017424496823975
-2.0226955285443755
-0.8787549979983319
-0.1868776622659723
1.5649511955184010
-0.7423653804461788
0.3472702732642327
-0.5232194082555328
-1.5864497265107449
0.4067217234004348
1.4614879584189735
0.1610406947814101
-0.6839586574260776
1.5948180553238860
0.4477827665069907
0.8853393855392808
-0.0008339339567618
0.2709994014353913
-0.6644869585914377
-0.6805648178786597
-1.1255267817248980
0.2918565954889396
-0.6474224071315232
2.1229579743362925
0.1742238115979561
-0.2808705959585138
0.7338602488431502
-0.9924612574549436
0.2503138660999444
0.4204091737199233
-2.0068707661932228
0.0918572302408249
-0.5229224008986475
0.2691475809447733
0.6003821292577504
-0.7396030970948472
0.3879391299562008
1.4647814670119974
1.5491119289126138
2.0866851998934073
0.0550199446330336
0.4810542051332303
-0.0590500066814243
-0.8272487368213829
-2.0399080041437272
0.2795883993075410
-0.4342081139912544
-0.8641700315652476
-0.9343979107296176
-1.2794542102599358
-1.3038221220269453
-1.0485782785833351
-3.3678030115343858
0.6580710785912272
1.3399710247496333
0.8084291219891945
1.9576269653571003
2.4753510078598109
-0.8894382355906116
-2.1323444658054331
-0.3241627689316968
-0.0009448633512114
0.2341668271083631
0.7017412474050270
-0.3594646386224225
-1.2064392777428188
2.0179419765684519
-0.6576039527187666
-0.2291375523133605
0.9588107996979721
-1.0806312855971099
-0.6960492111432076
0.3191183322570678
2.8828881236946273
0.6695736445468942
-1.8657535032062180
-0.5470638371707330
0.8507017707454479
0.4410008508846600
0.6766711200017859
-0.6449583124847740
-0.0048035911386840
1.2737847767056034
1.5014924267952292
-1.9997935097443182
-0.3539570548927758
-1.8872191934436255
-0.6814675425778848
0.5807454753281455
-0.5881972487438331
-0.5336219418931534
0.9633757152672975
0.0022419587589316
1.0486400133846445
-0.2042332748472077
0.7129107225867142
-0.3807583083687626
-1.6635614180227696
0.6563943564493282
-0.5924710907981249
-0.5244645786461247
-0.9582318687698864
-0.2510746631337016
-0.3814132777606182
-0.1730279446928435
-1.2375121779231126
-1.2892144161037791
-0.4204137273521735
-1.0023836505024470
0.0563277258988806
-1.1377968000130880
-0.6905104038589135
-0.3971493219866811
-0.1434518092554121
-0.2140469242670454
-0.9585453634874167
0.8687071641094688
0.1853825191555405
-1.6918924516472957
-0.2934595527197938
0.1715791239666145
0.5159699611156111
0.6235681245716378
0.1905069173383548
0.1116998121288515
-0.5986144695694069
-0.3455156944727096
-1.0479873118375038
1.0509423251291303
0.6980604650328974
-0.7055477585801488
-1.0484323948977154
-0.3312901347734193
-1.4039593999089603
2.1871235470532637
0.6768262811283586
0.8427369127411840
1.8603342954205013
0.0739542863197151
-0.6854125397832967
-0.7867801147808695
1.4838171586116520
0.5955539411628080
1.3493006761758999
-1.1470540944756367
0.4434099897487817
-1.9604665020951408
-0.3117838049846167
-1.6698505546439184
-2.0517118433294481
0.5286338512232126
1.2303638306080584
0.9328641666401468
0.2976942227852704
-0.0494654776696775
-0.5133048661792050
-1.9874271142200111
-0.8668433138541699
-0.0914948455950181
-0.2197507944955128
-2.0033036188343369
-1.8706833191200476
0.0093278272014430
1.2715043546312337
-1.8413493517305484
-0.0559414545467466
-0.0680031752824527
-0.6500043162153355
-0.0616736802460253
1.0340664860618085
-0.2815298067249168
0.2186280474871832
0.2616244957669305
-0.1247797888093944
2.1840355055202858
0.1143537845166508
0.9164314902470763
0.3199460150761091
-1.4533372109280940
-1.3787487914022003
-0.6632713364171787
-0.6322233540004394
0.4945040983931006
-1.4171325258071843
2.1794048102483479
1.1695403273031337
-0.6559011950797653
0.3967158933991451
0.0941794825707350
-0.9159266150897390
2.4314892690032153
0.7238942868621743
0.9087008488153077
0.0800687379067600
-1.1486876866701652
-0.6845948161881287
-1.7468456174903024
-0.8386252154976912
0.7164099072183707
0.1071032786044970
-2.0202497236516717
0.1624970802530759
-1.3022727747910199
0.1850116561512491
0.2687157559328385
-0.1583824331224160
-0.4219411832882274
-0.0700081129998300
1.1388797746097197
0.2078880564842447
0.8226797584316854
-0.0561052821765443
-2.1622469659127810
0.3983920480754736
-0.7748368417201698
0.7135390529322421
1.1817996730223310
-0.2798937019931222
-0.4679625644574304
-2.4052986311816213
-0.6992713849979519
0.0401368242241135
1.3329170150964194
-0.3373381137696162
-0.0878825617166383
-0.0413815667270737
-1.5425366763538007
-0.6312686471313684
-0.6794978468839603
1.3195489487028611
-0.7699215114034519
-0.8473209630396014
0.2394896398862554
0.5547048389179142
0.9502447296277725
0.3347567360694214
0.4608563455712870
-0.9296859569129831
-0.2580509187489596
1.1328553846967380
-0.2021158981654017
2.2455595696625803
0.8228104042524559
-0.1462232230403757
1.1872581695030071
-0.1576339230001028
0.1416577814543536
-0.7527386216884844
1.4686531731239298
1.2279659512612102
-0.9418495366799439
-0.7441494301063067
0.2909846127369899
-0.1899495748327580
0.4789122071233969
1.8409042039793013
-0.8901122984320213
-0.9529000980674819
0.1171501370033945
1.1829127308936558
-0.8147094985859222
-1.1523001820462897
1.4139366547705476
-1.0336159930278390
2.7513228219438677
0.4862682444493099
0.5753272598462376
0.7852277478996099
-0.2868957360181342
0.4791175660826956
0.5084987648141950
-0.4768920637390656
0.6282028238962433
0.2129649836729003
-1.5527502210461510
-0.5654237548458854
-0.0051804103838585
1.0109967195333911
-0.0212377681760928
-1.9879317824718019
-1.3106160563076847
0.1541765746350905
0.2471753034163738
0.8673505996198654
-1.8744323080759488
0.9004496622886078
-1.0731924511056530
0.1846638541388119
-0.9282316728930448
0.7207129939970786
-0.7777974182376193
-0.1303644129377241
0.0489220198269134
0.8613084616985742
-0.7772059725575818
-0.6301203383825145
-0.1061963006857155
-0.3440499832971534
-0.1674530520795619
-0.9840819792581565
-0.5802281297379241
-2.2461599618679999
-0.1077699423146919
-0.0781903934651160
-0.3688666305366127
0.5545909662674435
-0.2131959486108312
0.1880754383893150
1.1105406060727363
1.2925620707248158
-2.5867055737494700
1.1950686994985444
1.0900612676418824
-1.5765020564692052
-0.5845105248659931
2.3434315935402683
-0.7303917205669402
0.5586221999651910
1.1054718900616995
-0.3116835926467403
0.5251805438716760
0.2474015974095919
-0.6631000085543495
1.5225458830516176
0.9627699657672210
-2.0029390600700099
1.3929192773205146
0.5955228405284638
0.4994492307136283
1.2134509490280763
-0.7303599808165013
0.6862908039227020
-0.8957470962230558
-0.5164593429939015
1.7000560662430368
-0.0738319890973776
0.5156461053747105
-0.4847806740708344
-0.6829879455934788
-0.5764621749794361
1.3088572015982296
-0.7058787672289960
0.8175965565800446
-0.0459500237533200
-1.2225128921683199
-0.8697660868079865
0.5229253231927894
0.2465308492560581
0.1391412053500413
2.2493976221384964
1.6132313936510305
-0.2960534132758106
0.5822045057869576
2.0347988314538643
0.9938184022570447
-0.2608688899842728
-0.5834601870870052
-3.0834486883898822
1.0912716138511362
-1.4470005236106946
-0.5998551746105614
-0.2198615547138374
-1.0413177415293511
-0.2484747886182984
-0.4826395637839442
-0.5058450524205805
-0.5713805977288007
1.3135126628169314
1.3329180019621703
-0.3323516537279161
0.5007485907665429
1.6635675239573544
0.8155234545243679
