5.3016708243451145
-0.3638433553473890
-2.7833425911930285
0.6527194863796921
2.0376365913866104
12.9042847824453641
-1.4780252902976261
-1.9464698146738626
-0.5730734548757118
2.6159388580342107
2.6411812227335134
-0.8049889356103679
-2.2094883645634682
5.0825072744032731
-0.5610515353111013
-1.5089357513536719
5.1567386842446368
1.5223657373192534
-4.4775931291846414
-2.8681862870184416
-0.4117491153009840
1.1925301138510369
-2.6229556105181153
-3.9226616058151742
0.6199664926038435
-4.1548375762362442
0.3340880253165415
-0.9987744845829336
-1.8905465425663994
-4.7486893064972309
-3.9022898836029047
2.3506973476959354
-2.5154863374526064
-3.7981187132786829
-0.1793847211693569
-2.2178567638958273
-0.9140182053411727
0.1998262194325495
-5.0380222055743955
-4.7688908257104554
-6.3953162744407877
3.1991502236604275
-1.5761584841071421
-6.2824011687903267
-0.6129925035933947
6.1068651063928936
-6.0730379338738372
-4.1808132666875109
-6.2582723608032156
-3.8736327030431319
0.2276030463484850
-1.1071783260952788
-2.0413263463641851
-1.6324040523071643
-2.0877434199754776
-6.7856846256719248
1.2454742283211810
-3.4690148979772437
-7.1482955387029401
-3.4804933535630971
2.0789729332795193
-0.3690263413847846
3.6452506496708685
-3.7434291418516312
2.5081470423765908
3.8387868171486659
3.3657086945242374
3.0538840330081083
-2.3595171945016165
-1.1947930060394529
4.3986304919182269
1.6183788438037794
-1.1727042980067521
-4.2617307593786578
-1.2533271203135226
-1.8518086321355078
-0.3752364417228359
-2.8569887283981310
-3.4789441316148508
1.4006102830399267
-0.9877030782070777
-1.1843345278604269
-4.3549178231292638
0.0737033349786307
-1.8452601340442072
-1.4261119370690618
4.8562807338756793
-0.5880619787595549
-2.8997446588102536
-0.8531523241408951
0.8172455709339024
-0.7144480594895184
-2.7608710704765769
-0.4295843015039174
2.0349964297941816
-0.3335874303694403
1.1786994913504496
-2.5378112974215368
2.4427229096513727
1.0464081770617426
0.4515645697319466
-0.9151766139493500
-1.4434547111916234
0.2853342327742845
-1.4947418369172392
-2.7914046082162884
-1.6831514352935073
-5.8864345662317170
2.4966003754950070
4.8795994918296763
-4.0129291053683191
1.5646601710237691
-1.7630666388812866
3.7104598750394384
-0.3056434901607017
-4.6440414503489240
-1.3154610921098655
-5.8781146475386938
-1.1813927196235046
-5.4626199678239074
2.1283748638598254
-8.3064816941378972
-0.2927691551643360
-3.8039285804111462
-3.7546352029496930
3.2553020747822643
-1.2563609761028633
0.9541532568842128
0.3304716132146747
-2.1787145116966435
-2.7402193593103243
-5.5448266189334401
-3.2954884643521964
-5.4400733526262233
0.1004324831801601
-3.9754187679569926
-2.9279742320067776
-0.8836278111119011
-1.4510219134384956
-1.7775477522052476
-4.1839972452674852
-5.5702411991520551
-2.3838262802391079
-3.3792028200603781
-3.4822477277608126
3.9015026418503327
1.6092575492495407
-2.4319433914600057
-4.7426621099111248
-0.7180847098262249
1.8927039581872322
-2.1375163173993896
5.9029502601105159
6.1467712282727947
-1.6326502825380118
-0.9297354329409668
-2.6002051757314355
-2.1643501304448147
0.1485374375519563
4.3615852427813335
-1.7343314323763619
-1.9275597936723403
3.3772146947065464
-4.7238543871421026
1.0971831028846737
-1.9509253937534052
3.2871748539771839
-5.8809534100523289
-0.7379212958095556
-1.7958979230645882
0.7183613419910410
-2.4597255397975455
-2.1489051793413303
-2.7790329130955769
4.6423969068976803
0.3601172807276896
-0.2506914923731906
0.3503077694521008
-3.0406100592906431
4.1488807591994386
6.2305170874140225
5.0825224114033967
1.3032269294434218
-3.0166275938040958
1.9759386236567178
-0.3977684857864354
2.7422052458086221
-2.6898298372978560
3.1205860178485163
-6.2420435627022393
-5.2750947186271517
-2.5693450674248437
0.3327068092816492
-2.9547729080058249
-0.9909684238594895
-1.7085474830019438
2.4731942472976671
-5.6727661061539241
-1.9283503170985499
-4.9344371289745759
-1.1685095137054458
0.1786634279582200
-0.3755119497443627
-7.0362333542480995
2.0169805158741028
-4.7831656938696270
-4.1228597472458990
-0.1544925358919729
-1.9700529351989164
-0.4821830207960173
3.4325419609407537
-4.8237630791831867
5.5537487639285974
-3.2838876783366109
-3.8432421596857442
-3.6830190490596517
-0.0777517319579743
-0.3016570477289779
-3.8972958680942940
-0.6156870186817038
-0.6845974663543462
-1.1110750299798686
-1.3707052167035265
-3.0712356527403135
-5.6039946428253096
-6.3136568673995610
4.9198546194776895
-4.4286505562464740
-2.6402259465130582
-9.7326970502523480
-3.1029634537506010
-5.9461139072951346
-4.4852749078560992
-4.6390619077135575
-6.8506435186625927
-1.5663853783704924
-1.2257593951172667
2.2748627384338191
5.9786435647802678
1.8980532098904739
1.7808858879340059
2.8412644203238147
-3.6486031323955701
-1.4906064776980994
7.0333956152187680
3.2439079802482129
-2.4122995953460267
-1.8886578426181726
-1.2885415775370861
0.2559035631267705
3.4340273748939092
-3.3445458673904755
-4.4435757260634405
-3.1623923264583400
-0.0658826130034833
-8.6204386119103447
1.1433899254561575
-2.2084032572926127
-0.0660997527784898
-0.8330696046084838
-0.0858894675377516
2.2796994178316368
0.2933991057648412
-5.0829008657379742
0.3672748553028846
-2.8872706402368142
-3.0720312680595270
-7.5780363950658955
-4.1027926578887355
-3.0680465395419483
-2.6489277804796920
1.6644509748973806
2.9501934238646781
-7.9441388240284807
4.7940359576195899
3.6444982508261701
0.4173100905004666
-3.6762313524454844
0.1420802709673474
-0.0039439906628164
-7.3054675185519722
-5.6813692492956207
-3.2201393393657955
-6.0695498945915416
-1.3633575778740779
-2.4224825899998494
-6.7761506453171787
0.7348862265926640
-2.5905514751036409
5.0654461789178296
-8.0683284182402897
10.2018423838546788
1.7934554026374110
-11.9497339311946611
-3.6744292310539439
-2.4914455622680869
0.6716841659310150
3.3362202728978785
-5.1334656270654460
2.0915726327715976
-0.1409730083432459
-1.4447820977939445
-1.2515171950112622
-5.3173537901657690
-1.3582411323637320
-3.1090086361860565
-0.6595210348447593
1.5075395871849531
11.2410618251049730
-0.8128444936364447
-2.9478926755343653
-3.6119687308935360
1.8553247130685737
-0.3431199196633731
3.7873760658470541
-2.5549608121618381
-1.3861306790116921
2.2985598611348257
4.2093590387434325
4.7337817898820855
-3.7341974950634560
-0.7972560330280369
-4.2567896970882400
-2.1563728483815345
1.0456917335300047
1.0221312531744395
-2.6356904131380183
-0.4008500680683852
-1.6713188048974170
-0.6509460480945296
-0.3801116035871070
-1.8749816819294172
-1.9040660024632978
0.3880040586838134
0.1970694475047803
-5.3276101268930285
3.8129877541969681
-4.9797261209971087
-3.1262586563190466
-1.5920008516302122
1.5465805565634263
4.2246386435105006
4.3517896158672826
8.1457347587414368
-0.6633760817132894
-0.4945356783252975
-1.0649317621360850
-0.0880942803359610
-0.2797817614502754
-3.7180059516829207
0.3487473404239972
-3.7443111916375456
5.9059508367595539
-2.3429680863387947
-2.5700694381307030
-2.5491411887155571
-1.5479930314907264
0.5957590262336604
-0.9783646747141646
-3.4101219928888349
-0.9126095700663884
-2.6176326129150409
-3.6271052593470441
-1.3086620062247236
-4.2306160598886695
0.9276155553425137
-3.1061478461875991
1.2718464546890336
-0.3520753290525923
-1.8786198155137861
-3.1749601781385786
-0.3852104589007330
0.0428819671305247
-1.8627576714499021
-3.2738560935594241
-1.2086610402574445
0.8587644265498406
5.8766831665997650
1.7978602233487369
-7.9552634796561348
-6.6338214513270488
-5.9779254283854746
5.2345834072809421
-2.1242415850878156
-4.0330679720926454
4.4712204951772714
0.0093887198172408
0.9495211797510444
2.6594512095720746
-0.9507034017499667
3.2401933068017490
2.4596201633985668
-1.5153794553421420
2.0863579770226051
2.4248381850944454
-1.0047521114090239
-0.3523384267284928
5.2357297270526564
-4.1384591535988386
4.6564286067374487
-1.2267152450092078
-2.3069891722710549
-2.0964473513649104
3.6404970636390037
-2.6336431774360101
-3.0985254265867108
6.3876871669864208
0.3825806456147274
-5.5924427927484262
-2.6315746368709330
-1.5218791995978214
-6.8518903053534492
-4.8588017092478264
2.8668006479093147
3.9220880231469062
-1.2117939490724676
2.7674787941330332
0.3526643706472943
-3.2543093848122822
-4.1316059124902909
-0.9775427264436709
-1.5197914874078102
2.1251927028695121
-5.6158279407260228
-3.1022288320182803
4.3208983461320223
-2.1447687995361906
-5.0825971803333232
-0.7231190127200269
-2.5141344319109624
-3.6778934200938260
-2.6245893598936298
-1.8860663206882382
-1.7549460097380944
1.4525833899685323
-3.4209591106062498
0.0757753969444915
-3.5497896083830289
-1.9020498958109471
-1.6351923280445639
-1.5279231668993314
1.5546800352908017
-1.6674517390481638
-0.1633991515052918
-4.9234883727563084
-4.5329169499075137
-5.1835484799807601
0.6154023960648916
-0.9271205307814905
0.7015939967594594
8.6022388126452096
3.3216350342065644
-0.6248037504802255
9.0837076018422209
1.2451350241182839
-1.6189535615839883
0.1266058787860926
-0.9608794799471264
-0.0279163148277531
-2.6548140072409363
2.8290504489957375
8.3961148509191226
-0.0606049094635180
3.3011789026527296
4.4068434251412851
0.7181088452888785
-1.4473854328600468
-1.8745894779691490
-1.6265891134028168
-0.2129031163928349
0.0190799236218305
-3.0196039371001517
-0.3357808932954329
0.0797858263165972
0.6424962937892119
-1.0191096258686683
6.4044816250933936
-4.5204653593769759
-0.9884611195972129
-0.9858062196903916
-0.2547397640487886
0.1263435582299227
-6.9521652610524622
-0.8575302688630769
-0.0987059514336880
-0.7772552251486622
-0.9099673118303064
-1.1960731331358310
0.2831026354847541
-1.0996516818063935
0.0935210002848352
-2.7774569636237620
-2.3512319067012553
-0.9126007965463275
-0.8904364101848833
-1.2396057211160656
-3.1642974146465517
-5.9826510905185994
4.3543551720741789
3.5475236673616020
0.0072624748948048
-1.3006957978758125
-1.6244331175983568
2.0209351104474242
-0.9185738384998775
-1.0474736687037618
-2.7712260349108715
-1.7181385601740145
3.6776758609297331
-4.0640471559451292
-1.8008279083147998
0.1745732601513935
-2.9685296101364194
0.0446374591030936
-2.8146803729373686
-2.1690703958118291
0.1348781181220958
-4.8822315041009743
-1.3827556519988327
0.4214629375196588
-9.5272159480992098
-2.3112313670415467
2.0878214939998787
-0.3061787870992909
-1.5560048615215740
3.1566731192617712
3.0916054645948230
3.2277079266805266
6.7126171208695098
0.3856155584032495
4.0167020223683254
-2.5261465419466984
1.6041164525827825
-3.8666384237918261
-5.2223434323526359
0.3142053997367257
-1.8957703650647051
0.3581049017955653
-1.3821137954893155
-3.6157436276302097
1.6181561147292469
-2.6725538922003582
-0.8929858781477591
-0.9876540249116976
1.5172668655645900
-6.8723738733159170
-1.0811192119419373
-0.7308656172341143
-9.4979658144725914
-7.4089128686793755
2.4918065725523650
-4.9884920436632427
-8.0819489138627052
-3.2372677772004121
-4.1992877306509131
-3.2424252807812182
-1.9094413384801840
-0.8208580665950047
0.0198054534397001
-3.9690967255893370
6.3369193773707373
-0.2680363203948365
1.8029391741753846
-4.6198365241113448
0.1396446052741587
-4.8095956869855607
2.6226869608015710
-1.0984971953154341
-2.6575944737871495
0.3167843296257277
-3.2152423297954509
-5.5298529614033116
-0.7781427936033041
-0.4797979295377042
0.3555986032078909
2.3057537579950749
2.6921470939450485
0.1727871798681241
-6.8746431614700159
-4.3928306915634927
2.6352886229469732
-2.2079202480684086
-2.0070919827025833
2.4377854944653286
-6.3193725093545030
2.6130413939831207
-2.2877898187180246
-5.1729473495125076
-1.9855748913784446
-5.2701349680690530
0.0195934652055286
-0.8620761966279532
0.5641913798848150
-0.9993997238165617
-6.6235842790563897
-1.9542422029629285
6.0269007757679871
-4.6415956862132903
-2.2778038085279908
-3.2546749084759181
0.2551767074696585
-2.6079886629766671
-2.3056671039094714
-4.0720224710036357
-2.8915699001020672
2.5861593672434613
-2.5884253102513299
0.5122191689563250
-1.1939950255055669
0.2271739548761428
-3.0133923051140101
-3.9821541605381787
-1.7595634987611299
0.0203387970537764
-0.5617839268001186
-3.3364360390012107
1.0495496120254324
-0.4997505126559316
-0.2044830412260293
-1.4210499843324214
-3.0045879937347459
5.0776518583355283
-0.5431456981243105
-2.1768306334968739
-2.3212719836628990
-4.1169186682261358
-4.3225926693895023
2.1424713597415943
-2.3046049631446466
4.5224297831082971
0.2106495149753109
-4.8117511852618158
3.2305544374128159
-1.0548327830695126
-1.0233291270069045
-1.6445217215195291
-4.7668226826597895
-2.5933994500631781
-3.2161227496080085
-4.1900379789847690
-4.9066789326210127
-5.0158385388390938
-3.2185533990492035
-3.4661207552356204
-0.7017029705977508
-4.5882142834950894
-0.9145161250816699
-2.2210668248351770
1.3361682077469770
-2.0845310987416434
9.2036867586731432
-1.6027091306911168
0.6413520370635875
-2.4052508682250329
-1.5184512227127462
-1.4447296603891877
-4.7106269761972586
-0.1566178568814318
0.4642721865684720
-4.3823635924399342
-4.4027765001218375
-8.1739052885076031
-2.9821627780689499
-2.1371879775242464
-0.3411589419221731
-2.8299013689172603
-0.2977154196234105
-0.1312908499449993
-7.4049131071983005
-2.6468466906386303
-2.0831357384811096
1.1175440025884129
-1.6745248608321439
-2.1380051985212369
-0.2811119949426031
-1.5536520345486835
-5.5266274396326738
-1.7201881064663498
-1.0086630705303430
-1.0008221089652178
-1.7104576259927020
-3.6338052755088777
-0.5907448358962473
-7.8696302723614213
0.0715439385296412
-4.4590436370711117
0.9879404070345202
-5.1252373331372265
-6.1008292434804545
0.0130992350980846
-1.4510432036277379
0.7820886189260753
-5.7896856082519470
-1.2987002858170917
0.8293581607090137
-1.6224276133495821
-3.5978990728759634
-0.5310515882115203
-5.6789447206538179
-2.4906232532061323
0.8026655016476210
8.5421322347738524
1.3542134489393722
3.5828729610199850
-5.2571271980983942
2.0880458516800009
-4.4088841268779788
-4.8477271204366685
0.1015300405217544
3.2745407079367310
-0.5361611094423997
-1.4332048564260862
2.0950154510499237
-1.8418712602662088
-0.5494027270370295
0.5533215058453822
4.3833826607983246
-3.0792675366760718
-1.4081736158342724
-0.3294267704920906
-4.0267572702935990
-4.4107522827988870
-1.7311829892309325
0.3551088667821133
-1.0929387698203261
-1.2530615632198077
-4.9607448472149738
-1.3228008227534291
-2.3134306908048328
-1.7895836319371867
-3.8884596253454373
-0.0158301148866332
-4.1930199725651880
0.1902995686842668
-0.5220973443399224
0.3898983814674192
-5.6970842644511031
-0.3175600968277882
0.3368756501199009
2.0885042828632385
-1.1462172381363009
2.8868702976107627
-1.6000552743208312
-2.0471569940425258
-4.0693277490135173
-3.0138400995730850
-0.1836896286881453
-0.7735672727750020
-3.8681422834086709
-1.0416387702686873
-4.1508852928133733
-6.7323978338657886
1.3536026536848285
-1.2067914556610813
-2.3010402173470350
-3.0466824587289683
-4.5343923798166488
1.3682442239668959
2.8792661559559929
-5.0182020422364593
-2.9255898786261656
5.4403202733346978
-1.4407260586719752
-5.4548316406306858
-10.6722506720984605
-1.3461215288859241
-7.9845035910760753
1.2180916735916001
0.9669616988936799
8.5550968261874107
-0.1179020928049993
-4.2855512038127541
-1.5596551001788963
-4.8825788894206044
-0.1451471149160130
0.2343689517925862
-2.0028778888403771
-5.3945145658457072
-2.3999206322597693
0.6086019529486725
-2.7436904275571217
-2.8100552206212601
0.1641765674597606
2.9547699507325578
-1.1354891521804260
-1.2856117182950626
-1.3489604432093836
3.0740865817875869
-1.0717491291363859
-1.3117669404177046
-3.1132294364553723
-1.1491125033769265
-3.3730508597928122
2.4240882919743356
2.5202492011602806
-1.2715716584695809
2.8361816242855786
-0.8178555350049566
-0.2183680223472965
-4.0665642483175448
-3.6949352388936916
-1.5095998869132583
-1.8008113866691040
-4.6249109057683020
1.7653938703837293
-0.1624774715350248
-1.8843676730922523
-0.4835593464247435
-0.9694089889150853
-2.1403030391501718
-1.4705102376077746
-2.2384883734642784
-3.7327789051633098
-3.4836975448234928
-3.5473876041884824
-3.3091895324281722
4.8144288414623597
-2.3434347490874639
-0.0715395227976947
-5.6008618379780746
-1.0033825924626081
-11.3093230290381523
-0.3536760707170299
-1.1903428201247475
-2.3606461770783307
-1.9110781053982704
-2.2714982227383138
-4.3192789281187398
-2.3652969955099601
-1.0017777055764392
-2.1142005450557906
-2.7370587409508351
-4.7867178158152539
0.7982661027809993
-6.1114994356648031
-4.4865626550425954
-2.4459575392148216
-5.8932766185168486
-1.0151714782289287
-3.7613175714574725
-3.6725754868164215
1.1148131160932306
-0.8215561137505770
-0.4710079099718081
-0.3016151482408599
-1.8486361772502398
-0.8342733226655626
-6.0791732646963412
-1.7228333448602515
-2.7253491962322163
-1.7497561719999140
-0.5483842616487514
2.3170447060091495
-1.0254064183041041
0.0919445635549761
2.9097127569878243
1.5146875235069861
-0.6787411780850924
-0.2888655069552641
-3.9983394092981488
-5.9816196395460661
1.7529894652524964
-0.7890054271677138
-2.7088947058493185
-3.2572570960024363
-1.1332269666766641
-2.1409158824971803
-3.5743235737437962
0.4394427606323073
-3.7875266564149630
0.2354609950505573
0.2724942316053593
-3.9617292770841575
-0.9644778652945063
-1.2392087831596930
-4.2205847709727236
-5.4107949160185260
-0.2789798240371379
-3.3500596245455867
-0.5224830110083195
-0.8628040596848636
1.5866341293592838
-2.4256628644702403
-3.1138216144911688
-4.3050836003281070
-2.7265256967099436
-1.2669384925924476
2.6737561173768123
-5.9527397434062781
-3.5737644154130499
5.4860159921308354
0.2174718470966275
-0.2303427342960194
0.7174996908606796
-3.4492349915889227
0.0109418979572628
-0.6385932886192252
-8.4195112532434013
6.2715939842964596
-5.9476848309729879
3.0828350691081781
-0.7210647708610360
4.9797242680960512
-1.2534528120315469
-5.1106987996677358
-6.2162511678511176
7.9301450980988237
-1.3330933229902795
-9.1097221341289565
3.8003203621892849
-4.7566052772893643
-0.2442772121489576
-2.0173427636369636
-2.6084464006314043
-4.0988923974224321
0.9293252033421492
2.6257800304420762
-0.8897146341493563
-1.5208225090642424
-6.7955915899328785
-2.4071004330450418
2.9318525114518645
-0.5560248813206192
-5.4142302666804998
-1.5200507610774716
-2.9875081379540585
3.2182606318667339
-3.0966189862797990
0.0300495628840781
-1.6915721791007932
-0.0659164250066837
-0.1530680508834102
-4.5529970192102098
-0.9932737706278822
4.9627061558144678
0.4218369232431570
-4.7525570285847119
-5.2901511024154209
-0.5318932094095200
-2.6341047577445993
-1.6637452707753109
-8.0473822201553364
-0.8671066088991549
-0.4515101384954125
1.0323887741848634
4.3332952705531920
0.0947519060391441
1.1599997935828368
2.4583605093222989
-4.6463094977124308
-2.0759534472094421
1.4746012004553974
3.0350917628627356
-4.1420478268054595
-4.7630360073663169
2.8461087428701801
-4.0923230486086002
-7.9124364118211412
0.9037133173843881
-3.6953232167812402
-1.9714531794979768
4.3914066274489345
-4.4450620879225422
-3.5388264795704707
0.0756437733393350
-1.3729159157694835
-3.3411806157197121
0.4136644614826706
-3.0705389992814758
2.3514851448130556
0.9604009120647978
3.0558064573593047
-6.0551942015239044
3.6807707103365406
0.5843164937244926
3.8875785812303625
6.3452319130599220
-3.3388777924112563
-3.2090392183524625
-5.1313124176700606
0.1387436680298473
-0.9361668467847787
0.2045101126658714
-1.1465663018404368
-4.3130258684477436
-5.0039628203749054
-1.4321609982579879
-7.4734576556635899
-1.0243709494213127
2.4471561277550853
1.0379289207008779
-4.8781459673260086
-3.0432546416045110
-3.5604321502099525
-3.4956627000237619
-3.2163673472279068
-1.2167419686086165
3.8356428257360715
-2.7939527008485050
-1.8812741673033166
