1.0106996575641809
-1.5038383394203680
0.0308090884021983
-0.8169029654745397
-0.2126012317754135
-0.4494421812314410
-0.4525527911565171
-1.4491314147805949
-0.0578487145503734
-1.0715939009236133
0.3459578867016043
-0.0615890817015449
-0.2003982087485822
-0.2977998235290214
-1.2641801025860921
0.1044236479674081
-1.0185939609072083
0.5393272083589791
0.5148297641538995
-0.2999148628950206
-0.2150267035309356
1.7795176900481444
-0.7645325394341929
1.7169265819659489
0.1515872060469131
-2.1716023479306865
1.1043280282457679
-0.6715389780410921
-0.7629832241487189
-0.3237295063675381
-0.4218301012004810
-0.3876809872743455
2.4068723624006902
-0.4580763697568492
-1.0764299088618341
2.7607765703993898
-0.6114244698363833
0.6535794920038813
-2.4058947405035598
0.9221886750289341
2.4053919149857186
-1.0963868214872308
0.7151002709362737
-1.0678972277868319
-1.2148289181662575
-1.9791666956448062
0.8491459550020561
-0.2312770490575891
0.2704110903670565
2.0959827007352962
1.1046275404399784
0.0421067189429734
-0.9882726533957231
-1.1988884940208133
0.4358703005109156
-2.0307661609337253
0.9236170021840543
0.6612038416470554
-0.7263870869597391
2.8355884214841027
0.1789681506016121
-2.4105788838335345
-0.1007896796514571
-0.2346099913783460
-1.1858421249062874
-1.2490127670110567
-0.6552885130151522
1.1404231188326490
-0.1609879734685633
0.1800198531659699
0.9301869250850827
1.0423605615435876
-1.1015585170218392
0.0925209507372765
-0.4752163032652001
-0.1885881660593619
0.9937693704195325
0.2763109611556483
2.0330535629487638
2.7097506065714958
0.3213274633386617
-0.7375539030641578
-0.8627013118613112
-0.7275496346358136
0.5910250376498528
2.2103638714845975
-0.7716795348790834
0.9976628589120528
-0.0027081788522817
0.6412934289637535
0.1703658803866927
0.6246814003308119
0.4061733102642696
-2.1616456101578616
-0.4512546978547770
1.1811710772515425
0.9624127866296609
-1.3673217850634294
-0.7635913369470698
0.3101935742764967
1.9367809935875271
0.8151266245979878
2.0959277030714967
-1.8764729885926719
0.4608874331284415
-0.6139337447923893
-0.4831332534431758
0.2433587721605902
-1.2671527404038381
-0.2826062783210985
-1.5893046026058559
0.6465080844586026
0.3419971841021259
0.4136438955818619
-0.8492897234868321
-1.3042669580972563
-0.0723739738168310
0.7343077023213712
0.3846310036555032
0.0002087919583988
-0.0603677585459564
0.3611646292309169
-1.3743270451634202
-1.7139223556098477
-1.8692608523496985
1.1301420505768629
1.0940387694182041
0.6767627435085450
0.3340817613574684
0.1742184859005519
-0.4337988951185047
-1.2894007949229080
1.1455993904658561
0.2584008994085198
-0.5795145688218488
0.8528839181669500
-0.6920038615325412
-0.1146922258223816
0.0765427488699289
-1.3849865975876894
0.3074699829260764
0.5282844594548093
0.8704914409077360
-0.2528171350408976
-0.4609142278862258
0.2978202430777733
-0.5477974045742187
-0.3392359794688062
-1.3090924353488114
-0.0760395956889836
0.7978011639625472
0.5789523376547934
-0.4465818607973880
1.1124820787505931
0.9024358296753575
-0.8986233269785657
0.8164452125436183
1.4587229060694407
0.4163323232096363
-2.3740142672775630
0.7665147117279413
-0.8028457108325453
-0.0346844280589149
0.1813772712133489
0.8542726478436365
0.4329254515353055
1.2691573078437361
-1.3244810124524733
1.5063870674425321
0.0376106692105798
-0.4153678027059475
-0.3624769958863391
-0.1150042574426220
0.8277626492278248
-0.3240689234955006
1.1327193498392079
0.9254986777127115
-0.1110223346721858
0.8415666844251366
-0.0241675637902064
-0.0122954913202235
-1.1880454393851876
-0.0368955288644584
-0.6461380781933294
0.5462913577210343
-0.0100296578716420
1.7693200106827773
0.1169393369866371
-1.0153531631988248
-0.4861366894153675
-0.5388886835910174
1.1924156515838624
0.0163763561264537
0.3049782558847362
0.0666074145828475
-0.8795157283087454
-1.0714276867900254
1.8245166505423545
-1.8815457266760056
0.7143453697099723
0.9798184939474368
0.2041743352658558
-0.2396150189249832
-0.1658006888240125
-0.2813652763539882
1.5483342394462198
-0.7913161614695896
0.0831483561284567
-0.7919327235597611
2.4105630393424500
1.0186930990706906
-1.8623001255013603
-0.2284282751285480
-1.0825047035918152
-0.4109895412679263
0.6158813263970425
-0.2989804963975510
3.0984894970562173
-0.5474027486577124
0.0762119614503250
-1.0490581716562661
0.4056422336623866
-0.7690780294722797
-1.8802679056600025
0.2074432510153594
0.7288383444913458
0.8440619727205612
1.9138299510455621
-0.4398208712674918
-1.2896780261977012
0.0593255157292190
-0.0707863959302718
-0.7377463128733509
2.5699853614730093
-0.3131317997738907
-1.1408282169075994
0.2205948664894851
-0.2301585568903619
1.1143376421117905
-1.2678336102592944
-0.7734425165638302
-0.3808741019294117
-0.2849414077805187
1.1915351909109244
2.2379551386968797
0.3989685839772883
-1.1726798075710754
0.0919637202036652
-1.3825950239663318
-1.4419628472843724
0.6202802332270697
-0.7744930394891446
0.2493762221295159
-0.3216124820834573
1.3983814530756904
1.3052395820724163
-0.0460185393200276
-0.8110828165735096
0.4112252130654246
-1.7001745409341547
-0.4093449097567509
-0.9969510284872368
0.0721413573555408
1.2266379036952673
0.3981112323593889
-0.4990283781877697
0.4844628628646253
1.7420774482229282
1.6037009090659735
-0.8248549025960584
-1.9489602370388570
0.0217400343533134
1.2445157214036335
2.5408941176190654
-0.9031783165707686
-0.5288457349416054
-0.0062313064617290
-1.0215550344287603
0.9844700479444897
-1.5567913467405077
-0.5911188838667210
2.0008849221563971
2.2111122714043479
-0.4367990957806866
-1.0657107911953843
-0.5814421684647461
0.2202426792754695
-0.5528088199958899
-0.1000989260445977
-0.2369477389166568
0.5553787168763540
-0.2333406270647603
-0.3466932683090645
-1.0789758126330282
-0.9145093444020588
0.0195053024537043
-0.9473627124375454
0.7459010709913555
-1.2955442270696900
-3.2641905020556257
0.7175876319811596
0.7942002920254182
2.1758909368706676
0.4885493969610147
0.8191266337626367
-0.2792652078194902
1.1644045248329702
-0.9338909932118944
-0.0151733081998202
-0.2403472836276286
-0.7619381178270623
-0.4978261258989634
0.5929963253430521
1.1467586124896714
-0.9791756999347501
-0.0715759945360597
-1.3572195230878332
-0.4044323205765545
-1.7342864632545276
-0.6444124698552970
-0.0062449253239930
0.4668703926759926
0.7157303086673259
-1.2633147365207842
-0.5381165752757905
0.4490683069845238
-0.4016819711876642
-0.7645799375833121
-0.3464814802167411
-0.1917685417914502
-0.0933208476828008
-0.8772953715199989
-0.5878726554064212
0.6027269956064409
0.0675055647571501
0.6227866645824623
-0.1567943570569529
0.5133059326392547
-0.5409591797708693
0.5527322994056787
0.0111572687960299
-1.7288401338642996
1.3300036153114396
-1.1097812060332757
-0.2989476896562204
0.0364069553921936
0.8836350874434457
1.8061700526742790
0.2876452308935887
-0.3879425817796969
1.0944938735120835
1.7051035746598016
0.1341123381772272
1.0821593571816741
0.6252575412522676
0.2565231423333528
-1.4241575942528641
0.8892384411277976
-0.8847691794769376
0.6352557759580311
-1.1435236100694284
1.6107986510709218
-1.1109359272715833
-1.1746402199711405
0.0059399120842395
-0.8909163564043605
-0.1887385353866765
-0.8646373221616894
0.1762304235810971
0.4879123550026702
-2.3213536555036418
-0.3950727171222814
-2.1079193915183678
0.2829880203633109
-1.0317070138955331
0.2179640917059733
0.2575295220377842
-0.3842658880198183
-1.2311580486618485
-1.1881248781128910
0.9671756021956737
-1.0268470253515745
1.5192031150366061
1.6838966734252043
0.7307501822600458
-0.3769238997050673
-0.8865613626733366
-0.9064490786564312
-1.7674935181346267
1.4291885576226089
0.5486555663586983
-1.5463409163418214
0.0704887133222344
-0.7172608351063070
0.0028566462679881
-0.2055734494956596
-1.1218320099526069
0.0909195469564176
0.1315390980292888
1.9268873426616846
-0.5079094046369619
-2.2220345499523950
-0.2235504797397881
1.5330820190491306
-0.6434426976277439
-0.0731028244546245
-1.3369335639360107
-1.8036131541116984
-1.8406672572233038
-0.1559122115673944
-0.3386553175638972
-0.1732800341587991
-1.2181285963416677
0.7117878176658728
0.5781400971683526
0.7558933916403253
-0.3999212154069718
-0.5959539226692228
-1.4323845828365325
0.0606188631782876
-0.8138249029265233
-1.4606710910794221
1.4261901638969214
-0.6908253519035595
1.7904322289477070
0.6651814071402984
0.5218390588696658
1.1450574401593843
0.1240158273641747
-0.0933867706268687
0.9584864834976929
0.7391960564570792
-2.2583081442996527
1.5209173220316976
1.1905978943480893
-0.7026952002311890
-0.2014607152202569
-0.7847102678545088
-0.3387300147091506
-0.8894681547247908
-0.2838379657411444
-0.8630070571566368
2.0329517680864493
0.6671580504596861
0.2092662365804212
-1.3014291229209958
-0.2767184079923987
-0.4377489573432500
-0.5939130269634897
-1.2608856434237097
-0.3072520496485497
0.1670681386348028
-0.7851991194645314
0.3691738637593821
-0.8490515389566577
-1.3241010173877832
1.2579846540070090
0.8378639247344718
-1.1578732599107266
1.1065489315732373
0.7146945365415458
1.6370223861481181
0.7798111490394791
0.6437062167713952
0.0633152597561724
0.0664641213410712
-1.1740001765362555
0.6745191622342191
-0.3933089045116355
0.7961485398026029
-1.1828582617969665
0.4673775698025362
2.2061606347603733
0.9688894605594770
-0.4960368198728520
-0.9827618384553822
0.1090872776941854
-0.2283531274091659
-0.8638337672929892
-0.1293492496985102
0.0804227775795520
1.0619166388047718
0.0456335103395537
-0.8356702607000397
0.3584959943028516
-0.9605297864805407
0.1336774944337814
0.6048080534520132
-1.1901162950882005
1.0082536115918819
0.2093656614958633
1.1841560689451560
-0.4855441654954173
-0.3101943244172563
0.6118205053332271
1.2548517011926161
-0.1850705224561170
-0.2497796491488109
-1.1477785820540589
0.7314999866168176
-0.5703715395143596
2.2779021331514748
0.7004849486219462
-0.3072464096753308
-1.1057222458659746
-0.2760245995097904
-0.2753552172995005
0.6835889685749690
0.3617823616200399
1.4153882668524185
1.2434010787287291
0.9790500167663749
-0.6009203121768741
0.0874465587952090
0.2999396269495116
-0.6405504871091355
0.5341327810736558
-1.0874831807988228
2.6157923730369044
1.2794089676542337
-0.4462240166678787
-1.4268868231232572
-1.3198779459128591
1.6153861091310104
0.2646543065457584
-1.0612291930652324
1.0159178248285596
0.7208429118962965
0.0677434498063410
0.3981985191370200
1.2223368532851449
-0.4560604360442511
0.2698306029267628
0.0853342172092107
0.7185487923652913
1.3196954043895133
-0.7014603600763576
1.1221407737205742
1.0315710327637089
1.0875392952045981
1.0479529613918204
-1.5965022446341139
-0.2222503948317117
0.5864448271096223
0.0530138691209927
0.2140942188120376
-1.2870003875626905
0.9517250957254715
-0.7173317904642683
0.2258604957060538
-0.8738822391659125
0.1202298740705562
-0.3316968827666676
1.6309189136525435
-0.4552292883182412
0.9793353252345831
0.4658351785075472
-1.5362335964811511
-0.4244539321031500
-1.9633734741224600
1.1029020910708014
0.3836388580190767
-0.8739669834636882
0.8363601407803487
0.3427367964594306
0.1284079541339485
-0.3497710133657350
0.9731425304209920
0.3684524435113120
0.9147698090527953
0.7295358373810513
-0.7599063690254958
-0.8833806798810285
-1.5103506539768081
-0.1808703250964327
1.7030532224508848
-0.2734779314367384
-0.6693257692303676
-0.5350430385424276
-0.3019038178753118
1.1216659243079659
-0.4451525588855056
0.4069592277749450
-0.5710096298715003
0.5789552905079562
-1.0268771288535101
-0.4770642468264581
-0.4367886477601469
0.2972907100053597
1.2735431395967032
-0.8274115314172441
0.1157874842775970
-0.1110911498819747
0.1588572626949175
0.9389486664334900
-0.4688831481155644
-0.3110570372435885
-0.1738211970972749
0.9954863090965982
0.7077056404585815
-0.5762354279679087
-0.3366344090265366
0.3413687491730093
1.1920196845710043
-1.4833886300246886
-0.3433959891963938
0.3670324684689358
0.9521310004508960
-0.3574771652706398
1.0131407619701891
0.1848344767419891
-0.3057293979573402
0.5981102057679912
-0.9314865727857874
0.0872430430713015
-1.1597168204584825
-0.0793512609261659
-1.1528538155728505
-0.1948890208676129
0.6945518630625166
-1.2846139846426996
0.8612994262614099
0.1155502087189379
1.2176788042434679
1.0455319840953243
0.0843764522157893
-1.4860021669047621
-1.3976348422908489
-0.6061832211949593
-2.0701789018396286
-1.0371365890697279
1.1432248277027413
-0.0290609404276105
0.5747275923413484
1.8402460246402299
0.5543313186099392
0.3397647591883893
-0.3020684443090869
-1.0001612032980345
-0.3885811494145581
-0.0346255672271921
2.3709542446452088
0.0221674785258707
-0.2183774538590983
0.4773788823058280
0.5011649632404472
-0.5097541503296832
-0.4973599840077400
-1.5307112476916545
-2.0033690209467876
0.7591650582013866
-0.0955837004197188
0.6746879504322961
-1.0219521399343918
-0.6889070089532172
-0.5570571276269629
0.7000786981019034
-0.1036129646965875
-1.8385864730361796
0.7248179027831405
0.8008102794989397
-2.8169465418643371
-0.6668529258764451
1.9332824121270247
-0.6216800748704472
-0.0242458111102744
0.3476938190425488
0.6155920124682847
1.0600500868223270
0.5472787200169178
-1.5987353158321709
0.0699923772997691
0.6733055993743041
-1.1403174140657144
0.4788802874462288
-0.0559258830714404
-1.2076917722581462
-0.1315640249556996
0.2028317720326547
-1.1777867392866050
0.7944242940756800
0.5769499861764096
-1.1960629600099071
1.1849434917445683
0.7535281746881077
-1.2965116774135090
-0.7437914269888295
0.3703908720193324
0.7460804668972130
-0.5100940503191465
0.5403497735772451
0.1793114194310347
-0.4519994718348960
-0.1287512431327490
-3.0070161804433915
-1.5101175742991735
-1.2715274485401589
-1.0905369463610253
0.7789496541066374
-0.1344956289419493
-1.5223685672769622
0.0018320028274782
-1.7673750810475053
-0.0449021325205159
1.6573917336714823
-2.6623623295977015
1.4890602749095845
-0.0856377808638240
1.4149813001458944
1.1330034922732062
1.2277209665007520
-0.1694037001255625
-1.1147035309635682
1.2554666886412111
0.3754763396128193
-1.0490833279727165
0.0919367640008889
-0.6338406345999150
-0.4282686194774040
0.3562236916610382
1.4528316620926938
-1.4492122811814525
-1.0895901577714981
-1.6762614926554855
1.0443123917721275
-0.0933615622520618
1.3267125444991337
0.6226008758122457
-0.4988311234846068
1.4312573238874946
-1.5165880085830195
1.0047909191461837
1.2071616757405736
-0.6902103429085441
-0.4780232167720342
0.4817291576739868
-0.6840883867467202
1.7830988684017903
0.8863769813556677
-0.4615256051552217
0.5384904455485398
1.1424895158132529
0.5741020369553280
-0.7581117196435734
-0.0927806711063594
1.1011753759718694
-0.2201056197621032
0.5724981559381500
-1.8323895710494813
-0.5665126751647624
-0.6683487653365201
0.8367065126917402
-0.7117661496458083
0.9065808903377797
-1.3558123357610499
1.5778334587556815
-0.3510510913733275
1.0553449667761468
-0.0884622976176303
-1.0307070844676516
0.6407692791620304
-1.4400583776389206
-0.4256719241041239
-1.7787914555483413
-1.3506046676894985
-2.3359973985464277
1.3894019803150790
-1.2836879325100614
-0.6117066162807558
0.0612471117467595
-1.6399402261146250
-1.4531892393731429
1.3341801037663232
0.1309737997193679
-0.5318478067957970
1.6263229676830389
-0.3839571040305616
0.9844351816808268
0.3556368048326112
0.3411248590983342
0.2153388731192706
1.7347878703875412
-0.9663408606172625
-0.7083657907067965
-0.6483425958656124
0.0507698063612053
-0.4504223605107137
-0.8616989442447365
-0.2713381560885730
1.9224616620618726
0.7329130332713687
-0.8466911568080302
0.9612591445005707
2.9504175773145680
-0.5320764302663618
-0.3032146719480407
2.2433478309732759
-1.7209064828831224
1.8640425470974999
-0.7918597110165058
-0.9223433312639473
0.0445650924152688
0.1618089105234784
1.1913654109995786
-1.0683290656111299
-1.0273174375369789
-1.8694816087503701
1.6334906216167768
-1.2419939288472899
2.4588153619235076
0.6212789000083507
-1.9955222483121897
0.1988567333543107
0.1955097705597226
1.3761977752343333
-0.8062880666139494
0.3750666503912987
0.8063511450178638
-1.0531149827010147
1.2591854204598105
-0.7746400110775028
1.5514211975410013
-0.0994833254659151
-0.7601925644726307
-0.1049377843929885
0.9510418493651410
1.8082625109692043
-0.9364373972028870
0.2728028467748732
0.0071281891533274
-0.7588113826869884
-0.6274638011128717
-0.6608386095602072
1.0888785214921759
2.0570946343907077
0.7984889202354317
-0.9360554685511188
-1.3133691397125240
0.0831362258988144
-0.7667213330329994
0.9779731169413364
1.0890553915062426
-0.2292584735661342
0.2681167842208397
2.1701186753922612
-1.6159138250923706
0.4563842225683482
0.7663938347030044
-0.3114742007718334
0.6981293159555225
-1.2579938793557148
-0.9873900360777709
0.9197439752094715
0.9617030153151123
0.7000398513003492
-0.3087016711179993
0.5388312317105582
-0.8057148541278890
-2.1944529602659872
-1.0185295365444420
-0.9748683102500362
-1.0355030085210200
-0.0506995041654091
-0.8219148575290049
-1.2791832338438904
-1.4227588446419168
1.6619042563414697
-0.5271771353971452
1.3915038863246338
-0.5978996366874187
-1.4234475776604241
-0.1238352385426561
-0.8067447252777633
0.8993252807443681
-0.3656217139544113
-0.8499126357317527
-1.2145818031101383
-0.1732020591218910
-0.8967033565033755
1.3532910137501217
0.4082834560207633
-0.6560064873273772
-1.0725453473096058
0.4652292477873383
-0.5364611303505662
-0.4823219775670988
0.6178265560195842
-0.3813838235183741
0.8441581454971776
-0.1022315807327365
-1.3309427290733962
0.3709633209645150
1.8871568297148822
-0.4076738749292090
0.5707797562604588
-0.5783359769538681
0.0937700706368673
1.2566754085294158
0.9777987336217040
-0.3979124177873147
-1.8036535653364949
1.2373872227599527
0.1321219116709080
0.4843815022083133
-1.3560950661640527
1.4865837861309410
0.3205959261331971
0.5328753259182794
-1.2169398739363528
-0.1881794854060245
-0.2057408258597506
-2.0147377552429901
0.5403749896345182
0.0763049374369764
-0.1490174057804929
-1.6335591428280449
-0.7048765174214536
0.4318079778693579
-0.6729216893059585
0.4005011565345653
-0.9973206136348354
-0.4925649945328060
-0.2548256346207947
-1.7156307981154899
0.6975744532263632
-1.2017587440875208
-0.1270635301286003
0.7915030449750853
0.1379821443434803
-1.7319989144869286
-0.0305290892208719
-0.0734126864765207
-1.0930195464731458
-0.6945920259497250
0.2251282951970750
0.6090658016832541
1.5689480323923566
-1.1661531402972891
-0.5167982379017757
-0.9560791500503167
0.8899409964708467
-0.1682001351007717
-0.9969740466147202
0.9243174143769347
1.6680744868651325
-1.4042691594950572
0.3727761745850280
-0.2848948744195221
-1.2910780593022020
0.2470164568861067
0.2238820945370016
-2.1411748157069028
-0.7144725902622077
0.9949557448942693
1.4918758802132481
0.2212558123942102
-0.4367442907613712
-0.3499679446291027
-0.0885476888379523
0.8492464440152558
0.4966564638446807
-0.3980326723538513
-0.8324597345977632
-2.0251191200345544
-0.0122402098152276
1.5757289282972895
0.6409716401698883
0.5483739571231872
0.9862319399131902
0.1925163869728004
0.7673265892259522
-0.2884370576310036
0.1414309507294780
0.3078345491368997
-1.1034718210507184
0.2130794570789589
0.5138330399468264
-1.2485469656691213
-0.7386574668527968
-0.2013418758171612
-0.2427236164533876
0.1403021397489518
-0.0254696696549260
0.3388903854422382
-0.0301951308464457
-0.3899911349799324
0.9961960483851275
0.0932248222874510
-1.3187515738725184
0.6638684808947048
0.5820224675225418
-1.9352780171733506
0.4835661867026085
-0.7945053843756099
0.4065235184640120
1.6245596480132849
-0.7375780053425239
-0.0271688497277467
0.5835593486474335
0.2958932525568398
