-0.0450524487873743
0.7513212311163446
-0.9934181193497437
-0.5679380764449040
0.6434635889013437
0.4136580781094520
-1.2942350893236472
-0.4686264494171858
0.8822653447772768
0.8964628266061146
-1.2628141450326973
-1.0861365364334610
-1.6076323680914317
1.1844883376800783
-1.0378027553796263
-0.2459979170522026
1.7612713334886994
0.7759212013564386
-1.2402751466693207
0.2443765823447857
-0.3493185722441313
-1.5589582643600766
-0.2098363616223753
2.2231697005314341
1.4082840473700979
-1.7478317259223555
0.8574806217961518
0.8029382657175765
1.8111918708348875
1.4590686088232696
0.0955817325903017
-1.0717896331343455
1.4831286281797109
-0.3121141030370093
0.6136797103178293
-1.6068937890624795
0.5128247258785875
1.0796845837480633
0.5721074728882535
1.0345600623553315
-0.0284300302882450
0.8308696225974774
0.9538964254783081
0.8956504642284261
1.2808070810626038
-0.4244205164423848
0.3626418183110373
-0.5236446613300296
-0.3177085938308411
0.4907505549093187
1.3778170815597295
1.8259587186940021
0.3086030181539595
-1.3847324433682617
-0.2486372320641146
-0.0235953423403880
0.3425610453174169
0.1432148225736066
-0.4726078914842242
-2.1284726898830102
-1.0408060873184835
-1.0661248701286807
1.0437538527380497
-0.5798722644600707
0.3215788874506925
0.2853177690931058
-0.8268224749416681
0.7956998346362145
-0.8014351678318932
1.3453471501064476
-0.7429562781190995
-0.1901145939204971
-1.2113578344586085
-1.0554763355392671
-1.1487133362738888
0.7044503230327045
-1.6750112573597149
-0.5596888731953774
1.4417901304099072
0.2569212846757337
0.1011069580967632
0.4624678119565592
1.1418912362752081
0.1079371479506944
-0.2859631402761438
-0.1322357185879705
0.3367036108585394
0.5281593259359791
-0.1787046638137648
-0.7042588827993989
1.6873139793253074
-1.8079208517670868
1.0201512632250909
-0.0714530999049416
0.7365305834913806
-0.1930953856551456
-0.5985078449134128
1.2182356591167576
-0.5383397446025729
-0.3977687404917105
-0.6614161287887854
0.4937054430694719
0.1648290529258005
-1.6328801880530659
0.0668954822801281
0.5877020454925885
-0.1621752684350041
0.3728974997000098
0.5838296952332520
0.3883692345314081
-0.2091064531431424
0.1123003128657709
1.1569498519310832
1.0224273740824001
0.0118186713322076
-1.1956732780259685
-1.3217865835761082
-0.6219839786413806
0.6247121229143066
1.1834061891888576
-0.7263497661492873
-1.1404507969814803
-0.0352660960994844
-0.4311239864013403
1.2133634745148001
0.9024953363290188
1.5012193301080945
0.3444242463791762
-0.2936169513901821
0.3563852421609519
-1.1271073103078231
-0.4097288731229009
-0.5428725139524744
-0.3789859529975817
0.1403249156020512
-0.7362124991761352
1.0107594667471032
-1.4159901030577251
0.3292916781878907
0.8528478662343733
0.0317294306633217
0.8205479114231528
0.3101363384703144
0.1509839014915660
0.3227570682117737
0.8886335173707630
1.0355211273605773
1.1594705150018600
1.1116020903766797
-0.7110043774243406
-0.5658838221433351
-0.0659545821222396
0.4414163669905526
1.6365423603757825
-0.6292642303361270
0.6724450285006177
-1.3401843372646773
0.3212518359058462
0.3607260528923072
-0.2131734198659311
0.6413840230884612
-1.1316729275100392
-2.2896181304765606
0.0228886076623808
0.7977212144283631
-0.1449385277134361
-0.8548831263363421
1.6410604672841791
1.8358864936690458
-0.3131140005310198
-0.2896288613273002
0.7404374952692745
0.0285810585208400
0.5032211825010737
0.3108325842912683
0.1593935126308631
-0.1321022860503922
1.1458329573532291
-1.1078399068397229
0.3010764236179913
0.0585852610308757
-0.0227754058961306
-0.2643075900182720
0.2229572694144810
-1.5437265906067472
-0.6005878707320584
2.1614197791505454
-1.2712649524128894
1.8458527068743804
0.3327840330734650
1.0989477825901814
1.2025109777336556
-0.4926629887273311
-1.3091197763638740
-1.0919819793576049
-2.0756630804339116
0.2302805822297337
-0.9604190904261325
0.9557450002287902
0.4000236964684235
0.0930742390671637
-0.5525890501419479
1.6473273657786798
0.7060240728926338
0.3128051981905017
-0.7494965370720632
0.8256498637177107
0.3770516123113459
1.0160213578781934
-2.2973243332139419
0.8248862305696648
0.1075755171203397
-1.0141919536447206
-2.4044082389485193
-0.5023127350707197
0.6511260071680068
1.9912627610889717
-0.2368760107405216
0.7853801247453972
-1.2375570170809815
-3.0775765569950244
0.6879080302461580
-0.9862033473202270
-0.4490178393446404
-0.0573969698518686
-0.8357719253162633
-0.4236945934859442
0.6885306739523905
0.2060871041337579
1.2791496365837229
0.1723221097912902
-0.2387937930013954
-0.6207839859842033
1.6721329854629223
-1.2585492628760833
-0.5863682425715604
0.6637361303296555
0.1424302467273876
-0.8330866416740063
0.6113504912937231
-2.0174810128614489
0.0227059027528475
3.0121094969438338
1.1954822332801534
-0.4895033086937861
-0.5632012520835000
0.3548616766960433
1.3499965518237369
1.9146477742929968
-0.5172234860885714
-1.0654201954134799
1.3706193442148804
-0.9889960686182361
-0.9257878878903143
1.8992528850211527
-0.0687668165389782
1.9908515846608252
0.6425094797706804
2.2333353228490656
2.2610150067016015
-0.3804981911918970
1.0095818618544821
1.0000847100728363
0.7855913377558394
0.4515317469515112
1.2129799417014575
-1.1955305847510456
-0.2225237858617544
0.7754626351734193
-2.2988376034309632
-0.3892739984593748
-0.4504237641687773
1.0933791359617571
0.0910601717903947
-0.2238339268971525
1.2552440394164275
0.2621247152434694
0.6803179706684607
-0.4055291151123194
-0.1623267610207036
-0.4531028872452249
-1.4585549863196181
-0.7260769198717529
0.8465330764954140
0.9616363220732033
0.3875490475033044
0.0839974326121882
-1.1723395467316782
0.3070703106653832
-1.2208931743634053
-1.3294159937237822
-0.9847128580151581
0.3377901710145269
1.3441638286600610
-1.2963511088176998
-0.6788378613236510
1.6632802349332003
-1.2529892129410849
-0.1167843597620654
1.9078568799715883
0.4810031374651365
0.8776934527296768
0.8357312310839135
-0.2512477125583951
1.4158327050659423
-0.1494811552332974
-0.7019933608287288
1.5356576910232322
0.1267234985652271
-0.3415265379930942
-0.5030720595611817
-0.9508655172524306
0.4146182252094218
0.0395167817213627
1.4308180651791058
-2.2202955689550485
0.2644728676340730
0.7336956758395192
0.7680786667055668
-0.1692499022716988
-0.7178809386224242
-0.9212231057071426
-0.3017788311040112
1.5234834603356935
-0.2343449994502392
-0.3023531301664761
-0.5645580496160408
-0.5440636108362312
1.2145037768780300
1.0979984938770497
1.6927953377412006
-0.9297407126968616
1.3041023733126222
-1.1705397968459221
-0.9995492333613274
0.1125388796186807
0.5208746543077515
-0.4832622963417711
-1.9739709778059422
0.2138144696946490
0.4071605066301083
-0.2667850404268703
-0.7633293544770763
1.2853823130404360
-0.7113327391993131
1.8228239296471025
1.4426076525629750
-1.2552159329673220
0.2978057793536267
0.6004551897252004
-0.1437457902634808
-0.4163205994590488
-0.4346648114828406
-0.1487735762371855
1.9351337632427987
-1.3381780794689306
-1.0102509241814170
-0.1842992290136840
-0.9194089160816094
0.1872823302229001
-1.0641305970433592
-0.6818157311850498
-1.4230822859214904
-0.1460642037187068
-1.2775913054842758
1.6783451253836872
1.6897721219876498
-0.3342680342048696
0.3363852399817284
0.3891858669447615
0.1842325626738417
-0.0403160325586195
0.4271344996265203
-0.4803009861213778
0.1320412389301214
0.9669835983049796
-0.0129358978489989
-0.8979301948180546
-2.8005056472398806
-0.5000316076829433
-0.1003941491664059
-0.3962028579396157
0.9943483704814094
-1.7666047608365782
0.1444715621593929
-0.1865693466998452
-0.3597963203637906
1.6567488669528492
-1.6752192264096306
0.4389693734498111
0.6984348171114896
1.1912684144355636
1.3858765362482166
-1.9307762279627485
2.3485518458771955
2.1936714595004854
-0.9056615754048605
-0.4975616610843655
0.6906298520234587
0.8985986064594962
0.6177017712867661
-0.0949800954180379
1.0275896324734115
0.6992959717521660
0.4146905342763244
-0.0240043760411009
1.1781200703765642
0.7550471047335546
-0.9877462249272232
-0.9049686861658270
-0.4002535612451713
0.1688680959161839
-1.7162434969843532
0.9263558451289765
1.6395271483220508
1.6223172703429820
-0.7241974151885343
-0.0350032672147625
0.4792878975683366
1.1444611106451119
0.2753818395154676
-0.7862516863849547
1.4590460473332463
0.5926451150994421
0.8115752667977220
-0.4258470664300141
-1.1369435695655836
-0.3014503901428319
1.9844507373036684
-2.1073660489881014
1.0842418803094576
0.2720139237286313
-0.5892302752644087
-0.8579744885541410
-0.5625434733129753
1.6517449487273366
-0.5234279603760632
-0.2129251009446649
-0.0762106309288098
-0.0529941495624456
-0.6908677179992594
-0.3365995546374695
-0.0808001374985387
0.3478346728420831
0.2844064137074410
0.9469664767255744
-0.7233420976608196
-1.2860806439946135
0.8279441497883844
0.7020268685317652
-0.5102008508792552
-1.4279975173111059
1.0373137679353623
1.7208524239757452
0.6209560550164875
0.4438753703665292
0.2858020815330417
-2.2800253440573122
-0.4329293849783990
0.2345831317215346
0.3981611174529799
0.3248808619843157
-1.9018591564928407
-0.3685916654105356
0.8156593367710834
-0.8758843334016536
-0.2670418798012663
1.1033127080299194
-0.6109291154790799
0.1768908722932991
-1.0386002109812560
0.0435122565749076
-0.0822920225516015
-0.3167970930343058
0.7278323236728143
3.0482272786401365
1.7995901871311915
0.5824414750223782
-0.3972179098807808
-0.0656735430723634
-0.6258933472189103
1.2213231490002359
1.4261061095535661
-1.4493635140087706
0.5759737340068135
0.6070220246911646
-0.8043154699513760
0.4738713786451141
-2.0173121362078414
-2.3003354490778252
-0.9251488149511997
0.1522481864608037
-1.6629574635359594
1.3293082498635389
1.9399089741499438
-0.7685279991917494
-1.1610259747968883
0.7377932720555502
-1.2081423084634726
1.0593795618442825
1.3358056325632155
1.3274840421762422
-0.2331687419403579
1.6022589610784144
0.5349041754597721
0.5723234071507478
1.0264892654854287
0.1685846587713538
-0.9956495406824909
-0.5717616400340892
0.9039762892699055
1.4786008319904320
0.2885222260756363
1.2738494617985523
0.3457007048512896
0.6351177920947343
1.4974463815684702
-0.8941873240713275
-1.3041075086451883
-0.1164314903344835
0.4711838588426258
0.7406800371588260
0.5393903286802860
0.4181541562017281
0.0941787250625663
0.6944671994202327
1.6925647871246940
-1.0881775352345959
1.1624505125781239
0.6650215780236940
1.4294717229384017
-0.2451315109001602
-1.1364048056743590
2.0913135329049024
0.3139704017450359
-0.9736799594415638
-1.1274682087351096
-0.5576205792620339
-1.7360165653812669
-2.2140334963561212
-0.4574852780550335
0.7682601749659816
1.8042110961323685
0.4743076065196307
1.0003644598180679
-0.3125220700082708
-1.0892298397508811
0.4276332265274655
0.0458407079029571
0.1918505493648431
1.0672407040272391
0.2459144138969153
-0.4887767692155640
-0.1164284339205771
-1.2249050846290417
1.2586990282823136
-0.6169059752285745
-0.6626944242774456
0.1418848851889266
1.5811127418323825
-1.3838787669155630
-0.0092815659305672
-0.6008272770247354
0.4856916032948544
0.3055049875378049
-0.8260849130837610
0.2890608124231285
-0.7401357356834947
0.2902005234739976
-0.0954593317471744
1.2077427460636216
-0.2210145147627703
-2.0963066649268258
-0.2520582300563428
0.9296005910850956
0.8150073776139896
-1.0811482979914777
-0.6494504307523674
-1.0366770111968286
0.5557804727149620
-2.5393740617352343
0.0765661789852222
-1.1925816699638647
-0.5882683554135487
0.3982355127835143
-0.1495431781026535
-1.1857167293411750
-1.1107353785811962
2.7318850531794761
1.1566427878388539
1.4507699993784020
0.5278235523358333
0.2719689554505429
0.6696790080914303
-0.9515783947545028
-0.8583022452341945
1.0455007182221927
0.7221762906631998
0.9611911365730605
-0.5991830107219711
1.1254148060251761
-0.1615190968476021
-2.5259919645901157
-1.0575517306208027
-1.4803064108870436
-0.2124225639369275
0.1757230902597737
-1.3299263133092971
-0.5766884313108792
-1.3429885004715327
-0.5306830081155764
0.0609541600131116
0.8863830556767909
-0.3236502384323230
-1.1005118711416197
-1.2693911168696961
0.1034092080265092
-0.4233811142512657
1.3080936120481350
1.1875167203440475
-0.0853349511249658
0.3608757251598030
1.8243478626307290
-1.2635675171668939
-0.8011060509971415
-0.2974779904863541
0.9419029078321434
1.1578892503661364
-0.4677585236217373
0.2207650907674041
-0.3519735130909191
-0.7555788904336146
0.6486241335320948
0.4583909309638706
0.7196581971981529
0.7229042768660038
-1.6582993330758109
0.7862818919662823
-2.5625403467621068
-2.3395832212642320
0.8935953688321099
-0.8771344432892058
0.3260048399446848
-0.5196260458557719
0.0708847740469429
0.9920086683828629
-0.1575256362080296
1.8533704320231874
1.1809266728505174
0.5560624786759751
0.5014455291497392
-0.7907464400375745
0.2837826801415148
-0.0098606745484062
-0.8287247903707748
0.7588973467973735
0.6058239836283194
-1.0397055684704557
-0.3236738052454681
0.1758701183439526
1.8492106950935148
0.0100406797717304
0.1026089308235288
-1.2267319875370986
0.6615618002945127
1.1630258416100983
0.8219833653836434
0.1071394401411397
-0.3943727026490325
-0.3542477445975971
1.0069767688742686
-0.3156074529974270
-0.7805439412952668
-0.6368689146435568
-1.0607909846362553
0.1524138170287358
-1.8312896317307046
-1.4258360604747009
1.2458658880502556
0.9474360611498978
-0.4164546847735892
0.3236814959078996
0.8242150512931878
-0.3684975505287250
-0.0773660303418854
0.5930662046423633
0.8421168594883205
-0.0608347086909979
0.8665200343087417
0.8762686583468990
-0.4965814654092588
1.1966841728205202
0.2923055668585406
-0.4374979861516149
0.3910221213186418
-1.0231235218696877
-2.3083149229728583
1.1317185299853121
1.3923585118499837
0.2426064268524928
0.1601770663821186
0.2694679711056588
-1.6082604661480673
1.6859820156947587
0.4220445337403118
2.0225239700686020
1.8895946358700177
0.1578892966748217
-1.7085199840979552
0.3298956922261577
-0.5905305725493903
-0.8513952718088600
0.5522552613600358
0.0933632209431593
-0.5444657312133311
-0.3746591678944657
-0.3459956495955643
0.0077881713580947
-0.2292171270317769
-0.9530498969984141
0.1731082843340426
-0.2831010147602339
0.3154873948957401
1.6161515641883866
-0.4877006163612073
-0.4263509483906434
1.8790501010244014
0.4478027693103413
-0.7091865763668260
-1.6818414892586184
-0.8938219889480081
0.4261726907160888
-0.5577451955725703
0.4336926988630245
0.3621091628807604
-1.0007177158479257
-2.1435206581876538
-0.3680349298462203
0.1753976984098551
0.5183566785194170
0.0217906431240029
-0.0453669461602646
1.2468676205864773
-1.7499559864215719
2.2630103435317146
-1.1810163536185985
2.7858157409490012
0.2461797361410851
-0.0457503110998009
0.2244797053777578
1.3564339469576994
0.7891496055203420
-0.6813138795098952
1.5950845896106138
-0.7274819333922111
-0.3344317214267830
0.3646279392437816
-0.0676506986036555
0.2020335609284998
-1.0296618203869168
0.8450688419130584
0.9638703113687542
-1.2468418238577610
-0.5785992000076916
-0.0182974741228427
-1.0381412532007723
-0.1148001434885525
0.5990339439803032
0.0370815963633282
-0.3771005312353706
-0.4953950899422384
-1.9710091504436318
0.3425754186255354
-1.3219399621548222
1.1440582578615834
-0.7267687856751575
-0.1746819148430227
-0.7410863858192984
1.6560221111553970
-0.5319223555909722
1.1195827339737698
2.5319978884583350
-1.1630025924875760
0.7030864782006302
2.0543298465018651
3.0280743712018174
0.6588962247132693
-0.8356813895800956
-0.0513132470636420
-0.3496606959147124
-0.6760127349288536
-2.0294157363881551
-0.1848913572851126
0.4608221830895142
0.6251374377046999
0.0925156934240056
-0.7223375662824277
-0.3022388740770153
-0.4264317807591094
0.3402643038416047
0.3933121380700522
0.9723354239308690
-2.9835618252713538
0.5171313270684371
0.5509822354118393
-0.5241601903054289
0.7946378011245074
-1.4809813264170850
-0.3393427993146364
-0.2115953194705522
1.4084754407498767
0.0055046151798208
0.3176037008329974
0.6324968875329944
1.5419632971862340
-0.4291718922309828
-0.6351101106895034
-0.1330232610619707
-0.3690824470982671
0.0602672474136648
0.1309437443484138
-1.8241362392605016
0.5257165786453434
0.3508898537207627
0.5281197603914467
-0.7506179685666164
-0.2240158993231176
-1.1355541872300936
-1.5584223412976841
0.7139265634230482
1.2477626072891923
0.6038646827783379
-0.2171848488119799
-0.1077182288074290
0.6502617276360639
0.5357765542624874
-0.2113038780491198
-1.1288542496133700
-0.0143285630219822
1.8111058136773253
-1.1643969189938270
0.4672677297305730
0.7998392766348700
-0.5029791348955259
0.4862846454915298
0.2187708781086081
1.7571407642400103
0.4558642038194997
-1.4279538907340912
0.7257429511465534
-0.7071335869488212
-0.5043126458281522
-0.4374600587955346
-0.5642201545079578
0.0465672861878402
-1.5324301432896226
-0.8412949359545587
0.8988672162863305
0.1858645773452299
0.1201497726642480
-0.0076549339388488
-0.6994681240546133
0.2262339605770508
-0.6433105933523882
-0.2453802793174916
-0.9149903675128321
0.0159954165862267
1.3007226884551364
-0.8371900418059139
-0.1949948694068108
1.5511994938840612
2.1559060173005111
-0.8343558814236699
-0.6363734952686783
0.3390926254182095
-0.1178581383631084
0.3233273888968245
-1.0889717735743634
-1.2135249511430222
1.1251295953048652
1.0434567239043901
-1.7234100531180818
-0.5042689454423188
0.8737500127284545
-2.0171302948941916
-0.1189563099205039
-1.6506351950244493
0.9738776711113621
-0.5583837226789994
0.1496650681626937
-0.2860249077252330
-0.4379862426865838
1.3868877614750519
0.0864592855298956
-1.7862061999201084
-0.3840263516437118
0.3995443781139833
-0.1613906404054831
1.1706961046704714
1.3893111013767323
-0.4866944143846335
-0.0143758456306177
0.1198632851220075
-0.7313027152631130
0.3203662273732110
0.0843612578343044
0.2423393909304849
0.2557817225513150
-0.8667680866649282
-1.4697910561332435
0.7639955549511741
-0.3460145820112182
0.6474704201188731
0.4944595989099683
-1.9492476338950542
1.3272514884755797
-1.6878587767650746
0.4640399630574273
1.0917010845424044
-1.4002361672475188
0.3914503585645594
-1.3807384893571422
0.6707109660443701
-0.1231779745224706
0.9637262048990964
-0.0651635922947183
-0.9258164031559878
-1.1704516717504128
-1.3172002122058042
-0.7055628223791348
-0.5150249218696407
-0.3547675338248996
-0.4514377377321822
2.3082542334755445
0.6095168287969538
0.2020828680162374
0.6845472046547771
-2.1725568721294386
-2.0642606950655971
0.0490113976149527
1.6686369403023067
0.7172995342903716
0.7222136468122212
0.0970188007818655
2.2069094680753847
-0.4745003069120368
0.1616087719856668
-0.4790254296401159
0.2438116323400129
1.6660146137926408
0.2605534133588198
-0.3643517866796663
1.6531291613718930
-0.0007994996596717
-1.6805873228357342
-0.5841901952095969
-2.9730337770451047
1.2453658423737453
1.2059737681362441
1.1253525328936227
-1.1629385032317898
-1.1942921189074100
0.2563214238426482
-0.1618653134218654
-0.2497710436287595
-0.3346753546927714
-1.2705502029963147
0.2771080889204999
-2.1290958829224245
0.5680693471817831
-0.5460648244773965
0.0527247020588855
1.4209238561237711
0.5236986204099596
0.9867538877206278
-0.6879005081913773
1.1826031061087139
0.1857627222004826
2.4948001812066214
-0.4341614895270290
1.7418388905901230
0.5359890526023749
-1.6354375317727075
0.9730560297257379
0.9273066717995174
0.3446794301667263
0.6360098727343644
-1.8407026410366967
1.0998135379304854
-0.8962509032425106
-0.6704176557675018
2.0867868842214996
-0.0918252790281599
-0.4755768242516946
0.2942563076205520
-0.8497307826802130
-0.2905973876038245
0.5063008883996535
1.4258612541660955
1.5978494332435105
