-0.6957045450531272
0.4464110588604830
-0.9778944951142630
-1.2036408018823102
-1.0470780224083731
-0.2189324487922643
-0.2196057714892277
0.4496956944612340
-0.2652761538335404
0.6169495893814850
-0.2921154027019393
1.7741341650409170
-0.3698343325263714
0.7134159900708642
-1.1480548060718962
-1.0834719766584437
0.7106711527063561
0.3246934660946517
-0.6991987890199800
-0.2280086356109760
0.9403929033521299
1.2372865028818052
0.2016687900137209
0.3412118316751642
1.4028896841118246
1.6589275287918546
0.3420219533080432
-0.0330854184660919
-1.1914353625050464
0.6042390828376981
0.5491933805189184
-1.5090031835695643
1.0216967332518663
-0.7122104833342302
-0.2132139647274172
0.4626144940692462
-1.5722821060387093
0.2561793247483817
-0.7494057379833876
2.0536066159386235
-0.1163104834429781
1.4759864793264474
-1.2657533097278542
0.5803588866503817
0.1069550192252984
0.0333467312031163
0.3219804524955787
-0.2331866636658452
0.2128396181886460
-0.7150770179357998
-0.1950652929344961
-0.1181126062934666
-0.5378530520619409
2.1457510949941812
-0.1142150245082395
1.2207134325642433
0.3374632054451588
0.3236370190009839
0.0286602997010013
-0.9068354444311331
1.0913215616815661
-0.1691254604991091
-0.9214078782202031
0.1429272256009383
-0.1069405223155812
0.4434317669070019
0.0565397025531603
0.6686151297560315
1.2083161256352630
0.5635602456075612
-1.3169273126476553
0.2390516604210456
1.5380068382898151
-1.2051866117234722
0.1699268566106838
-0.4045526659407575
-0.5800599869978356
-0.0754993685138679
0.0994219187201855
-0.4884170416928421
0.1025275254277797
1.8516831211186093
-0.1991347501943746
-0.2326300031823310
0.7980260837303158
0.2765947242449199
0.9192266739105994
-0.8726897797057199
-0.0555782644620415
-0.4947239130377488
-0.1713563785962119
1.1061144946724193
0.6642986332031611
-0.2588254669207990
-0.1423597655772576
-0.6155814410873237
1.7116722034947622
-3.0746380347881406
-3.3614206738276020
-0.8914990281115979
0.2062211128825888
-0.7482280433858487
0.0020132373598670
0.6004847105974914
-1.0008533577803258
1.3892552400114397
0.6467609525220359
0.2089989693180113
0.9755800994639869
0.5090029545587660
-0.2792507131283272
0.4872332148846015
-0.2105699294084094
-2.4639727850579112
-1.0880493377876668
0.2399396378652749
-0.9680796156195074
1.6365887401929364
-0.2899531001353642
-0.1352356419668604
-0.2299201022590829
-0.7962076004211517
0.6565092910267163
-1.1348782653328271
0.4577073316392228
-0.1264152600381707
-0.0093991280315170
-0.1650907451781695
-0.9700427306011513
1.2796143114932850
0.0518758305807726
1.9326894126775824
-1.0277816716308732
1.7288486263096776
-0.1758631518860770
0.1560668027127800
0.7190781557126037
-0.6169941749392425
1.7208546272548573
0.0185138718940381
1.2368772033196163
-1.3649597386084258
0.1463465945857184
-0.6165292725758343
-0.0568698337192218
0.0272319915657503
0.8546261821080205
0.3224616788608023
-1.1537087896415612
0.3411026415677920
1.1854517407187686
0.6444160738438691
-1.6633775400326805
0.3388600723351574
-0.7574225569780183
-0.8220139818668895
-0.1332482735723813
-0.4175639816158571
-1.6139339338704830
-0.8992333669691792
0.4864138886318655
-0.0362495579025170
-1.1456060944587252
-0.8972590286168765
0.9415635881514193
-0.5840982512060681
0.6860186424321134
-0.8829166667442463
0.6224744830419444
0.7008540839029930
-0.1907177506801972
-1.0465505159700130
0.1035910063802061
0.1443891726931895
0.2362003539610703
1.5127197355742987
0.0042215814584424
-1.6011346646052953
0.4227314358297525
1.3811805953179888
1.2419361352097762
0.1138867616249294
0.4843924761814296
2.3326238918034718
0.0177019201787630
2.0803147266335831
-0.7434697112437185
-1.6768797911432467
0.9170941792959278
-1.3997373673140794
0.8982581213699907
-1.1792159824353687
-0.9021349070880889
0.6416149291471528
-0.2452868641702181
-1.0652140322924624
0.3815145563369832
-1.7878505286722801
0.5626691955468830
0.6138003384741346
2.0336578876546683
-0.1416623462060625
0.9202261882002020
-0.7574129918987875
-0.2893831808205574
-1.8163526151049834
-1.1944123258570047
0.5561018758789487
-1.1983092313712969
-0.3305579059229128
0.0912102484358057
-1.5054829791442206
0.6981553428835107
-1.0734004635937946
-0.8779911342404010
-2.2334063255598706
-0.6986710387105581
-0.8852614050938978
-1.0241016039876698
-1.2769611769110483
0.0028914561114956
-0.7297817136409597
-0.3960289294807173
-1.5315266325940775
-0.0798303859042320
0.3068520501226430
1.4095202728468066
-0.2667006605288275
-0.4677838333307113
0.4818461947017904
-0.2001634118511967
0.1355106680619041
0.2189545181881579
2.4105633242013660
-0.2314182699844826
0.6958443771034540
-2.3811472905030562
-0.2168087391707888
-0.6262667396277017
-0.2693038614037351
-2.0709351274202872
-0.8539022378524941
2.1638802981617387
0.4461129747290445
-1.0274845033809068
-1.9132843182482184
-0.1705012720359839
0.8591882056399350
0.4138954419658766
-0.2953450830966943
1.8374138754125473
-0.9356698568174251
-0.8235040489787557
0.6289432817297806
-0.9260242592619481
1.7637313865736228
1.3280713895728948
-0.5118740422652052
-1.5492205652603741
0.6011395228255010
-0.8505180263056371
-1.1762658544895586
-1.1169684617572713
0.6965490231486875
-0.7701961148210528
-1.7326597748087824
-0.7238137510177932
-0.5082205940965085
0.5707322143449397
-2.6884897879872103
0.5216032103744646
0.0169196024742796
-0.8051212420287905
0.7581453673972061
-0.6551703465301345
0.4066408161423453
0.2809060151969703
-0.0010121861439360
-0.0260477664831260
-2.3859944341904415
-0.2179749756683834
0.5567088337283325
0.2682842062674808
-0.4486811500562704
0.6793424679063562
0.6783188877924249
1.2392973054731271
-1.9133790231032863
1.3288066910400584
1.4887922093227570
1.4174615867531790
1.6687512339744566
-0.3686054250524727
1.0207503682273440
-0.3518132279763557
0.5506450069924786
1.1094186967009181
0.1356539823997253
-0.0180851311419881
-0.4522369898410782
-0.0317187058447454
-0.3900926330491840
0.6369380767408224
-0.1962363149020233
0.1080429883412234
-0.9085101969634226
1.4578287544562041
-0.2472601395833189
1.3452350209854380
-0.0876165344060458
1.6615859440822096
-0.1822948224619581
0.1588633106903727
-0.3806552197687794
1.1878529949101122
-0.3844711887753344
-0.9560270379721394
-1.0372151910318590
0.1624625090324316
0.1316663438965431
1.0968100009197470
1.8386587337301401
-0.9874081877722696
0.7699124960838629
-0.9525624466158272
-0.0448406931016389
-0.5433636343061325
2.0065181781603494
0.1069183407132548
0.1487261228632789
1.7863037800898018
1.1944856421231778
-1.4859625330118920
1.7993488048764112
-1.1395914408735774
-0.0894427131224278
1.8021309636939093
0.0383619446189951
-0.8250273942735511
-0.0811937709240082
0.4722367224859871
-1.2569419178920112
-0.5263625093955173
1.9010729880780302
2.4828895934192605
-0.1768819628780445
-0.2076057692459757
0.7784720504741971
0.8051318386227282
0.9222384924151790
0.8551287243291831
1.3154943105271202
0.6553548965591063
-1.7494907221377369
1.4212064122465922
-0.3123494788171182
-0.1918565992849234
-3.0146476657565016
-0.4753997626959681
-0.7966963121514020
0.0454785611708227
0.5854204828353573
0.4408331205449618
-1.7632413807953067
-0.2867728191191672
-2.0843628957668603
-1.1656326748890762
0.4009400426417079
-0.4017711014705287
-1.4030566725567180
0.4803106858517761
-0.1193241778320765
-1.4387250273149190
0.9894516954183761
-1.1723090863662908
-0.9374036323391512
0.0176847751089391
-0.2060680578520063
0.2619616997854488
0.5357360623064182
-2.2325804510845879
0.3307307222854037
1.0956012634162522
0.1009577110289197
-0.2733869386944531
-1.6051529899018357
-0.8739759634733343
-0.5378501029198097
-0.8010591629035757
-0.4311659587629058
-0.3510815306448089
-0.1298067770150386
0.9505118970123212
0.0491568778879350
-1.4451988436821828
0.3852889673826672
-0.8563766698242350
0.8059238637016727
-0.3374245673351262
-1.6017301046520038
0.1115105180289696
0.2534936261627591
1.4768880058013627
0.7610247746368761
0.5463889540920543
1.2345262289677814
-0.7982735777104442
-0.2237727243575998
0.6111960274828252
0.9974678856915081
-1.2316738198978610
0.3662485390102811
0.1641225188326769
-0.7215501208827783
-0.3833614149991746
-1.7311847123370669
0.3785163832879523
0.0366828939631839
1.8503624463651569
-1.2174831493550760
-0.6927060309594619
0.1218202209236097
-0.5174182883927978
-0.5358578938523200
-1.0879446292212602
-0.4781044835379889
-0.6065945995140180
-0.0588457563966957
0.9721073004979403
-0.2661568553599793
0.3468614678851201
-0.3038386654041393
-0.3760328082979594
1.3623404416484988
-1.3586398899819019
-0.4460294967406609
1.7106419156642829
-0.6168898432670173
0.0944504727748862
-0.2821424560618029
1.1861362256207026
1.4185153823923113
0.0862867582020233
-0.5855171726168509
0.9640215875892983
1.2695569852856308
-1.4895773256342784
0.8846001905933901
0.8369195056132326
-0.0358406779347425
0.2715542744169898
0.2216859136874914
0.3910396669610025
1.0188361478441850
-0.4232263121497313
-1.2594648670085353
0.1268710792447244
0.9589975393528802
0.6319666049243465
0.1742994804193604
0.2906016682864706
0.4990461941186944
-0.7313510684709436
-0.1134704827466809
0.3439784382104093
-0.8985349997194620
0.1305206809741751
1.7477405982419956
0.8157044113194265
-0.6943615878143566
0.5721906261565033
0.6119920350189956
-0.4435336175725132
0.7260046813619215
-0.3151324796741121
-0.2475210860379265
-0.9589095186368493
1.4681909792383980
-0.5495306771329822
-0.4527472344314631
0.5326605603855097
0.3876115653030863
1.1565319176799196
1.8832703480065618
0.4565470812080894
0.3573224918667226
-0.1273818365304989
-0.3885876485019047
0.6635526329973979
0.4035348057012110
-0.4871814223755907
0.6177932436863512
0.9535516969455163
-0.5931504921816048
0.9473059796118469
1.2401511506356862
-0.0379648540494935
1.8862956990441797
0.1826211001890849
1.1259853777243107
0.4072166171955940
-0.7604478583763868
0.5145533542734564
0.9602219007010636
-0.4735105254048748
0.8460401268244505
0.5572544868171508
0.5991456467226740
-0.0141571316623204
1.0915366037470420
-2.4223861887936917
-0.4103752181532898
0.8091514936873155
0.3870246840644885
-1.2906392660738346
0.2901858100826746
-0.8759739465113054
-0.7568578137355796
0.0047738149486759
1.3014320470013578
-0.1185006589714276
0.8508665453206413
0.1458751789802698
-1.3664530392261423
-0.5013336316934796
0.1452096508647842
-0.3812733701674322
-0.4207354463211324
0.2399653582338870
-1.0144953792707831
0.5371327767984539
-1.2392372357342381
-0.1807883543685789
0.9218409414635071
-0.2380359429589055
1.2786744278829116
2.1003898806691836
2.0014702145853542
1.5700042373191629
-1.4528447826666742
1.4085051319488351
-0.6826327264662142
-0.8044838691839549
0.8618694527660424
-1.1498832965067090
-0.5524741067018551
0.3404441571313276
-0.1010665527025525
-0.8562297325049953
-0.8633858469413174
0.4078254037618024
0.9273960773240340
0.4866170705684426
-0.5003482811219834
-0.1731399671965811
1.3057691098882931
0.8221270434766619
-0.1505819620000488
0.4268322300559101
-0.3966534822355510
1.5780596647992227
-0.2613501277254272
-0.5963168871399707
0.0810609445774010
-0.0596918049157575
0.1623525240534694
-0.6328686893690981
0.7093178063795281
-0.4737078518100577
0.7657808477758241
0.3390679810189136
0.9443041598927121
-0.8148982194118447
-0.4912145505779196
1.0755194963565360
-1.2425833671634585
-0.4271461180722980
-0.2454168031786700
-0.4222892297486796
0.6689396671826177
1.2532775809582366
0.3457258512755925
1.0547343564347038
-0.8798543821512202
0.3433821500944619
-1.6559296322429791
0.0686584784305191
0.7242212135262864
0.6310176968782060
-1.2088677146169255
0.8040899578064532
0.5960931546592734
-0.2284742708220434
-0.4859395381380761
1.9253202089638060
-0.1731870549731950
0.7554585978354801
-0.2431807076451774
1.2087161481275193
0.8235801384577009
0.3200084773344132
-0.0803952282106821
-0.5737145876964456
-1.6878059298470809
-1.2378739808972508
0.7346805852944198
1.0022077068116093
-1.3665742485648025
0.1332311026366984
0.9019400831111519
-0.0597350779324433
-1.2484440571251778
0.3495617930072589
-0.2518932320442880
-0.4943217799427894
0.7571829641766906
-1.1189029989367845
0.6658327570476472
-0.9008226713721492
0.2037078973804393
-0.7131578453976426
0.2227765038736878
0.3750783187307262
1.3060588028196607
0.0344702973258783
-0.8373646364550187
1.7195384687990440
1.7209919864298293
-0.6178065655786793
0.3845168178742050
-1.7257656794208738
-2.2493608559493339
0.8071408505924622
-0.8534520863097624
-1.3277419537689119
-1.0731440999113890
-0.0559975748487053
-0.1827782855243826
1.0821205551787956
-0.1927851876892122
-1.8124781644905861
1.9349250915781895
1.5880072015917492
-0.9565543505286993
0.9083267516453855
0.8872900323444384
0.7262333920161729
1.5114526097257184
-1.4157229865763363
-0.5001456485247546
0.9410624573404753
-0.0669815661481786
2.2124659532347772
-0.5961505108053036
-0.7252702266066694
-1.2125940493243434
-0.5664357153929603
-1.5687058634884241
-1.1840580053852192
2.0595330253990367
-0.1435436867697060
-0.5944540355621344
0.9306604834056069
-1.2490808882658218
0.4954413603606592
0.7345443451264623
1.1488323013549218
-0.1056965239490663
-0.4812118725262566
-3.6403998376828368
0.3186871331986688
1.1509605501797799
0.9717047278779578
-1.2101280751251349
-0.2713908672757356
-1.1742953251695687
0.5445542216775597
-0.5799992677354411
0.8063565491835061
0.9501935477518464
0.2297137937751635
1.6871239639608184
-1.2411859460171550
1.5249582970257793
-2.5294450068714545
-0.4666289126679210
-1.0186523372745202
-0.2154162805471272
0.5012471540985086
-0.3005207653428376
0.1685501557348912
0.1835178544721938
-0.0767361247721061
0.3274431059560668
-0.2600676629013904
-0.9789367497081645
-1.5087488449732567
1.3766513734226571
1.1232104973660959
-0.5417686946069129
0.5592357097616472
-1.8668387826261708
1.0122819709102560
0.0151528490929237
1.0582878105112206
1.4528520033648882
2.0826467533565731
0.4405104049551594
0.6283647309524456
-0.5750337267371073
0.9065516580014098
-0.1219388335827978
-0.4744165293915006
-0.0830189098705246
0.4071945550550301
-1.0152243140835462
0.9993383791420341
0.0614472233114783
1.0638772295548193
-0.6624669319911579
1.8433432093746378
-0.4499357769776656
0.3997905706811427
-0.4003700169682760
-0.2981498361616145
-0.2853710843105609
-2.9104443333482108
-1.6474279771115099
-0.3995734429020118
-0.3638726933424087
0.4572783144172302
-0.9930242128610296
-0.9566938162697773
-0.8930457130987011
1.3798824932880285
1.2717500362465359
0.3312793604405322
0.5353399111790119
0.4447168185828133
0.7152985256078326
-1.5732478174615649
0.5217381776108850
2.0331848119320504
-0.2766094993983440
1.3596091595493138
-0.6543859424516252
0.1368085507019156
2.7314573735356036
0.5867649787256588
-0.1268508734154312
0.2772974010573642
-0.1541706182187165
0.5849193814361877
-0.8712791309622274
-0.5419555272320936
0.4148905203688223
-0.9790538741836360
-2.3717682679595855
0.2227775153210846
-1.7376140060381098
0.3009559913221741
1.6755854156284369
-1.0035780430448373
0.4862823469865574
0.3098774893607483
2.2709566583155372
0.4955974596891147
0.2530588645432381
0.9198386284476809
0.2337949183691006
-1.2208575507994537
1.4924864580652175
-0.8589807484954670
1.2170761308512670
1.5769233967746521
-0.6713711140097712
-0.4722929879426314
-1.0101927789938825
0.2888323888905499
-1.2965842246004049
0.1569123804811933
-2.5468144894005840
0.5852527188430687
1.4081730832580410
-0.4142700960821403
-0.5961834929268757
0.5387217419293192
1.2942712296422492
0.5576332654505449
1.6946868174967276
0.7242160884435584
-0.3105107651772203
-0.9979053044924505
1.3092147849229667
0.1783428786403864
0.3996737109108726
-0.2105872391741904
1.6318697029106450
-0.2938916327478606
0.9897245930029408
0.9859454895008644
-0.4103961590952369
0.0133885506418906
-0.7891185786306198
1.4337695449397523
1.6640363849186970
-0.7088437985478562
-1.8343186850281588
-0.4647309617532849
-1.4017675530461304
0.2059051123963259
-0.7649413950461205
-0.1049694056632498
1.0423780677420409
-1.3356309911628137
-2.7658559687452287
0.9328417989837767
1.1009171701625575
0.7260331423499967
-0.0403820931415255
-1.1193156464668801
-0.7439337867467529
1.7780509546277898
0.0820355593574271
-0.2145817445338506
-0.8222044273667796
1.0956752761703863
0.5084709801468040
-0.1269747035607654
-0.8468698323988049
0.4270437776071710
0.0583889110489748
-0.5484698952653906
1.0351735067319829
-1.2603692562743989
-2.1830996276655115
-1.5346583490362118
0.7876728200374178
-0.4034372615541190
-2.2438993845571731
-1.0291874165815327
1.7826695886188761
0.7621725850987100
0.8837727219734842
-1.3943521575151063
0.7266441397325020
0.1257406510577662
-0.0495686605378153
0.0179446902791663
-0.1614313703020934
0.4726099944437753
1.0435813455017080
1.4315870750524362
0.2791544137230328
0.7780050443407007
0.7985385116982959
-0.2431718630268007
0.3708560549758039
0.0686170569246926
-0.2268274290135407
1.7939044986539971
-0.4529419615921872
-1.2899311831306097
-0.9000871103092566
-0.6400429840819835
0.4594914875590381
-2.2197098532489763
0.3938815924855342
0.2999206687057282
0.7201991107900279
-0.4142817589492713
0.4747038705065239
-0.8588243208569794
0.7163529274672140
-0.9105488418366019
-1.1699107129948509
-0.4273639954360697
-0.1416223781038878
0.3857181996586616
-1.6138139630200543
1.3552914312985507
-0.8685323944293281
-0.5505681318575536
1.6606410928320687
-1.4459591563755470
-0.7437281581550141
-0.3761674581496231
1.3054866689419897
-2.3051134385967247
0.4277005728841806
0.4842116002277311
-0.7851569707282003
-0.1893992926509083
-1.6037577928925755
-1.0304459796449337
1.4148985882067067
0.0249874763039832
-1.2378709058587287
-0.0659054250041040
0.7908451055756940
-0.8383936782954912
1.8371080347050297
0.4475790555846769
0.1001134868704886
-1.8141374428338297
0.2406072333615407
2.5145496449935694
-1.0836441660739795
1.1365936015033138
0.4430030262363310
0.4107429890531488
0.4812270961958960
0.5115804861728436
0.7815082952040078
0.6083407147326636
-1.1883208994647836
-0.7523036548455247
-0.2610313927766463
0.4910098564548417
0.2110165701470794
0.3439371068308331
0.1187085529068058
-1.1293948321058287
-0.0457523273304673
-1.3095798822836586
0.0219153214331325
-1.8912152090856007
-0.2697504168340010
-0.2668773695572281
-0.2430912658715141
-0.4032388173647502
0.1413414212595281
0.1387963779856755
-0.1897076219941915
0.7673041639778568
-0.1535134453825618
0.0471763347657654
2.1393651779603893
-1.4362218410379037
1.8723396674651589
-0.0863039469869377
-1.7628376142039748
-0.0924091465730390
-0.4358898605608794
0.9539682732506138
-0.1143490508900285
0.9282229789200960
0.6660794983799453
-0.7981681540622858
0.1601579378488324
0.9422663635084678
-1.1045278019228713
-1.4167923299933098
0.3632728298477929
-1.5576078485493938
1.8912927691492716
-1.5077567421261504
-0.6549395968859573
-0.6708714928804951
0.8402923481974349
0.8694837813137803
0.4528669787857117
-0.0071673220764891
-0.8850066517533776
1.0902338923449615
0.6055155407844289
0.7836637352149429
-0.2159089906329680
-0.8916362657705069
0.8248458017077407
-3.0882238058502045
0.4005133854525956
-0.2802820751464136
1.8452886528761294
0.7925326967217126
0.6818149097910519
1.4682356047043692
-0.8682999808129191
-0.5630317395380863
-1.8026344224664808
0.3743601570883508
-1.2136837907095552
0.2620231862495439
-0.4868360911919124
-0.6141492529208029
-2.4195270058232330
0.2785826231399963
-0.6213741177960590
1.2347464804257895
-1.1396285790555165
0.4908443965526004
0.4932264918146775
0.9838558143262138
0.3866841610614095
-0.4840725313661960
-0.7336412190209788
1.7864550201643923
0.0889483942418085
-1.1725052332839951
-0.9885925011588941
