1.0952439634607969
1.0674211892769334
1.0963998790346501
1.0706683876163368
0.7946604786704917
0.3891837686141323
1.0939756991339846
1.0663531823466268
1.0894193684484963
1.0792982663935105
1.0762217136289860
0.7684580551897883
1.0910974505357089
1.0913707976391573
1.0884452891964864
1.0900635465746873
1.0921435634599945
0.9939153917745460
1.0866561535649379
1.0853443587969798
0.7356351726380315
1.0035787352547374
1.0935898263993677
1.0822647120107998
1.0873504326510395
1.0862203060374811
1.0694985026871864
0.2812363349319599
1.0871815648144554
1.0929547809270166
0.7247724113660733
1.0877306699853813
1.0976640846819230
1.0918211350553944
1.0919474944014280
0.8631765365586926
1.0836020343733723
0.4412383617118155
1.0630795236167012
1.0729569321835382
0.9944936119081402
1.0959231914644458
1.0851065441343546
0.8876966113249730
1.0386416625313377
0.9045494093938281
0.9610860250803692
1.0938988331170598
0.8483351476362587
1.0931661270655277
0.8971985405072619
1.0916455827408762
1.0878456454530996
0.9637048170262295
1.0692137648300968
1.0446770146141366
1.0952660688354534
1.0772767036188096
0.2897276401432995
1.0758900820482560
1.0971210117030696
1.0984850933965948
1.0598015089135862
1.0979735078102821
1.0934127139719301
1.0877406224072947
0.2886083645923163
1.0475629784031406
1.0534311633148370
1.0116458442324476
1.0948490312561028
1.0853720985003033
0.9648535109722352
0.8514175478072604
1.0859233875180394
1.0839674499367409
1.0855988338672966
1.0958457028285760
1.0622376264514986
1.0957717649961640
1.0950360424630807
1.0850071307606843
1.0907454116922806
1.0261251114585277
0.6672499453748485
1.0937757419014524
1.0839820192343324
1.0814229686909973
1.0959578090211821
0.2809794294414758
1.0748095740625931
1.0858033647792489
1.0979235538691476
1.0467307510433845
1.0821774365919763
0.8932723738246003
1.0453672992860910
1.0568689293456388
1.0469096685447630
1.0747819917659560
1.0918948947322471
1.0248612627929232
1.0979614297114291
1.0779771505107698
1.0037689234637117
1.0774881466887691
1.0959705506590096
1.0744679885400665
1.0887904722058912
1.0949165738491193
0.8680945471043868
0.6339793277502992
1.0759456072383693
1.0709946850694760
0.9383995728662818
1.0440013505584329
1.0910618409584820
1.0975934878088731
0.6379242901832987
1.0695354170938354
1.0929931481937862
1.0813496407080332
1.0679465782609099
0.9939880329146578
0.3573949363001344
1.0972199643416549
1.0784379324977602
0.4039527273591951
1.0947381921106203
0.2896766688200665
1.0659890101905771
1.0900754597804347
0.8541010014729511
1.0036435921608988
0.8282365391483394
0.9735636972570897
1.0927906496812076
1.0952294385951609
1.0861183206129226
0.9780035305858888
1.0378457518558892
0.2839610014576125
1.0810665957564787
1.0911579497759449
1.0849543730735043
1.0960899230349044
1.0460822912377774
1.0797937175107513
0.9638423444712807
1.0756361561071361
1.0966934548775509
1.0454547524923230
1.0841603995425395
1.0798319670510557
1.0872217694658692
1.0896374983285775
1.0961492582530641
0.4210321311952264
1.0961312203336075
1.0895577111823194
1.0606858576053317
1.0980678869142970
0.9613170576247635
0.8978610781414180
0.9629434529905772
1.0260672477729580
1.0847610411913229
0.3727798907790508
1.0026229002230129
1.0911025859621288
1.0711807029873717
1.0450019204210388
1.0613393959081430
0.9723923920746433
1.0738934512583964
1.0881946701820739
1.0477616104956735
0.6042821269358557
1.0692363886254763
1.0483511748936509
1.0520907503717645
1.0267986655619825
0.9855452890904937
1.0886912310537433
1.0936360579281639
0.3017564934925806
1.0828660800609116
1.0748175485763436
1.0180982494912056
0.6363600721903774
1.0664592871740779
1.0954745337850729
1.0017846709152316
1.0716936853195074
1.0340786714272925
0.9449712118764736
1.0176761081590913
1.0919153214718598
1.0569916045303513
1.0939995728447569
1.0936573632695676
1.0951301212613556
1.0946475501856532
1.0181082008818569
0.9854284365105487
1.0908147048958061
1.0948841515398722
1.0467056619088424
1.0934394742355300
1.0914089767467183
1.0622930688735954
0.7047945578455097
0.9596020485448367
1.0972429135300250
1.0864123794567384
0.9610001364232003
0.4593129773450174
1.0754240366450161
0.2808915099029172
1.0981502592401713
1.0958337777917342
1.0080830267850538
1.0863105367011714
0.9943244066937009
1.0946149681203630
0.9916558287683175
1.0921452917680041
1.0754606783017731
1.0890157388357020
1.0063379119941795
0.4426956114445924
1.0893192146551949
1.0371171575703513
1.0738335171094375
0.4746588536175473
1.0933005050317566
1.0828511702555184
1.0957521609281065
0.3374939569728353
1.0775855964728958
1.0951113613270995
1.0895201426572334
1.0017400994576504
1.0922697823830299
1.0885162316224526
1.0618769745193666
0.8872497579352077
1.0980926542358829
0.8365031769684579
0.7932969584189257
0.5627813270195687
1.0842299082124560
1.0252618645571536
1.0920284231997666
1.0466206465349215
0.5098305545400386
1.0583820910849719
1.0946579105243286
1.0792895448151814
1.0921564132879624
0.7207531784795864
1.0144325661951901
1.0839477288368864
1.0690168436573237
1.0869001927128732
0.9932829707958265
1.0915591787249355
1.0854214097801613
1.0862476111624813
0.8307600031072383
0.2808974054605216
0.3245507934993637
1.0725046674381915
1.0980047330537346
1.0882926900195469
1.0843080888692860
1.0708188631855136
0.7283239528989071
0.9315771142189635
1.0917707970804322
0.7850528943984046
0.9840070366337696
1.0971374300971692
1.0715805643759242
1.0456563533865628
1.0458978678924249
1.0817698908164397
1.0771429005817053
1.0447646871278520
1.0813652139245933
1.0112954648579524
1.0937424988528786
1.0559523089599092
1.0702965718577102
1.0625937396437091
1.0868480553457591
0.9916142452410092
1.0955030782017454
1.0826567315095157
1.0827660001354256
0.9828825361178085
1.0267148736758960
1.0889210443482222
1.0944883857488936
1.0489954101185834
1.0924868906887757
1.0941274655426971
1.0816329538062557
1.0951782644437111
1.0915462156933731
1.0832428550997355
1.0988090517971130
1.0880547943491330
1.0921596562855242
0.9859550582020830
1.0785047999299109
0.9376498815433808
1.0945891170124764
1.0835266832009829
1.0925281592727161
1.0968608898696197
1.0253749715019294
1.0874015683192677
1.0883849897660061
1.0967685740128779
1.0218647461509760
1.0666470224892981
1.0946503927630986
1.0859265649170131
1.0489120635652640
1.0976299279185806
1.0782871502161608
1.0543569121539287
1.0898118391454963
1.0727293701973217
1.0925649596468265
0.5370648451021787
0.6621988970881852
1.0467244778443860
1.0917304503617331
1.0952857445259927
1.0413411357387583
1.0932156473082888
0.5664468393855111
1.0513091828030159
1.0853466819770055
1.0958896590191871
0.9946838467048074
0.9596426135761709
1.0684935320728914
1.0964041782600769
1.0775423235032275
1.0808579574029389
1.0539861738317893
1.0904002231856731
1.0182241681665349
0.9416567103990561
1.0481914593484840
1.0980524953220769
1.0957368292603467
1.0840087992507543
1.0973751761452106
1.0907130076152047
0.7603936752221379
0.9864826976398269
1.0750526131381439
1.0954586260938337
1.0713368180310374
1.0957621131463169
0.7810565993120357
1.0863996153010702
0.8993926307122849
1.0045271862019700
1.0457252569536102
1.0880348187060169
1.0792823476661146
1.0696507040065644
1.0774200476540248
1.0870954415796110
1.0904248775988910
1.0884306048194496
0.5499975875498146
1.0869109500645389
1.0935887184208979
1.0145048704174662
1.0880462673982307
1.0884386401856461
0.7881391617664493
1.0593398209160707
1.0746472782985137
1.0560630234222725
1.0956906627354261
0.2891278747927442
0.2817998681196316
1.0823099274720998
1.0886994364764890
1.0326557850042943
1.0889725329442421
1.0951947161346871
1.0970153543780357
1.0850189696239820
1.0827708101208873
0.8799376474676718
1.0864027204928788
1.0205456360796696
1.0137683531061312
1.0296953588921565
1.0820752939927718
0.4080579116904528
1.0962649668950848
1.0760383095805823
0.8020925293688348
1.0367146595632784
1.0861710338992159
1.0717980767968858
1.0947403517328567
1.0927639255434922
0.9929420016948836
0.7285004181524692
1.0975118085642297
1.0955432247925680
1.0743218680332609
0.8711618604806054
1.0786915401647927
1.0955030962638668
1.0484329604400935
1.0880328003761652
1.0939300642289902
1.0289203232792858
0.9470041581657348
0.3007958302695460
1.0809986570998289
1.0923643632249194
1.0981907838658522
1.0956188749467248
1.0805816441166645
1.0145921399856381
1.0931845830071685
0.7437035038583951
1.0951884627160020
0.8238405698057257
1.0942236519620117
1.0568919544453392
1.0857704050700618
0.7379355275419163
1.0954880276776937
1.0964040031009408
0.9894892395732142
1.0962959360376996
0.5620276610497148
0.7527955669419261
1.0711208082563728
0.9091023477446563
1.0031358536486354
1.0898786741904714
1.0958588587423133
0.3134557949192703
1.0979043703376992
1.0677928098124536
1.0777216300983949
1.0506040220891233
0.9974482423797151
0.6516135525394384
1.0937470424249631
1.0959127609015948
1.0732130818406731
1.0917811497094796
0.8892958679567381
1.0245851948748610
1.0965685366678397
1.0759768384326323
1.0940661399976519
1.0082939860000981
1.0478681566113788
1.0568868045618813
1.0604079886665787
1.0947250437535441
0.8623227814992133
1.0683499824671021
1.0910231803951802
1.0289097496741921
1.0827545618047969
0.8867745365485113
1.0972464981089598
1.0830527126380656
1.0427187374020435
0.8443335190508023
1.0354339196680180
0.3818900809960222
1.0847285779878637
1.0740907955523187
0.9075484600546089
1.0510011563977533
1.0958292330696742
1.0741063045309460
1.0832411866040117
1.0498649381774576
1.0884842446702068
0.9824364683741801
0.7038551799458960
0.9793466902222243
0.8199192232485961
1.0978958555070237
0.9585216334631783
1.0917029785319592
0.9239472293809575
1.0945717464175098
1.0943571190764330
1.0915532672828194
1.0948727205901614
1.0529707979717295
0.8792987090271934
1.0884369987502092
1.0938071820215227
1.0416692164445152
1.0032624091606503
1.0956815889684550
1.0890831277856181
0.8887731903222649
1.0915009602273216
1.0944383846537453
0.9532834600000266
0.8789227312865499
0.7469085158168544
0.2954554481755178
1.0953139374493193
1.0317755707431600
1.0953665486059887
1.0961275861172155
1.0939688563386034
1.0655103727914468
1.0950391899268244
1.0859653134561438
1.0519735315146612
0.9066267705745088
1.0957374253605514
1.0566697721426694
0.4436966045528657
1.0460958681315409
0.9828069544999490
1.0947579962490286
1.0777129008749395
0.9976537574271573
1.0578420202529928
1.0948967145337309
1.0691294742605122
0.9308056084608461
1.0909260563449750
1.0822272176184558
1.0890722288961905
0.8833914479977895
1.0671351052255846
1.0753841180473758
1.0920942463575358
0.6768089601431690
1.0727794040050509
1.0952869550940549
0.6833323313947482
1.0682456289198830
1.0917939098024827
1.0877356081125884
1.0449473715751569
0.7617166076569479
0.9145598503074727
1.0891733157043459
0.9917113587113660
1.0535291388936343
1.0847619463197335
1.0964172220139015
1.0915512569774075
1.0797045202038751
1.0628546339055833
0.9258446236233915
1.0924790034967322
1.0961996426583498
1.0728756678787659
1.0933340721740223
1.0874009114154792
0.9583085423737833
0.7694818430525865
1.0918433469374582
1.0900960687612218
0.9798081279153055
1.0881821647271475
1.0783625514551776
1.0915608985677590
1.0796116422155020
1.0974229236961028
1.0965453938513701
1.0833712243971059
1.0942077778845065
1.0173633596623155
0.7907355194614429
1.0978410118113553
1.0601002140705300
1.0919568089751084
0.9597085004897421
1.0826619998907174
1.0796945610201885
1.0739153530341656
1.0716615356498980
1.0950278849965371
1.0766922011260920
0.7188509587141545
1.0949528236277428
0.8778936293083012
1.0865471669735731
0.4316656464849742
1.0900813276264099
0.9676001920340163
1.0942354294269956
1.0180529229555468
1.0384726303566891
1.0808802534829594
1.0670611154111231
0.3064330971744995
1.0844988919645553
1.0435784800065631
1.0857537167165348
1.0945548136897418
1.0963381600817057
1.0763085072786824
0.3295495694577266
1.0567854012723392
1.0903222278586691
1.0973860264035362
1.0992564121022672
1.0859726275568340
1.0978900423272624
0.8644636102474841
1.0957043686757697
1.0293932776005588
0.3891994453218924
0.4472984992779060
1.0767310055906361
0.9081183802490421
1.0973909922657010
0.8764689527662002
1.0857862780111480
1.0439408093693330
1.0865854329547340
1.0969373235436315
1.0899988209813671
1.0771263545244723
1.0863405902452870
1.0902334055215581
1.0591409982365585
1.0971206583738700
1.0963878956771071
1.0889193287551306
1.0950816291964462
0.9801108382877922
1.0420253332999341
1.0860421564792144
0.9188393855484653
1.0528260496218163
1.0783662438474853
1.0958952694745281
1.0982628425121306
1.0891669382700775
0.6088396011961061
1.0940989316027865
0.8481327579610248
1.0984619655998507
1.0870404478321278
0.9911802927352620
1.0917118701217710
1.0668101436156590
0.4031989095754104
1.0878652856947240
0.6493760135395131
1.0803120427277588
0.8296343586790262
1.0850525832552651
1.0965773009790514
1.0764766483895498
0.2895276254735771
0.7120016096577904
1.0962343682400304
1.0830648441484125
1.0933406061100430
1.0737011365663314
1.0888212481335195
1.0920320212317798
1.0402724226053151
1.0797910312834134
1.0790833268797178
1.0932883334477221
1.0685006024961807
1.0594815678503036
1.0834532064932236
0.9498124126492719
1.0879439524575578
1.0642874388578096
1.0553569760534596
1.0881595114411420
0.7185188715302098
0.4065476557276170
1.0961498000412759
0.7821457710661129
1.0893367114147181
0.8377159727285640
0.4337011869544136
1.0964419811200481
1.0782988841187837
0.7246474049567074
0.9658714293198011
1.0959129630868776
1.0574125349329768
0.8999552126962189
0.9672759781734901
1.0522829531957494
1.0895367342123523
1.0952870338155061
0.9839053216527210
1.0929654485861562
1.0974299548821349
1.0961002901887180
1.0948688633065744
1.0881703763220321
1.0604817451020399
1.0474017526860295
1.0877537340573686
1.0931891053936984
0.9742611810611482
0.8406517976716443
1.0219927830449649
0.8012380710917668
1.0925246381514668
0.3208130554742252
1.0910468265060671
1.0894669219552580
0.5601284486590270
1.0839607827401041
1.0845623193338074
1.0818906814734539
1.0020993950199837
0.9158665859068796
0.8354221022259288
0.9258858279610103
1.0907678629503226
0.9623817396806463
1.0883723502691875
0.7995716180608696
1.0896253104646747
1.0872873395620162
0.9160827343654110
1.0957499296469753
1.0738684652354336
0.6442188028496411
0.5961661201697133
1.0866596047595323
1.0891092497871668
1.0695628413098133
1.0224444661791452
1.0956150587040920
1.0954578915642836
0.7391013785191921
1.0696403278678572
0.9673961319961563
1.0863606565439743
1.0854400979685279
1.0778935502833129
1.0269203461142273
0.9225305196689415
1.0663406986874067
1.0864770225856411
0.7459411322522568
0.7580250582707821
0.7944737933585022
1.0933729136968326
0.8088922652361338
1.0907768895534966
1.0920962203681697
1.0886613763596473
1.0957590169034577
1.0974937259258064
0.9983582802411251
1.0981143976990921
1.0756186220404642
1.0836188752430822
1.0582527322309203
1.0640503242543797
0.8300330442534161
1.0925700518452683
1.0382162757960514
1.0855346488719317
1.0586081306450286
1.0905894928750919
1.0672603784009926
0.8956011116032578
1.0942068276580379
1.0974788760690848
1.0850219490292785
1.0852712594124185
1.0804785328135451
0.7507440303792345
0.9500443491597292
1.0636130544827362
0.5843262703431291
1.0934985495987566
1.0830326822632306
1.0782062306853242
0.5517705618579217
1.0384066397026419
1.0947922402846435
1.0830900602757851
0.9157185967781133
1.0665417296216366
1.0706552175089121
1.0848269626132185
1.0902144614523330
1.0446780214824036
1.0938053773053606
0.9794684054202779
1.0679797641007212
0.6620258060443635
1.0850313401935792
0.3701784452304150
0.8150712416400325
0.2840718333458861
1.0910101502740364
1.0893815779544977
0.3722154279110616
0.8893068567360406
1.0114456972386017
1.0644251643194576
0.9415091877173084
1.0800047605120464
1.0380463979463470
1.0916638984484055
1.0895401561834590
1.0795616753827981
1.0940027201155120
1.0758055937033080
1.0590635282038123
1.0963643386211899
1.0942391935844631
1.0926902483486549
1.0097142477916947
1.0967114462488485
1.0907644731368604
1.0876166652676160
0.7691855760879559
0.8907003107887647
1.0906556811502257
1.0919006885249090
1.0968597809453309
0.8655960211748556
1.0972966205851558
0.9378817337895160
1.0570926121718087
1.0527863918331413
1.0833531244478483
1.0860252929452914
1.0045553455075744
1.0280072325965717
1.0391954878057428
1.0944107543943211
1.0334249674448184
1.0935053195854763
1.0840063716234569
1.0110911856986482
0.9224157706500334
0.8168589823572868
0.8277981683876967
1.0890635710880709
1.0378182604695592
1.0898249835989406
1.0955805533717988
1.0905544811220693
0.5349060581350707
1.0945193586972666
1.0698971178550856
1.0931040537420487
1.0972789652505344
1.0572170717886493
1.0827017511725365
1.0384893242083166
1.0803802951243184
1.0492411366979209
1.0956781291309310
1.0570263179915571
1.0303617804081191
1.0973122121449412
1.0866154194472009
0.9863683048911919
1.0822991123534422
1.0234885987876785
1.0934845248252394
1.0919058726156141
1.0952289698950104
1.0523242017238239
1.0754934075687146
1.0963504600986789
1.0162896368252792
1.0915105812766086
1.0971715562735394
1.0834117942882548
1.0964179500018674
1.0986158583196606
1.0546590663468134
0.8403138380219187
1.0952679818662421
1.0422387481511710
1.0893212485498536
0.7671474270907258
1.0964258823063937
1.0868996720327280
1.0644308763752683
1.0964122726510512
1.0926623606518981
0.8123101496424044
1.0431998577715742
0.9984553590316417
0.6391731807745823
1.0927706446461543
1.0925228757853049
0.9775706956329155
0.9872019291514242
1.0363673588482178
1.0306883299074572
1.0878513637564995
1.0242119243623855
1.0376568000711057
1.0738292500102191
1.0693039578272678
1.0632447330639352
0.8695556586107681
1.0962124101603599
1.0966825081859748
1.0177944172403419
0.8959764672062592
1.0751751143433652
0.8263798021796713
1.0323340397870107
1.0375529780374260
1.0244279878546845
1.0939800665528954
1.0907533179540985
1.0937749454035042
1.0981595870860619
1.0787560050164580
1.0869205023876318
1.0630433880284207
1.0909015808547877
1.0949132427088097
0.6846942216027364
1.0180190951523793
1.0896261392266848
1.0945613453836696
1.0707616674713594
1.0906168752774466
0.9943892004186822
1.0503499713375866
1.0111934019567124
0.6781093559408395
1.0955772358228955
0.5567189190602017
1.0826416967429380
1.0172423976624883
1.0780026201637771
1.0922823061206979
1.0852882749179846
0.7629073761291083
1.0953991068160309
0.4158406908272395
1.0716709796374095
0.5069335651577482
0.9448325064110464
1.0942060982021289
1.0705498800593880
0.8522610140641745
1.0793833460434510
0.4428805104251203
0.4879400303648361
0.4794308959649073
1.0946724276433817
0.9993410115855743
1.0226953998071158
0.7333120992915785
1.0726773156778096
0.5591342763264435
0.9146884646735787
1.0910745135008793
1.0877943645982167
0.7907684769163829
1.0984931221924967
0.5858383502414530
0.9350902944689933
1.0970560963763292
1.0980922206964454
1.0902343931328726
1.0948561107505110
1.0940671212398090
1.0959789692107569
0.3081541676647956
0.9400109646168235
1.0695467532393026
1.0679337610755586
