0.0927543961929790
0.5768486533520496
0.1393214655003847
1.5013364835174574
0.2925561027489163
1.2899627530004170
1.0483920075011541
-0.9980210099089089
-1.1162190621769084
-1.6761083372080559
-0.5612104019039373
0.2876356088182405
-0.4687752583254217
0.1493292345563753
-0.1522166558425104
0.3725646999294083
0.2559480305719430
-0.9446661162176190
-1.0384693747168985
1.7314575718976561
-0.1880583307275683
0.7397815215304147
0.6231583570935861
0.3248576258735045
0.0151881265722413
-1.9296511910540237
2.0532816477014975
0.0894407571870675
0.8288775725486530
1.1446297197121420
0.1652385409481245
-1.0658955777288788
-0.2235367046353834
-0.6321389557015349
1.9897396715205871
0.2124220524299938
-0.2874445437474328
-0.4449427742808131
0.2750202460825503
-0.7370984072019992
-0.7991467517554119
0.0164078851725435
-0.2350873390596016
-0.7871154276006100
1.7346816718652627
-1.0214437346538729
-0.4496074950869358
0.2727429609273814
-0.2372331171224595
1.7160245549440427
-0.4191911357431612
0.1059231211858532
-1.8047468321748870
-0.1834775498558505
-0.7505257184953170
2.7226094079057086
1.0900186696770513
-0.4996858270127765
-1.1488060309305157
-0.3512885783044228
-1.5496850498021910
-1.4551823997112330
-1.1122347829188670
0.0726534349485536
-0.5635201669265780
1.5054065789462923
0.4380942459482305
0.3826533533910321
-0.7452752874358557
-0.0206775938527823
0.5842174649110830
0.2496525198247908
0.9006798524358897
0.2751937259668038
-0.6609338238862363
-0.1282663744203318
0.1027915434512331
-0.2318712175081171
-0.3000224126043958
0.0059161800249365
1.0692755811469428
1.6272944138761589
0.7253631760545419
2.2197893639747894
1.3057998767469250
-0.2041163379885141
-0.5263826756221848
0.0462309723777201
0.5190410242922177
0.6426647258224588
-1.0112826656686480
-0.8586810541114648
0.1409396295963576
0.6002085152790807
-0.0449121728812307
-0.5961786476234383
0.3525992561256370
-0.3116289979411738
-0.3592865351794486
-2.1965734292487169
0.4442542848841112
0.9165898242318411
0.4381510985058860
0.0263386559801612
-0.8224508854230490
-0.2251650550866261
0.4755708966643156
0.0761695193577227
0.8024457128580694
-0.3768434598218027
0.2178112636876701
0.1700865523777548
1.4008932907832483
-0.5819000837749961
1.3047529165677039
0.4645654995067051
-0.9079766884122592
0.5048483497824346
-0.6172783633724618
1.8156425263532427
0.6283652387325241
1.1821781455101592
1.5244168879004878
-1.0129930936970106
-0.2134536927420426
-0.6609562326446958
0.4576727148900066
0.1898280927431988
0.5715238274677052
0.9851008273010082
1.7534043524310210
-1.4592394194969831
0.3038841926829613
-1.5966275884914036
-3.0189576514270478
0.7515439556439834
1.4317498698378770
-0.8352053158049592
1.7805403899999561
-2.4175671432662691
-0.3216365104011217
0.9631560848075099
-1.6350209307846901
1.4387437421959561
-0.0302763175144007
0.6928950749091992
0.7765398837846185
-0.0131619206935937
-0.5170359250303003
-0.6889944640832668
-0.2692209621166387
-0.4402591343900353
-0.9521467598144771
-1.0324484021827642
-0.6699576182083609
-1.3551994498194064
-0.4443921549142713
-2.3163914921455842
-0.0812728941519338
1.2568197263413430
2.2234042570810555
1.2979406555993833
0.4187040387029541
-0.0176500560458393
-0.3747067311541001
-1.1518874882204764
-0.0848306237616026
-0.6723015016166602
-0.0261494165741588
-1.4728382871211647
0.2669979148291052
0.4043545560134488
0.5791602115257563
0.0310245231212569
0.2930752736363832
-2.0251099958754231
0.2417750781566036
-0.0646840102165366
0.3273928747712809
-0.0888166161502082
-1.3492347165431355
-1.5454405714486412
0.3679942868770184
0.1934237131797009
3.0915957149389994
1.8044785165713946
0.2783423652458455
0.0947537954923795
-0.6679650462479254
1.1597974782740914
-1.2629384644245707
1.6145632390820104
-0.9828672623418688
-0.3803718358150162
1.1257483114193230
0.3164178180686597
0.8570989424618354
-0.4339029672205434
-1.4988324501155044
-1.0638862829472409
0.3968390086215334
0.0773618666633577
-1.0732858369172888
0.4598977077856942
-1.4602443379649195
-0.4644818965784357
-1.5864629590231600
-1.1048058990678111
-1.0228160454563378
1.4127171164879542
0.1501224378647725
0.0201790771329297
0.8902229029646529
0.4170830816601097
0.3700148703963495
0.5931521190661896
-1.4672184984501342
-0.2749092323123374
-0.5710020826176073
-1.1289328434878421
-0.0634742783733622
0.7279911965749200
-0.4530046290781529
-0.7670178040693747
0.4498518350016051
-0.1367125242754710
0.0989371162908180
-1.0599600111787804
0.6906754705506012
0.9014844348885962
-0.4283067607131400
-1.6522351378813633
0.7962254442289307
-0.5149266235452316
1.6354259862637910
-0.5778316935312566
-0.7478291855149644
0.5957521559117667
0.7389794392525466
0.0063862133234266
-1.0280628975071453
1.2010319206548572
-0.2068426008811984
-0.3526047854806288
-0.3857919090278872
1.3216007736373521
-0.0602978075409610
0.0753870417279029
-0.6672128556343191
0.3978263582114994
-0.3625766569456418
0.0472674164971480
0.0950912432327841
1.6739303911719736
-1.0588166232996432
-0.7220889195780387
0.6709487890186314
-0.4245299938489531
-0.0021481574490725
-0.7173210160871177
0.6455800472304558
-2.3936267796963224
-0.0165451440629908
1.4034706691717351
-0.3866501244647604
-0.2425827556524953
-1.5021000338854513
1.5112876782355642
0.6950626810194378
0.6495581950629858
-0.4203976090464874
-1.1301445964390378
0.8153441922616893
-0.5630279021446679
1.9993110487362011
0.0909109628683367
1.8830262921990852
1.4589600955081967
0.4084509735381526
1.4380103738541308
-1.0274510577213740
0.1584849933239296
-1.4303798480301111
1.2580792657728301
-2.5582360052379758
-0.0533677861245770
-0.0702068803444746
2.0601061004973076
-0.7301284015969094
0.1581105480281818
-1.0711309340762576
0.2983121239917013
0.7155148295999816
-0.1997886029124541
0.8531766556362700
-1.5135557012910226
-0.1458953429858517
-0.1471524136069616
-0.7472712671294992
-1.8559839407991667
0.1404016124165308
-0.1883174207820691
-0.3755680758095509
0.3886485586634979
-0.1621999462674031
-0.5351449713424813
1.3318929025649680
-0.3168180331384587
-0.2979126280386098
-0.3074759480781789
0.9550301877891713
-0.4865685946502024
-0.5484628043995217
-0.3029118774619636
0.7110819388168589
-1.3454870893975848
1.3243129552434827
-0.2584851246150545
0.7158848680421573
-1.1811768512420315
0.3842151359679830
-0.3359162187339106
-0.8692332645778941
0.7124662672445164
1.1419060799873972
-0.8149985556746474
-1.5325454368591265
0.3886637972185820
-0.5023739178454480
-1.0512929169717642
-0.1781407364716711
0.8409881582896042
1.1942877443672075
-0.4638640456561396
0.5776873217070384
-1.2019338954084102
-0.5501071013014993
1.8405290326530412
1.4582206331021375
-0.3297295286064769
-1.9161620830609023
-0.1045372496099969
-2.2617586343319398
-0.1194219928959341
-0.4944129668895213
0.3478644875220562
-0.3866527732660976
0.6946367010338250
1.0403493952118590
0.8926707004244607
0.4835176941266145
-0.3185095451160386
-1.3170054064001118
-1.1412422882400068
0.9088831324455842
0.1455509176075690
0.4166278441490449
0.2177255335565977
2.4359172952664490
-0.2723641194809486
-0.1956595872031413
-1.0297812779201292
-0.5609387775676453
-1.2037526842702992
-3.2819711358025492
-0.7317935860075065
-0.2289325655114265
0.5268554961326811
0.2624556591977459
-0.1692104803046415
0.7742918220300596
0.0861616401211773
-0.7466898691129761
-0.9948946106411890
0.6791814623156982
1.2061467812597235
-1.5326822948161951
-1.8525310161850179
-0.2710073304906664
0.1845205029128415
0.2457104062109308
-0.0449994619622487
-0.0508128166166318
-0.5565658034003007
-0.7270057540721370
-0.3401000216527105
-0.0823232965441271
-1.4605410782739825
-1.3815503027412777
-0.0085995026562324
0.1609148893158769
0.8718996755243889
-0.4331184365797540
-0.4852624171580016
-0.8258031965939308
0.2867628193874764
0.6576166406765164
-0.0161655125427526
0.4588999853514074
0.4111088096827208
0.2029321854699045
-0.2491860893562106
-0.3942468472010916
0.3553857108347660
0.6184890019435185
1.9419836811967179
-1.3709683692653418
-1.3888625632691811
-1.5526124053476149
1.8732751124964422
-0.5378786058645736
1.0769977294741142
-0.6009993267040593
1.3569592233668681
2.4005096392659828
-1.6570237186497596
-0.5782231258333768
-1.2604974770061177
0.1017731669066060
-0.5376118132630081
-1.7112331654226245
-0.7917509110591314
1.5422838537943095
-0.0655156176478330
0.4910066296387647
0.2260143595615492
1.1345288405429834
1.4447713499205754
-1.4243286676142151
0.3004506098987572
1.9111777622152986
0.3347204020544173
-0.2256782208399155
0.4917556028636414
-1.5979511885343889
0.4624955447540710
0.4765888750881814
-0.1843813762938236
0.1707683330436903
-0.8198775012043787
1.3713873764123690
0.9337532130380697
-1.4659805589244990
1.2551052822184849
1.5370284569518442
-0.7840504045365541
-1.0069089439628982
-0.1836724405039486
-2.1002845068620077
1.4384011064164626
-0.2915423217166251
3.1033385633339949
-0.1244199015693586
0.1876991109291681
-1.0238794237278075
-1.0765595714643228
0.4168831667724803
-0.0145620083431982
-0.0846078234417053
-0.2372475375924016
-1.2114133287779005
0.4183283762184547
-0.0851956087740994
1.6118492034123140
0.6498663611540360
0.5287984203477581
1.0106325455673875
0.8911397730772830
-0.6537641607358893
-1.1487306070827030
-1.7017950250405378
1.4727736633290540
0.3305179380251359
1.0622857995590482
-0.5406480826383675
0.6105684546519723
-0.1093136613877960
0.4786945759143804
-0.1656765705369557
-0.6577496567539178
-0.4552809618051846
-0.6556438165573318
0.0290166867280832
-1.7152385323871462
1.3137097691231623
-1.2364389078725717
-1.9688456013413158
1.1092113950623590
-0.9962628866053124
1.0529978425796833
1.4800681695449993
-0.8059755049164373
0.7192645073791029
-0.6910456550714554
-1.5360055346957382
-0.3038583946212453
0.4657884762793227
-0.2495663800611702
0.8212227981602274
-0.7559409238054535
-0.0190278293361160
0.1078232875939974
0.0995289590348077
-1.0337482515253906
1.6347273243049549
-0.1642037326117342
-1.6074640234745037
-0.4905205696505227
-0.8468718081875024
-0.3173041101278008
0.8145853122720363
0.5508569995321968
1.1850415219827908
-0.8326376237826227
0.9661597289973085
-1.2320753153327089
-0.8548080452338527
-0.4984228645959037
-0.9503769653223351
0.9077467474956639
-0.8546340978000171
-1.4586185533316454
2.4925158107101968
-1.8323064438882317
0.1544286084511521
1.3890444634719512
0.7176514976982981
-0.0818106324577295
-1.1704387845541324
-0.0563320971147875
-0.8910970970198169
-2.0835838082246072
0.9417720407496019
1.0984041723211511
-0.3223825030469479
-0.0455073869955882
-1.7735914880227961
-1.5188124699139662
-0.9840242910536962
-0.9786984710109383
0.1623259891110692
1.8905289601816990
0.2722652528841505
0.6780530617426856
1.5680389414254186
-1.8075902767778393
-1.1897008148313875
0.9156777199958208
-0.9919635628542406
-1.0350922333212711
-0.4484573408078134
-0.5960107577213182
0.3241193575732558
0.0841539227612188
-0.4485025256015943
1.0041234854668257
-0.4207368022478942
1.0433416241533271
0.5388464359257208
-0.2456081420483753
-0.1778063189725942
1.3846607252892593
0.8679582848559904
0.5441246347830987
0.7942337629816787
-0.5318936153957528
-1.2486114729511166
0.1732449059308561
-0.6947080208050360
0.3994712644854225
0.2805675104423047
0.6048599691680743
-0.3075655801814924
-0.1878349657345795
-0.4059515969790190
0.2789250541838157
-1.5747202250683672
0.6094530384940618
-0.3899193445400410
1.8971199182514933
0.8808476692006282
-0.5552011280691669
0.4788274670606571
0.9591917475024011
0.8979818224435984
1.2240181913418173
1.6153199148341948
0.0945505029360477
0.0828286177611431
0.4116749456418642
1.1822025500175972
0.1659481652815913
0.0163620213603564
0.6450666385872411
-0.9823468674316549
-0.3471124117964641
-0.9035417648312837
0.2625087176482485
-1.4829160614647974
-1.3380536261745730
-2.0348906927866435
-2.6336053681382174
0.8508652258442368
0.8340821787038026
-1.9114710626388181
0.0361340169228624
-0.9823275443356765
0.9071261467226893
0.5695258834120580
0.6308289974498177
0.0206998071741874
-0.0768827908091167
-0.6027693628937336
1.9696852872077821
-0.5670919497581548
0.0506351893926846
0.4296935105587165
-1.7425410178876786
1.4376334090348952
-0.3523420898716879
-0.9296731092974975
-0.1190587828145048
-1.2126460828697474
2.0591140280027593
0.9849725796318644
0.7178434349159102
-0.3046896730641172
0.8759716775193314
-0.0831448973028703
-1.1812945995166382
-0.0125514606454223
-0.7192560943946011
-0.4710828239584170
-0.4061260593430747
0.3699828153860222
-0.4359609453181550
1.3580720905202637
0.9520133147073098
-0.9190176244664201
0.7201783646268006
-0.1431006631065915
-1.5528808756230106
-0.2728835479115335
-1.2883576907219982
-1.5441117918699780
2.5291517380247996
0.3782911981245119
-0.1201600481617292
0.6511942930745858
0.7742231184818511
-0.7375234873080960
-0.6294685140262135
1.5579298729469235
-0.0426919769754744
0.0589685008425259
1.7409491115877662
-0.8104123902758742
-0.8414657611466029
0.4839972347338213
0.3287155924645241
-0.2622564462111904
-0.2068368682039901
0.9086087072513619
1.3267324730318499
-0.1534755426684686
-0.5028934868159171
0.2254005369934704
-0.0219174893674367
0.2590781455159299
-0.3964905860646785
-1.4158218143198291
-0.7521365001972040
-1.4313503774320098
-0.0267882705138862
0.3096581092009690
0.3975226541757018
-0.7445064898013131
0.9662880830143212
-0.9085787848351580
-1.1686446228942389
0.0908638019814320
1.1013376281957095
1.3915291847117706
0.5460855133707723
0.7662358596106096
1.8471136941301043
0.1837607455639996
1.0740384587720793
0.0275648330352219
-1.1688699949566530
0.0645210632215497
0.0396752777411262
-0.5494178398023969
1.9607372459287351
-1.2809579266808631
-0.7019379655966680
1.1242011396117351
0.3706980917285390
0.5056112827467368
-1.2611600157223652
2.1491823681506763
0.2854520724730970
-1.8448862527055305
-1.7364318125245075
1.4667432125399260
-0.5301022282015531
0.9724495613051992
0.5317955161816860
-2.1559264732788326
-0.3878677855154544
-0.2554744010143112
0.3275405654561487
-1.4610337201951471
1.3949388967118928
0.8945381398366357
-1.1131576557391618
1.1385213622196093
0.7803529829819245
1.5093502863853576
-1.3792079774332788
-0.5820235372433544
2.1146460792390500
0.9304741075760909
-0.4698499340043039
0.6247243156439735
0.3794659049953191
-0.0479341453555076
-1.0946814160630096
-1.1081702159725360
-1.8459454835353528
0.5827274001873386
1.2467134989492430
1.0538132949112238
-0.1834142814038526
-2.2534414138736576
0.0081709358638557
0.5660487234249940
-0.4910042823643616
-0.0920325100196858
0.8885053709304560
-0.0175316614173077
-1.5397563882621861
-2.1587049262509623
1.6568349275071066
1.4229468344737464
-1.1768736871518346
0.7168354172292545
-0.5933881435058371
-0.0558051921713610
1.0384115544926820
1.4246046512763131
-0.1754042058949719
-0.3665798296739918
-2.0621888249388154
0.5781635602438104
-0.0921077416132195
0.6108968237656025
1.3560948938345114
-0.1862916170518030
-0.9514286941881268
-0.7176702457058600
1.1246671087544873
0.1025474000069891
-0.8330811034472074
-1.2573802908175840
-0.7289669535830562
1.2739266324343144
0.2788631741193333
0.6174185138241424
-1.0102520593623154
-2.0010024274041873
-1.3185580557737380
1.1110606973947137
-2.4966204499222502
1.0450210910349722
-1.2247037599196693
-0.9239058910164372
-0.6078400004302195
0.1502360825917931
2.2184288430919921
-0.9160355963534440
1.0130831704767609
-0.1928080960408460
1.0899736482819491
2.1552698926838074
-0.7007231740655887
1.5393581354628514
-0.4914236206598675
0.1270630296569447
0.1006725029721571
-1.6352011676657296
0.3056982203272119
0.0256369783661903
-0.2930295738565787
0.0634999725378718
-1.6376639404960989
-0.8080616936160052
-1.2346183641492157
0.4208042682508164
0.9747369396481981
1.4648607498767059
-1.5125487683733154
-0.1926012669178141
-0.4671995709982936
1.6305258318343712
-0.4492056110009762
0.5288045624410287
-0.4806931975823674
-0.6049025487072779
-0.8864537485623392
-1.0302186903970045
0.9740380280801321
0.0773642401210350
-2.3556755922845385
0.5076777283679992
1.2296695974405998
-0.4764339854039775
0.6800253045265071
1.1452189133234623
-0.2356608432013543
-0.7716468151377714
-2.4401708311833930
0.1296183420726236
0.5950249995543447
-0.3906226671711008
0.1793123081607432
-0.5417470677687527
-0.0299103593362917
1.5931191804974962
0.4895082550387816
0.2368710335705107
-1.0074171973739925
1.2771123553581245
1.1949409588002968
-0.0628086218829612
1.6182817338903441
0.6696997768250776
0.1753489806415950
-0.8647749149536423
1.1022464183913907
-0.3125283561076984
0.1304021499479802
-2.2575350408604740
-2.9874684349047715
-1.2720591177028904
-0.1555204352052808
1.4485470571877521
0.5247180360362390
0.3539553053952491
-0.3053447239685484
1.0352771066331197
-0.1765966627607105
-0.3948206977350819
1.5344564828568854
-0.6726287377404170
-0.2287459111185670
1.0442009597572659
0.2143937304649856
0.5105514919869235
1.1133355498502586
-0.8144826894526676
0.4160149722298361
-0.9750540609956952
-0.2544548675142554
-0.9979381834183181
0.3471530074842224
0.0441080068269664
0.6231927920875855
0.5425458356681488
0.2987961567841881
-0.6480307826222731
-0.2490000526296042
0.4948587923278288
0.6671060193722099
-0.2738205681205770
-1.0412805134469894
0.3219095073326074
-0.6211013244154986
0.3926414072113622
-0.2742125131567090
-0.7014972860929630
0.4795670220647401
0.0593885410686012
0.0882594384837673
1.4488447474902626
1.1622271767015140
-0.3671398457998079
-0.7917363630120261
0.3459069736590654
-0.4344228247803803
1.2989782608105922
0.3244793640009690
0.3791503060329336
0.1031060662196405
-2.0657041530063660
0.5685910443229282
-1.4170785647093180
0.8385523398401535
0.4588137972276846
-0.3246673090186830
-1.2611193382152206
-0.1827105101023122
-0.2995149991151226
-1.1081615442597550
-0.3107347747531756
-3.5013116905598105
-0.6818488587786711
1.3302632703739943
-0.5926746783631514
0.0321020178623813
1.6650412397306875
-2.2145618605049675
0.3966934287550909
0.5226331356040214
-0.0593639824007380
0.3817814419083109
0.2233646677215997
-0.7928728627693280
0.9136611166947846
0.0993711005036077
-1.0284750212783460
-1.2733596288159486
0.0507390471012227
0.9237386880884368
0.8061245641935713
-0.9593265547830644
0.0097000049867044
1.0176190483245546
-1.3527143807056936
-1.0183118404816383
2.1203980885185678
2.8552338602419574
0.0171999616185937
-0.6805023128750609
0.3605218514141161
2.5425895313268287
0.2066910638377611
-0.0412786927171810
0.1588102800581899
0.7341006809319696
-0.0601905779222631
0.0978504175189666
0.7850957734304101
-1.5630554292794123
0.4118686445165113
0.9445365882837287
2.4657754313788534
-0.7513087602016094
0.4571913595469670
0.6954191414208964
-0.9785404829519309
-1.0577575638002621
-0.4810362894909361
-0.3289106920675114
0.9289299405972942
-0.6464542941507150
1.5361955931462599
-0.0619586427771024
0.0600614812161473
-0.2500853060745523
-0.5378585235485929
0.5028684871979634
-1.3505187748837573
-2.2303951208178359
0.3145424381318722
0.2551782484448109
1.3433652693883693
-1.4082087770587490
0.3486843825098768
-0.8183924197887033
0.4843392060407742
-2.6500268605684143
-0.4709028554834906
0.2285205119319225
0.0652209990737196
-1.4746247432724700
-1.7086308816002516
0.1439361205149868
-0.5802011163919814
0.1581334370787315
0.0208409947822954
-0.0060721363854640
0.6486678185885473
0.9369805402336593
1.3795453011020973
-0.2843408241598487
0.2908357401137533
0.9284712333093688
1.7825487742280735
-0.6607492537534394
0.8750801416483769
-0.7348020403620166
-0.6436447590770691
0.2317028128669331
-0.4310604876580754
-2.4433653896452125
0.5154952621037938
-0.6299260966039889
-0.3391747518589868
0.8837198300166250
