2.7951192405224266
10.3418417249156427
-0.2189526935902383
-5.0510177021862015
-3.0346432214670149
-1.1703959030080964
-7.0656853881500910
-2.1175233321056020
0.0780118781246734
-1.5227841352551528
2.0742183074663938
-1.0751310362944873
-1.2550077730608611
3.7709828524732321
-1.8407817769910948
7.3334977389739366
-8.9172394849469274
-0.1102973321964937
-3.3229204865200370
-2.6565231865030121
-3.2418376123679442
-0.2561988513352864
-2.1846215218182277
-0.0724257669421946
2.5463273997880123
1.0810168360087142
-0.3603056825424230
0.6369051057364334
2.1237634631709152
0.4677262791012106
-3.0746683554003376
-0.2056188318624574
2.8270166287305445
0.4451442515349647
4.6828798997789933
-4.3419980382138563
-7.7409069551688905
0.2758120326477648
-1.8625608808127008
-4.7256860531040079
-1.8141527774250497
0.0365288233169337
-0.5795423937362065
-1.7861050178363937
-1.6615271094798245
-0.1814441405825316
0.1494168869104840
-0.2822347755844786
7.2038845894761323
-0.5747299896214916
-5.1527015278882553
-2.8878546591290131
-3.1872800946920621
-1.8499169599872547
-1.6982260750772933
2.7588640765385688
-1.8271102861219874
-3.6145396077635810
0.8169609819842064
-1.7505672530471916
0.5060702592716326
-4.7370672581180173
3.0566673331549117
-10.2626025283556412
-1.6174692761782514
-4.8931129290749391
-2.8429407896008332
0.0056091333123671
-4.8579505978978936
-0.2274101908752176
-0.1175749013350886
-2.6689458563874577
-1.9983007738905243
2.3536425022383267
-3.2926475873733945
-6.6836317195968267
-2.1563079716735274
0.5564690954963991
-5.0390422477721115
8.3635018260893297
-5.9130811639868606
-5.8707575406221855
-5.8009283291324660
-0.5469969448874692
-0.0993507416831254
-1.6422329020699717
-2.9432104766220299
-2.5337169762864775
-2.3168029721284440
1.7018022520608791
2.0228637423220124
3.7729172435977656
-0.7705185493147506
-2.5494351306008478
-5.4634923428784550
4.5168457794967072
-2.6619637594036818
-3.2626411642966531
-0.3024780428285793
0.2529798114196418
-6.5629146219108119
-2.3237918957012966
-6.7596435763370781
-1.5263107289742666
-0.5258793997031131
1.5951501047549796
1.1268486489545813
-3.4734017003098647
-7.4593893666462332
2.6314201867360549
-6.9787580942012548
-5.7845078755773471
0.1460316846866641
-4.8306535511705055
6.4151732228950058
-0.7057930110965548
-0.7821560252209078
4.2421145533101301
5.7213373328720438
-2.9193880856491949
5.0796460116248658
-1.1558609456373834
7.0561121436145777
-0.4343132432017653
2.9696212132013171
-2.7579414822235759
-4.0390558691226444
-0.2802197387978191
1.9794703674005820
0.2342662800940241
-4.7458113277943390
-1.1048396301674739
-1.9667135464154470
-0.0345613182906832
5.6062161623587281
-10.5931441211347543
-1.0802368217210816
-3.2459513029126090
0.5673266977040050
-1.0655767975690047
-3.3011304354303155
-4.0789409965062768
-3.0558180991262600
-2.2695865641075001
-3.0373769429593582
-1.3845329092545535
3.4779973553869441
-9.4439907371986429
-6.7246235762226094
-1.9182119992291613
-0.6420331135196720
-0.1884714444826904
1.5421694058884705
-2.0510804732771719
0.3604304539024630
-1.3622342820078293
4.6140404255329717
-6.1386834522432396
-0.8615869921436312
-4.2085285328773647
-3.3315196922548114
-1.9975044765949170
-4.7073717363139815
3.7355950297439002
-3.4783368586904877
3.4800630463663298
2.3799190424649717
-1.6066495556165827
-2.2590656085218406
-4.4201919755213304
-2.9092606118467614
-0.9497923597931677
0.5380132535042376
-1.5975088846075844
-1.9851720976075093
-0.1341410529318657
-3.2200240590789675
-1.0023866608892147
-1.1089542413066966
0.2002843809993774
-7.5496011910078957
6.4789638328308117
-1.3853185005396984
-0.6947465306968970
0.4721477302980129
-0.0868080721960603
5.0573075728112329
0.8768188719513680
2.7539164947739625
-2.5223921407452035
4.3202039584208469
-1.2045412707851424
0.5551889184206474
-0.7647222988581865
0.1522699862248942
0.4051926026433849
-3.6483759830236213
1.5397671388541310
-0.2793726120140488
0.0910313123029231
-4.4015081348182390
2.1222309064005098
-4.5027046106031587
-0.6829755428907747
-0.5039134341336744
-5.0355516606116728
-1.8799957458851200
-0.6635918855379985
0.1631928984703300
-4.7396882801327687
-2.4594074721491190
3.7650340319674251
-2.5660642831045966
-2.7253358445430145
-3.0907830054829439
-7.0213903341503237
-0.6562939286192723
0.1274596050844090
-2.5998808856116060
-3.9059448531385366
-1.0078307921670251
-3.0725784958849416
5.8302641155051305
4.9385629441093526
-1.3420157954943135
-0.4041621640215428
-0.7531914670040158
-1.7670993098667125
-1.0539606267393187
2.6707335414409656
4.0229402246316601
-0.5265014838912829
-4.0735751591918632
-1.6091571265135607
-6.7156758981390841
-1.1515160257902182
0.5219153305555760
0.1669624752198738
-2.7473449457457737
-0.1509710421801155
-4.4360180022506164
2.9343870936027030
-6.1787289191982255
0.2608755166999345
-1.4595928609569824
-3.4819174776630151
-1.8621139529056687
-1.5957485385462764
2.1987594374994730
-5.4150707927863069
-4.5534129003545409
-3.1802440818596716
-1.0785877184423458
-0.8151757077486476
1.7472499163780759
-1.1849855981929702
1.0907493259763266
-2.5996421029510639
3.0101536333709933
0.2295722511967804
3.4882962939012740
-6.2596807624364379
0.3010075765188442
-3.4835297557891627
-2.3750219793955600
-3.4655596547674019
-3.9302601966532733
2.1547748180974140
-1.5287005106999032
-4.0404624888198004
5.9952606476794266
-1.1159679419191961
-0.2062070073707144
-1.4413839763455072
-3.7030641392238501
-0.7245230899124249
0.7174009359568996
-6.2451958638534606
3.0732564154606505
-2.2673888814448828
-1.9837396380129293
4.6655942406992139
1.4530777982593537
-0.1962768861639979
-0.7244767714919050
-4.4116349890792339
-5.0621144074813591
-0.8858352159719367
-1.2373116945157321
-4.3968933778292056
-2.3150334862786393
2.1888081596544549
-0.0913813481582875
-3.5210492875093657
2.3189969615103632
-2.7787074033927235
-4.1263032033577520
1.2275614031950928
-0.6548350785566375
-0.0804031084817299
-0.7531061338207397
0.3433949403349777
-4.8403336428582540
-1.8824050159816923
4.2228288384131005
-3.7630020481232478
-1.4527909538488371
-0.7899248117540212
-4.6173475868604514
0.6104282775283258
0.7767584628622628
-1.5074595571130607
-4.6778931352754567
-5.6704758066753600
-0.6927768795876804
1.3174671757754981
-3.4844270539967428
-5.7877119958141821
-4.4216065049807396
6.0609907233499651
-1.3577707071878600
-0.4528095371475178
-0.1596228459965434
-0.8386103237035099
-4.0930885775747354
-0.4790884441155043
-0.9325233037234482
-2.3680073375313730
-1.5687071676901583
0.8022840442630390
1.5943952569254876
-4.6976350240274725
-1.4947781387770414
-5.3698404537605953
-1.5102827389234044
-1.4806688180008885
-3.8803066113793703
6.3225326371888215
-0.7327069676534396
-4.7822335429108369
-1.7216146223316933
-0.6381385171446835
-2.5947829708239185
-2.3341512123598167
-1.7114161922610751
-5.0161105489003308
-0.8613205294094836
-2.3096580198849246
-2.5002455421170269
-0.2861666246786432
-1.6646809440633052
-2.8347129680131413
-1.0120773312588678
-1.1965679479000357
1.5825029782042939
-0.8844160885332187
-2.2017170782316353
-2.5866161329577788
-5.0146008872894834
-7.2425970851053814
-6.6022226162500957
-1.1203207927201841
3.3084799046785145
-6.3197974815100784
-2.4804077038096262
3.5040627162322053
5.0612029675156931
0.4875950450882626
1.5370146855374125
2.4280530738959305
4.7547804228463013
-1.4133314962156125
-1.4094198744638766
-0.0152807610910710
-4.1959941895120831
-4.9252530527193867
-2.5736674477821317
0.3899815021907715
-0.0844953672633799
-4.4217179767570718
-0.9916463432334409
3.5261414771811430
0.7272666883711284
-2.8117172085257884
-7.1965019190112960
0.2060377325015699
-4.1387316701876813
-4.3963251909389154
-1.6250874684101146
-3.9712223784057352
1.6906452179827942
0.2342210069068906
-1.1583026929967466
2.3875753846358982
-1.4371778619377413
-7.2900551977807257
3.8200993388819406
-1.3673818501977184
-1.0681061223298158
-3.5302456462261782
-2.2967606822670383
1.6858054088028140
-0.6125807114378589
-2.1835601981557193
-1.6363096339560657
4.5499647339525895
0.1687463238016255
4.4737396396918943
-1.4966219554880358
2.5634552872685856
-3.8031298254739374
-0.8004187691978195
3.2328409704100953
-6.6608690972424949
-1.8928331901518045
-3.7578602294467727
-0.2949265653893728
-4.2861402464735674
-5.3841590181930092
0.1380881323245917
-1.5818338074292269
-3.7661335414228225
9.8504140931736703
-2.1475114692335211
-0.7604999911893153
1.0136712652428830
-1.1700291879629037
0.9892967007505129
1.1395176722199545
-1.7118208612758079
-1.3757750414405003
-3.2846042805580278
-0.8202914957216382
-2.4566568022905004
2.5911271236308435
-4.5122143506892600
-1.0901082755761584
1.3069227511064034
-0.7082045866791556
2.6788161869875826
1.7240480796668038
-0.9713899005911321
2.9859158643071275
-3.8953226992384571
3.9095738644738454
-1.8108478877149450
-4.1211978950441157
2.2021968521592248
-1.9454337605515808
-3.0650571504269850
-1.2137775635058026
-0.7161136125928333
-0.5530765122361384
0.9842480471646263
0.0156218133724551
1.3274064469702080
-4.0014518122447811
-0.7438173874346865
-2.4336323513400848
-3.7310327318153185
0.6349387178097856
-3.2027070367871242
-1.1232177446779696
-4.1874412112298804
0.0324544153902753
-0.9774324969816847
3.8582448359443449
-8.4926195640000852
2.0382745795199848
-3.3790372031222082
-2.2020259042357009
-1.3342911374831952
2.3088919384215014
-1.6541629569437366
-4.5233746620311930
2.5911700121487495
-4.1765900565734162
-0.3580938970288393
-1.2123852538002780
2.2763564127888878
-1.0324591769144054
-0.4053167632418135
-2.6774635846809325
0.0300785845660867
-1.3057753563337171
-0.4415486834235506
-2.5003344713899027
-8.2255000250454593
-2.8836977043669196
-3.4817906864827881
-0.4980024333251623
-2.6862621408955270
-5.0706817564380477
-5.1824096046030688
6.9845000960825461
-1.0623350346156419
-0.0522093420380208
-1.7843681853235838
-1.3136314314162783
-0.5558402349873974
3.7105931665608445
-2.8919529192661781
-1.6819269764483180
-0.6361955198000604
-0.8834765754712453
0.2033145732769640
-2.7331772999291863
0.0942956038929991
4.0451074980280843
-0.1689038881846635
-2.5875073066571277
-0.2631789695004179
0.1134539821427301
-1.0648303730721413
-7.7361528193822071
0.1474348605598602
2.1701708391477963
-1.8684199269219970
2.7397681540740866
-7.8133099939749577
2.0441398552012435
1.5698605691655465
-0.3161151051525524
0.9441113783412474
-0.2661528524684719
-6.6921766984761657
-4.2555452260129734
-0.7477567511953312
-0.2258206827466349
1.4133933950574109
-4.5384552577054134
-8.3425009683880020
-1.2024496065391514
2.1974876437511628
-0.4959026035365968
-1.6373131953226003
-0.6526827991113794
0.1972690458431972
5.1862126315653017
-0.6225505927838990
-9.1233580888232044
3.0422391623227507
-2.7056817927613230
-2.0105089879270182
2.0452250588729211
-1.3583163389811661
0.1221398028230519
-0.3550828487644957
3.4239862794498954
-1.2318148563112967
-3.0789128145984623
2.5630806881948041
-0.3836734442826607
0.2841903032574238
-0.9120308097766816
-1.2933916559809486
-2.5498249695001620
0.2137179794188495
-0.4809493370944996
-2.3020964628257810
-4.2139516681092140
0.1618945012300337
-2.5301782945389224
-3.9624828594421584
-1.4432251937385354
0.2851597441993630
0.2669810558709510
0.2843286022737047
-7.0753443189005072
-2.2516216881083144
-1.8168279838776906
-5.6008225290161020
-6.0885106491093781
-1.9764286336644659
-0.5389314595869115
-3.3791256042028937
-4.5139424359057738
1.1242703316010059
2.6011190819084447
4.4094873074400205
5.0847118747386837
-4.8787899548998688
-2.0115612088456181
-0.5185687528986974
-4.8550968307475326
0.7450660733136601
-1.5649046248190210
-4.1451005509555090
-3.5111857915662847
0.3489055449336264
-4.2509171761324120
-3.6507558211061362
-2.2451534651863634
-2.9239164938878410
-1.9560236450692032
-1.3525183854695759
-2.3354650733315312
-1.4356728972888744
-1.8867994534570176
-3.3925098028106708
-0.3010828981004223
-0.6255362840988569
-4.0744374099729708
-0.6205895862839925
-0.1024359294751882
-6.2726444748346264
-1.7893863806826982
3.1032220691964247
-0.3112319336471169
2.7869296885206283
4.7912471121115674
0.2089544332289587
-3.5794048373387000
-5.6388485504710246
-1.3992601421276993
-2.7466313425710718
-3.4051880147935969
-1.2866828775126176
-1.4974453774413925
-0.3726953097454104
1.8678471789097715
-6.8184031007866936
-0.0371829703467764
-4.6602884445155777
-3.2790540866043782
-0.6975900633819192
-0.0556166017277356
2.6427072931624527
0.2432715491466714
-4.7427291903889017
2.6446968913064524
-4.3622887728114454
-0.9618850626635935
-2.3555429211108301
-0.3809708619151648
-0.5485916894669581
-5.1683097928667125
-6.3221686995589037
-0.7058636352628112
-6.4541207147337758
-4.3144337932678445
-1.5498725241590978
3.4516459330690781
-5.0751187308423598
0.2271675259030606
-1.2083984510945078
-0.7242595045239466
-0.1044468927819902
-0.9022915377705903
-0.3828817436922445
-1.4921143187008470
-1.5150937704187781
0.8822484818384788
3.5607073206359812
-0.2638682889005940
0.3238331162747966
0.0515075957071008
1.1490280788941729
1.0891212900424658
-2.6133787317289738
5.1049024776497971
5.8137559048514120
-0.0731844415473949
-5.3150634615647290
-1.9140122720087849
-1.9576859041019821
0.0573157464242972
1.6456277910549297
0.5942305968178162
3.5590882568297166
-0.8834688653028735
4.6973888841392251
-0.2614982604403048
-2.3971691694484489
-5.5061913198485861
-5.0440942675119329
-0.4580936031046556
1.1925187469382341
-9.2213474205759827
3.3339812284260897
-0.4396256902083274
-1.7739615297658489
-6.1192589029416258
-3.1906265309012882
-1.0410220640439134
-4.9476671567985493
-0.2329219379358471
1.9370009007045386
-2.9115437927912873
4.4935425952205650
-1.4790602100742167
-3.1290163340422970
0.0050382516975878
-3.2469322147495121
-1.3593155720254884
-0.2308789358916472
-3.0019043809340147
-1.3642086868740091
-1.3151473434195253
0.3051855891777213
-8.1596203104862859
-2.6411565425600614
-3.8305791566304896
5.2791119133009721
-0.6400550385077812
-1.8381088925414870
-5.0271784004672293
-0.2357781426827785
-2.0032584100203867
-3.3563797138450444
-0.5249590615943169
-6.2914219147668398
-4.1851666799742180
-7.2165145216174720
-2.9297486082544300
-6.0964670777483336
-1.4424179874538678
-4.7855638522072317
-3.6889837986195237
-1.1013836090718339
-1.6535543653034854
6.0389674535856734
0.4470132730191492
-3.9697825161393920
-5.6827012399374466
-1.2219416532205558
-3.4150987336487142
-2.8272950136770416
0.9253465478476067
-2.9461532350993247
2.2155214561331644
-1.0997277178527149
-0.9738694708725688
-4.2362921491565446
-1.2130928625350397
-1.2281825167210196
-7.5188288953622955
-0.8820212901975174
-9.9604066936234226
-2.6800308295405220
3.0019052694450861
-1.2938017247471238
-1.5117613534750007
-2.3287353578576626
-3.4261292995155337
-0.9515462288445872
-2.7235440771904877
-1.0423968259865541
-0.8244101242544613
-0.0460286490176850
-3.5181272929861684
-6.1593229698702441
-3.9578938375355461
0.0160481450058130
-2.3295366263110684
-3.8377674010922256
-2.0532037933254839
5.1818212118141780
0.0578104373682206
-5.8860980767924049
-3.5583262882517825
-2.9992672069762376
-2.5434106745321432
-0.6190791527486730
-2.1037029515365404
3.3955616144699685
6.5903040177353018
0.9928625669555792
3.1467796207237346
1.1640532213860320
-0.2350778901492676
-6.9912662227624711
-5.9020774293562388
-1.9543618856223772
-3.1204377154191349
-0.0313870647579877
-2.9971111613188675
-1.3814600211288428
-3.6290198394932816
0.0760584623540675
-0.2694839856152119
1.2121383164583246
-0.7461133588532505
-0.4770785711707820
6.4273079971800877
-0.1826345692948351
-0.1702407823996223
4.3902807920946287
-4.7621273014218479
0.9933977789919829
1.2703058371928919
-3.8621935656434814
-4.3263301487754617
3.1095150567076351
-5.7877010623943992
4.3575865812337105
-6.4642843465098547
-3.0190924486782507
-1.8126916762430263
-0.9269183572728744
-2.6604625831892950
0.3346663628757179
-4.8148529061510565
-2.5271908538055219
-2.7946106659513426
-3.1822707859824577
-3.9506598456269604
0.5813285458405939
0.4143132351419052
-4.0625200897311196
-2.3937148255103127
-3.5283798341745074
-2.2091503397560897
-0.3605628591252208
-0.8581328909043953
-6.7138662197466941
-3.7513899469244389
1.9794026112738932
4.3627714139931300
0.0598698007564818
-2.3642534764985559
-2.7577805055701035
6.1348099704737855
1.4898658484562983
-2.8766221286678753
-5.7577200442268639
0.0982207042232462
2.4949926264767508
-0.2521946648497341
-1.6914517895186760
-4.5616246415748707
2.2092256322685593
0.0257650678765924
0.2060414748179046
-5.5898097912644111
-4.3034323555302398
-3.8551491354967315
-0.6210000229135981
-1.2997164515864443
-2.1474536193701543
-3.0614511693958066
-7.5834911779279164
0.5146744509746769
-4.5579343030963466
2.0216929422331584
-0.2509304501924034
5.3532279222193155
-5.5389063963403560
-4.4227722676033032
1.1575535453647539
-3.4588922168106802
-0.5080984852998490
-0.0558343209570518
1.4552968664691086
-1.1273173627349942
-0.2383539200565071
-2.2734446709582090
1.5440324151624032
-0.8477486046431681
2.6462187367426031
-4.9304607149791257
0.1285984985577186
-6.0473601066593758
-2.0248725685794100
-5.2924171220277989
-1.2067895422321533
0.2182235375710320
-4.2174062662123131
0.3100991004941017
-0.1417556222258600
-1.0465694350467316
0.8880669645504513
-0.6489969619896855
2.4041248868010316
-0.8026400056426853
-1.3166078173781890
0.6445472188009084
-0.0524557067833100
-3.8316355088936493
-2.6426625680868021
-2.3786042425894371
-1.0662431381975632
-5.3902342419549409
-1.6319309610140391
-2.6993748601697818
-1.9339918030737016
-2.4883359799424620
-2.2906822078688927
0.5812021978386970
-4.7268595234156523
-2.5836243084501382
-0.4361266006273403
-6.2413117754501277
-8.5369836533631993
0.4227671125945578
-2.8049721348563370
-7.5857068775221892
-4.8292344154484415
-1.5382136290881525
2.1913073883915350
-0.0464928241850543
-0.8290210379927591
-2.2291112328297515
-1.2476890446796540
9.2382494962087627
1.9203070533027442
-6.7856157620227675
-0.1910229915030687
-1.6635207609417553
1.2015375737465344
-0.1161695441118819
0.4639081201118125
-0.7197352272622386
-3.9812835586343511
-6.0021848590219147
-3.0235572144356819
-0.3148589435453244
0.3853134358702957
-3.0761136107149576
-3.7344611178652363
0.0462300210047120
0.0427729382090244
-1.2701745834691125
0.2725643745349530
-1.1918535245101143
-4.1804838533737954
-4.5874666522290752
0.4698865926633922
-1.4555483584935935
5.7271933580121486
4.2879583257917124
-2.3336149905804184
-3.5245310879637657
-1.6875893818634706
-0.0360383096897839
2.3324313215756307
1.1013814324010993
-0.0672380089559078
1.4140966287826870
-0.2827716036258787
-1.2828608810761748
0.8394070550517089
-5.1294805435337496
-2.9469431863536606
-3.2407340101446040
-3.8706401803548114
-7.7296573315041881
0.8184483069533565
-0.4060473242702060
-2.1359887172419865
3.1579404846957342
-1.8105691072962622
-3.4055858556674523
-3.9818676097704939
-3.2497411011453581
1.7538899715881882
5.7476932286670070
-2.9023827790121746
1.9517065326415179
2.3478285732541315
0.1173228839223395
1.8693786860581583
-5.4568261378920653
-1.9053998639452345
-2.4189051818228959
-3.4051542469595497
0.3983721200274919
-2.6247017662498808
-1.2868587466946939
-1.7937377294394701
-2.5719921839206883
-1.2708462756955401
-3.1516584158204832
-4.2407901617113799
-1.7024671847093824
-4.4498597089920207
3.1768148863246410
1.0442813114331275
-2.5087626218128434
-6.8202931953083592
3.0248293676295090
3.0569250569687796
-2.0428318256308478
0.5666195359858437
-1.8943127550625323
-4.0177645824727488
-3.8414935788406464
-0.5966414182114230
-4.9196211039225801
-3.6849088252545497
0.1710309371737075
-2.2606614641219065
-0.4824254462286770
-1.1170857373798835
-2.0406689588120486
2.4697923868240315
-2.4829131481410189
-1.6377265010956252
-0.2132603101368570
-4.8367569691832282
