-0.6230565413680038
-1.1343865705784191
1.6181853812519369
0.6390055873131849
1.8004148263051452
-0.8134162271673289
1.2247100129736768
-1.3802594014273559
1.4502329401750482
0.3530348090100305
-1.6598695725956307
0.2342601056378064
1.0968736532708141
-0.0250543184593682
-1.3524358925625202
0.1004191117308638
-0.2395679220496921
-0.2800341095018676
-0.5396701853698849
1.2334259924263959
-0.0014378255599587
-0.4543704160627533
1.1991676914555069
1.8044395348701721
-0.6354511377649643
-1.7925249048814875
0.5253198304652665
0.7371696033058178
-1.4559355558897267
0.2035508765837733
-0.9344899955847887
-0.2487426160585245
1.5149879746886106
0.6911150386904731
0.2537382180456343
-0.1756534835987342
-0.7938168493415749
-1.3424871201593906
-0.6604492880629899
1.4762208755374799
0.2618594351639990
0.5713863436286386
0.0902772148233982
0.1151629396194483
0.0904116425737908
-0.9292766924861874
-0.0378613039623834
-0.2287888386986219
0.6077775366745184
-1.0776263220640736
-0.8506275410753907
0.7082612801456755
-1.6695365210666491
0.3507771404929541
-0.1560341443243975
0.0295520843673727
-0.7269424723177601
0.0183013319286611
-2.8404744056167135
0.2456798030087700
-0.7663058068314700
-1.0743036868726863
0.0414490671717342
0.6120632486703137
-0.2888552023074441
1.3143769171746789
0.0333626739589161
-0.5495751740146880
1.0447368524278480
-0.0766890157612525
-0.4501523983668620
0.7851834582104619
-0.2054400140714167
-2.0613390720440923
-0.8499247836741047
0.0885416465418045
-0.8296958493706794
-1.1702044463433483
1.3557349807779735
0.1967149748095722
0.4025479696191721
1.2093077716896441
1.7817787528308164
2.0154242325942291
-0.0902979372657548
-0.4479404629424334
0.6401436844296722
-2.0260324153617582
-0.9199238162468344
0.1580174734720789
-0.0564502728437160
-0.5808250635626788
0.0805018294621241
0.6526664093187433
1.0791170253452929
-1.2172811352076234
-0.9310390584685648
0.0504439690891981
1.0664251227506227
0.6915629403726791
0.2627412518092522
-0.0267212799965429
0.7411847822755329
-2.0878736762464096
-0.6368294809468464
1.6688467503490310
-0.6633933479029541
-0.2730774180213874
0.0147219883997736
-0.3111310164093201
-0.8060612447812251
1.0046720695413063
0.5969450095753155
0.0595972900578076
0.2397792955542363
-0.7499498302105152
-0.2680146795952043
-0.8791612596520387
-0.4727615765314279
0.0276247593711871
0.3192512050967611
-0.5769821189982800
2.3943840725290944
-1.7815104851237960
0.9070972650376316
-0.4737268730168206
0.1073612662610034
1.3785073988426491
0.1680477247015911
-1.7224675402827228
0.2584718649626696
-1.0329778403084617
-0.4826863892067841
-1.4775246597001852
1.8122881878939434
0.6597197379463127
-0.1539012358365745
-1.1148598642741270
-0.2419468757299958
0.0663474439396658
-1.2265555245547766
1.2401082781260635
-1.3970261369963757
-0.3439219089938290
-1.3280681178305871
-0.4435389009188382
-1.1745368213474161
-1.0913078697565148
-0.2169607992771983
-0.3159332449713394
1.3853438861569003
0.6500481324425113
-0.2138307844828212
-0.8465509202430627
0.9158202674815656
1.3026792364138733
0.1407503356097368
-1.3438682086368630
0.2501288601859010
0.6370661226920797
-0.0650376456345477
0.1959021837745058
0.8650231569412792
0.0357419505459901
0.9364527913577818
-1.5625306499142828
-0.7061603788432022
-2.3035874764171251
0.2228793921067798
1.1661855338029232
0.2106115376841857
-2.5664647774835156
0.0841917923613368
-2.0917073514774103
1.4540657640264989
-0.0843736561477267
-0.1325213569017477
0.2839681794954231
1.5274569370064537
0.2569744037180904
-1.1296473999118934
-1.5503933536374337
1.3849442806562930
1.8031265325621075
1.3585840521321868
1.6339962780181976
1.0024110003713236
0.5558257287218404
0.2170509278564538
1.5295944415017779
-0.6497909262529113
0.5288221040219538
-0.5840282996196966
-0.3751816439650278
0.0385548146620812
2.1489520997919040
0.9765665201735050
0.5739075734266487
-0.5380567643220601
0.1544767773081427
0.5509000084783324
1.2640455788514979
0.1829656851126542
-0.0882012651649764
0.3941342449846998
-1.6546953887825511
0.5232246060273184
-0.2290610505046160
0.0354281615994367
-0.9315835099596140
0.7580294889895240
0.7461215048411715
0.3972503678607064
0.7627948148832737
-1.2571667658693593
0.1567054781960310
0.1168431626745058
1.0187368209564622
0.2617489296944406
1.7878158062772980
0.7502294212419698
-0.7768808492081003
1.9657651166571168
0.3941805291160470
0.7421337606896651
-0.2907363468461729
0.1507577186434605
-1.0346414973255906
-0.3430345459465739
-0.4161420990412714
-1.1592839077961319
0.0156083042105243
0.9603231991710109
0.1262821084260353
-0.4698474859766474
1.3041636556345932
1.0361634918268814
-1.5960238338180230
2.3495874068899005
0.6117599850865147
0.1946866895291996
-1.7689154820730177
-0.9218149255041489
-3.9836154434131124
-0.4050605814774090
-0.2599070817513465
0.4327550646394515
-0.0238199465391287
-1.4089317054522792
1.6393037804501243
0.6406062617149559
0.5273563012388921
1.5274990085031226
-0.3913485826576310
-0.9642661049682965
-0.2206158660887437
1.2897480867416888
-0.7838161256115973
-0.7974834509367451
-0.1622767907184156
-0.4252358041293217
0.2454255419880056
-0.0413573858898147
0.0925927977817822
-0.4219205125555506
1.5772452925748455
0.1414191522293834
0.4171632771772787
-0.0631117299117051
2.1117944292090698
-0.0629875157102304
-0.2798960393715387
-0.9547406654315829
0.3648810926448123
0.6590453701096652
-1.1859408917859333
0.0757465340360594
-0.2043088183528834
-0.3119673692381081
0.5763597103833406
-0.9701359250896339
-0.6280398640474820
0.6302078481142448
-0.1919775996467052
-1.7739625997660813
0.9852365496785815
0.9306827647245024
-1.8954318932982828
-1.8954933973227286
-0.0313914559551898
0.1120352290361080
0.6793853765357475
-0.0724119301523987
-0.7992368851264358
-1.0898173589845563
-0.4168298789664908
-2.3886939701071448
1.4008191424225402
0.1747775016339645
0.2230828076858768
0.4872018041791495
1.4005058604310865
-0.1396685743974950
-0.0815012565932694
0.3367579182799741
0.5366670526792146
-2.2941082651595384
0.8852251399880550
-0.2753952886596197
1.0720666317866450
-0.0748606755539027
2.2619120033758495
-1.8234346677907451
0.2519997073511839
0.1849269467255492
-0.0403215817208699
-1.5935021187181262
-0.1539673354216695
0.2033092437997414
-0.3339809424482915
-1.7553837445471796
-0.8512985941722283
-0.4874479342885978
-1.0048015508393300
0.3779886490094463
0.2457784779301502
-0.8448491065778537
0.1313634937494700
0.9304764673177546
-1.2656653583833615
-0.3473873717959908
-0.0244637810746881
-1.5549040627914956
0.3826817810881749
-1.2192996833597385
1.6882941617735352
-1.2211695840961896
0.3061054999944577
1.3492785662481896
0.3232078517584857
-1.0842609076621423
-0.7268479584365959
-0.2647695405421487
-0.3428388811368630
0.6078787306103702
1.4127281838801589
-1.5151152180142571
-1.1603854775729396
-0.1391363365303014
-0.1729976465494943
1.4869997943207993
0.1140602464421524
1.4401859678745392
1.8177899848554560
0.2247389963106207
1.1397419132950239
-0.8073043507633635
1.6736447311686145
1.3457117909358787
0.0427613258341486
-0.6244415076634845
-0.2935387811022256
0.1857772077521828
-0.4919260343211994
-1.9148672121184453
0.1662015056975046
-1.6469884115792788
-0.1007376824845749
0.3275982757961600
0.4307444411434307
-1.1748884038083476
-0.1712060466575765
-0.6095767889997549
1.9345142300650939
-0.6064323373343952
1.0534587058401990
1.7103056255437081
1.0772253652379276
-1.4300876472146158
2.4529160926329872
-0.0787788428145188
-0.0353022780196666
-0.3571077885375009
-0.3935676369628869
-0.0173118822703871
0.9446487274962051
-1.7640069899310276
0.0464584909191949
0.7771127408070541
0.7778797015626950
-1.2902890765488713
-0.1565777444132369
-0.0847920183095797
0.1428113597422087
1.2159843388796245
0.3719547260580508
-1.2215891192373622
-0.5130023573065370
-0.8141386042265490
-0.5154169519966749
0.6811104386670058
-0.0192409828207835
0.9461821884259926
-2.1065338040395267
0.0598170265239934
1.6404233044849590
-1.1031748479576153
-1.8119073679218067
-0.9316610421971587
-0.6613098001192210
-1.5443948206934661
-0.5687207700045267
0.8599075284408744
-1.2650102283058178
-1.1587035267121890
0.2124618879560574
1.5959050548855300
1.3108554991456107
0.3706556228820342
0.7845791516068017
-0.3357280562767553
-0.9359272031608319
0.3709639033229654
2.3265662536917207
-0.8876579274044243
-0.4071668692724263
1.5699078342720696
0.4542592744659787
-0.1690438620157548
0.1431162952595335
0.1797372423626804
-0.7510707470448830
1.2200861899792694
1.7669940729600848
0.9866975939364863
1.0282472499480804
1.6256224526931584
-0.1026869502658129
-0.6162325290707754
-0.5812339423229299
0.0871386770598107
1.5172932113701221
0.9505515828939137
-0.7355140592985958
-0.9355262682463888
1.4876246708521479
1.1373744147417897
0.7642366605095970
-0.2892978484715883
1.5745503109402497
-0.3039084935590593
-0.7865032368803465
-0.2519661031570449
-0.2093631170155012
-1.0306209522454464
-0.3099157614648002
0.8892476641475322
0.2637229517613729
1.7961830722985128
-0.9593670511518840
-0.0781308593055115
-0.8002132253711701
-1.9612204371485427
-1.2604414912739528
-1.3628777710713420
-0.1156635289880679
0.2465996881620294
1.2400019435418821
-0.8515073370046500
0.0336108584863241
0.5160725051572487
-0.5280967679984696
0.9844237420287820
2.2843339227526989
0.7480326762257450
-0.5630741685913321
-0.6445880725958771
1.0788755490489776
0.9310853393378746
1.5272311884568879
0.8182160161077434
1.4807201485091472
1.4090200500131860
-1.4110874033722889
0.2927697136511143
-0.3390123594402392
0.8134068023427110
-0.0487722637395154
0.6056065783049852
0.6562146738501148
1.1405030350331689
-1.4063604197383046
-0.9498884366794462
-0.3926505779869841
-1.4522869597529113
-0.4861372282443875
0.4402410606353766
0.3513043293589937
-0.0564565334637747
0.5229555100496379
1.2501733596376932
-0.5283249848812988
-0.4468914780899947
0.7045100226916747
-0.6992834698725532
-0.9368762164028864
-1.5264591374240104
-1.4033639805046767
2.6369049617115503
-1.4088666240167307
1.1201671119199448
1.4412775582922297
0.7808601285273362
-0.4132551201782250
0.5597145764956744
-0.3904925650915033
-0.7866447619052305
-0.4063457063730986
0.0468597645090571
1.3973104709920932
0.3350298134063235
-0.9733270987403121
-0.3938611828116181
-0.2567899493383191
0.5635267483447578
0.1859358276555993
-0.5288273700186010
0.4227269348484987
-0.2470905332015242
0.4239651345164898
2.3846745784147636
0.4911140401787881
-1.9109120317382606
0.1136686926841776
1.1959552505098874
-1.8919093062184869
-1.1101720482701627
0.3488503483170243
1.9754492684976592
-1.1327173782741073
-0.9063417298209284
0.6584018336486390
-1.5590817947904259
0.9380272447421789
-0.0482972726714949
-0.6145229817407526
-0.9610556249634343
1.5587132067267830
0.5117252557862716
-1.3202625510012902
-0.0989874319145887
-2.0554711969026083
0.7000829029550411
0.9597832192156415
0.2504879046661048
0.1593374630710672
-0.5945350156617050
0.0724771239193422
1.6311472390354320
1.3276562800982612
-0.7834987202445127
-0.0103201025695877
0.9593433379502888
1.5100944329773485
0.9112508441590588
-0.0226139257467917
-0.0886605049175825
-1.8346864624530175
1.2982192868545790
1.4331545225115512
1.0836661490958834
-0.7905366194306136
1.5876728380192839
-0.2561848641176293
-0.7408926608009256
0.2766002083896691
-1.4093265968757824
0.2379439943382437
-3.4660971330731041
0.0971273850628731
-1.1139975917558007
-0.7279421350643114
1.0042606195701174
0.9449618262230273
0.1023091264539996
1.0144168771524222
-1.8248363894678037
-1.1203017344973420
0.9657081382807357
0.9356458915996042
-1.3837979508393050
1.7882909618640617
-0.3031379341147549
0.5801390999303409
0.2421584781655753
2.0483437788128436
0.1722612501209175
-1.0374583848336156
1.2391423190607307
0.3209783474775274
-2.1210331434726797
-1.1858542871965414
-0.6152767423584288
1.2256050137080825
0.3983789676157721
-0.9805068352249001
-0.7449899371594119
-0.7734636305400368
1.5982323347969174
1.9306471593516514
0.7980703250726203
0.8339804934576881
0.4067032832845843
-1.0960102044132867
0.1746300297424135
-0.6295949331742948
1.0667803806503871
1.8323887811321637
-0.3585797471996943
1.3106387242722830
0.3387505167973756
-0.6152192267378123
-0.3312242764791910
-0.4084736041674445
0.9693610569569892
0.3171759318532664
-0.7325664565425107
0.5171612875651765
-1.3475305169973686
1.4145136550218504
0.6596963515032277
0.6071027091560106
0.1475835439190767
-1.1988333722672069
-0.5122386090556640
1.0719977188896053
0.2585580361989103
-0.2629406183634508
-0.0524340368590902
-0.5968895553997232
0.2458636361464779
-1.3082923449947845
-0.8021857993423743
-2.0575908423719200
0.2442540095186572
0.0392119397330815
-0.9616625661173515
-0.1803529648789676
0.1746023952401678
-0.2535211734728544
0.2459971208161618
-0.0647627917378884
1.7533988770580984
0.4780450567685692
-1.1640269605095435
-2.4552183398353864
0.9155934285323600
0.4138639025828810
-0.2045471803099902
0.5353088418431682
0.9720877782653679
-0.0986471419511830
0.0249492281817907
-1.2982913615224083
-0.2262427301046935
-2.0591922075333646
-0.3040951111212913
-0.1428106351093141
0.0454199482522173
0.1146973938897477
1.8422583150994809
-0.4703157274983988
0.2936357054864732
0.8487364878590981
0.8674264979412774
-0.7089893890643615
-0.1021904639424003
-0.8846270248765142
-1.4079621461812812
-1.0009145108831401
-0.6234401163322916
-1.3839322893904531
2.0613626207648115
0.8367148355743621
0.0384212380063662
0.5875930750318314
-0.0510030751499289
-1.5530018631172999
-0.9179251164578101
-0.9887906782242044
0.2511465621493276
1.1700833299641862
-0.0699392974773505
-1.4089938080346920
-0.6241667697005675
0.3105140078282276
0.9168893089702072
0.8420659825610480
-0.7061091344241686
0.8194720203634950
1.9657437976574677
0.5454102249126401
-0.9454168073929019
0.1436388254053531
1.5872497778895460
-0.2924553196599325
-1.6160921019378822
0.5344018974028826
0.9611066376550369
-1.2242198851475605
1.6301198120950811
-0.3315499096215920
-0.6457423691253519
-0.0439207824351747
-0.8245227382289883
-0.0044226773492175
-0.9388290584283484
0.5727425414418897
1.3751567151852515
-1.6906595164564402
-1.1894042429665133
-0.5936287445127245
0.5244678137950314
-1.0560885450861133
0.3387367899741034
0.9058118543756188
1.3102809581952364
-2.1489133338715130
0.2333950229522821
1.2212871058833012
-0.7010363197095043
-0.0894111807914537
-1.7020696414752374
0.5496416993825102
-0.6209144016508675
1.1322202965083898
0.1674922595809390
-0.4594050999790606
-0.1174945355352215
-0.6145923067383500
-0.4412409420028315
-1.7148734182203380
0.1273079366844350
0.0478746855595573
1.1178771786687225
-0.6915074930247649
0.7299022495336724
-0.9151490516180476
-0.3601170696483557
-1.0697473640092008
-0.2794728757919924
-0.0601008780835447
-1.0948810960108601
1.2187927855625373
-0.1646988781572066
-0.8717069565014464
0.7024680829817147
-0.9045129187688362
0.1012346690748334
1.2354900100439026
0.3151129070150759
-1.9158984285268492
-1.3739511180677859
-0.5117085627244090
-0.2575207151878317
0.5141977859740197
-0.1125777562039312
0.4017499968825344
-1.4034654617038154
0.1914900719579401
-1.2932094465410531
-3.1448508909332999
-0.7632448877443190
-0.0260363690854524
0.6441085544094056
-0.2699798833680866
-0.2191268249925051
-0.5963185949069181
-2.1731836770356727
0.2714926750974661
0.3103179325291588
-1.0793540532394681
0.2862441410202275
0.2554226088347414
2.9009679725366531
0.9824893071724337
-2.1633789477962209
0.3475641705470823
-1.0609222948424908
-0.5777356606504617
-0.5665985816533640
-0.1231041052487379
0.0954634531419176
0.2271291684846130
-1.4291720207618297
0.1978715183993059
0.8663727834077956
0.2675589083228566
-0.9850101582448068
-2.0594470290569937
-0.0655332391093709
1.3585429463788172
0.3106658529707102
0.9542114505834454
-0.3045942092828498
0.9388786219014422
0.5770935030521006
-0.7581285045231831
0.3389363017194892
1.5923023905111398
-1.8207566442192875
0.9789747296588904
1.3359078836473672
-0.7687716217942921
0.7590722865237083
-1.4673171629302086
-1.1204734713734541
0.1879689426859837
0.1023394463373458
-0.7719282066876412
0.6336618357266123
1.0151034798547096
0.6722670430184374
0.4107007764975583
-1.8319935819276298
0.5400039046608658
-1.2296743112901445
-0.1957583710771808
-0.6931106359572636
-0.3732792894747725
-0.8093162168811275
-0.0676109964354061
-1.0765834994890691
0.1953888900824193
-0.2677286061350874
-0.4807129210268130
0.9483284730695259
-0.0357382537702414
-0.8058112198678621
-0.0847979632284314
0.8754131321573583
-0.3201051877847185
-0.7695824525656328
1.3308020147270587
-0.0810726734970568
-0.0878026993528425
0.4726096160015464
0.9515734144020642
-1.2942385302012731
-0.4985918468620082
-0.1778607695485735
-0.6178991275519655
-1.7285056028168353
-0.0922379340602978
0.5253625161456916
0.8420363267727715
0.3607294381797047
-0.4690852592399436
0.0517833881033326
-1.0888997556040843
-0.3403752860236311
-1.2828987556489380
-0.3837216571773409
-0.2810581644987515
-0.5144318952376215
0.2556893545013083
-0.6834216895956717
0.4626425053067048
1.1197306379645222
-0.1849157009682160
-1.1239226603630110
1.9365856403217954
-0.8041722632109328
1.3733354729132690
-1.0023862343244501
-0.1944495452963442
0.7538838032992912
1.2176329543564151
0.2978124638145140
-2.5275264042909567
0.1611347233602755
0.2447342304565115
-1.9574004223272232
-1.2214669316148781
-1.0183572690265610
0.1659389442784990
-1.1881379693464174
-1.1448056648122971
-0.2434784760406883
0.2031819556565669
1.6426711626650112
-0.0821060290709527
-0.9259547090161722
0.9497543327694232
-0.3216307833019243
0.3324722286333845
0.7919039479013507
-0.1201270860338738
1.8011841848233556
-1.4379962516318296
0.0574053794484295
-1.3674880385934356
-0.3783032662041999
-0.6884969585770847
-0.1916568735684858
0.5569602893856835
0.0808183730210700
0.0871091376034613
-0.9176759988786480
0.1235670003130434
0.6337349066531899
0.5726908566238501
-0.9771405821001715
-0.0013590652058241
-1.2191378442595471
-0.6369670046569769
0.1805382020471027
-0.2243590544840232
0.1008790780420578
0.2253765304298076
-1.3680648386894858
-0.5318925606214979
-0.9144924591325619
0.1096924020809692
-0.4141471283888247
0.4117221745196630
-0.3346257977786729
-0.9969709850611250
-0.3717797919805467
0.0814254865509656
-1.1628399046830800
0.3385654872155743
0.9899692177739535
0.0643387331259400
-0.2746023754174213
0.7184718784823915
1.8303154042501446
-0.9061269496789887
-0.2566480813738730
0.2019501486622583
2.1172744369034318
-0.0005649686422020
1.4292483023777214
1.3855703015493812
-1.5616367468544461
0.3962984959155229
0.8123784960660632
-0.7057888952741391
-0.6839523127185888
0.2550168249657055
0.1989001176744278
1.2341750293912037
-1.0575199962274460
0.9390984393449231
-2.0149798157596432
-1.7876649028910361
-1.0154110004891435
0.8795277679215029
-1.9940063743969554
-1.9320068825346062
1.0654213025103914
0.6987757238961647
2.1362247948285171
0.5283734973626624
2.1036293838537707
-1.8624500332883953
0.5162948275785233
-0.2649238197195816
-1.9478151905149443
0.6745953168875148
0.7206723372952064
-0.8328431217486189
1.4288729945697460
0.6115405236909250
-1.0617506703317270
0.5183846452794870
-0.2566237329806146
2.2844344524779947
2.3314829258910068
1.9705153857653179
-0.3249660169804676
0.0672574033162671
0.6903833038832545
0.3895802321278253
1.9444328424874124
-1.2603592790831113
0.5398330785489551
2.4724622931034101
-0.5027296580969423
0.1136992724369675
-0.2783413228240678
1.8525104345022214
-0.3252107848983486
0.8337474020918408
0.8453504055260184
1.0241033326240823
-0.7750736532046102
0.4891605024931817
0.7529283252818589
-0.1446052890764160
