-0.4235893814133607
-1.0722325317851125
-0.3875691711671829
0.0122561338559287
1.6220452127729676
1.4312346270900862
2.0635494214489318
-0.9789077833866022
-0.8248653540630813
0.4123336513361939
1.7485929354139575
0.5540565279780719
-1.3986430354968873
0.2161564053302046
-0.1780704592071444
-0.3509414271512969
0.1836166245540169
0.1457092803120179
4.0163973478169908
0.2145651844200285
1.3355507804686928
-1.0116718132830318
0.5341382585644481
-0.4037494918004771
0.0138818156539602
-1.2440221311231592
1.1580536224490863
-0.3953037443705433
-0.7046636466828093
0.8162658525627005
-0.9091356563900220
1.0105991039375406
-1.1442430576745610
-0.0799433158611922
0.4955839965147448
1.1006279733518312
0.4860091526883922
1.0213227631428561
-0.2124075516687591
0.2874573826291397
-0.1300926579384163
1.5861070535249921
-0.8405417054974681
-2.1371526778669248
1.1736176407293071
-1.1414321252052420
0.9769631973273296
-0.4185574468296455
-0.8777499684715592
-0.2671135146849937
-0.0989888741629753
2.3344771596484510
-0.7051909741117426
0.3988858738746625
-2.2171371998034082
-1.1868630388616281
-0.0266870278962671
-0.8618020633424295
0.7289786072326004
-1.2443406372991677
-0.8667302262694978
-0.2889381616203941
-0.2486651157785952
-0.1334063376354423
1.0389974188014839
-0.2780983013708900
0.7351118888522699
0.2492601829331413
-1.2218198778447289
-0.5837459553310405
0.9864132279183035
0.0659331995245093
-1.4558919614135488
1.0268566320656540
2.0650567943482803
0.7215279265833489
2.5768570011626495
-0.7147794526581920
0.4680470876952079
-0.9999474843936513
-2.0556660949958876
0.0637086867356204
1.8305604823850101
1.6052872089275632
-2.5445425868306617
0.7126749802690645
0.5017372955431834
-0.4148024196400181
-0.0357528755872646
-2.0132195902283883
0.7206576092674832
-0.2443374539410472
0.3448085934432879
1.1441699182122140
0.9809111645031123
0.0463633960991106
0.1748388197040564
1.5953458915889160
0.3267297799764634
-0.8715963653886110
0.3915142362174293
0.5022990285110518
-0.2408541068242001
-1.3241940374938692
-0.9877154641305493
0.5266379247968068
0.4065527962279254
-1.4180441686499157
-0.9682652475145120
-1.3267206480612506
0.0715672675628575
-0.1845857193536000
1.0082503320586800
-2.9377475764712528
1.0564373484758327
-0.5978758218397555
-1.0158374769724978
0.1805085652889909
-0.7136126030779698
1.4665453215851665
-0.3391117086226657
-0.0589422345850252
0.1830430899920693
1.0486097520943045
0.5052980161396423
0.1251443655710169
0.8793909255267151
-0.7513775316210444
0.1603070823996961
1.0660709349163000
0.0835632553637901
1.4828382490048961
0.8829718383268554
1.6679912335112688
-1.6405220881904514
0.1117015545785701
-0.0042863714454215
-1.7042876359870189
0.8984903052473084
1.3411700640425224
0.9720734181757723
0.0882354610566248
-0.5703824890036934
0.5919411159386198
-0.0054311310890345
-0.0191446800014739
-0.4909093897195204
0.5515190493064305
0.5581836451075077
0.0591970126218605
-0.9000510694438402
1.1588577307846211
0.3884204731057432
-0.3462364771559419
-1.2463530241100860
2.0385410510356952
-2.4010867129503501
-2.0222072662688073
1.4595727284901499
0.7230540202633440
2.3449573074610210
-1.3041799010317463
1.2452023537683858
1.4861461484239982
-0.8025791794754885
1.6423853286080698
0.0796770658169919
-0.1738468399527130
-1.0964900750929110
-0.4128848497097301
-0.2079817649997298
-0.9294668987041965
-0.1900440185623581
0.1058170452143126
0.1589595233121301
-0.8265157034404063
0.0681980321283154
-1.4467449758878221
0.9016496460739978
0.9187398242370974
1.2362703008633098
-0.6579177156240386
-0.9229741590079777
-0.7661824157185589
-0.2699013039972921
-1.2817909003256975
1.0696687366338840
1.8630686677663728
2.1601051056372205
0.3019434309076839
-0.4665327890453400
-0.0046475107826678
0.4691589492680033
0.2962552459969713
0.9971122105750396
0.0432690799992719
0.7168315314951266
2.5220602261869187
-0.2793919315575308
-0.4942717303803226
2.1619861705756502
0.3256547912991643
-0.9659722631231324
0.1841986727311614
1.9146484005834579
0.4086211507541746
1.5632490852477399
0.9304047274413678
-0.2570378286558305
1.6068719685193742
-0.6560919831020778
0.7667748474598048
1.0208213234311834
-0.5800074429302445
-0.7208779537228578
-1.0344593842635750
0.5728672086954664
-1.6867606088599973
-0.5667753437499973
0.7105858168848320
0.0033157287504557
-0.8248116456610077
-1.8815287289811216
-1.0583554067092886
1.2263115877241859
-0.6173491582855489
0.2222784005267652
1.2656339341894538
-3.0850771107997561
1.4470247934897567
0.4985714885357646
-1.7734348642871438
0.4912371840035759
-1.2740911186229527
-0.1329116779498718
-1.2818280712256709
-0.7130360700078968
-0.7028791517719652
1.0797655938412989
0.7924798939620972
-0.6945472847931478
-0.0838499681244283
2.1295893007517694
0.1946880662784198
-0.3879644441280928
1.5631124927743183
0.7060605418991392
-0.3017245142538336
-3.0108997293607365
-1.4884496945040351
0.9747990590404862
0.5803759739487546
0.7654544193189836
-0.4266889143545891
0.8609292012923202
-1.0991590940743274
0.3370849257306366
-0.1937849601196671
-0.0393736844649400
2.9514587850900678
1.0692157354282155
0.1981280265289198
0.7354901458664604
-0.3875836931684021
0.8397042609400460
-1.6459907825805398
-0.5587402514419715
-0.0977797229952091
-0.6936232819630135
0.8834778479438147
-0.3267026073452834
-0.1569227056759830
-0.5468725088467713
0.7210139381380116
0.1044771128855412
0.6818515341707634
0.2858707977693414
0.1471450403688543
-1.3965504865894491
-0.1398700992335076
-1.4227739539988549
0.6259038479691887
-0.5179449263746658
-0.3914411777205962
0.7092684148190577
-0.9955256161606598
-1.1073571556015149
-1.4581828293647503
1.3856052951653783
-0.8433642945315053
0.0695855576165078
-0.4367513175031457
0.9231234461475621
0.7126184260805210
0.4174838474929250
-0.3425662682907069
-1.1131848021279762
1.3520128565375844
0.7066723801744466
-1.7344770954670337
0.1346394924656248
-0.3981070941822158
0.8850321946547101
-0.4507147686767657
1.1752001386573518
0.4032695931853383
0.5293169288548818
-0.0497909352192283
0.2089464346589167
0.1545230572194496
1.0926320684936541
0.6548571930200322
1.2931489292909772
1.3473469803550777
0.1031441020620573
-1.3455313713589554
-0.6888509202205280
-2.7272792838519355
0.7991295343646291
0.0113115514753215
-0.2087775231568655
0.1376805494723306
-1.3782830569668449
0.0035623055959538
0.4302871157377879
0.6355553489738859
-0.9863026347174481
3.6891639509597809
-0.1584046338613320
0.9636772095089752
0.0063926061501529
1.7783756538251247
-0.6938549941397955
1.3497938102534648
0.1321138462931659
0.5888665007368786
-0.2732871959767195
1.7606981055964188
0.7430881026848033
0.8511044315384494
1.4759244388632697
-1.0640197946437935
1.6517743090736161
-0.6476113939118463
-1.3928512121696610
0.4150476367173171
0.3185108632473354
1.1430614594858561
-0.9242681533287487
-0.9274456676406891
1.1856062923064914
0.4909610916324647
-0.6752037989741178
-1.6673673729529266
-1.7025333245279552
-0.6025492273854398
0.9970999859154837
-2.5881742839322985
0.0367429857516517
0.5994986155096762
-0.9999766440287994
-0.7858471640953224
0.7780639414032658
1.5883302501729726
0.6300533943829214
1.0416588672128140
0.6329859311733119
-0.2089795559835504
0.2230419814835479
1.6509355259941099
-1.1489414258364619
0.0707811793849386
1.0712548736683984
0.9674988659740213
-0.6535451759075948
-1.7314180161608457
2.0954318196598893
-0.2791580617323447
0.2656072275802270
-0.5873745879770691
1.1625046020382042
-0.8740023013824668
0.3411551406512796
-0.9342224680002632
0.5812095930622816
-0.2404198714206940
-0.3082610243175396
-1.2718586011699122
-0.2208284793920737
-1.9916513752270311
1.3109085839257901
0.3983365534095721
-0.2307540680648502
-1.0891810778809217
1.1440375672297831
-2.6972460004536183
0.3269914907087417
-0.0924997998206772
0.5513604705107633
0.7306929469127903
-1.0275559037075659
0.2569778408620310
-1.7276301780760503
2.3455422813223814
0.2193136680088696
0.1603400437687672
0.3892855376817866
1.0572616492119054
0.6348166717083321
-1.2000523444839504
0.0292490739762776
0.3147638908161154
-1.0673149125388883
-1.3028616038771603
-1.0025227694681478
1.5104981339344328
0.3837346638895920
-1.1464101977220373
-0.9859235303728515
0.5516285216235874
-1.4283195647887847
-1.3154818639287797
-0.6633829090861511
-1.7147072556169602
2.4342347680482392
-0.6991510790342890
-1.0047630519346873
-0.0759726590571562
-1.3142349967380249
0.8540609872813091
-1.0689890663064778
0.5004628443029900
0.4070746125055491
-2.9019236337102563
0.5642117011381680
-0.5711279003328591
0.2111147699857241
0.9677961553751051
0.2516905216108141
0.1782120276833467
0.9195153887023798
0.1674682494153315
1.3200526749200283
0.5590703404324986
-0.8466295696588035
-0.3163222026360733
1.0982913520803548
-0.5195960787348964
-0.2513977957781240
0.4526615393384036
-0.7728046006276710
0.4911036580134571
-0.0226177976236289
0.1012234488383614
-0.3086838187580628
-1.6122495179977590
0.7764446424878459
-0.4161792368167496
-0.4437016106746906
-1.6288143128273771
1.1759004843954215
-1.3827187846716122
2.2274879637537119
-1.3556791110422208
0.6264834243971577
-0.6363199711542699
-0.0539847909276220
0.0548069849541345
-0.6670733260169495
-0.5081435292650882
-0.1380865066064070
1.3464722388156256
-0.0917423952454496
0.1996044997977375
0.0920067358293158
-1.3069392504847239
-0.2911583102490360
-0.9321323778327604
0.4364439169102411
-0.2467348033226752
1.9315940687792583
-1.9236399376661542
-0.3186161082535629
1.3449168663681039
0.5032315765267956
-1.9773691160110485
-0.0946628995200192
-0.1721047247184967
-0.9990759485481232
-0.5227153057145240
-0.4438544596633834
0.3428793661187144
-0.6104646627417848
0.8703220235431626
0.0471173347317942
-2.6542453414240241
-0.2876117042018139
-0.3318314886650044
0.0528639635149794
0.9221576582481865
-1.8815133136285525
-3.9076804074428053
-1.0729199662466402
0.0536367201343743
1.7594724610694810
0.8030061654488511
0.4950816712858849
2.4585963177646089
-0.6990809920126364
-0.3850497724122874
0.6113665229903099
0.4454306165260837
-0.3418763289631191
-0.2928992128891802
-1.5494320283599232
0.7695082986361997
-2.4215984828016537
-0.7713358432736839
-1.3766567248085162
-0.3693803658567853
-0.4367404422705314
1.3457613436599061
-0.4965112518440860
-0.3280945322946683
0.4871021137575353
1.9501827319429483
-1.6229616904402115
-1.5709543152591956
0.8053581058001893
1.0749328816361785
0.7409959026653091
0.8536465095847315
-0.8091902493593279
0.0256356570515036
1.3183565562257133
-0.9158513232728200
-0.6373686646234799
0.8984140819637413
0.9732993057011761
-0.2663510469250696
0.3417107461182340
0.2305694464999221
0.8535830484595680
-0.1467713960906558
-0.9914994642481354
-0.2757162326986315
1.3588513493399066
-0.2147903849621073
-0.0580619423356912
0.2666171683509622
-0.6198111620305853
0.1453938967079597
-0.3288531193586925
0.5400654431609503
-0.3525942984826214
0.4199794373440478
-0.9300056801185053
-0.9222256070796011
0.3613753963109284
-0.5550523514676714
0.2959467904908998
-0.3433994582577424
1.7677001974944215
-0.2625024320429054
0.8624881386786817
-0.4532099483817023
-0.5547402171241388
2.3672754885818499
-1.8196734952588578
-0.5016536576357240
0.1276667065005874
-0.3535012812549405
-0.1208519459063395
1.9316988003257927
0.2342834382929150
-0.1516694777309563
-0.3857202940834513
-1.1458563862207274
1.1342802669024328
0.8415103015391227
-0.2628556481590363
-0.5115873265449652
-0.7743647139304733
0.9895814339364852
0.0253369055904813
-0.9236148309339695
-0.8867245060155950
0.4984799663149667
0.1620531825200079
-2.1808244786370343
0.2331866300448929
0.2119514956692749
1.3841483995118500
-0.6744827268860936
-1.3889960384391560
0.0448665976443704
-0.5569204231791401
2.9281909453847383
-0.0980823927933204
-1.2800913826332427
-1.0879341771066147
0.5848130397083210
1.3811926979911644
-0.1867482016523731
0.4597144981085535
-0.6076501037358979
0.5495033193794455
1.9421049621653401
-0.0258196852709780
1.7411633582188979
0.7462944431989120
0.5008150184545124
0.6664986978717282
-0.0459532184989455
1.7580943703620844
0.7672571618941479
-1.5972786247966804
1.7008554117418502
0.1602021134022488
-0.0140564910433689
0.5349690294092866
1.8683646505183196
0.0930154079899561
0.5402018139097943
0.0375016019750478
-0.4444823175263626
1.0797978247130893
1.4875061556512470
-0.1410729470392524
-1.6602097933248721
-0.4486704213366816
0.0415162172808636
-0.9802850156865607
0.5711777567345369
0.1984089914035322
-0.0989994142914372
-0.1450799514152420
-0.5423987791850937
2.4358490742857777
-0.7871161519246318
1.3139728476662580
0.8463022160237423
-0.9928789081088095
-0.4508778831505613
-0.7701540844500636
-1.0956961514386658
0.2424582552348293
0.9687530768717358
0.8580481183622892
0.4811509114086140
0.5000339018803668
0.2464077799632840
1.2240612881286006
-0.6964468193680992
-0.5750512973576186
0.3553587278746900
1.9339832565493551
0.8213931987464259
-1.3452519670016048
-0.5835655221180224
-1.0399910326518880
0.5919615107018910
-0.7859918851426787
-0.3647911052144151
-0.5434189649829044
0.9113115535203311
0.8186378584827322
-0.8638015812350571
-2.0666166840475042
1.5938936470075116
0.7530994858599930
1.5426500496870712
-0.1865461340928301
-1.4291233881651637
-0.2674121007307979
-0.4096455251251669
0.4089662203503818
-0.3614308483095094
0.3793689538805299
0.4661548294741102
-1.5118148696196740
-1.9644593029823509
-1.3033216890768038
-1.2201822108069575
-0.2665665789947488
1.8347636814109756
0.5466095938947356
-0.5582074097235116
1.3972140072234869
0.7318677488676972
0.5229899865322982
2.0636075700590402
-1.0865873930923342
0.6818052312798355
1.3712014381063826
-0.7254498938013050
-0.3432135300975817
1.8771132531425323
-0.6119867108319262
-0.3289654643864292
-1.0485612836825799
0.4764206956549552
-0.8155393482253971
1.6126569953991545
-0.1049588440624960
0.5922917989743737
0.4331335782921831
0.7355484207036057
-1.1971530295335016
-0.0044820834687940
0.3850511221328609
2.3714904917491841
0.2805943289609708
-0.6648357251626609
0.3513501731249868
-0.3044484670421276
0.5789325831643806
-0.8946298857373916
-0.9047985149724066
-0.7819408607624561
-1.5473495600281837
-0.6987409130904243
0.3973158384171098
-1.0317798237824696
-1.0525966200484613
-0.6745652017678669
1.2228246776600007
1.9281833305657263
0.3902586697069339
-0.5119468917904810
-0.1194011977115567
-0.7990932485194681
-0.0789035184873034
-0.6324107002758628
1.7451679554214055
0.7387084481222542
0.8954117163119153
-2.4740903451425726
-0.0008783983221494
1.7806992621239477
1.9932353433880043
1.0992906436142391
-0.0481354839672565
0.2527805770812553
1.1425740722358813
-0.4942581242196863
0.5845387298953506
1.1643786800818501
0.3643163704752679
2.5589017485494829
0.6183717677174985
1.6110785779172354
0.7535492217870182
-1.8776730047456711
-1.7519476089521622
0.5983535703647240
1.4754928447287177
-1.1067294701244510
-2.3172179341947312
-2.0332396204431173
1.6316606981830173
0.5895264234445622
1.3923185470975024
0.1511294293406699
-0.1638274141806909
-1.2254680976644798
0.4374157911482228
0.0134744146152014
-1.8802986817045226
-1.9685904937916718
0.1289566638828441
1.1841692301850486
1.7294101774491129
-0.3751100453351170
0.7478682766866150
-1.1452191088436992
-0.6313116660608884
0.7687021283337255
-0.1098728040818031
1.3586316911543657
0.0480421191969688
-0.4414961721462688
0.9220589411335047
0.0197770726999518
-0.6454179643823208
0.6574160712699079
0.7410517306163752
0.0867369642780750
-0.4806678851471801
-1.3340908941216321
1.0214969559480687
0.4200599489432678
-0.3467426089606720
1.3246579338065649
2.2532624097412133
-1.2667351228282822
-0.2832713645428942
-0.5904413081730461
-0.6954742472797981
0.0753512657057770
1.6686950757357506
-1.1411150737479090
-0.1306629826304803
0.0551882134334876
0.8613635569427915
-0.4584264583318850
-1.2537681834213557
1.4234995128993846
0.5308152414194760
0.0685585878976624
0.4642995518319472
-1.3985558995758227
1.1740204216525203
0.0668583991386779
0.0567154618501221
-1.5102214406541137
-0.8777655160388944
-1.7278007434054325
2.1037199223996197
0.1344863014874788
1.4898357821449939
0.0106750477596368
0.3399784474659044
0.2638572453266751
-1.1733280866270230
0.5228747133972481
-0.2583696412909998
0.3272540519166942
-0.6484068315724472
-0.7327979944169600
-0.5954274803260826
-1.7826808256373479
-1.2104169758033103
-0.5724372711433776
1.1870720679757591
2.2882181277939639
0.5150113867684959
-1.6838782538041066
-1.0524802771299884
0.3344886913865429
0.8598405911492231
-0.3127639446605388
1.6373652496926114
-0.1961232436652013
0.6547214926924049
0.4153605884407840
2.0884246149664798
0.0802436147893575
-0.5922892796084381
0.5947396478189435
-0.5632881507961223
-0.3044044265865142
-1.2418110083174967
-0.4577567464247154
-1.0688481852752669
-1.9731771792708259
0.7717815323168200
1.1651503586998435
0.0934058884618223
0.2274287103679440
-1.2051345755305811
0.9509508597093586
-0.7137144769132671
1.5358764058389855
0.6311854179539481
0.8045072128208202
1.7747667478431934
0.3566033571975026
-0.9596820024381481
1.8918537306241521
0.7674217508956984
0.5182969485819660
0.4173640184388909
-1.8300910466114702
-0.1472538294655976
0.1378663889719159
-1.2744029606461551
-0.8526411724239664
0.8015749066628275
-0.0136475146239348
-1.5422140813364771
-0.3096434474911530
0.6846808481210931
1.3292178755405335
1.0532191676181089
0.1034556497202930
0.9527211223776375
-2.1605394500231081
0.1351591255009734
-1.3613616900218850
1.0338503986417502
-1.8089416857061869
0.0159860003601904
0.4943415774684097
-0.6513613356861017
1.0078316628282027
1.0970992179056811
-2.9679221154350928
0.2603669292519553
0.5026880662644544
0.5491580166691254
1.4921609358176300
-0.6512558109763507
0.4062447361137466
-0.1926472710904757
-1.8237600772958167
-0.3310862135436151
1.3742487005208111
-0.2280103794526573
-1.0939277222437989
1.3179287405076250
-2.5926000056613052
1.4070112121635705
0.1363286067790976
0.5434631813606080
0.0433944421964015
-1.0213012217504398
0.6403002217889586
0.5805012506741144
0.4795665199700616
1.3490492256862050
0.6755650719861784
-2.2888377224859409
1.6757014292345387
-0.5650423826210338
1.5025313611909221
1.0951599235681910
1.0494882387613576
1.3014941742535096
-2.0774426976518070
-0.2443615467926010
-1.2099574591628615
0.5951203386556825
-0.0436101794797190
0.8378705056670659
0.0374896635934519
-0.2930114822979868
1.1327771570820551
0.4617750584687645
0.0492109820939245
0.8798420855248994
0.9021433815358035
0.3529477426313309
-1.0563146206109764
-1.5218235301307310
0.2490078928019690
1.2441814222069583
-0.6484820269697914
0.4245404795215484
0.5285066008332282
0.8463178424473928
1.1563693044890098
0.8522359406810460
-1.6815486005486584
1.3366109464051115
0.4782199140520333
0.3903237071572273
-2.1093472802486941
1.1275467639912051
0.7435396271257004
-1.4219587758067622
-1.0878401175711847
-1.6841860319323003
-0.4333668714622890
0.2760426054331634
1.1594860311395827
0.9340163855320753
0.7740707638558746
0.9697447837884434
-0.1159639238817235
-0.5578517087461567
-0.6642698059628660
-0.2571029626930809
0.7253963208278181
-1.5738362482139583
-1.1439529715380625
-0.1717970710988725
0.5590869821937281
0.9816497465161920
1.6052644908802920
-0.3762676560866832
0.2684018165485640
-0.0728434915303027
1.1964469108903377
-0.3192844076253790
-2.6453872393646778
0.9179769607700851
1.8755159226424587
-3.3063381486116659
0.2271111907042312
0.4912826281306078
-0.5417440262639118
-1.1503191077448311
-0.6515561642923013
-2.8033029743064821
-0.6133520997740713
-0.0694880396701116
-0.2968435129543543
0.2376982956179582
2.7729531336598199
