1.0171445571809310
0.8840449311935784
0.2808957357930187
1.0380954350354272
1.0717839779383880
1.0408835903832296
1.0863237875459630
1.0817347854458030
0.9489138317904927
1.0586021548868931
1.0956251292174395
0.9814522696394314
1.0955278594402864
0.2871199735201930
0.9263760814342802
1.0542713799407306
1.0652949696333862
0.8966322955103531
1.0957970690629535
1.0984640460833854
0.9240524403790409
1.0593280924261139
1.0947345075766852
0.9138332808378397
0.4445329317525376
1.0818444999287593
1.0901244274029980
1.0891754326984251
1.0688631588232476
0.3459672020284055
1.0605063902494027
0.8899946014186209
0.8716090514747756
1.0533897386421303
1.0752163654917430
1.0967012871462336
1.0785739899199802
1.0881320964942023
1.0868257427853205
1.0768062206890974
1.0854169595652088
1.0962373360935054
1.0921682855449129
1.0752888436913268
0.8287929736807764
1.0984725911468238
1.0828114148465566
1.0519202331465389
1.0743236116575483
1.0900360474938144
1.0937967765612389
0.8817047984753207
1.0724294113989830
0.3681188198877773
0.9634377298603714
1.0978248070897960
1.0823386530674572
1.0866882505741149
0.9686471279083894
1.0925494252445429
0.5920848253063246
1.0954286933417010
1.0848235501798871
1.0376128720588835
1.0832845429442881
0.3412125069975079
1.0698729203860882
1.0827924236468094
1.0776931890429329
0.3819067557676496
0.9560576170082489
0.9226022752736985
1.0631756428315089
1.0770211777447554
1.0462355676569119
1.0949166004269570
0.6813750247369387
1.0886932988348457
1.0839653031248293
1.0905741574585495
1.0293344504791262
1.0497903872806673
1.0815422364767722
1.0947243910964368
0.3667266191298767
1.0946951203276296
0.7166688563705921
1.0404387171841902
1.0791678452120836
1.0847424606239344
0.4688756930299346
1.0903186363268036
1.0909539762634355
1.0934183770128334
1.0187706698904131
0.2872232010299153
1.0249659313756958
1.0978205118041799
1.0982253777414186
0.7396158555279987
1.0952293288325401
0.8718563407987026
0.3153029532359838
1.0667543723903103
0.9325332459692081
0.8898580555311918
1.0949990927775279
1.0412979847649215
1.0944662997403516
0.3597817649228195
1.0981101116438936
0.2859304444000840
1.0731953313282223
0.3361057941906169
0.9129718108174957
0.3422521093628885
1.0597899262200026
1.0889379964494046
1.0739423844866176
1.0564008168294510
0.8981813067654395
1.0825429044086847
1.0953690203809765
1.0914797151350015
0.6034366706791802
0.9618790237626889
1.0973956214167704
0.6071920443028698
1.0506296222288247
0.9639185193749003
1.0618613312531313
1.0925700906402247
0.4664162245559590
0.2949392703343253
1.0814875249071723
1.0709284313016947
1.0492340391188799
0.6326019534042259
1.0810584601341613
1.0650663103148301
1.0580292504590114
1.0854017488852692
0.7759579322640775
0.4577791240577914
0.9064996027709203
1.0734043316075266
0.9491497422794234
1.0967016743226072
0.4767001117773437
1.0954509153066578
0.9240291151609423
1.0936101260149591
1.0952094995644983
0.9839815338875297
1.0572188334146913
0.9629506698616280
1.0945576333566871
1.0079943707815306
1.0369238634857667
1.0959458952025194
0.9475059799892301
1.0908709806578623
1.0917569337373361
0.7031699457013233
1.0903418401597895
0.5048166119457324
0.3183488092268011
0.2874635725129720
1.0969654226046681
0.9940132363306504
1.0386569264956500
0.8234342469373509
1.0910709105737524
0.9633170551985121
1.0103714999743258
1.0960056099281095
0.9399097085635242
1.0900596515928440
1.0272865831878293
1.0810881538715338
1.0957887944651608
1.0841062085093249
1.0975605040711049
1.0667638843553551
1.0880104206697774
1.0873182335237059
1.0347904418314968
1.0939331334955009
1.0966996278636305
1.0726919746253383
0.5931486468512640
0.9258686128522097
1.0897239586814884
1.0868582275257888
1.0936189946839801
1.0929566661101635
1.0812449922475653
1.0942993444033149
0.8447015837538354
1.0906934142109614
1.0522886281562913
1.0962094175520287
0.8099510221009157
0.9591377192574386
1.0955126075037942
1.0975349819650837
1.0793156407377331
1.0959059460350502
1.0934881796579603
1.0833829006463609
1.0897982611635171
0.9655264062663796
1.0973043877905582
1.0577809099880133
1.0884766598848623
1.0977668511411134
1.0067886109977733
1.0898517756085819
0.9741654992862497
0.9414671079252434
0.3827106644033352
0.9649755739247100
1.0958902200182326
1.0870073483424947
1.0610839428172958
1.0365834570733601
1.0123284857242925
0.9798519174922192
1.0837538570681449
1.0538067884108280
1.0711068169651901
1.0189769715010988
1.0933182256003224
1.0438318888259646
1.0811119375236389
0.7016631811795919
1.0300886515414680
1.0550728675536325
1.0337587591196586
1.0501725403891757
1.0914038290224752
1.0801361146462354
0.9071480414178075
1.0887754315772857
1.0081611831538975
1.0624581960538930
1.0912922131127749
1.0493793465347903
1.0882182459301186
1.0757356087662910
1.0912787502227144
1.0911005387491413
1.0957327795252763
1.0725052128345138
1.0923562853620188
0.9893539481763416
1.0862202631665467
0.8437505531890278
0.5183125566658005
1.0789165057878958
1.0837139849997786
1.0959513153810179
1.0903277741638302
0.9826058701574603
1.0954504672357899
1.0762252599507522
1.0814283845403381
1.0959295164568486
0.6443847433194237
1.0361086800655817
1.0914772570431737
1.0901781522027461
0.9654018079883835
1.0965624014737003
0.3576232569619852
1.0724445418274462
1.0930996921659493
1.0916378308515282
1.0353483866898310
1.0639050796604566
1.0841996328179613
1.0906298828702590
0.8559520460192837
1.0245167175160406
1.0920843989350584
1.0947609489911239
0.5624474671096318
1.0941942173050263
1.0736452738959130
1.0487746339373023
1.0973291664007789
0.9597698710110797
0.9718104927330039
1.0972735413763592
1.0929894275335281
1.0724811812058501
0.2877551684344490
0.9047437271806948
0.4020521032800520
1.0628269804815269
1.0924022039664945
0.2819841100611581
1.0944036579290504
0.9919289072489260
0.9226574940370458
0.3673031226234163
1.0906801565723330
1.0430944954447732
1.0471574131515089
1.0933462551005710
0.8276757154425112
1.0992755974374642
0.8983861708819829
1.0905159380831748
1.0781729485029159
1.0693882256303180
1.0350143472928741
1.0944329741745451
0.9834083542939174
0.2824600417574092
1.0965496423970722
1.0598219191562066
1.0792039727947844
1.0910459369456000
1.0945952360366578
0.8656514567163091
1.0752642382639714
0.9053084970069242
1.0910158684326396
1.0826291888426283
1.0529878048935781
1.0781638656125636
1.0600261139971312
1.0947578017997059
1.0917536634803140
0.9757777223145930
1.0931499632327850
1.0965607044390075
1.0829430864217924
1.0893074457229843
1.0949892795221567
1.0930898787472707
1.0957562215294245
1.0845527087304592
1.0966531512574165
1.0972096250657895
1.0349312892712781
0.8525336993078519
1.0505115424325822
1.0864812150561829
1.0643893970687961
1.0814282197367122
1.0689996783817541
0.8088360400391188
1.0704195252198543
1.0658083522812509
0.9597236439388936
1.0928902645166350
1.0883022410750280
1.0551042728596030
0.6364512348527875
1.0841381751474419
1.0959090361060451
0.8569398476446742
0.9206426305675428
0.6976789630148741
1.0436069555324612
1.0669662266445894
1.0902997603196138
0.4780614441887242
1.0892236148857382
1.0142744416566953
1.0847954206506685
1.0975992367842473
1.0963198820664068
1.0834593570836759
1.0828646546003451
1.0960334095809425
1.0912049906682180
1.0909796529155797
1.0965060259858117
0.9524570614651842
0.9391406840078477
1.0952849699364982
1.0945927235040873
1.0931360715135181
0.2817212261870300
1.0710857553130571
0.9691526348635070
1.0943650619375145
1.0251182419461828
0.5048943475763547
1.0061644319218144
1.0827024020688139
1.0823234702867868
1.0282438338602939
1.0622865080563109
0.9594835498823652
1.0816626324335672
1.0638499873572338
1.0848986279346540
1.0619873952781542
1.0970326474154399
1.0766341397148020
1.0944525044772675
1.0806487313169559
1.0904535645430535
1.0915414324836128
0.9934107551013324
1.0242169984116483
0.2871515103932160
1.0512882674041693
1.0890580525482974
1.0882059687363408
1.0436599454474056
1.0981841431096411
1.0932326152227718
0.8038186378839002
1.0310945154499871
1.0288168688046744
0.9699090746439262
1.0857499363989165
1.0969638200949536
1.0711529781899909
1.0258008211904415
1.0344739199448878
0.3892668144778200
0.8132262635326151
1.0582456338763935
1.0958374068311543
1.0718219219102865
1.0717457249501021
1.0743971422678220
1.0859752168561159
1.0745477198764217
0.9758748722837532
1.0750911253640201
1.0951811683778871
1.0803283829833912
1.0530267034170040
1.0870632172622547
1.0668309715906723
1.0956820794121078
1.0371072439506774
1.0755060741889966
0.9871354976301884
1.0178243385539896
0.9738472810939908
1.0942303673055052
1.0777447030580947
1.0880328276014768
1.0374021509012668
1.0861508882575031
1.0933722871653755
1.0870230892076385
0.3424599035562309
0.8323244554728353
1.0058800304274627
1.0440172003986061
1.0840832449008719
0.7432280919652724
1.0828624729520877
0.9798378690580040
1.0905808925265064
0.9825668722020070
1.0768887736110551
1.0793507540696829
1.0963358554366056
0.2878226505720042
0.9598666525366385
1.0952132058350197
1.0860692358138562
1.0869766704741435
1.0388838724026739
1.0883972613561801
0.7285097858912073
0.9022894203143919
1.0356259096281430
0.9398510761267915
1.0779907402260160
1.0935408620923888
1.0952191720107685
1.0153587994447901
1.0788434301337742
1.0936657094873472
1.0697415314996979
1.0863146481420627
1.0786628883232692
1.0947253582264596
0.3662726357696923
0.3438519330748104
1.0979837092845564
1.0826929882725516
1.0702680867507313
0.9558619791170875
0.4744218937653075
0.9855819638488224
1.0824742056311039
0.9301258756964746
1.0943838012118579
1.0625068624940910
1.0442334294793265
0.8398856633004110
0.6426684715563582
1.0929813208690222
0.8473428021109785
1.0904519458514563
1.0767256777567757
1.0083538331240331
1.0846198234160493
1.0772540484813491
0.9245675947330820
1.0947303167344118
1.0936510879874677
1.0781826820599263
1.0158096815906836
1.0559812189852500
1.0857683730880172
0.8897740496680503
1.0922899754103257
1.0036646513603669
1.0336223127290474
1.0809345421303276
1.0892871411593581
1.0250940522740084
1.0152572010625960
1.0335341824891784
1.0843117278417125
1.0841408234461785
1.0919725817675370
1.0882275508344170
1.0790205847282499
1.0913105094383659
1.0524558992096964
1.0926934483174409
0.4374029060704545
1.0841074165235498
1.0748278200711230
0.8983896960072582
0.9671984575591742
1.0916326362444981
0.3153962258577999
1.0515019613587326
1.0206064836614654
1.0113561164539797
1.0593534788162300
1.0947475106605036
0.2993474910494749
1.0897661556694564
0.9309362514542129
0.3891635139230955
1.0876848058337112
1.0936606045285111
1.0796782610882760
1.0852993310868706
1.0152831150952757
1.0923453193431105
0.9569252595715380
1.0634229205249877
1.0894913652561571
0.9577930514589975
0.8490011529153184
1.0855180615684090
1.0898270480821428
0.7862876502274635
1.0727893406017694
0.3618746161701501
0.7644189746180913
0.9848416415193348
1.0938469998457818
1.0959413638976283
1.0647496010663304
1.0722088317353557
1.0960021744336557
1.0008075032804353
1.0980438538765254
1.0850212211491777
1.0401242967745601
1.0609920267919666
0.5181907197974440
0.9709153133706580
1.0038624993531946
1.0772572170822234
1.0911918454001885
1.0920180294269832
0.9890911801814306
1.0697535760053600
1.0958695948887298
1.0836014888958476
1.0952190512877624
1.0876787785069424
1.0217361650424439
1.0933596103349188
1.0961513488275503
1.0972055599585608
0.8400872509920987
0.3280754794649368
0.8852691598755414
0.9783818158543625
1.0917702820134838
1.0955826822927097
1.0060336218880166
1.0923314498810746
0.4610158542609396
1.0543544942250473
0.8475735773237014
1.0855607642421981
1.0811908650037962
1.0320122754298777
1.0856206577693555
1.0974839216600318
1.0943985461503287
1.0972480932894364
1.0858369828660270
1.0480681687635853
1.0942757256563889
1.0920692316056100
1.0846925568156451
1.0384668780925350
1.0823410396356821
1.0786053613051119
1.0356756397262656
1.0799927785111587
1.0771712710520271
1.0963415835529260
0.9801840123433696
1.0398279780580029
1.0946100308746063
1.0932147729218471
1.0915730249989708
0.2849932046334729
0.8662703268998532
1.0912118552758390
0.6345845808448689
1.0947900349916613
1.0914279850758515
1.0687049431242435
1.0595969695903111
1.0978100564852902
0.4165462285204775
1.0816475558983387
1.0700692471482185
1.0807523349231216
1.0355814612254344
0.9920863269844927
0.9322784310872171
1.0694090987875331
1.0883256709518210
1.0969914018147540
1.0921086354122060
1.0457544175646329
1.0656092948893916
0.8521198490216026
0.6852615204679030
0.9472140247703732
1.0761088673968782
1.0948937652564692
1.0981091932796212
0.5415706800370034
1.0628328838580958
1.0945295898885485
0.5215517600018156
1.0692744137999983
1.0946914422205751
1.0632667861771343
0.3098395320751424
1.0941902129160748
1.0911128593465083
1.0959276119417947
1.0868758908955982
1.0907456151020403
1.0900664000869105
1.0897638856092564
1.0903985558657787
0.9190976282385087
1.0803700793615911
1.0963254019807485
1.0550276667320126
1.0643070189902055
1.0813629588637248
1.0859306886909801
1.0953610035816332
1.0849761367246038
1.0824284685016023
0.6032703042046731
1.0305386647451820
1.0704714871325425
1.0724306320379016
0.2813301502104502
1.0811644654550616
1.0938249814905370
1.0952580966039478
1.0916142351765958
1.0233636638790964
0.9872534973833088
1.0818313629041838
0.5679581434226237
0.7234180304532347
0.9840342355605083
1.0542335172150799
1.0939849492715039
1.0376261639897972
1.0796353306403044
0.7765066079826720
1.0708970381358958
1.0863393610604608
1.0929966332121590
0.8138104130070717
1.0972715617850219
1.0592221343537374
1.0588154343020226
1.0851964020056757
1.0937144977383262
1.0828925271119973
1.0539702232914903
1.0609203443482260
0.7981381746549344
1.0944263410186910
1.0966993385388630
0.9561193602755721
1.0256008307916611
1.0310003665082739
1.0794508639347686
1.0934389329298344
1.0936107215189426
1.0942650788467878
1.0966498564648668
1.0947666512186598
1.0945605565858427
0.5084368911791410
1.0520540085774610
1.0977669318687098
0.2828037664131030
1.0979446911312931
1.0323007944760698
1.0491102202945184
1.0602062992031063
1.0268096355378489
0.9570745349570196
1.0848217208236397
1.0929908326882360
1.0948279640735679
0.5231544548597813
1.0810516294458496
0.7054787524538150
0.9555414368234859
0.9173829098646703
0.9984445723743101
0.8817632308186989
1.0853806661866243
1.0325170032314939
1.0989461711545134
1.0929688946118001
1.0207132382432653
0.8404853881296465
1.0900888105436712
1.0724996542434353
1.0940718442125872
1.0962225617190504
0.4082015518348180
1.0970232801524287
1.0853921686811372
1.0657434905118270
1.0523952099036904
1.0869924307488412
1.0685993022395712
1.0978287643620459
1.0941844317127376
1.0707349982153094
1.0805931765380508
1.0023835107805257
1.0782650127335638
1.0923332877704868
1.0877018541078509
1.0799162732856686
0.8199358307489297
1.0862075286253285
1.0964669615306484
1.0944890456126175
1.0842395541575345
1.0622290592832573
1.0838734433078485
1.0873301248782341
1.0958337330390784
0.3524061472502559
1.0779903872558874
1.0883321206823198
0.5980696664553082
1.0485555918239116
1.0757771284523798
1.0710608002840141
1.0874942220870536
1.0930506892938183
1.0703951185535485
1.0878677615811174
1.0906241284667990
1.0936666243839832
1.0277950633086741
1.0520958184221609
1.0870917957909432
1.0875314145557049
0.9185542808135294
1.0737373435491184
1.0787589108029019
1.0795408423323773
1.0879893234247953
1.0454779548640829
1.0962719848383951
1.0913230395987688
1.0165990278231432
1.0687626550223677
0.7163009000374700
1.0305887586990758
0.3312469395588551
0.9377675913122924
0.8496705438385561
0.7936615145032315
1.0901553848782908
0.9213680361713636
0.9986125791677851
1.0820041030408889
0.8565492629785085
0.9685766835758871
1.0649077691644506
0.3218020733148771
1.0948930467750031
1.0583753070777147
1.0655991065636696
0.8971161585791598
0.9641991043263942
1.0893710374106595
1.0954355530675657
1.0948153545052839
1.0736432910111751
1.0350641525870270
1.0948242376028641
1.0441896326645650
1.0287619056288173
1.0951398179961718
1.0762772356375059
1.0914631671381549
0.5462508414862042
0.2842921114101573
1.0954547224096900
0.9426539024001778
1.0060051933650911
1.0968761028726344
1.0849781044338580
1.0782395792166133
1.0941663789757345
1.0303707881864896
0.6126903025393307
1.0929949654534845
1.0594409468371913
0.4014336690558882
1.0872711552963215
0.9179409482452431
1.0934477013207997
0.6989736564627183
0.9264673379511538
1.0704088632792004
0.9833650718355212
1.0968536589822513
1.0908822319040776
1.0972861188165584
0.9166484907042578
1.0207655843531682
1.0737294668096360
0.9467937206146178
1.0782194497314865
1.0594136262532687
1.0846124300474427
0.7896019170613235
1.0372714427897678
1.0870745405156801
1.0931841927162933
1.0534381220051117
1.0445034781215488
1.0857305210523422
1.0881517982491311
1.0187732892763564
1.0672941030500744
1.0688772626000982
1.0720620251428183
0.6930434230672723
1.0971367851920377
1.0866747262375793
0.5730289641997621
1.0832173648425436
1.0862830171660447
1.0957153507942634
1.0857025683679120
0.6531920552330971
1.0463890571336962
0.9902504343277606
1.0200737764118484
1.0963899601720615
1.0851515891203416
1.0940106368546956
1.0821404447014233
1.0924670080937751
1.0978558996160184
0.5122994758358722
1.0836250629447313
1.0733647969965872
1.0979080372238874
0.9855300738807291
0.3217739944367529
1.0890140112751214
1.0900978120629958
1.0880538272075291
1.0930320683797374
1.0932982640255744
1.0925253484985187
1.0905935139801943
0.9579351751335573
1.0962535571597174
0.9440198943415944
0.3851070938013906
0.2933718342383085
1.0375901765826667
1.0029620784157540
1.0559419546313094
1.0681920377888690
1.0977052912707117
0.3639383485867313
1.0683229371385139
1.0612204818594719
1.0920082248748262
1.0839404513522131
1.0879518710524325
1.0971740901900597
1.0902342927591802
1.0972619487741382
0.2883414710451265
1.0982718159172100
1.0863208278381367
1.0959006203156934
1.0245289941245732
0.2905343690321148
1.0889952015031150
1.0586190873608827
1.0308838474574027
0.2940715667659233
0.6128712438071433
1.0513600386738853
1.0235572509898865
1.0951651922099570
1.0915962555334064
0.9427403442573420
1.0761348955867294
1.0972876654510448
1.0270398384839061
0.9753175217049539
1.0819297281539528
0.8294075248543940
1.0906613462762866
0.4760102479592694
0.2992572415424154
1.0966020327579082
0.5590397260540886
1.0927486430021027
1.0924636134473280
0.8517412351901882
0.9797251786649428
1.0035616383184078
1.0932621164410556
1.0621120748806094
0.4038740991952684
1.0968705469808069
1.0970675050158818
1.0762023747475304
1.0764296998698089
0.8898066320890240
1.0768309455776315
1.0220249113738082
1.0429605418803272
1.0901230394619112
1.0808311953239738
1.0963619285910393
1.0964612980346105
1.0500133623736652
1.0872416536443192
0.7920707650407113
1.0828430792972297
1.0318058822637375
0.8143950550191165
1.0958129343140046
1.0927650764654875
0.6493202883855588
1.0741492044241412
1.0794984927073199
1.0899179159705985
1.0970513071818289
1.0539204664689017
1.0956679309809843
1.0912505973166713
1.0927252862305619
1.0968106238205690
0.5586856455005614
