0.0242821436803329
0.3094687610133178
-0.7047942954139357
-2.1731302762501836
-1.9488437654145079
-0.2804549134901770
-1.1261031076953070
0.0569949538333430
1.7678839658128489
0.2334559086831391
-0.2914166245068215
-1.1811004974855286
-1.6514234799407981
0.2206786396123083
1.3551434522423778
0.4374039346486118
-0.7522176079651373
0.5792916149145900
0.1556666768335813
-0.0314015553734680
-0.6031441482791436
0.0636925892354330
0.1145672255060244
0.5413072092817005
0.1888681592515397
-1.8296337834052951
0.3095789955511207
-0.6885612595612163
1.6905099574117766
1.9728789946913385
-0.5178162344016647
-0.0482385034113437
0.3783837987362588
-0.8405708731335891
-1.1529945982293452
-1.4930982249734126
1.3764079867524528
2.2173619651275320
1.1807763402146976
0.5980657090201694
1.3328328241366165
0.8194096715506437
-1.4348578142825081
-0.0486219887708029
1.1424925287866776
2.1897715431193592
-0.3241427940920628
0.9876646221300724
-0.0438461519640737
1.3541726073712312
0.1601657819536840
0.1585186400566579
0.8842190002092845
0.0224406653340145
-0.1671090897604191
-2.1654378044007681
0.1726896115624756
0.2165366198703025
0.1343052347530118
-1.5058033175558210
1.4632544346160441
-0.1198270214480718
0.6020968273748566
2.3750603044129694
0.1666740232760623
0.3556375091034349
-1.2207151417381179
-0.4426192054290939
-1.0529993182374002
-0.4591482512388694
-0.0390495769142383
-0.2437075424898732
-0.4763944428623603
1.2461819345685210
0.0004479917106660
-0.7854169536543044
0.4662171151371565
-0.2032322219121874
-1.4451048526259818
0.6007240460660123
-1.1309167226860501
0.3672216933106026
-0.6325333772549663
-0.0277237909258289
1.0965185166419380
-1.2000200906639709
-0.2165515665056364
-0.5497623719799607
-0.3681298146916858
0.9027250047301058
-0.2426360226590456
-0.0716093175931652
0.5601357815720280
0.3905476656028659
1.1933808657123000
-0.3208018436455901
1.7468539742307909
-0.2077048060425806
-0.9281167386832858
-0.8821409781610539
1.9111337529545285
-0.6243680711759321
0.2294511934245550
0.1216525562279366
0.5917436487272857
-1.6457741806224571
2.2907197599751994
-0.7395931984794488
-0.0482874488921660
0.7139189002439941
1.5572137759178706
-0.8282349405565907
-0.5179774151172344
0.1823697307668581
-0.6852087525736132
0.1154402398911934
2.6780746122097661
-0.2600882473407852
0.3593290638345590
1.8114350391681500
0.4609294581738780
1.2583589285195753
1.5525040379776942
0.2303642418032978
-0.0510276758864758
-0.6395315780907223
1.4702157186698264
0.5703621867804904
0.0420854272624834
-0.4743405001247464
0.2056429348991358
-0.3744879505087546
-1.6391449273929211
1.4295954063547780
-2.4075543845913843
-0.2921113960970315
0.9456409682590675
0.5726234016484314
0.9435324170340070
-0.3131516444043224
-1.0611079548891111
0.2758099369722835
0.7785838725563992
2.3058859561342739
-0.8301846467899502
1.5618288343466913
0.3440126281708932
0.1654620981224246
1.2992188786980179
-0.2756512962841305
-0.7140977894624932
-1.1378344128828024
-0.2989552617967027
-0.2202249456568207
0.5534418122833792
0.0530179287161214
-0.2655453167793008
-0.0056945103488512
0.9158332021281257
0.1307114710833832
-2.3057068915250274
-0.2376188548803486
-0.1325439116957000
-0.0837695303919419
-1.2265894952437366
0.4388251239427967
0.1887212560852258
-1.5593727559698267
1.5684041470077996
0.1115417887659266
-0.6079030468496839
0.1600337589011437
0.1210051721383833
-0.9219874528269544
0.3185392030078868
-1.7053242177807764
1.6394115943960592
-2.2343149696935631
0.5558754041271434
-0.0112389128805103
0.9707980646656214
-2.1187303994866244
-1.3223779190920177
1.3455571087124292
-0.7244500686876769
-1.5381668194861262
0.0606985436167545
1.2837919647806082
-0.3737274526429634
-0.2177454324794898
0.5839078684738109
0.7688362220960577
2.1910267246641699
0.6892559739565746
-0.4189705234625298
3.5574493472734892
0.7926290388634782
0.3271802707251875
1.2066343845487979
1.2440254026502129
1.5317316769059899
0.0158990060831078
-0.4148864490076755
-2.1733231764982310
1.6442559116595921
-1.0382456863288601
1.0271384193137432
0.4524475184650111
0.3488119015711244
0.0513673510936318
1.9206226585340225
1.8419434981855132
-0.1341884584214491
-0.0512667997573333
-0.3901414587044811
0.3284426073456052
0.1540357077030668
0.5746147741252778
-0.4497028107908875
0.6479985324795244
-0.3520900650794725
0.8898745131908981
-0.1372737907095190
-1.0045400932450348
-0.2893392558728254
0.0762514553696745
0.4616497554327817
-0.1278974524828043
0.8147965102568202
1.7785171065182335
0.1194751733239050
-0.2338356497555558
1.9324835212969016
-1.1176463108618078
0.1729638165141195
-0.4197699575279222
-1.1740895378263199
-1.1705763305595400
1.3201365587789304
0.0501842615668109
0.8341262578410952
-0.1825034495506783
-1.8314681270420696
2.3250003849677845
0.5599471503563301
1.1757640124540556
0.4321743128353360
0.1540833967019607
-0.7032316086521678
-0.3886910337382830
0.3467633610017354
0.4581894606726238
-0.1406793809101459
1.1623031426882344
0.6805838328966735
2.2581903422689908
-0.5737373316051602
-0.7749065727562534
0.4336943096068531
-0.0855464803895943
-0.1424537005913346
0.1934618503323388
-1.3922001428906485
-1.7810636245767513
-0.1155922113271906
0.3453083416518200
-0.9827002083479839
-0.4820013880347279
1.9917672927584475
-2.1214301271026441
-1.4793296133043439
0.6017607673394565
-0.8033929954653261
0.6601833946080196
-0.8157464760858048
0.2991511935673886
0.2603186823960564
1.1047260319607199
0.3121603063696538
-1.1918129160683641
0.2743523651911021
2.5893620519317073
1.2375193812345149
-0.1111628529717764
0.4815076123701740
-0.1350101505972626
0.7451380652132709
-1.4232786246332476
-1.4985722549137026
0.2188965435496196
-0.6741446311131122
0.7093324206785654
0.9558279691827651
0.5628655493773685
0.7202965859913610
-1.1462669176174316
0.2645922698416906
-0.0728357639984973
-0.4410784180257118
0.9648796733133314
2.0503175669940368
0.9878245278520863
0.3377109094169878
-0.9444787696260827
-0.5726774483231972
-2.3957174000396653
0.1401006432036905
-0.0704968181958007
-0.0034014085970075
2.4733202108750305
-1.1197887281961860
0.2194043344862885
-1.2259407195367429
-0.3460091816064758
1.2882925868479820
1.3272608820185372
0.3851133566214472
-1.4711025426279629
0.0462920933482432
-1.5121544530234576
0.5974095400843196
1.3501817368476428
-1.2401201427308242
0.1989416585519195
-0.9734241497992046
0.8406395462631416
0.1873141227672056
-2.0985766366609084
-0.0143795287242245
-0.4346950664923426
-1.1544377587549113
-0.0295449880562815
-0.9531851375995397
-0.4333497493308722
-0.6157804003169296
-0.9600945031563718
0.0590039817754569
-0.4517698988396572
-0.7693334179682156
0.3111241111527275
-0.1783393490747664
0.7764595743850649
-0.7179528859836165
1.2690052079399767
-0.3757881753606288
0.7146504808023911
1.1637863383902036
0.7194813929644404
0.7905495651895983
-0.4532627987510974
1.1942488329733207
-1.9323307989519893
0.4879274744083431
-0.4280863665824597
-1.3229944086846537
0.5359168511734076
0.7471011081412398
-0.9678546712827113
0.1285972623215692
-0.1421968770891586
-0.6541373867397476
-0.4326119828978513
0.2324704653394897
-1.6214988504408905
0.1337452459272592
-0.0359528891656969
-1.0954570059234801
0.2615205642682156
2.7044099278628186
0.6701850407528048
0.8769126688020680
0.1240976990358818
-0.8249234500489884
1.7465869783313646
0.7081763413584072
0.8953017979384839
0.5636473018006364
1.9622828274506823
-0.3473558950209193
-0.7781451446079604
-1.0280548561300533
-0.8426369420642777
-2.9204486811565160
0.9696379757114354
-1.1155661642580723
-0.2997623208939832
1.2487080316925916
0.2126254066567300
-0.8142007526814841
1.0883795535701086
0.6452858691158204
1.7165314498062907
-1.3853605625475094
-0.2954307965511928
-1.2678564313093472
1.3166398962530212
1.2201813493517868
-1.0747657564758233
0.4370503708946698
-0.9884712418447564
1.2024108312177688
-0.5527689690834328
-0.7239892277189126
1.4939779237186135
-0.3627570446821233
-0.5976012494568320
0.9604029366984261
0.6607009977114068
0.4554587899789799
-0.6506121773022353
0.4681227413481180
0.2099308671934500
0.2852603559711133
-0.7097034238502853
-0.2016668426080105
-0.3223236094650856
2.2897317507102608
0.5627842147249984
0.5537939542582173
1.6139572596449954
-1.7220419333523909
-0.5211552236933359
-1.1604984509950929
0.2521510970756011
-0.1950116273470033
-1.0049148512168453
1.3696162065828761
1.8510919772142762
0.3701988486100908
0.9759622493702442
-0.3248848648673476
0.3157200255735247
0.5403717426510102
0.3904957035607293
1.1534532702970350
1.1224343762592530
-1.0550953299892021
-0.6608673154212286
0.6156467358787259
1.0161595158616858
-0.4837407710302856
-0.2866715967939926
-0.4805238723253955
-0.2087697376512334
-0.0382864363652834
0.5470065192185548
-0.5679503383872457
-0.5095553161359712
0.0947606096298187
-1.0813174150222082
-1.7372127786347464
1.3239775768480282
1.8740237553979782
-0.7081111903175563
-0.2243702313200449
-0.3385456464511362
-1.1045926714633383
1.4439760610426098
0.7001990806921271
-1.0319406390312096
0.3088309154040073
-1.5899024595133064
0.2849754880223567
-0.0680807193244807
-0.2221042387404844
-1.2373952357372069
0.5923607023369352
-2.7249713686534838
1.4224673670223467
1.0464772435460088
-0.1925977824300232
-2.8417641099040329
0.2202397779876122
-0.0224936210654994
0.4319953597063784
0.4112985207361057
0.2000979583562981
-0.0964628313859848
0.1566107565489688
-0.8788271871876927
0.0145907284849908
-0.9035116748164361
-0.4531726955669624
0.1966148567703763
1.8841857741753327
0.0313413310536489
-0.2945344739085030
0.7415510803710810
0.9199783214528608
2.1054281006658413
-0.3565128897746435
-0.2418677524104501
-0.6182810530112952
0.2374935269035428
1.7022923191610044
-1.0459250523902550
-0.4781724523461577
1.2251566094123090
0.4196367456515090
-1.0893565472492592
0.6797752574269705
1.3322861648069200
0.3022679260184705
1.0638813109393279
2.1955056305414073
-0.1061976160712327
-0.2688274592073016
1.8416484634021519
-0.9106594821270839
1.1922984671665637
-0.7618300679613221
0.3227703881577123
0.5911774028962404
0.9565831535291974
-0.8046511522135703
0.1215834752857415
1.2036312585993170
2.1613519358891526
0.5465121675809568
-2.0762514571359580
-0.9287098585921013
-2.4240967330470466
-0.0496537246084284
-0.0074929625486686
-0.2210376369003290
0.9725749055602086
-1.2346184138747309
-0.6804975626998725
1.0521208256995520
1.8637764412305597
-0.4103482477605893
0.7900963823666247
1.0571113583640188
0.3551632888662765
-0.8461629702746759
-0.9042668681009185
-0.1057519718554544
-0.0240702592633830
2.7159352242578731
-0.2465119740497719
0.0957819069961186
-0.1628963682471255
0.8182790504452542
0.0597692149749114
0.4420885461242520
0.6190278247189549
-1.9762210311098596
-1.5038775558149626
-0.1298689321742726
0.3098959044075884
-1.9839383656198173
0.1245195806288721
0.1406728153611375
-2.2075821725024900
0.7963843399595703
0.0332802572404465
-1.2443357803986532
0.2943685289942392
0.7771639553825285
0.2989465335660418
-1.0768908083453794
-0.0422833509883377
0.0482038952702257
-2.7593598942948012
-0.7460035777531057
2.0178529612910605
-0.5998220057461543
-0.4088072468452051
-0.8527377282297820
-0.7219827587040952
2.2124803822100998
0.8239053528584869
1.4311813174078507
0.6735631760510108
-0.4650037843724145
-0.8861824358350453
-1.2176499125174356
1.3712952900321971
0.3484708045082545
-0.4816757191153790
1.1930934874085790
-1.5925768152945761
-0.5199205732924898
-0.0691279123132151
-2.3783105366459547
0.2293136771527196
1.1753070302032755
-1.1396313031306646
0.4296183832436929
-0.5262400331674556
-0.3550601237940408
0.1402499782736395
-0.2501962353822322
-1.9096037725176094
0.1885760024017561
-1.2876770296967115
1.8380996618146284
-0.3240205051284428
2.1691705237740466
-0.4433373311709826
-0.3113359461628843
1.1752939746515980
-0.5519702107888627
-0.1811742700071294
-0.3743305369125000
1.3221889370441939
1.5359434230625464
-0.8627426480721635
-1.8066065057039380
-0.4759348189902194
-2.2724345461227760
1.4548382325911238
0.2833936882784321
-0.9120406424123821
0.0298759977432299
0.2710221603778143
-1.0786913585433988
-1.1275546418828728
0.7447269298191916
0.5222986423000437
0.8867548690709077
0.8936567261770179
1.7223268387754320
1.7172277973815677
-0.6131178762364924
0.8365197777090301
-0.5168266185065646
1.5345007316482036
0.5484200316455785
0.3987743851341378
0.4977680048689737
-0.8832539526693008
1.0469431918992282
0.9201169862431446
0.1633038977712205
1.3101846317462285
-1.0008024337445498
-1.3748251971081575
-0.1408881045973954
1.1828218107752653
-0.5972303864537821
0.5965110194512425
-0.7679228224525488
0.2882301241368276
-0.0684329503223184
-0.7979437002051684
-0.7412580909601705
0.0211743220121694
0.8264447000954833
0.7968820736835516
1.1921923455256609
0.8574124265250411
-0.8048055852707073
1.7628906522419379
-0.4593436406148899
-0.3066500482056033
-0.3493506743333755
0.6630430755432817
2.2618741109471752
-0.6911735102076558
-3.1538419293254725
-0.6986931678195635
-0.6415668900637896
-0.0888274649037958
-0.4829687448368428
-0.8853991209826572
-0.8152512455833509
1.4378325644033436
1.4239511177553423
0.2047011904186271
-1.0779910342807366
-1.2295218611933827
1.3141080040164692
1.2753379773726445
-0.0697734742817268
-1.3326791890967056
0.5423809676617928
-0.4384544366909047
0.0241272636239764
0.8345697176794273
-0.2836089422567007
0.0522042151261835
-0.1150095120496261
0.5937707847520902
1.9780545438803614
-0.4843774334696833
-0.0880108054408553
-0.2409831786528921
-0.3878654609745038
-0.7297535437191025
-1.6081240108323129
-1.2924625908882734
0.0775230949837685
-2.0863242183325270
1.3802636842958731
0.6605781503113352
1.0227503190037497
1.1409246543268163
-1.1961944528974400
1.2874300016486413
0.5736380623033367
0.9100928223156328
-2.1295124331979505
-1.1115653025824053
-0.9811819387396747
-0.8506224530612907
-1.6891845794581328
0.2930923300171072
0.2766237911388776
0.3303572299344900
-0.5233653305455418
-1.1241947189271655
-1.3625890995924712
0.4814350509479706
-0.1089567983809930
0.2404907914102793
-0.5047766582714758
1.9837831001605419
-0.9443340387958500
0.0082141090212631
0.4751552645451428
-2.2023391699393859
-0.5238816318520286
-0.6187719787323335
2.5111774792394264
0.7257518373519712
-1.2537482210813444
-0.8065426775459351
-0.3281421920344769
-0.4884422935343937
-3.8062755118420171
0.6830125091809744
0.8339178998145906
0.7939243911795468
-0.9751555871264679
-0.3159852017298367
0.3154353113585276
0.7848865426503664
-0.7861206039614503
2.2125968455189149
1.2175290159631005
-0.0114108189527675
-1.7466985467033636
2.5256717805149989
0.6220917728072126
0.8102698298182771
-0.1178668428309355
-0.4997821798628155
-0.7362189215209652
2.3525198811358270
0.7942360415399399
-0.4052494985569094
0.0516442446364381
-1.2258037308054028
0.3390768539452139
-0.8290706142490514
0.9586990874342243
0.4752912122402163
0.5102702566861772
-1.2767881967663040
-1.6279346842438853
0.2650425684129892
2.4142644848570365
-1.1395026755304427
-0.6430014371342575
-0.1655171076825109
-1.4116021342245446
2.1348385820357656
-0.3152028445291497
-0.8073634140051352
0.2816170503256292
-0.7096809739524079
0.1572028394593178
-1.7026703827783825
-0.7604569263214018
1.2657532597545367
-0.8110995962648043
1.0841963002684507
0.2299903793756914
0.0201734603558416
2.7760457415291828
-0.8898141052674913
-1.5410329013815343
-0.1495167612014783
0.7709483342467788
-0.4677603983332961
-0.1151760017286945
-1.8287371221508093
-2.1284223758864598
0.5615536955542098
-1.8553161513139198
-0.3127635662689359
0.5350427785425773
1.3897302583593460
-0.6434057153118209
-0.8518575901890788
-1.9215617895155912
-1.1514602663627622
1.2226489371162192
0.1658757327369774
-1.1344985806391568
-0.6301144078947380
-0.1747054872068343
0.5039383666673330
1.4727623619651773
0.6669841909820093
0.1496420607950383
-0.9614275672995577
0.2029706761826705
0.2833433395862103
0.1402061626467559
-0.6777178788705436
0.6153459808788060
-0.2052489259740686
-0.4497564307892518
-0.1894494316556296
-1.9897333984512613
0.7083404265611505
-0.3391592327735752
-0.9328180199910692
1.9925523119202597
1.5292697086000968
1.1547989652684496
0.1976632598528331
1.9909769712082994
-0.7100227454650001
1.4518413351782913
-1.2426187460369900
0.5159468959625051
-0.1177103788671825
0.7233436010947172
2.3937782374569734
-0.3186295821122834
0.6999526265611098
-0.2100774874725780
-0.8711465391158274
1.6198093561326325
1.0276032141841158
1.5771787072995906
-0.1665995676791881
0.3556286270952791
-2.0928239180896160
-1.1077125838405080
0.7872573270070603
0.6774558070969008
-0.6836363311104240
-0.9849473553160246
0.6712657805967107
-0.1711332178948131
0.7012385234636502
0.1632999270033582
-0.2042494610254718
-0.6153902359633907
2.1313042652900300
1.1830915617106490
0.5095688861332799
0.9960978471036116
0.9005730887240220
-1.5109897123369556
-0.4693849280740319
-0.5090765878559108
-0.7208666995678222
-1.3753600402821498
0.0018640832454170
-2.2607134349968927
-0.9436679644056926
-2.1914090620615014
-0.7475710802874462
1.6438327840847191
-0.1553191603094183
0.4114152734793606
-1.5322771901179111
0.4129562916283986
1.9432581323011089
-0.2668565369326454
0.6140220296219685
-0.3796158334009447
1.9504318641874754
-0.6864661476912999
2.3570830796862952
0.2440350696290888
-0.1798071231375084
0.0093793694474810
-0.2875474876315673
0.0041390575917777
-1.2513093388864172
1.7010221792146873
1.0131174474589493
0.1556919955525835
-1.1090632973232926
-0.8720431113162277
0.8053896167969454
0.5905457323467155
-0.6030868407915341
1.4407890893555642
-1.1414181057009549
-1.8664620108940619
0.8142226497129660
0.8542977860177183
0.2474722092069100
0.6929777291318171
0.7866845119929409
0.9983227548005518
1.0272076563355568
-0.7115459460107554
-1.6177115644782283
-1.3077232306963593
0.6883573383899508
0.9065064329063880
1.7962931818517285
-0.3496722602868028
-0.8272547864290231
-0.3927962931049789
0.3415418346769026
-0.1321590174149857
1.5852095945643774
-0.3153029277538165
1.3064263791052027
-1.3922583060131253
-0.4410723550026563
0.1893561053566831
-0.0204992743139973
-0.4182130689489972
1.4389618392651118
0.0494416066650376
0.2107816773006615
-0.2932996757620877
1.0240635883698690
-0.1121487711198421
-2.9508677960924903
-0.0728822583380672
0.3440036563854814
-0.0941096022923909
0.0056286262387919
0.5607133150670580
-0.4863862948436577
-0.7027908446828511
-0.0769822250900156
-0.6748444351034126
-0.3280505817688681
-3.0260845492629875
0.1697020360049837
-0.4548068762509383
0.2784423860585434
-0.5288543349907417
-0.0492925685708731
-0.3842668722638687
1.4686880872740615
-0.7280907539571493
-1.2545990909225049
0.9171170226261239
-1.9070380180651538
-1.5903361254417865
0.2756944225872672
1.5704126339081426
-0.4588447803366280
-0.3856627474308738
0.5548574273216973
-1.1298494372572185
0.8448156126192140
1.2779290941845767
-1.1622518904926695
0.6575711767522184
0.1552844573002514
-0.5084858492252611
-0.7222128161215202
-0.0540938942072577
0.3458293432931784
-0.2827093900640733
-0.5382923902152711
-1.0550099234507617
1.1222273218237429
0.3692178087360433
0.2562374281886821
-0.5750114383986318
-1.3262650487076235
0.3001093943479696
1.8827168051490140
-0.3965900565275258
0.1432798267833124
-0.0172634342641904
0.2232858657639624
-0.7899899691390981
1.1087507135231232
0.3673789619584231
1.5402311617633118
-0.4632235947066743
0.2183895772415827
-0.2414130719351106
1.0380334110983334
1.0274358220082851
-0.3018750757334174
-1.8723359416754963
-1.4610782865170935
0.1844567905640797
-0.0889041506098185
-0.7773656466767720
0.0879772513738527
-0.0919876761160019
-0.6115890586177468
