0.1580985992290236
-0.6420409489107763
-2.1527566048255933
-1.3262724657666376
-0.4095279831529966
0.6807628604098972
1.2954839255242763
0.9451553045234233
-1.8341216392921806
-0.7525903663914908
1.3265616923846768
-0.0670516751111734
0.4672408332695792
1.1170117350912216
0.8659076349205816
-1.9241313761344010
0.4551568404903108
1.0488839887544901
0.2614119878426642
0.0801951988269716
1.0707105272733111
-0.0071915856188220
-0.3535888737607786
0.6628074056251624
1.3677314311809667
0.3025341232423392
-0.8217525511729045
0.1139212290117722
-1.7203468421843009
0.1568077414858163
-0.4311816973518319
0.0208175188895608
-1.3321240018653100
1.0732506012772685
-0.7325204089796190
0.1732310939972955
-0.7407271199036621
0.2383590297651413
-0.0182878226043634
-0.4268600854489985
-0.3788898867632357
-0.0228058658395421
0.9164262333511961
1.7611489423504287
-3.0835366278326153
1.9277768837820024
-1.5522062848222238
0.4683383648852162
-0.2140840723270941
-1.1683052809882453
-1.0682817012144299
0.1351197401738113
-1.3610780112077761
-1.0317016805376018
0.3888993988533821
0.4550448424420780
-0.4444405628810162
-0.3999348225845120
-0.1011607936137462
0.3710009438824852
0.2286072916278549
0.6722146106631030
1.7856343751618180
-1.2022627022592838
-0.7161358415180148
-0.1368292370831861
-1.0969321041811952
-0.1661665400675033
-1.5375361795106213
-0.3668814157022625
1.3107240773882172
-1.2692992918140862
2.4553187552673257
0.1308404447423519
-0.4638229332309722
1.1176436555073221
1.4212660308381004
1.0903941568825037
0.9256420110157054
-0.4011259616315618
0.5107942517160161
0.1878556088813202
0.6724796126526337
-1.4131988149193231
0.8116750838554605
0.1117756880499544
-0.2044315517506916
0.1429917057206799
1.6982221099833843
0.0514004233462625
-0.8271116430933636
-1.4101283566737277
-0.6849975863806493
-0.4714502534142028
0.4079944692407573
-0.5234413866317751
0.3427459427926745
0.3864556935558672
2.4334418457587659
0.4978864556844159
0.6991951661860102
1.5031208624328696
-0.1538534068185454
0.9146193510552497
0.9931179833193939
-0.4579282276897037
0.6273837574157345
-1.3629946178402463
0.1163271955975955
0.8769849983818032
0.8020033907441976
-0.4813698023171797
1.3041327619401608
-0.1395535717464488
-0.2048285899183063
1.4911564009439744
0.1160141325399518
-0.5879281446083711
-0.5123998014490754
-1.0270571515684690
-0.1494073131591087
-0.4249819391870777
1.8266128513719633
0.6992109570732409
-1.0515187989966099
0.6456586680510017
1.5339856768444300
2.2906300220431479
0.7606921603967001
0.5843215361485730
1.7445890998643225
0.4384103644105746
-0.1999568466682467
-0.5141876945540681
1.5191629451340982
0.9471683824917593
-0.5458583045381852
-0.0171831273529598
-2.1449691259351620
-0.0192036601504759
-1.0875720292297659
-0.2413087716839539
0.9149313015367866
0.3335216538559306
0.4107183355635395
0.1014826804738933
1.2324288451724912
-1.2945212283141383
-2.2451544436147253
-0.7343892304839543
-0.3450173366671773
0.6382679232693739
-1.6397731630288657
0.4076835586634704
0.1300271833992725
-1.5955286767467365
0.4273233990223285
-1.4756039284017060
-0.5046107247521829
0.4574537436717270
0.7367705923488773
-0.6684971673975740
0.8856669931653347
0.3815580324142935
-1.7581326387789158
1.2785527141051876
1.1568829012013826
-0.1514449713490646
0.0290720210539136
-0.3269593909939449
0.1133105008672408
-1.6234051435964347
0.5687423079981516
0.1295388402085705
1.7719122415015676
-0.2079054179149057
-0.4120983994662073
1.2124704916902476
0.7175144240775622
-0.8925086429650498
-0.1437610205808409
-0.1319079239724881
-1.1518294559036075
1.2236982188114447
-0.6159115646258102
-0.2516367493340576
-2.0828057849926149
0.7545665809015988
3.1462267226979730
0.1917367191018233
0.3894325367458031
-0.3099361400871603
1.7158694287800482
-0.6501681582959224
-0.2760461532035079
-1.7674227573380503
-0.0256019465574723
2.2566195064832746
-0.5335880201743143
-1.0494996108814745
0.1878899988551664
0.7837076199148689
1.1543416612434667
0.7731534921741902
0.0768623345512663
-0.5389975881327539
0.1987838462018698
0.5123621690261685
-0.7442058232491802
1.3270679748141063
-0.7016735395144210
0.6130281546569155
0.2951965311587685
0.5039948958352762
-0.8821356220699836
1.6462021628753178
1.5113163305310648
-0.1299379071432062
-0.2099075410907952
-0.3745280558580728
-1.0792001662698794
0.2972715381375517
-1.0422924748928597
-0.3951125401556205
1.7079459651046689
-1.7506740803042897
-0.0575475132138457
0.2494431020123725
0.4483799398374145
-0.2020335366569200
-1.3893588823528078
0.5153761036381873
1.0613392095409702
1.5183712738493682
0.3585015473994906
-0.6063730011760382
0.5597776218931705
0.6025922953076424
0.1239220184921359
0.0292472373800237
-0.2368690418624259
-0.2887502380168198
0.6693494699909532
-0.2812157268999050
1.3328846416608102
-0.9236723457266317
-0.1164661105651088
0.4143629480925729
-0.4697191958647744
0.5184159762227748
-1.5870741706373162
0.4703172875779552
1.1750180975932099
0.2641150998285207
-0.6368535798720654
1.8671831795854792
-1.0459640994561172
-0.9404765257111832
0.1005105977212723
-0.1071692790046079
-0.2653811015493922
0.4237051646495582
1.9202293595499622
-0.3489484424832886
1.0714969297741153
0.7825694247799376
-0.0323519545682628
-0.4307914872585688
-2.5390389443262653
-0.3604035239057712
0.5593950579602274
0.7805852489654663
0.1025062085598010
-0.1231722689213294
1.6108853580765943
0.9815742370311540
-0.1496173825084517
-1.2039619874940140
1.4684067524308329
2.6921071106852112
-0.9546808434392282
1.1060238598248413
-0.7758012331808523
-1.6660322292125525
2.1019885381508336
0.7867978247580780
-1.5151980693160796
0.3410407882564884
0.1687570077288776
0.7580334672255523
0.2179372475702219
0.6742226968109574
0.7761052916959533
0.2585263228069623
-1.8379733919134613
-0.8193029905201782
-1.3730615416419405
0.0408911405432258
1.5436874246187147
0.5945308737722540
2.0193950070870148
-1.4297227848676946
0.1689239668614177
-1.2517253762903520
0.6060094835855624
-2.4593646030197553
-1.2011109216158937
1.3919833962371033
-0.3869776622470882
-0.4737391338219533
-0.6013174191012083
-0.4165470949457653
0.3902752026353071
-1.6815420174531923
-0.1357382442681804
-0.7186205891259860
1.1026022273909954
1.1655627402689099
-0.4558906027182914
-0.1353621707542058
0.1371465413619958
-0.4129372132454712
0.3091068186238288
0.9787929824016348
0.6119816514347114
-0.7037981626013327
0.4519655848942349
-0.2473391408201911
-1.1515066991056968
-2.7378928133934002
0.6381470032738001
-1.4221128063613564
1.3456753071230270
-1.9275671665868330
0.8100737005729752
-0.6726438767469769
1.1232228085175497
0.0153080494489951
-0.9267203329497926
0.2036225772024283
-0.7334449527650344
0.4329277091771951
-1.8272895931199464
-0.2452323194786846
-0.7326314205396212
1.9601195443582422
0.9739313856344809
0.4718607819929334
0.8613482864322830
0.7708247156987297
-0.3936772574698374
0.1526721689962998
1.5338230908501984
-1.0618508099148714
-0.1489716595920658
0.5513107791370004
0.1666322046966328
0.2629393396946054
-1.1858208296537815
1.3797081282839898
-2.4918840042687895
-0.8794846858880970
-0.5356865096169672
0.7912582142147579
0.9194371393645145
-1.0291778433248755
0.9628038533222174
-0.9580979000758203
-0.3431685501653947
-0.1762578539915623
-0.3722525509492027
0.8806770652725107
-0.3296503282566153
-0.6217521241371909
0.2075017884633677
0.5687422193077538
-0.8000907525007399
-0.9634562333081453
0.6674642271053790
-1.8488549688861668
1.5735288050809393
1.3428332005925530
2.0347289506536472
-0.2696354328549198
-0.6124195654615275
-0.3343155038777513
0.5793807915890321
-0.3324350060998036
0.4865610843801825
1.6302190584297831
0.2640253708224077
0.8979335155880394
-0.2463524706122159
-0.6252614861610617
0.2086166655589934
-0.0692641060227218
-1.0192471029042454
-1.4368254722811540
-0.2998940238693849
-0.0696107725913527
1.1765782479713558
0.8388915831416396
-0.5218785957240525
0.0737636133851086
-0.0844272700616944
-1.2439306970877366
-1.1199537931330898
1.2026258553058133
0.2979805817359255
1.1678252135754628
0.5278221273300603
0.5272822079306763
-0.8410984372746411
0.3075097623881875
-1.1739185023453231
1.4213031831900018
0.7130760981940497
-0.5346032158452327
1.2464932376979023
0.8514545317964243
0.3484058043222287
-0.5852641991359502
0.9830266046951135
-1.0505731771767453
-0.4955578953005843
-0.9411521830310201
-0.9844509231945218
1.2722320091799784
1.2356112106052719
1.3094816520422257
-0.0454774882499763
0.0828870132643162
-1.6367624067011737
-0.8881235349521218
0.1593228236872445
-1.6263331727456274
-1.8515742784893987
-0.7635839125410609
-0.2208854733143216
0.2190424096455767
-0.2896091477387539
0.2664258912830494
-0.8456168647724550
1.3035605050742178
-0.2402393766364658
1.7604615288943404
0.6643672689398263
0.2265044992060486
1.7945708965014577
0.4969875673593723
-0.4886721939486754
0.6766332604943769
1.2720891682519153
-0.4195846259924975
0.2559118480055372
1.1968349199503445
-1.0989842328641135
-1.0967749600053249
-1.0081320332618027
-0.5840833643022049
-1.7105864286665644
0.5090122253997651
0.5362591285858027
-1.1578302474242341
-0.3875717622439728
-1.2518925710122555
0.9632366163500921
2.0933737400787105
-1.1702897001424017
-0.1167061921571367
0.9052890920689598
1.6047127860284320
-0.0428735870669579
0.4314992685397300
1.6327044607840340
-1.2719095532451363
-0.0045754098162901
-0.6146987175460841
1.1759882329186933
0.9877474877531109
0.8168636173671563
1.6910137497229070
-0.2346642647712860
-0.2592906416998513
-0.8901469003652367
-1.6224852091432329
-0.7223791754331679
0.3387869628256007
0.7001412036803574
2.2047424725213229
-1.4135116409395310
-0.6792562085814901
1.8796933148134234
-1.5705286428221277
-0.4743221110939579
-0.0491036738391633
0.6465921265801200
0.5847068934535686
0.5829760096559065
1.4414265687310581
-1.3875216073158725
0.1553273202684232
1.3788127749843764
0.2876383954982045
0.3407807752021575
-0.5015400845379826
-1.1089209332742520
0.2422236370999911
0.8200772789424637
0.1256647476033453
-0.9643099028021166
0.4990370762341559
-0.0554919191641686
-0.8367061578265079
-0.3188294962434153
1.5588508940290020
-0.5186275672640983
0.7254445581645067
0.9967227197394131
-0.4673029735037519
-0.0087348697791319
-1.2054491887108671
-0.8979829150299626
1.2011722737414230
-0.9638491236634910
1.1741369596869862
0.3186069066008099
0.6357967120411860
-0.8288066353925680
1.0548742535690101
0.5667607381301997
0.0388667983586441
1.3966185046011910
1.6467673484366874
0.6461637418055982
-0.2992694368132413
-0.4465266840974279
-1.1310458797403873
0.5824623136171618
1.4987652774851197
-0.9877105707270396
0.3902931880770547
0.9190659368778095
-0.7264282898683381
1.3885669786184001
0.1943458765661764
0.8882073817130948
-0.3701369111173620
-0.0770415635890092
-1.1460735031380267
2.4124664337427104
-1.0354706690159874
-2.8287299234844800
-1.5007606281282406
-0.6086952618206947
-0.0467582116967060
0.4026293664485761
3.1147454949120839
-1.1391584809328168
0.1123343624377740
0.2487237269559962
1.6234819011445869
-1.2326614049686115
-0.9181605249626863
-1.4148398732463143
0.3010540288335361
-1.0300363283386951
-1.9889436578785931
-0.8237579457971471
-0.5794127480481320
0.7517564198226341
-0.5651128281570585
2.7641334623564533
1.3634785556975753
-1.7692718491856794
-0.1562312904085695
-1.9056624227195893
-0.4822537250063100
-0.6318351410479277
-1.6518586506628821
1.4795705126545771
0.8711586675942460
-1.2771962357321172
1.5118608992158724
-0.1236575881987967
-0.8034043364191102
-0.2712729199129967
-0.7218144258905790
0.2394961733097951
2.4832641820570092
-0.3028458237635004
-1.3030375275142458
0.9009467879082941
2.1037387603457902
-2.3090402800389547
1.0540089108083985
0.9064355479746831
0.7738392666910533
0.9160663813968561
-1.8794195303490917
-0.6172909852730383
1.5627950336273302
1.6279177280960997
-1.7399232600636951
0.7003347738325569
1.5646070385695072
-1.0202667295206636
-2.7911611342585942
1.3017535656923289
-0.8983685487992892
0.9447524395433500
0.4525844794223211
-1.8531618881973873
-1.4661625438248267
-1.2209982157041308
0.9462018144268453
-0.6126114191045265
-0.3834300856808229
-0.6783831630409680
-0.6363684032994668
0.2134021464984788
-0.6186346381232671
-0.1893861211390486
0.2082764421176421
0.6293592726876385
-0.5469313174118209
-1.6937599527510070
-0.3182039875022291
0.1509082507606986
0.4371598173794481
1.7747285932708345
0.4180493782784842
-0.2521128585306210
1.1959838583771296
-0.2375131904393320
-0.2311481526657607
0.1691242661102313
0.0696426489375526
1.5906624788689185
0.9093092734319338
1.1672628844985640
-0.2945036910840952
-0.6307020139484290
0.3540715496631622
1.1672610102390795
-0.4189952043273113
-0.3718068045248286
0.7637154473396123
0.9858716872555388
0.6389646467362513
0.4570659088622728
-1.3708552974488033
0.9729374828417130
0.4249568248859013
1.4723986961115314
-0.6994125759891013
-0.2300315090233795
-1.2898004266137955
-0.5862503353003521
0.4674600903532842
-0.0124351909608910
-1.7945920002404634
-0.4394990505865217
-1.9073955535443736
-1.9655968991876245
-0.9382091260151317
-0.0739784569023053
0.6935757386082673
-0.3396163723533058
-0.5444591745865485
0.3706094587839383
2.3213519936363451
-0.0207903141022879
-1.8479337999090915
-0.0136257792714863
-1.2687558160337631
-0.3671331257839057
-0.6757789589742194
1.3685758304599598
1.0762914074202798
0.6816758361079558
-0.3156143217526630
-1.5835027337309151
0.2603151120847839
-1.4397927060966653
-1.1005228030978160
1.1524888428470346
-1.1289526295850312
-0.0184424270803621
1.6744586142511626
0.0762724216786196
-0.8394713869671075
0.9503525382735378
1.5184901602373706
2.1670190774009108
-0.7736127711254235
0.2756019899629930
-0.8351771152969573
-0.0780585787546612
-1.4404806670815542
-0.4910167680591676
-0.3814796662152590
0.0275459231947084
0.9730576646657246
-0.0588532146890680
-1.7921546816631140
0.6985617934973190
-0.5585556462330717
0.3074580449496812
0.5531192281216352
-1.3376719955850207
2.3387269313871082
1.8410939773188522
1.3298841525884386
0.2910340965858573
0.1144194266843073
0.1612919504791663
0.1305911970937939
-0.9821305271158401
0.6579731504270337
0.1524403453077114
0.7902394992908868
-0.1462901706895223
0.5236241846775913
-1.1683187865758651
-0.7888465579497677
0.8345643027864155
0.3090025509650037
0.9987041873628968
-1.6833789528281882
0.6174802434455782
-1.3961954834316752
0.7811550753288991
-0.3794109387616722
0.2268493539425210
-0.9970177195408173
-0.6613118356908182
-0.5111536055122339
-1.0204661072441934
-0.2988879046308386
0.0970865418373935
-1.4687029692495761
-0.8835179764576336
-1.0596818307943199
-0.7372615385969361
-0.5591816643504472
-0.0639438185887509
1.0716802405953176
-0.7085549859054369
-0.6103402567923375
-0.1821549410480052
0.9746394420605943
0.6995418045193801
-1.5272081110594251
-0.6260834749919035
-1.8196459028324377
-0.4934101784917698
-0.4291114882037753
0.1629994821518426
0.1778497056417981
-0.7693583093298380
-0.1153534031948598
2.2435447415663856
1.6446738145754249
0.1927152018784539
-0.8604840912355146
-0.5744853395351809
-1.1743132802340233
0.5901442080996053
0.1596527180598107
-0.9180127479996945
1.3421124988170829
-0.2150431532687410
0.1752737001881695
-0.6035856308918306
-0.2791045850677905
0.2590562861713182
1.2430895150688521
1.4215469962697815
-0.5746085449655065
-1.1596430112357554
-1.2267580330104753
1.0952254066682874
0.3342889791137177
1.0210059491416692
0.1194279422151200
-0.3411369916203842
0.1717609657471703
0.8620232751746426
2.4222328308707888
0.4618950430845953
0.4693307739099536
-0.7971600994271357
0.1731096864315434
1.3225782139701177
-0.2398443502634875
-2.0154453674879580
-0.3135986057829313
0.0465390464506980
0.7972293325451647
2.0048506517841678
-0.5316360185083369
0.3896950476840161
1.9389439869087211
-1.4568218621889681
-0.2317667176300489
0.5351854200328943
-0.7917569547868937
-0.4591363186866466
0.9178936987427753
0.1355901759492926
-0.4684117451601941
-1.4654864540115624
0.7162482208049998
-0.6558979674406199
0.9606631883017186
-0.1140986657708583
0.7087230690849095
0.9804847056346242
-0.5117878479228999
-0.1453998651796501
0.1717187561539279
-1.5130604766932052
-0.3898242383000636
0.4465773473213135
0.9292249601744920
-0.3201384476346596
0.2194748674385291
1.3566053393658248
-0.6631157586508212
0.3942516962870448
-1.5558851487510608
0.1037984711164009
0.6641829228295495
0.2626970317028027
0.7365801030128238
0.3913195088881800
-0.6280759268939531
-0.4545798732479214
-0.1594594395914895
1.6621049701299695
-0.5642911182121941
2.4223164839101443
-0.8202375967811271
1.1207019833964869
-0.1253257490466055
1.6966229654742833
-1.5883125058107559
0.3749824334110211
1.6477551481412887
0.5307984677672407
-1.1464986647406972
-0.6412773686489203
-1.9569612031497230
0.7556946415755412
0.8308555826220203
0.9694929498808232
0.1129135207173870
-0.8801329230073143
-0.1665145389591531
0.6827128135029731
0.1687290556860865
0.5542592303527114
-0.5725743873321344
0.4445277062340734
-0.1136024857343701
0.0510282405345207
0.5508516169975342
1.0638647740041673
-1.2101549483851952
-0.1648288101923869
-1.7486618093694206
0.1881702808834546
-1.1253128307836060
0.3666165201103028
2.3519394020326612
0.6968123604962906
-1.7131759236700825
-1.2207466227460240
0.2866017840386620
-0.8429364995514131
0.9264393597067110
0.1885821453814741
-0.1403644845707971
-0.6488983330513129
-0.2902735036884463
1.3381287247825717
0.2972262507068891
-0.2972475176469357
-0.6960349900176617
-1.5227779520464280
0.9286041449956479
-0.6601695943336651
1.4416331988134883
0.0173478911429383
-0.6411915607005353
0.3339239423384159
0.8810580718301028
-0.3418965346014704
0.8124864949775195
-0.8153510576199107
-1.3212351649006975
-0.8083295713620062
-1.5578189304506220
0.4425888056446732
0.3756235205177592
-0.4276963001885630
0.5184433817765444
-1.5821389216931636
0.0937511499823119
0.0687666207749493
-0.3719480583181587
-0.2155588094164094
-0.7136172927676976
-1.6406979732610758
-0.4445679857360326
0.4165265512652525
-1.4127070112820250
0.5082529605299450
-0.4826530746933572
-1.4888153517935274
-1.3682548369274794
1.7995961528984699
-1.9303084915615538
-0.1385418374263861
-2.3497554103184632
-1.2382306582475466
-0.1959261109511982
-2.1374110238529385
-0.2203017275580648
1.0595207506313038
0.4934813914827703
-0.2550279860553178
0.3744649789879122
0.6055209510537209
-0.0291852885713644
-2.1289729733027500
-1.5427041185750174
-1.2230127055396216
0.0624794684783946
0.7671289539539445
1.2368937391168795
-0.6490491533031039
0.6515424352647828
0.7749134195570138
-1.1416736269057914
-0.9443665085615367
0.2384426210431694
-0.3460952153905680
-0.7623527554812308
0.6238688640224751
0.4727242599170770
-0.5212791065043624
1.0917773799114052
-0.4131817462317335
-0.6865156535180692
-1.4269192495892815
0.7256985023271432
1.9774743532107146
0.3959773489722804
1.2437823185265522
-1.2669199076071875
-1.8936654290221415
-0.5627719778482581
0.6985669141003877
0.5791313217564977
0.7317905118755577
-0.2690804901216815
0.6841776329244070
0.1202926365418231
-0.7644963402456242
-1.3728553067624916
-1.1169431398221334
-0.4326249403213018
-0.8970014960505711
1.2696809036478642
-1.2264155769308718
-0.2773739255743157
-0.0567098525187172
-0.0017870746797542
-1.5555629907380357
0.1744903209586754
0.1742350879865383
-0.0488877409610504
1.5741065680482049
0.4547916634432721
-0.1658519289255294
1.1697248590845897
-2.6749567155743059
-0.6022099684705459
1.5245759102045724
-0.7702806772339209
0.5220796644045703
-1.1801656381464691
-0.2170710958086400
-1.3260846531057582
-0.4531140584147597
1.3381138423204026
1.4794313059508561
-0.6043668696477992
