1.5709281789787948
0.5224389861094214
0.1431425110850119
0.0451337030973002
-1.0297965110243963
0.8718979776662957
-0.2091826780431031
-0.3222505961708340
-0.3155024432270948
0.8706825837266458
2.3892214100309097
-0.6259470815997388
-0.5199752426753139
-0.2895053103647092
-0.0563547336711284
0.1302261019541889
0.2998915452908874
0.5330396543730281
0.7751541561252229
-0.9675666013256136
0.9510275698123423
1.8452055412268744
2.1181208722004898
-0.3859508061144798
0.0241029040145721
-0.6937287021020633
-0.2386427971615644
-0.3398586897870563
-0.7543968237273311
-1.6170203701169779
-0.3071232167832500
0.4578806852262994
-0.5330433156679660
1.1931500332345282
-1.2018043805459384
-0.4765691217833490
0.8743582929127955
-1.0003195027750409
2.0478106284681910
1.0776148307922528
-0.6579001904706377
1.2918392935930554
-0.9190341667040934
-0.1611412087044012
-0.5584686839215149
-0.8169531326001522
-0.1877224021543864
-0.3900968524698312
1.8761829482034031
0.4870054500110365
0.7793026846298183
-1.5523258341966282
-0.2044566180884777
0.3139611503588522
0.9037160766350663
-1.8923102700862195
-0.6374139621721747
0.1929000147189643
-0.4838500328191195
1.6561681803572212
0.0281543075438468
0.0019074189411376
0.5637778343848022
-0.1630797436508843
-0.5804606663124379
-0.0137441251603368
-0.2302823096811080
0.4076046761643639
-0.9995005897264242
-0.4232975609020055
-2.0346311297793274
-0.4155652640326222
0.5806168276857478
-0.1285043015718531
1.3068477722972156
1.7701242798257064
-0.9712757995328729
-1.1493623310339600
-0.9616473812241696
-0.2669720060498760
-1.0058987327899420
-0.4232867857376885
-0.8821622584600753
0.3145352060830811
-0.5650538437610276
0.1536145640193072
0.4982798597495425
-0.1992622487085922
2.5836461305041563
-0.9732795830016303
0.2822507076470538
-0.4252694094073288
0.4816639793027056
-0.1519971295800094
0.0267374940297524
0.1708289380195872
0.0184532272687116
0.9880656877999187
-0.3403154870246882
-1.0601079402621723
-0.5088475940481813
-0.9772781787922170
-0.7696645519389874
0.4351748822986299
1.0416711089109825
-0.6190842588730427
0.1972502676240299
-0.4895022546185804
1.3905046257026243
1.3071194252349554
0.2507082111174919
0.2974147944958862
0.5484722960504459
-0.1909468379205073
2.0650924674325402
0.1165793041065747
-0.4866120819269569
1.2784105200072320
0.8293801046274984
-0.0549218513432450
-0.0667682721111955
0.3654255122848664
-1.7938482221069720
-0.4047720471080355
0.3664781936437398
-0.1836828131533170
1.2719306199749356
0.8759147593774730
1.5692348457531820
1.8179095449222145
0.6130705157101723
-1.2558236474543245
0.1996217628922240
1.7965068006385829
1.0525292885407249
0.9376326903808564
-0.9981900230510187
-0.1625300497825584
-1.7852857856164492
-0.3980836210402892
0.1870156296313328
-0.3731119927725771
-0.8765465614570169
0.4826959019355634
-1.6129045525012735
0.8181707991487241
-1.9023526927930117
-0.5157764279968000
0.6386247204229359
-1.2680686718937344
-1.4011919709946437
0.6426696246238466
0.1255304971943747
-2.4317264575998641
0.4518465831732939
0.3871810911516032
-1.5682597285807223
-2.0320998942106048
0.2579145992239164
0.1662968469779719
0.4354475211539638
0.6844659048081025
-0.8066065678503834
-0.7350178327296050
0.6500803859891254
-0.3004976694032687
-0.0946400548942248
0.3952417337964726
-0.4869073895589969
-0.5116486686293270
-0.6983204758385926
0.1087126611285626
0.8746298306325925
0.5808430982036463
-0.0787996606346632
0.8160697826791820
1.3706227459967113
2.2679301332066926
-0.8867024265458706
0.6687378230055573
-0.8310754792369993
0.1437809196426279
-0.4191028327648427
0.7840280322076291
-2.0455551454354466
-1.0611889174117075
-1.1559679721479201
-0.8083327257356259
-0.5557290396360205
0.6153967042161417
1.2543174803066335
-0.2352958359631684
0.9580026059903770
0.9489022752801353
-0.5391453733863337
0.0572569132051994
-0.3658047217357377
-0.2338277975483692
1.8479731517921061
0.1223464253347463
-2.3665424855096049
-0.2142268776880433
2.0763118777702769
-0.7945426888076609
-1.9278141549573677
0.0413184160214623
-0.5105322806205959
-1.0527776409383720
0.8325415665290342
-0.7734195846399617
1.1168970736264536
0.2445127862550605
-0.3334435743879851
-0.9195383093617132
-1.9177341938213750
1.1720608183624361
-0.7010933035344188
0.7358626338993559
-1.3141504102840862
-0.1325469974963860
0.8989043422904196
-1.4473173657305021
1.3726380506262019
0.9808235069762231
-1.4322054313272872
0.5338572684880102
-0.9753604855872361
-0.2325735098209970
-2.0475053266341892
0.3781071902357173
0.4697962713838246
0.4321930711955376
0.9756896032869679
-0.0066065785467813
0.4302958363822255
-0.8026538625004940
0.4687572572592917
1.0905039658856017
-0.0291355409938935
-0.2476313472809215
-1.0992339881153075
-1.2676481982940457
-1.4569564046387962
-1.9111326727558975
-0.1934122466442445
1.5068034390931870
-0.1390829640154993
1.3945930390499157
1.6681190949350049
-0.9475367201286291
-0.8490383599397718
0.6614191303059376
-0.0547008128124614
-0.3458105235555420
-0.3321687974572289
0.0058828366820977
-0.0906744698743294
0.3459604723319209
-1.5152815827059691
-0.3332720317689025
-0.5154255036969265
-0.3983532279023189
-0.6856081134998535
-0.8919810891403535
-0.7257923173177113
0.3251790654634481
-0.9172338171265301
-0.7849724956205734
-2.0761492263411570
-1.6964671645928360
1.3830967880451768
-0.6566827500229797
0.1055946975573086
-2.6155417730984500
-0.2664929865345462
0.4497718361632767
-0.5925082727623451
-0.0266466316327785
0.6005533671457770
-1.8408155829501671
0.3708096485824115
-1.0368364038282523
-0.9139690645303480
-0.6033676808270155
0.9963677653815810
0.0243341387508251
0.8085920219762956
-1.5765882662319834
-0.5647293603724255
0.2225142166019271
0.2981211138541327
0.0843215652437854
-1.2196655851387272
-1.0814840440214901
0.7734073747687175
-1.5796699914123695
-0.7598907201716525
0.1789143807867744
0.6821787688456102
0.2316801949883854
-1.3639940694771306
-1.6642329408887899
-1.0881050131898364
-0.9811276257383349
-1.0246173708446584
-1.4678340330034454
2.4751152812864334
1.5883205111058194
1.2644827609304734
-0.5172166931136519
-0.8432569131715094
-0.5614578302076669
-0.4581412120621191
-0.2687161521221813
1.8254669434913435
1.3939313071454911
-0.6361870912269079
-0.2280002670356480
0.5902529055803126
-0.8349944227856322
0.3764565204756238
-1.2891270224572795
0.1340683709237201
-0.8532268819239157
-0.5446391605717029
-0.1500053488438230
0.6957576652330224
-1.0158001515618398
1.2590378878960804
-0.2599336507575781
-2.7819049699698981
-0.8608371525436246
0.3609906314252887
-0.7065102316568203
0.4661158565170601
0.1656089189548388
1.2946900678332103
-0.4090811803595668
1.7654794979075579
1.2819714480780022
-1.9003883615687658
-1.0292911703663841
-0.5996714109484622
-1.2550809289411120
0.9363330283932720
0.4971758380016142
0.6526601543221302
-1.3550402985894250
0.1037432271940908
-0.4335648997988630
-0.8134149188000664
1.5903540248705910
1.0408225557911805
-0.3196374196409294
1.0512709052204481
-0.1358583564637951
0.1939926134619513
1.0455911728222524
0.1208752724176130
-0.3753436100674677
-0.3513935911000650
1.3689390149783167
0.3706925108948791
-0.0814103250067373
0.1973497480126422
0.3429854757437205
1.5489017942344343
1.1494436016920007
-0.8382160849794313
-1.5000426598353329
0.1068460855857719
0.7362334437906652
-1.6044727460390424
-0.1721193975015282
0.6408658586003838
0.3987746491706146
0.2041691899814834
0.9240621307600158
0.6452634558507754
-1.5422925662420019
1.0366194104688498
-1.0316274155726479
0.2903195097445525
0.1632123466252399
-0.9790329571990184
1.6825222063555052
-0.8807258631920202
0.5229169501700262
-0.6319613896933431
0.2570829350191887
0.4881076409958647
-0.9503880922979394
0.3793276809678096
-0.4044732648267973
-0.6822067882170956
-0.0336510462296372
-0.6451372234963755
-0.1403925061995450
0.9041149170936406
-1.0915933286003754
0.3821273862096356
1.0477022779486955
1.1456114937992299
0.3658391613857437
-0.3090656041150647
0.2905930190729388
-0.6281512446580697
-1.4288318736937544
-1.2207296935892848
1.4043707900816949
0.4304126090689896
-0.4240034155082353
0.4783671010749974
1.0100080675329037
-0.2310791315214574
-0.6762575697002013
-1.4382496599757955
1.1587474047842332
-0.4677511586365261
-1.7632717286403932
1.8105702907744390
0.5641256512408279
0.3636696923318389
0.5329098552500420
0.1012475477571377
0.3003972733218785
0.1947999481450739
-0.9863839264365535
0.7937028227141567
-0.4466919919546570
0.3159377855771577
0.0800065120526074
0.0999645393939393
-0.7852583131615580
-1.1889006406494056
-0.5273299196613861
-0.8015444996152846
-1.4183728367691115
-0.5292364053006829
-0.8551408426554753
-0.2275486530944172
0.0733800717237069
-2.3128220188767497
0.8759494518197064
0.0021741335953447
1.0969005022614942
1.8376570585091860
0.9190862089404500
-0.2010373085472145
-1.0603295715210512
-1.1200155512932004
-0.9804368731472908
0.3587829187764892
-0.9122274232976786
-0.7065827202200635
-0.9669609233540912
-0.9079887372127455
-0.3668209964091703
0.0692266536115468
0.7732000264084974
0.3336074587500383
0.4208943171963718
0.3374492494794011
-0.0273705336051739
0.1161735386870961
0.8656475139778592
-0.6373480982504636
-0.9166281140115670
1.0891566494799856
-1.0946955533553058
0.6073436050639671
0.8450731306904148
1.5016398439019785
0.2833543872921339
-0.4661653010852691
-0.7854181419517109
-0.4108535240273823
0.6328326950681780
1.5481295674989741
-0.7967905724399023
0.7417000253147883
0.6572282890466613
0.7386437140719789
1.2517391865237266
0.0660040908875489
-0.5657230099918570
-0.4391830045805224
-0.0393440099266423
1.6058497575708692
-0.0923917594112298
0.0433366168517670
-1.9304771070000304
0.1642033401782699
0.9533599231912712
0.4033679868659172
-0.0982005993261997
-0.9627068193191504
-0.5548886910351026
-0.5371397426682388
0.6709791212212092
0.3989160776655317
-1.1036452371809697
1.4594832371702069
0.1005196756958296
-2.1052985753411284
-0.0260232405197681
-0.5133422714364049
0.9992654482022236
-0.4927250639857619
-1.0747649191306272
0.2372715222009267
-0.4641841142927893
0.9791131606418407
-0.4450738770214930
-0.8414274279727016
1.0666259616201985
0.2288297698322947
-1.3143353733452421
0.7506669126675062
1.0166841509607307
0.1490282113170228
0.5813566291402199
0.1536921113733394
-1.2423383686869907
-0.3077323039858789
-0.4579487315530703
-1.4403994218303779
1.5413051364823229
0.5805721737968612
0.6202133901158479
-2.3146514741886892
0.2171484952134011
0.1719064745197501
-0.5036780522931988
0.4634684666946134
-0.6217997812294963
-0.0240774931881303
-0.1302408746795359
1.7784651901994566
-0.4603822956308494
0.7232089646328099
1.2327887257039918
0.4201237099762459
0.1742451758117510
0.1868889866942010
-0.6009710513722323
-0.7674325832359876
0.6274235889779216
0.4262567660707613
-1.7670453463549096
0.2187614196414415
-1.0829167093614043
0.1375447729889871
-0.2243789418450674
1.1146577103288391
-1.6563790339589104
0.4097128582612309
0.2759177879950030
-0.8740682774677707
0.3891331705938715
-0.1862455831339660
-1.8343346606997080
-1.3682720077867727
0.3248771899313941
0.8757904133344252
-0.3145570142439156
-2.1975417968191127
1.4132798051402156
0.0529852943306279
1.3074673692810936
-0.0117699290363052
-0.5530459356032613
-0.1131270682132261
-0.7982696771915921
-0.9741664549658549
-0.2717484410683783
-0.0620155234357494
0.2157949129400621
0.2996473733484914
0.8601273253976632
-0.8656864132266193
-0.7917254201154958
0.8923309499793264
0.2687908017333080
-1.5883192022823582
0.1039104320258969
0.8678398391502599
-1.5503902646817571
0.4112940282087034
-1.3489442184653042
-0.2091104988691797
0.5763145917618271
1.3985203517262628
0.6525746746837733
-0.2628096553672479
0.6064797524806483
-0.2737381053410612
-1.3641046826530396
-0.3939489957303032
-0.4477467281342821
-1.1009766123772444
-0.3539832367000405
-1.9582445215887341
0.8183377272171029
0.6005390836615911
0.4044094790884245
0.2362096622873437
0.6855531054079340
1.0225000067083758
1.4202440779529604
0.2494881594001357
0.2321733554934320
-1.2981328048844210
-0.6469777723482082
-0.2847517142070037
0.3922009684560825
0.3493712545625954
1.0581175835326244
-0.1392213964141386
-0.2707185803209974
0.6472830030427048
1.8622600561764167
-1.6767348077787845
1.5271692023702730
1.3584522949675766
1.1210546390007821
-0.1446193176087370
-0.0867420754039841
0.6134927391934772
0.0301924859687125
0.1922252758073160
-1.9242222628974848
1.5887628022159948
-0.9925813295252492
-0.5805152982414483
-0.8012905371702205
-1.3927398933104977
0.4697978140150963
-0.2078357841809461
0.3182466738317181
0.3647894974820123
-1.9838625579565954
-0.3896885998776802
-1.2852976860198460
-1.4502533507947297
1.7869874794735257
0.6775131158776544
-0.4691486869320320
1.3618271079972810
0.0575610634638047
-0.5633320693856371
-0.4928069425720628
1.6292970188826474
-0.3651287337292320
0.8393229872916804
-0.2215280974443194
-0.0281367366191224
0.2401500944299821
0.8516906321419935
0.1903865862309754
-1.3781289602012445
-0.6762790077836842
-0.2000544793098127
-0.3160666659342681
-0.8386106926382526
-0.8252265625897667
-1.5395273427609573
-0.8227658267276030
1.2875998655617993
1.3365920558402331
-0.0724560772284680
1.4530143933456419
-0.4709924573384942
0.2329189416859240
-0.4776019345921531
-0.3647358048650182
0.1970377109500739
-0.3021435643510242
-0.7531019503373013
-2.1691639342254736
1.6495085991088976
0.0308235254919454
-0.8802817748520375
-0.3957356487935995
0.9781993865782740
-1.7791371664609295
-1.2963231688389998
0.6475493499592651
1.7879475095810708
-0.7776813434029067
-2.1859516036367852
1.1918050287295761
-0.4854234376494297
-1.3945885250358223
1.3271892145606268
0.3517621131564685
0.0002165717104008
-1.1928188643222604
-0.4186413929046607
-0.3522109046976472
-0.2328435900349254
-0.3138462384173608
0.5130688125145256
1.4882439599600552
0.0254072455328617
-1.5979566607793829
-0.2067742532584170
-1.0236303904615831
-0.3269930244073823
0.2744127269857154
-0.8734244134784890
1.0920184534946284
2.3971780206183708
-0.4102783916627368
0.8487769754931196
-0.0376089289874994
0.0804746805034511
1.8160598407774109
0.6057939721161980
0.9199765432265872
-1.5299003593448772
1.2564504059073172
-0.9305610524863390
-0.5331790632208990
0.7841252379568208
1.7794693728750763
-0.4158382699386756
-0.5437373740731374
-0.4854697548643543
-0.8004326685382969
-0.5006351971474572
-0.4710573066909258
0.1217064244851452
0.3663767119880838
-0.5933501257256824
1.1680414342601499
-0.4179972242820326
-0.5948368732749139
0.9866693370081989
0.9532946402991932
0.7900530737817761
0.2894660357566959
0.2266482142146845
-0.1675695568545851
0.6861786918164478
-0.5543860223021844
1.0173356016060668
-0.4877956259090125
1.3339003640177758
-0.9221674957334089
-0.3271122892605661
-0.4543802412103442
-0.2777446861883919
0.1242455850007285
-0.5316204968097351
-0.1798004105337162
-0.9897664007122398
-1.5940578218223524
0.7468053067249441
-1.4506546226127539
-0.2571186861523354
0.0700942305851656
-1.5809948244566889
-0.2838141871003205
1.8378510897139346
0.1857290108237399
0.3061556694547755
0.9590646507864133
1.4097566413492206
-0.7892971945771800
-0.7923532843532557
-1.3706245011908706
0.0223023361622630
-1.1428527902039727
2.7962547844447476
0.1386478519456125
0.3859460438753833
-0.4026978197489205
0.9927596783786070
0.4846133798317054
1.9300424613350406
-0.6735931901696884
-0.8228883421382183
0.5978964372092476
0.9703418822943153
0.4114228447249181
-0.1497128701677327
-0.5758532151399383
-0.7318222412818148
0.4288611329382731
0.1203004676335182
2.1931600391852628
-0.7863626813012378
-2.3209002479210668
-0.6612110537443691
-1.0433984444121558
0.7273042874758506
0.2412486239397366
-0.6494027631652670
0.2480631676517126
-0.7237813024606188
-0.9813976386770575
1.4366728823857815
-0.1879659476361163
0.6510575076694411
-0.3325508089238860
-0.0132921944224041
0.7791791810760066
-2.2540029288480650
-1.4554707936304716
1.8444825891709933
0.1524204971968952
-1.5311916335234323
0.6960181396235212
-1.4977452435006466
-0.7641092997584094
-2.0718878316707530
-1.8602056932830753
-2.3579335835966830
0.1754012046463773
0.8670891559188705
-1.6062192548055787
0.5885733449620179
-1.3100607027534026
0.9322845403922804
0.5602067155462107
1.1335309249397600
-0.1330325428353864
-1.4575019935192521
1.0818089493246821
-0.3431710742114854
0.6364869530528745
0.4052248517116360
-2.0626633691889209
-1.3949330901485706
1.3264551618882900
1.0677832073062463
-0.5311152980912806
2.8881953035743080
0.1106791251596815
1.1519280377703867
-0.3669425285906885
-0.5183008815833128
-0.7891198619530498
-1.4324097807568590
0.7655756000599373
-0.3979101056753535
1.0035066632180702
-0.8713289067003160
0.6110133981340415
-1.7788142370381865
-1.3558153531162860
-0.9106831899508689
-0.2986108011286083
-0.2232543821555801
0.4474566931374953
-0.2921074502329143
0.4648047993921184
0.5420716626407187
-0.0232775565805567
-0.9755362925582118
-1.0020510411312022
0.2512108887914647
-1.2725495690990565
1.4012810662027564
0.8278545243145071
1.3410217361357293
-0.0698848737855692
0.1378655761757592
-1.9212329285295531
0.3140336192971660
1.6288201919360732
2.0879609696705703
-1.2980550162535027
-0.3854612682962640
-1.4326321794680181
-1.0637959141926221
0.0044868301825281
0.2175951819132959
1.6336636751092435
1.1483885140128907
1.1382905444455744
0.4612987154599715
0.2088877258386103
0.9117249633413212
-0.1750699572663534
0.5718683055293979
1.5924351792496809
-0.3844573340720616
-0.5892018426609584
0.7276813816787397
-0.7629143516507639
-0.6423597205440177
-0.2240234667414479
-1.2473748952802264
-1.2291265711759598
-0.7320967633073330
-1.1708917751974370
-1.8184847820946970
-0.5809399383589422
0.4645457187301534
-0.2558905812593498
-0.8205350226666660
0.2629852570418104
-0.4894524161416663
0.2864581384345313
0.2232339143112527
-0.9886075598155992
0.6007574177257162
-0.5968727368396920
-0.7106473327132476
0.9086457821202167
0.4825584045442312
-0.5395302502771727
-0.0225752409394366
1.3512291439141035
0.3271933024727019
-1.0263638282082068
-0.6643384556002653
0.2424341956248192
0.2446997541005449
0.3664309148064777
1.6217813784377362
-0.5869291502516867
-0.9498974965141465
-0.2169625686966577
0.7488127030398033
-0.9765865239979633
-0.0615929428303180
-0.5274185940437423
-0.5046517319915372
1.7574767498180701
1.3250399285055203
0.8057067485394612
-1.2740025751382640
0.7830876360645532
1.2863302833286403
-0.8325322835416286
-0.4073816074798268
-0.0643460872696479
0.5705439929770479
0.0125791318793312
-0.1572044875260016
-0.1575729707321445
1.4222895788934160
2.2434586766895848
-0.7335598149808845
0.9118992830317358
-1.8799691248938730
2.1226534300271807
0.5841952527700851
-0.4783559298904592
-1.8060641767120686
0.0448855508898020
0.3204274899864918
0.1137239243052698
0.5278087097037223
1.6064574963384493
-0.6484000253882234
1.3901343606002214
-0.1586499805603586
0.1752094850549588
0.5766561207161548
-0.7061157765957026
0.6178914806032372
-0.3000445101023634
-0.1106349353223566
0.7276927647743068
-0.7748690831173450
-2.0780677751919523
1.5242531068825498
1.2901971947085722
-0.3196612244785757
-1.8595076331477436
-2.1386695985816164
0.2964694459916005
-0.8013761780824495
-1.3480978855090953
0.4543649108307576
-1.0598597367959923
0.5494015229200719
0.8478629085691054
-0.5206011717936985
-0.5969655767151332
1.4942096011787118
-0.0617230272049117
-0.1363426533702466
-0.1868597895143554
0.5951933917226175
0.1594882266381438
1.9070193148995267
2.0339911263506325
0.6642766945581386
-0.3228467311156072
0.9012257186352862
0.9590174398572455
-0.0956056760401976
-1.5089842491626058
0.2777966839255456
-2.0166674437139807
