0.6746972228211555
1.0925215343089876
0.2855232746290809
1.0825358697374305
0.7815516402473087
1.0604424908325503
0.9602154006824238
1.0959462923174788
1.0928197082014284
1.0948650669829256
0.5799044737644543
0.4811898652207192
1.0844922391527283
1.0668538132481546
1.0818286809389568
1.0621575588900225
0.9300857754738816
0.7041273886702551
1.0295170272779963
1.0932922381632730
1.0861146132845951
1.0960691857791345
1.0539160788950461
1.0681718644506593
1.0110273091765931
1.0627402506113854
1.0959615624523262
1.0879733684296669
0.3772608774892192
1.0962643002753705
1.0276961603821184
1.0935579754927975
1.0905899899615019
1.0623504978803013
1.0963281101371327
0.4761121786081497
1.0911331171758289
1.0848827300679296
1.0616687330560259
1.0817918901520946
1.0758633129000501
0.9365731498792033
0.9416786582265387
1.0945476987085847
1.0764617025683509
1.0970987613041676
0.8496654297163500
0.8493058878868494
1.0841029388387409
1.0734681246313496
1.0908466023171626
1.0904038768821731
1.0676430845597178
1.0912907101140712
0.9153493568346636
1.0420441916535608
0.6726091485805462
1.0921764865134318
1.0919384773278340
1.0494777667873090
1.0896840135237074
0.3922843162640942
1.0514807457799054
1.0977416289007502
1.0425352069566391
1.0918345074721449
1.0150490849515672
1.0553113106907697
1.0885239459014979
1.0915200943418890
1.0762208801353814
0.6435599027096398
1.0960494861836085
1.0982725917533311
1.0651284217743198
1.0919227829971487
1.0785256471559017
1.0954687060958266
1.0259539406372093
1.0749421373315269
0.9326748823520261
1.0970967169003132
1.0749866895033697
1.0603353791372225
0.9778818318439843
1.0591898535997555
1.0398836141450556
1.0908899441463484
1.0982398200611305
1.0944480424755636
0.9641117100035659
1.0916400914325044
0.8489433487244014
1.0569462407551666
0.9326908765509162
1.0911573321489689
1.0167597928624235
1.0800792392315943
1.0925492626015783
1.0963550197413003
1.0744063249622045
1.0826246589600665
0.3920191327943390
1.0712942133491197
1.0869624012684740
1.0924450916027713
1.0451516284041995
1.0670641717300828
1.0854647159145734
0.9730372095113973
0.9860547556570129
0.7109861094570460
1.0953086302316648
1.0792778681826418
1.0868546017230130
1.0921732424210331
1.0477966836761450
1.0956038179928371
1.0336697409040545
1.0406627868409464
1.0959633400071875
1.0264860936676552
1.0701164461053660
0.9528713457228826
1.0689319951220846
1.0887589550286996
1.0401030582842090
1.0224457114092398
1.0809160980127726
1.0907316382889360
0.9138754852570302
0.9603545464195702
1.0971523309792091
0.7982755539405728
1.0916527092434589
0.9882347454551054
1.0189078111418635
1.0001363245772650
1.0947636266713010
1.0963531078391757
0.9598676906354987
0.9353265803172008
1.0906241124405118
0.8769220311242659
0.7007594042394768
1.0542667391757952
1.0952363670498184
1.0893226584811957
0.9851447246971343
1.0752918476526543
0.2811962527045217
0.5937018377316665
0.3295160876829412
1.0884768990242049
1.0684098304856864
1.0396776769658889
0.9501587755786711
0.6888692848635565
1.0853084933608752
0.8492707145841740
1.0634981549999687
0.9373146610762929
1.0914655968024132
1.0068929292485493
1.0542457678655419
0.9965125477810989
0.8625815283241176
0.9226302652033103
1.0801810008842792
1.0961782942193525
1.0959152946091186
1.0963118948307713
1.0733783136424773
1.0932175177072825
1.0928776662254851
1.0958695671446750
0.9999015879678234
0.2845090369567657
1.0202823387553452
0.9482306124579861
1.0782949169738865
0.4538666768168133
1.0588845551825903
1.0151765665023551
1.0902236112998052
1.0371646832358450
1.0163112952731781
1.0829163999388685
0.9752754686991395
1.0885087465413077
1.0970283173695594
1.0920387888556882
0.7620240512011756
0.9989435796295941
0.9763764370425360
1.0616675827259705
0.9914923867866769
0.9297281766674035
1.0930347010756944
1.0941688304775230
1.0874587378987923
0.3398269174409275
0.6641270850545338
1.0470423900807517
1.0943648530678201
1.0851083911771660
0.9780574150984869
0.6657239285172633
1.0940747360078424
1.0633609107420938
1.0916485524520452
1.0019858545621121
1.0965201718958195
1.0977734331643074
1.0658909533571703
1.0763078299573041
0.8448828937410747
0.8076764508243783
0.9410189107033409
1.0964608645796547
1.0964956232838152
1.0972333120442945
1.0611475750731394
1.0935711548717464
1.0912543271504036
1.0958757291552041
1.0933335430285729
1.0889914364637534
1.0966707034649295
1.0918313642706132
1.0909663279978972
1.0814485603396549
1.0791495067087598
0.8981760458363166
0.7507453073932079
0.9792466543805820
1.0781336329758695
1.0911959334418231
0.7099971019069857
1.0908031236415812
1.0811348470537034
1.0937112684962467
1.0976217084031255
1.0242441889140690
1.0940467496473474
1.0028515039607444
0.9725674395845844
1.0910013445735063
1.0972937342070808
1.0882353433659024
1.0848911548179132
1.0926570622623106
1.0814477577034414
1.0888470620993431
1.0475523762402108
1.0856683827146736
1.0131572094237031
1.0816798819593580
1.0323776498326274
1.0937781843802208
1.0744919708193326
1.0930079408429800
1.0321061728501133
1.0846363768197049
1.0893967730936740
0.9290884790162675
0.9070133023777185
0.5788596157540871
0.6883314584944540
1.0949344320639125
1.0646846151337668
1.0729620074906285
0.4155736482173905
0.6649739369729634
0.4529070102872783
0.9545176236075508
0.4711229769614836
1.0946187748052876
0.9002128328854736
1.0918859826587279
1.0857989025455910
1.0530850766605673
0.8046945185254923
1.0900885836452912
1.0914312443963254
1.0809747780980319
1.0955957962883709
1.0924591347740835
1.0840602105246020
1.0917664770865148
1.0683334350651150
1.0862953884646875
1.0805879407059120
0.3032835136093534
1.0737991927754174
0.2967639803148601
0.6992239232220634
1.0959714466378376
1.0911223583782828
1.0798325159571966
0.5093867981264503
1.0820646803138414
1.0674487661680900
0.8258566951107579
1.0982448564777607
1.0893691188933143
1.0706428199413309
0.2980304306234180
1.0946958552757584
1.0645543773029118
1.0290820537995109
1.0946058203763636
0.5783165318499531
1.0634262401192436
1.0969567498319779
1.0327023993773847
1.0872882216269819
0.9595144909930888
1.0275529641199805
1.0938348780386922
1.0421770262844372
1.0425086605881746
1.0040103931653184
1.0311184253757764
1.0936843324495904
1.0865805029986852
1.0970483284811021
1.0922843336919685
0.4505897757840230
0.6445022487032765
1.0931713224507134
1.0898624533981374
1.0476001861534823
1.0919634651933474
1.0678310447384631
1.0945319866143657
1.0951629131207965
1.0706258898054932
0.6382910813240769
1.0984790908089568
0.6541488669272025
1.0750415883316624
1.0465521001993372
1.0828326587378991
1.0948455424737324
1.0810576529038014
1.0783257041675156
1.0954731754090257
1.0874728727401870
1.0582222305989573
1.0691682400383959
1.0851410400889050
1.0700379835451892
1.0810136537730699
0.3258649107866745
1.0494689225185450
1.0125392423488546
0.9721540325262262
1.0987562652984884
1.0515235678599137
1.0792366878068431
1.0991920521747909
1.0676881678991306
1.0881420160711710
0.8809608612945219
1.0822980565554350
1.0896132397790292
0.3629250829344959
1.0912026145844209
1.0120970386006558
1.0932736413609534
1.0760294450959809
1.0923202415074678
0.3320960481071951
1.0720777168613540
0.4447466639637353
1.0963397605208836
1.0903725278634584
1.0268320779342885
1.0684384707755583
1.0026598340946133
1.0940323572054067
1.0731339430191953
1.0972276828923364
0.3726508845829292
1.0456591852652337
1.0335162328106178
1.0977403210941552
0.7471061702651204
1.0789359984611493
1.0778529719778747
1.0939827023080866
1.0945721137927023
1.0753068954650919
1.0934333847198643
1.0789068490931200
1.0979788100431707
1.0952070283508637
1.0616808832402318
0.9171552139880356
1.0676724823375063
1.0327257032369148
0.8594153588642071
1.0921552358162698
1.0671789552392712
1.0964346313119118
1.0672132774036420
0.9399717374728694
1.0883313148345359
1.0946838560382521
0.4726598484535099
1.0744086824996992
0.7409263665859604
1.0981326950498012
0.9279924716072924
0.9922832572579997
0.7819175884540304
1.0798971387168028
1.0883026021605744
1.0187776565181446
1.0158041501163968
1.0986325200896994
1.0716143390054238
1.0262759630717606
0.2809312922223545
1.0884574691529891
0.3819548467529065
1.0722569891149962
1.0965086525685805
1.0743275258643834
1.0922118742259821
1.0762169369905141
1.0963472097984295
1.0895022369770928
1.0955097901065145
0.9766019829942154
1.0970141527939223
1.0857852636695782
1.0936221079072548
0.9222441104988699
0.6648982782524155
1.0948396021362070
1.0877848861854997
0.8894999385905987
1.0447386853131311
1.0889392248191723
1.0788208237254409
1.0956945218001248
1.0776343488209958
1.0955983892277987
0.9910139681484519
1.0491478523534128
1.0823725328017191
1.0782323889778580
1.0932242855662728
1.0967774482353601
0.4297659028409139
1.0961335992192056
1.0959333222643302
0.4055872964343863
0.6610561444355321
1.0846808775167027
0.9925925619812570
1.0918669584550502
1.0911870258671235
1.0969069977046444
1.0863834929076344
1.0411369392386638
1.0724756561465398
1.0760663094904608
1.0954740866400130
1.0923189526024921
1.0355725432528184
1.0732973161127530
1.0802359707304019
1.0608890001793445
1.0923036633108723
1.0912825056451816
1.0106362176702737
1.0897521343499692
1.0153788458782567
1.0889090900068092
1.0885996583326150
1.0879487215990324
1.0786248544979513
0.2833644150674973
1.0976755729785002
1.0951254345589385
1.0428215888808490
1.0920415455908088
1.0667944874842286
1.0948318248730911
0.3990655154940340
1.0884117042229569
0.9228283821506162
1.0926210018316733
1.0982026981009221
1.0967653020388681
0.3608033441504556
1.0904290367736635
1.0953771038160032
1.0937280636867874
1.0914674821487249
1.0948891100375473
1.0519788574649203
1.0902902333957718
0.8156417647348972
1.0897737608017541
0.3569445925685195
1.0948490395785748
0.7705900165943121
1.0698046923954081
1.0552854920715944
1.0941185513922267
1.0905786831863613
0.9496216080371535
0.6094380486037998
1.0541153308807616
1.0899563799349519
0.9782298198895760
1.0763724244758228
0.6926389932867477
1.0800030548128596
1.0871460308594298
1.0787774151005216
0.3656927721871540
0.9092770002546789
1.0530047606330857
0.2984252110467079
1.0599361234645299
1.0934915325376851
1.0976428078425273
1.0945771825232269
1.0806771259183183
1.0920153225732570
1.0934753688966157
1.0919081476562700
1.0463675830450885
1.0771109994508785
1.0614603765276278
1.0657289232486489
0.9952609378264844
1.0852649289636418
0.2865839773219778
1.0952827754215808
1.0451551773683829
1.0870666237362312
1.0495177438177825
1.0394134532199677
1.0738842029214914
1.0683676060593781
1.0907435504708864
1.0951468271824922
0.9687419157921836
1.0648769640152782
1.0969859499219670
0.9371937907353247
0.8915127428843834
1.0796492947546914
1.0846060905239423
1.0953990397019353
1.0799238571588143
1.0785592692250041
0.4909302211406165
1.0297888577171062
0.7506555865817581
0.6988355791752504
1.0975236086501783
1.0315180813112472
0.9921515328380692
1.0926025311703178
0.9426645591654942
1.0401141927063065
1.0949916017991694
1.0857649080206302
1.0886119860944765
1.0988379196131972
0.6947892482419686
1.0656450291090025
1.0958474629552504
1.0939715943642774
0.8535959604683878
1.0121403685029331
0.8877202847920557
1.0924407014319233
1.0880371866499197
1.0590959773607023
1.0983922107799724
1.0637830165584536
1.0288664668783225
1.0951459102809233
1.0918942118290700
0.7819536803080456
0.9872738783471083
1.0943708691706113
1.0882833344141121
0.5985829893031395
0.7966805545560572
1.0967597738598707
1.0987675878696948
1.0275771147822610
0.2836088216087844
1.0962130319499988
1.0948843451236447
0.8589653266760801
1.0901647640536998
1.0878371063845966
1.0851648677757171
1.0815372145495941
1.0929869477193672
0.8507867586559621
1.0909238588777983
0.6080364757743357
0.7152565092189531
1.0923808117901894
1.0621871823999964
1.0967783333678827
1.0577315308198272
1.0827803270909859
1.0895355446584469
1.0779254005279122
1.0470463653968403
0.9971197319011407
1.0870412757700298
1.0601614773372834
1.0670176812961951
1.0919827252566412
1.0691126883016664
1.0944614048780894
1.0968295782708952
0.9785205366125709
1.0912630331677933
0.9012597776401310
1.0755501419304863
1.0537445568780117
0.8803300930341266
1.0594042366665604
1.0943912919107122
1.0803745453392790
1.0843198920201054
0.9304911186707517
1.0961390194620326
0.9962666878706593
1.0779280670351938
0.9946326035089074
1.0736734518032602
1.0671532895062663
1.0970839427914230
1.0737229775148680
1.0260555140687906
1.0858005183864132
1.0512300913882697
1.0310932381245106
0.5969218413118451
1.0792339934629989
1.0975451488858794
1.0652866149111146
1.0853846533668130
1.0762404473053651
0.9102481043034121
1.0850714028914226
1.0855426084642681
1.0860332769178229
1.0923957678729637
1.0831489963693102
0.3848547581912145
1.0715875033895228
1.0242994486443981
0.9800401275066083
1.0953511271950362
0.7733631043425215
1.0911014466638267
0.8042707736044459
1.0874172856072595
1.0976942175952844
1.0781636572249669
1.0962156465513411
0.7918062609588882
1.0958715931186278
1.0949792681182988
0.6347212245356701
1.0959242607115480
1.0568256009362351
1.0605152485797771
1.0917339808826754
1.0210779506657641
1.0946556876538422
1.0959964293738989
1.0722529126453220
1.0969405901170870
1.0876818185716459
1.0951917932016988
1.0874657749079650
0.9970834136140566
1.0922270526824491
1.0952000153058303
1.0061424246109700
1.0631952152932411
1.0828400802803850
0.9966238152178049
1.0973553242202789
1.0477728074145192
0.9990456396979761
0.8700744811014998
1.0876790882532898
0.4440605573697056
1.0875201694660686
1.0673664216270133
0.6196041079845437
1.0586563845956301
1.0761499426102121
1.0977175230369183
1.0901462404948119
1.0922342722702190
0.9200552815695393
1.0947662241947123
0.8111449530634554
1.0825408580508613
1.0682426364743740
1.0852005497227575
1.0773034127892778
1.0945692985532027
1.0886163252627321
1.0883310244121078
0.5011388710886949
1.0907296841165974
0.8404150443368485
0.8394292328215994
1.0959341631301081
1.0913386967712684
0.9865517319749735
1.0940793956410961
1.0891106838601841
1.0711959445178156
1.0344832405097266
0.9637593752579967
1.0355662214503099
1.0539293345398786
1.0960168832740973
1.0659900833269798
0.9500745514666076
1.0560824608745536
1.0843637984579844
0.9853184708088618
0.9403141298234393
1.0812281097077905
1.0902264511737660
1.0973768777984616
1.0786972695003956
0.7396721255312260
1.0304424941899488
1.0942526994228738
0.4233625072421951
1.0226338185986961
0.9828781795577235
1.0714497305126285
0.3728296602929409
1.0774825320969423
1.0872282950649799
1.0038491507360543
0.9447074258149547
0.9783096325388990
1.0138025930342700
1.0616047080985582
1.0699964534424979
1.0434816334019870
1.0863816226542806
1.0701997827574266
0.7527694885218175
1.0873410865374127
1.0964590419272824
0.8806298854915362
1.0843604429577742
1.0895300514110013
1.0886846746337022
1.0443864290604450
1.0547802018124304
1.0973175203390306
1.0923334692358302
0.9825687464196636
1.0944783510183014
1.0925468267832792
1.0844943900780446
1.0601665216558913
1.0941916910336564
1.0882627810395029
0.5491601811388115
1.0750652071930114
1.0439167421823696
1.0592065272125177
1.0820833976905357
1.0976228678522253
1.0755482458532470
1.0812003844273799
1.0745762397364520
1.0935985500485861
0.5456338969404910
0.6184224925340085
0.4289943645161954
1.0838653837644323
1.0743975717688325
0.9955505692570338
1.0939979517745155
1.0905487223906662
1.0886984258859775
1.0621858617326381
0.9001068518282004
1.0929584730450439
1.0957581696211467
1.0608562672686430
0.3268865240711475
1.0450716917364098
0.8801601436871753
1.0811200518417192
1.0962812696572646
1.0957254513543935
0.3299288219426817
1.0940433326347623
1.0959434766178582
1.0885683710305807
0.8077042377149179
1.0335944862079229
0.2989475618189025
0.8646882115511133
1.0988716211179512
0.6196685092578126
1.0229649196338431
1.0866636531642671
1.0825213141383812
1.0970273482112174
1.0978659534652251
0.9938784682386783
1.0908992068694139
0.5018995535932286
0.8660032316531517
1.0786959040874105
0.9818988942027568
0.9176648164609725
0.5008375633311130
1.0172662795628029
1.0879579873258789
1.0940326434727796
0.3014096570474631
1.0690860414693826
1.0876795661900767
1.0958780642598529
1.0916082071327762
1.0946117746138682
1.0809641874369864
1.0965410778950655
1.0203384354537521
1.0953186128548471
1.0912802065915788
1.0737981049632879
1.0622339916786816
1.0949499976996113
1.0922529674744141
1.0862080905656386
1.0837809196536889
0.7177179328769592
1.0948669345956337
0.9387605581089096
1.0856839470628112
1.0662848010142199
1.0817120133073801
1.0922483652899928
1.0955245956636532
0.7842166018362324
1.0499594787129622
1.0979041078385432
1.0960061047353298
0.9405968719173099
0.2932743325634016
1.0850252494869652
1.0935668334392561
1.0906231422712267
1.0601025552530174
1.0867173078125516
0.9869905899200381
1.0747351382665724
1.0931340381214534
1.0547339153149939
1.0949066422935771
1.0872841333466057
1.0928483305518342
1.0973888782049648
1.0941921186482282
1.0890947919670058
1.0946385691455653
0.7437447232872384
1.0932541681148789
1.0966978935811382
1.0833709477311044
0.8964103473005139
1.0344520245826312
0.9628751792287096
0.8989509379413632
1.0926819463368809
1.0937944556926031
1.0974727049867838
0.9262892242213416
1.0568788791245443
1.0927756998056757
1.0568745068101422
1.0786686570776307
0.2808686723015419
1.0972516857229297
1.0899573212806957
1.0354122776062458
0.6741939460147452
1.0949173877775318
1.0919926990766879
1.0950407663169979
1.0194307907866473
1.0375645774087361
0.2808795436827433
1.0841250873967183
1.0876566126253742
1.0821467761066919
0.7859242178402167
0.9012974152964488
0.6053326831726782
0.8708483978939686
0.9620131424021521
1.0444675187701951
1.0850000100240815
1.0074640859483646
1.0941633263377157
1.0911157015814512
1.0863458536843789
1.0768302897703845
1.0622958236536399
1.0828935870430851
1.0898247774003471
0.9710369007511820
0.2992343993003637
1.0478942593816920
0.7772108846428124
1.0375826326311657
1.0723891946816664
0.8690095776037999
1.0834204792961859
1.0932416652486063
0.3457419073601258
1.0287268857739811
1.0477836856032527
1.0925050352400252
1.0901234215915769
0.9541066998328234
0.5047100106496348
1.0823265324032743
1.0296811987861019
1.0842943778941689
1.0984616952025019
0.7106694178012848
1.0794823591737821
0.9934101725047695
1.0866262001585112
1.0955877480923153
1.0968088976210786
0.5348459187171363
1.0437573990004512
1.0941831391955243
1.0868655270726093
1.0971324207281388
1.0916678248249114
1.0925933729582078
1.0549544016330508
0.7222499153935406
1.0811274219295393
1.0934296812352822
1.0636701986315928
1.0674374179874935
1.0410741483310837
1.0545652533309064
1.0813414601883182
1.0962305915886155
1.0879685614387871
1.0943690030853173
0.7753703263424041
1.0836174264967757
1.0967799102147358
1.0978050889274316
1.0325664420892608
0.7862421516308501
1.0977957448370890
1.0767263566675398
1.0639358191984036
1.0975560843432053
0.9237766569320259
1.0501653999609644
1.0834582111427706
1.0665022188489344
1.0462549852924665
0.7627190744881474
0.7765109968654834
1.0854244747542026
1.0967452363452246
1.0717329056904930
0.9039696089742123
