0.3835867749694410
0.8014952771969268
0.2796228384905216
-2.0003645724804877
0.9125819260606879
1.9490312251206978
0.9443586979412583
-0.2704123896015296
0.1479889530027604
-2.0182464287597019
-0.5215778708482423
0.1648337280569067
-1.3433830726188516
2.4509499134904740
1.3658409475460735
-1.2733703496436430
-0.9367910268142781
0.9468542404570423
0.3963095424137142
0.6297626090493308
1.0407881846073608
0.4837168525239852
0.3791733843981118
1.4029966475667175
0.4593274146875049
0.8098096448079305
-0.6973869262801222
0.6399191264436331
-1.9043207208161577
0.7316918133480274
-0.6293887997564014
-1.0501492777938652
-0.7694748083858121
-0.7724144852364047
-0.5278860971046357
0.3109180454375787
2.0348613815025720
-0.7009411165990497
2.1166437973854775
-0.8276600988725078
0.9955960195641281
0.5481163382718429
-0.3405014741653869
0.7046091556920522
-0.5452984106944144
-1.1773031965209166
0.8593478232692903
1.2784960025684788
-1.2778572882032475
-0.2483200146088875
-0.4988001572437216
2.3090510002925275
0.8290122827126760
-1.3116847695513116
-0.8687250015977314
-1.1711469160801873
-1.0581924820363087
-0.6099761678671427
0.3228290891333191
-1.7527943548697240
1.5654795612832435
1.1751102371341393
0.2430577531333206
-0.0775810818609322
-1.8018761019131027
-1.8205611353219200
-1.2533526963618811
0.5795479414857247
-1.0103906501660787
0.4453544247220013
-1.7201351403224709
0.9891894317546190
0.7728435892638854
-0.4759622403847574
-0.3263334500186593
1.4269850578795726
0.5189052753419245
-0.0743648186820689
-0.6160775679594070
0.1443172073771158
0.9929569332157273
2.4609875374629682
-0.4603746257772554
1.4867675610672249
0.7630165989236365
1.6504155226512749
-0.2133627315858082
-1.0781672219509524
1.7051246348709470
-0.3727449225324405
0.1980733700624430
0.5548240937143855
-0.5675936706740187
-0.3332308949922707
0.1627854951880136
1.1370447831200547
-0.2446502438824485
-0.5123881884679121
-0.6913911904514600
-1.4158654762866090
-0.1462243608914242
1.6167122623077954
1.2504365188634461
-0.2264138962447294
0.7340958757802589
-3.0621978777803185
-0.7186565080993773
-0.9075209220633546
-0.1931396645133660
-0.8869859179873688
0.0597929739450083
1.9468315659044226
-1.4365509535686796
-0.2173615439450167
-0.6771536753807625
0.4362311139876068
0.7766659483618646
1.7738594222200998
-0.1894191152173013
-0.9207734234329876
1.6231900457124770
0.2477428696826546
0.8469080857949940
-0.0391405410687572
-0.0939237441291616
-0.2641587768182746
-0.2064711292675850
-0.8952760016359625
0.0774856854694523
-0.1801417647209595
-0.7551335104784253
1.0216041369966511
0.3342892550318204
0.9200383493341796
-0.7815424855829007
-2.7670682150288171
0.5973776731170705
-0.6506137062174346
0.9717303572766743
0.4631133671517688
-1.1658973247381059
0.2096658633832169
1.3350297138328697
2.0941093874103474
0.2562298691695075
-0.4546960930149719
-1.2132965635135844
1.5497674568699678
1.5821061946846624
-0.4347962738965759
-0.1323791278848209
-0.8886348224548277
-0.6085957171217418
0.9067990486625944
-0.7756282876907636
0.8419500797090426
1.1318947316316577
0.0865231462887834
1.1617991416428604
1.3112305391253551
1.6761391630326650
1.0268136368126350
1.5236525301250305
-0.2761776814528750
-0.7562482476595046
0.8804823557823779
0.0479631571267200
0.8682349303621940
-0.5241015819012513
0.8220210374034772
-0.0846677460866219
-0.4672109529727869
1.2552292680540074
-2.0773388307080594
-0.1856407355387657
-0.7846165423217188
-0.3319693066645042
-1.5655621633211931
0.2759491141464745
-1.3570201346772959
-0.0299935972301285
0.7385571807422920
-0.6835949664135536
-1.1114307727451327
3.2028272351078413
-0.7772211706274577
0.2224096845530456
0.3947130731319523
1.1205514520224840
0.3173283328706391
-1.1002119297852566
-1.1292078094603186
0.6449765509767162
0.7705250286787577
-1.0316358907885119
-0.0727252173794612
-0.2066815181740657
0.1204470093044729
-0.4772213807945059
-2.3391235565544704
-0.4944436582461095
1.0785160471529989
0.7975057645783925
-0.3398747499300490
-0.4172318130292090
0.5097791317511009
-1.7609586294332000
-0.7443794156159982
0.4770115575827950
-1.1942378855684406
-1.4795083349401768
-1.1097854545170636
-1.2421430433821130
1.6572958017636339
-0.5094331273521980
1.0159859731221714
-0.3012584518247596
0.5388444141169212
-1.5078118092167585
-0.5159564899982177
-0.2811351199614914
1.2831836557378855
0.1756707679654972
-0.8837907539538804
-0.2890139327671567
-0.8575162631038753
-0.8071794528619387
0.7871331976911604
-0.1619358264939360
-0.4148207838833042
-0.0146805962563451
-1.0879148449674565
0.4737728863679780
0.4670087051562592
0.6979689368164281
-0.5176247983895711
-0.5532631657483678
-0.9029613349875596
0.6630424290492749
-0.3871970968420692
0.2753661942221602
1.5927428909545940
-0.3226808118920881
-0.7025583763901981
-0.0773441908821477
0.3661785269625689
-0.8022284044018563
0.0118119032382742
-0.7370315641960642
0.4282922153898925
-0.3382178443989503
0.5858852641838534
0.0796434257337923
-1.4944243648152371
0.5755527308485248
-0.8728848628921155
-0.5785686016640280
0.4745336315558385
0.9787687729648111
0.3551496834163755
-0.6910082270238560
-0.4538694330662658
0.3345484364338897
-2.0448037480335799
1.3946552473141136
0.2853687634949277
-0.2522866686764486
-1.8169470945334529
-0.6929584727920566
0.6452840443925618
0.9677406063195131
0.0017027585542137
1.6602116790907322
0.0471309634806013
0.1681175048762073
-0.4318426750413558
-1.2907538459735990
0.8778287990899167
0.0994589977032326
-1.3423441164724692
-0.3308921809231327
0.5480636952015320
0.1116223523198694
-1.5858756573070709
1.7611734399209731
1.9598264548023598
0.5968490966656714
-0.2253128343829524
-0.1193257428854948
-1.4442979454119196
0.4675223618404110
0.2126167940479537
-0.1939040949588766
-0.3445063904668001
-0.1987956422324784
-0.2215718225685336
-0.5295495504083569
-2.3518963554883956
-0.8807644709054526
1.3561387577847945
1.0421677055863348
2.1943399936358108
0.0810841288280541
0.7076177395395962
-0.6557874579530034
0.1184407252931903
-1.0512585671388051
0.8119189607588897
0.9736677224861947
0.9184599528495785
0.6751365776145142
2.0052319961340657
0.6389206528027928
1.1705248686796259
-0.7291178106637742
0.7067604677455204
0.4816671836150177
-0.6394084754260505
-0.5172507378776355
-0.4191467774577415
-1.1090932658815291
1.0534897741845068
1.0505802020329893
-0.7860592898322445
-1.3528614745426131
0.9761922515557786
0.8816631628312719
0.9676680684206206
-1.6265162357186798
-0.4334185399181668
0.3785410175039567
0.4182460586712687
0.8599119182413879
2.4222926505662694
0.2097160857828389
1.2066357835995933
-0.4722491054892218
0.0460602920096622
-1.2442908288408518
0.5112213113702169
1.8406321873722233
-0.7303755810111690
-0.1128094443188209
0.9652550940549413
1.0967162394723102
1.1639622551300781
-0.5335954309139196
-0.2512300680177306
-1.2672832296331777
0.0471465013317522
0.6455816334214738
-1.8263558245030704
0.6814859675600959
0.4899002660394721
-0.1577079210803288
0.6245380183896272
0.5146154315518684
0.1057647291976787
-0.8033206109284334
1.2802855124242338
-0.7133543718101938
-1.3526390338784393
0.5699236755808386
-0.6760896919289645
-1.0469063314945410
-1.2976991163363623
0.5322749359738118
-0.7802498739077801
0.4274095829193870
-1.1883978872050973
0.7597084211353186
-1.0386223187309629
2.0161052050831705
0.4226644550063570
2.0680784434785342
-1.3707768991675930
-1.3948567906246561
0.1739658007570162
-1.0132777146526750
1.0767534307372955
-0.2685758251223523
-0.3020451220191834
-0.2120757751672726
-0.5491571173208269
-1.2184332135598650
-1.4288049951828035
0.7077435446150114
-0.8054304051062919
-0.9340383347637236
-0.0373338251298118
-0.9792970816700876
-0.6889291292291380
0.6330026047129145
-0.7168765917938045
-0.7431785547295611
0.9003710094113571
0.5580026877776123
-0.2201312527971018
0.8849154023772139
0.3005864273464283
0.4805896323474452
1.1964192657844159
-0.0389058058588132
0.3548743041718316
-0.5817261004831999
-0.0754137984779756
-0.6414539084499783
-1.3480139465180059
1.4509046412085411
-0.5985268668622620
0.1505696574328194
-1.5974142424345690
1.6161870925176547
-0.5026517935211177
-0.1050601417743303
0.2078039154251545
-1.1799024946629004
-1.2152861096722063
2.0512961180717730
-0.3305870846058830
0.4628856567379678
-1.2987952934020592
1.4590577447844542
1.4094051435783934
-0.5177229144805665
-0.1302839396985558
-2.4224607365700019
-0.5695759079611478
0.5975355646912405
0.1316568797712187
0.8263273598478152
-0.5912123032600078
2.8027989999030516
1.1784099558295154
-0.0090708874330569
-0.8565276228415485
-1.3643696156869076
1.0232246481839042
0.2085051490072019
-0.5260836675463596
-1.1898895591104990
-1.2419954869993963
-0.5741950147901613
-0.1557850222607171
-0.7718150990058097
0.3958570260989730
0.0357856621163796
0.1583447743189174
0.1932574714512731
0.6032943693967274
-1.2113163928062252
-0.1085319607994593
-1.2896739871357730
-0.8436387076974203
0.1798386732413629
-0.2352814613649027
-1.0772346617203865
1.5863554097279537
-0.8554483684567908
-0.6415418993313577
-0.7859423300891477
-0.4710253089682310
1.0332766989707811
0.4373588994964838
0.4966607609318412
0.6424936750609804
-0.7888509227363134
-0.7215518788842752
-0.5108450648117401
0.3501199224874725
0.7336152715786035
-0.1387965848867060
-1.5627427953253501
2.7686502538246756
0.4514980006127042
0.4959882165019132
-1.7528631629669211
-2.2659652288401939
-1.0476238253586283
-0.1433633204029939
0.2592010821820424
0.7615066031921880
-1.3534333464748545
0.3750944979142876
-0.0264740895277729
-1.0362116157956500
1.8380365827296554
0.1513679893866879
0.3873130591746162
-0.5310719675733140
1.5139975350955068
0.1305626976330693
-0.6813840160530509
-0.6304764712442493
-1.0909176500538371
-0.2833705508656572
-2.1114596039757259
-0.8208552125318475
0.6113135138966207
-0.5594656402247143
0.2953068790653340
-1.9335570919683063
-0.3851436946566918
0.2200548737110236
0.4460526628222905
-0.6326233934720612
0.0923001136071105
1.8659413977355706
-0.6040310931306553
0.0073975894484427
2.7649880905908981
0.0244193090970199
1.3066515410937170
-0.8250204704683575
2.3448815382392465
1.1003019131724894
0.7190197508854002
0.2470248753348130
-1.3209853316970537
-0.8487930288405090
0.6366041686691835
-1.6174144190479052
0.9296382919255832
0.7246511083631739
0.1995825661856237
0.1250082222160960
-0.1851744125874662
-0.7094695485493409
2.1048619143977372
0.3413009963520107
-0.3853437680185264
0.4416110670958887
0.7090424819290371
-0.3269175130466730
-0.0849613259896208
-2.3631566183237709
-0.8929873984462234
-0.4037860782446752
0.3939213271967534
1.5331080698483954
0.3277277712652332
-0.8422928009937183
-0.8967028694664049
-0.8337369196123960
0.0299421052153510
-0.5870102998593439
0.7201435850443718
-0.1952761568235477
-1.2546077084143379
-0.2217631235052671
-1.7653256271107762
0.2306516513707048
-0.9103647457186976
0.6018718413801023
2.0800837270610288
-0.4185711830821140
0.2024882369648493
-0.1842284882266277
-0.1070707405659582
-2.3757139801531291
-0.3124081541287546
-0.7229771758855911
-0.5309892336242277
-0.1314442317697236
0.1714691783153191
-0.1193095135363977
0.7765782510032316
1.7827440765794773
-1.1243039047535603
-0.7476136394261390
0.7203335856447410
-1.1266282973711734
-0.9041448934651258
0.4780502921126690
0.4307169384790963
-1.4574003168918575
1.6104738591836500
-2.1584697343862107
-0.1258263423079577
-1.5215582750101038
-0.5828224450077040
1.5975900635412259
-0.6256089713566044
-1.0519801426703246
-0.0672591761909318
0.7171017894821519
-0.2625255445520622
0.2096311879603834
-0.0375352002009506
-0.2140257951077023
-0.5147779732857041
-1.8762875656374520
-1.6869240130831473
-0.4057178221465403
-0.1773600141919638
-0.7594764579720643
-0.4080826323898604
-1.7654312439642241
-0.9021909353764050
-0.7910509854436959
-1.1645602306522780
0.6158057832290430
0.9221819491721067
1.0688671654714752
0.3472126596885677
0.4195351849333734
0.1407006702592322
0.6524005600721996
-0.1639272465781631
1.5041562639839576
0.3897956761459694
0.6258858445536285
0.7510486050091975
1.2742904209529655
0.6858192824757262
1.3102642855285747
0.3662588604680104
-0.5861559233084935
-0.4282875299053908
0.4694541360606599
0.2148956847110703
-0.8174265443785770
0.6629896796526877
1.0198457000216377
0.6230472761135892
-0.2376378858677229
-0.2940590349821403
1.8894272574134445
1.3617295399606575
-0.0387634272303396
-0.6922778661477343
-0.3115799512454930
1.1355483816249639
0.0808843160801205
0.4253072961926716
0.5460121890253400
2.3911049115209471
-1.1276342795815388
0.0604227785050814
1.6449983773186432
0.3102536334080539
-0.5088456664694659
-0.9591397689338611
-0.0891303298730853
-1.0530207255147110
0.7858000758565231
0.5540235126154623
0.5956944647439903
0.0534257873426916
-0.5684805238741515
-0.9052300363084433
-0.8706955042737129
0.6228461488848708
2.0270636115354246
0.7678212173389216
0.2521178151372478
0.8022675601656927
2.3638176457847591
-1.4872751133121251
-0.2763657592901010
-0.8251265431352257
0.5359108430667473
0.3195399922067260
1.3858073880558726
-0.8241774732446324
1.8286201791957948
0.0997619777001734
-0.1675633241755968
-2.2192434192885866
-0.7401255127286537
0.4390695745052913
-1.1047677535872629
0.9292930287907976
1.6911086289042436
-0.4482798610683468
0.0162014771050794
0.7374989375888534
2.5460615285528800
-0.6867708393645111
-1.3538582157139853
-0.4313801370439769
0.0958141925274001
-0.4916272622914925
2.0451371519028045
-0.0007483760975548
-0.8153283643845701
0.6444481854935566
-0.0026191940233055
-0.9918479799218568
-0.6896631001709522
-1.0421376077404321
-0.3218775619055331
-1.0469710578457243
-1.1262971143889970
-0.6919316389163048
-1.4510481373894462
0.0250107427197414
0.1755641724623319
-1.1344981383969417
-0.7733225855414194
0.7077151427871408
1.1619717886583036
1.8575554302400312
-1.7769318609934903
0.7609343135093608
-0.1832403731511567
-2.1400673856914851
0.1287335793574355
-0.1754776544018664
1.8077317728017295
-0.2658410258195606
-0.1270933117663033
1.0943299359281531
0.2112954634307497
0.2179747943763949
0.9422457603126486
-1.3221319984683373
1.4604147270942889
-1.5879449158129839
2.0523353259741848
2.9508695528441886
2.1228884672849464
-0.6140975769581787
0.1831347428582776
-1.3611488769762319
1.4532417885135933
1.5351188067687178
-0.3501668278052778
-0.4868875915802442
-0.3958560548648106
-0.2119431106545598
-0.0817412552597160
-1.3407016073958005
1.6757238037067763
-0.8111305616386634
-0.8060788470584388
0.5830254254156213
-0.0223262466250446
-0.8330437364931708
2.1329753615775942
-1.4072428564732122
-0.9445938507953715
-0.2782840520826366
-0.4362173313546397
0.2439992555848265
0.9546182407894801
-1.1183540916272063
0.0478830579546607
1.0092028349178901
-0.8597807270641362
-0.0778697312042312
0.2672577464948350
-0.9017080614735301
-0.7018044333437612
1.0966983687601777
-0.3155799249376504
0.0136562999653933
-0.4649262638904521
1.4774890245497871
-0.4516615561330082
-0.3650364986937230
-0.1706616296735329
-0.6938163028417768
1.1304128573630452
-0.6198978980802838
2.4496382061048205
0.0636657249220733
0.2019594640639847
-0.3913050347514628
1.2437163943271856
-0.6779178369338166
-0.8596108779184061
-0.9505524637481949
-3.6272519908108585
-1.3745981636745772
-0.4035507478931573
-0.1292179867648409
1.2900917339852187
1.4784174443017180
0.0628255498522841
-0.6649708039845740
0.2150705691641024
1.2691542718577129
-0.3651432191617425
1.2166501187716665
0.6743731305724101
-0.1096629415803818
-0.7699282596268762
-1.1005368289036004
2.4785162051167617
0.9301069339164973
-0.7578140823877926
0.0141941339971995
-0.4811307868683353
-2.4272577202637176
1.0699819268125659
-0.5171924433475646
-0.9145835047049560
0.6359252466475568
-0.9619732558033393
-0.5269291021807526
-0.3960835677941522
1.1403254635305846
-0.2470239297859855
0.3851017810249971
-0.8206104194366513
1.1310435056726134
0.0314775279374001
-0.8104113830323917
0.2347060312126471
0.0741888919513152
0.3926862800568643
-0.1063291661457491
-0.0345983281876835
0.1615628782584423
-0.3012667573712950
0.3847531680681876
0.1171823324756124
-0.0183757228286291
-0.1865122160625111
0.3924401242776060
-0.2006610505135994
-0.1226117547038981
1.1520176764801158
-0.0094481898095745
-1.0389365462939795
-0.8707038545364794
0.4279788070367167
0.4339402194234036
-0.3306624492618830
-1.1287751791483784
1.5027145818357828
0.2810284424529720
0.7475482983974224
0.7951606494486152
0.8066293206179543
-1.1634667651955657
-0.0592501323488151
0.7827228696761601
0.6182031313713134
-0.8704985367077870
-0.5074570312060889
-3.1082330599884513
-0.4928987234763857
-0.3173743395825024
-0.5126010487128101
-0.5391429676347853
-1.0549558288074778
-0.1765983847029279
0.0417541211516109
-0.0578235081084335
0.0819184155109876
0.3037822523837722
1.4632017243804742
0.0235192251436698
0.2420906360625888
1.6398630932137490
1.5437929006674129
-0.6056124566664766
0.7504261651255278
0.4962134163582048
1.7714603678462078
-0.6167300987784430
-0.8950063188786282
0.0543060329346453
-0.6403307114237876
-1.6619210569541349
0.2819557231798916
-0.8022951263122693
0.2950311967134693
-1.9131754485311059
-0.1503183315576523
0.4045045196382533
-0.2687838401788403
-1.1381078880726601
0.6548081871466948
-1.5085388312016070
-0.2515401133512852
1.6724798273919894
0.2976534247223854
-0.6641484831594580
-0.4496015382996533
-1.0917584731954666
0.7552071509920733
-2.4148187718923420
-0.6609563771271070
-0.6718955532791437
-0.7063008386216243
-0.3365351216485083
0.3318688623084487
-1.2020413958010734
0.3445795849520411
-1.8477942382734123
0.5396620732417119
0.8298006065050536
-0.4852254213605017
-0.7297606014578456
2.4700433547672165
0.8178127206764800
1.5445517543605258
-0.3659298544925914
-0.3570152950891750
-0.1029693465370821
0.1391662549043953
-0.3478859846686109
-0.6351636367749450
1.2412936181091065
1.0102931303239739
1.2679384493368915
-1.1864773530707504
-1.3159644083042568
0.3290490257120250
-0.0524989231342990
-2.5214346227208546
1.9585559903418337
0.5075913276558900
-1.0103471507047670
-0.9098468151519992
-1.4031871571490311
1.8871210842672363
1.3639497849248279
-0.3496638252351074
0.9280911472971564
0.6603865599159390
0.3959768748375899
1.4420728977103883
-1.8936774896591717
0.3943798144602871
0.2679168640588572
-0.2494781362990621
0.2393851326629874
1.8775899983173290
-0.8041698898449131
-1.6322167151624991
-0.4050579254612697
0.6197544855040255
-0.9906577510986193
-0.4320904535216364
1.6477821065389839
0.6292618973949886
-1.2027696297947719
0.0811286342988382
-0.8198677209659260
0.2725003271762341
0.4722128107728392
-1.1275228571834983
0.2060970142180039
1.6122779042095812
0.3612859034455759
0.3441813608100270
-0.1729261122124245
0.3036061077027297
-0.9290497766767738
1.5239059146898355
-0.6519151491240014
0.0914489906664075
-1.5362763640392214
0.4983518089820393
0.2728347808027305
0.4338350009537404
2.3479101623208880
-0.1862507208460070
0.5126277261464125
0.1208564526125058
-0.7744914372301842
-0.8435037977286119
-0.6387335872114204
0.2855339904533513
-1.0194641862431852
-0.8550024615361118
-0.5187988189278210
0.9006644537276441
-0.4847715101857901
-0.5051193414103655
0.3491273923035810
0.0095820993600943
3.1877939075457098
0.4722461627901894
-0.5707980607633640
-0.9446448980711508
-0.4472705179224059
-1.5679967217994195
0.7591268585982767
0.5425066992367725
0.1803670858150600
-0.5180421243138216
-0.6047496786768931
-2.1237339234244859
0.9737884450959722
-0.2087323131997436
0.5318589276451954
0.1323690363549384
1.3489409996405646
-1.4120612140371112
-0.0648786339165331
0.7949176782397444
-0.0384648995897712
-0.9518333172414745
-1.3077782833687552
-0.9231914450393495
