-0.4817619332897602
3.0277449550868702
0.4576845633230853
-0.1913255424091399
-0.0642881989775981
-1.7991007434703701
-0.4205743828791673
0.5307239640750492
-0.9044966093364449
-3.5073793131324544
-2.4965732203183970
3.5521093238394030
1.5811251712883194
-4.4958577665543915
-2.6262448019777982
-1.9868986088978107
-1.0360970951779689
-6.0678529419468932
-1.3300599801831638
1.2384630108602450
-0.0777950418801435
-2.7147927535764333
-2.8196429000593310
-0.4158035143023719
-3.2522972269936501
1.1089892588398340
3.3082561928618475
-3.0909942263420813
-0.0639275312225788
-1.6268527958498438
0.1981594219863788
-4.1511754506620706
-0.9685671793115740
-1.2864996090532190
-3.5450140451760568
2.8287740276980560
2.5593666769916270
-5.5104982532599651
-1.0914132756292463
-2.6667285887698511
-3.7786029026025090
-1.4843057355146139
0.0764806502514955
1.2265252197672298
-2.0814548068720748
-1.5489916583198351
-5.1457881761405506
-1.1632330263858437
-0.2011419665847692
-1.8688876952625471
-3.3972697054582435
-2.0925333909010946
1.9462693572667549
1.0528652908962433
1.7197181567880262
0.0416111146463498
-8.1466208698619589
-2.2659290137314283
-1.8207609492889725
0.4108054352979954
-0.1826342263866926
-4.5321628848042081
-1.0941494882253429
-4.5960743422023187
-2.6297856671683082
8.3866086210215656
-6.1810840164351992
-1.0635894181384358
9.2356690489927740
-0.9081154724662037
-1.7190380261183411
3.5245566368106989
-1.7561641776393286
-5.2263683947732185
-3.6537343088001202
-1.7334217886901178
-4.9858217384874619
-0.1435926304332345
1.7046490752778700
-0.5072331749983459
-1.2724074468556477
-1.2190482118683013
-1.8374170953969933
-0.2747832973412188
3.2927743744269424
2.5847542584880494
0.1166844486043615
3.3652494124135384
4.7844498088091081
-2.4753404568933433
-1.5583397174840767
2.5595364762232369
-2.7663908386984510
-3.3314128432317855
0.7695157488802487
-1.2462934384943636
-3.1783268646641631
0.2656156547495838
-0.4757733685507237
-4.6071651166179057
