-0.8885003237191899
-0.1683961509223284
-1.4166267840312243
-0.8282780397843885
1.2853626434063157
1.4281818771304728
0.8466023093127715
1.0608601974372693
-0.8565205642624991
-1.5837857049844670
-0.0004985491096757
0.3136651214184503
2.2287616397867400
-0.8514269055404722
0.7809793197761293
0.4062294347369902
0.0693115221177578
0.0412074492018139
1.0290560338683630
-0.5963677188398037
1.0897549895651810
0.0022553296953208
1.1997133744713382
0.6126037883270256
-0.6581391640797198
0.3298361999395443
-1.0823341164098168
-1.5309228001462203
-0.4323664292666631
0.5523468360130365
-0.7126212170299806
0.8742149438903039
-2.0760438782227251
-2.1253206575372174
-0.8135862171880701
-0.0481488104078045
0.2235318635961484
-0.2604125359240204
-0.3429033341342259
0.8020068373460159
0.6633627744424205
0.3538809580484277
-2.3635145894696663
-0.6751184432170237
0.3460504833804419
-1.2353817304425894
-0.1508433622908495
-0.4860036718532731
-0.4602983380098902
0.2500693465692796
-2.4737276443306189
1.6570394622058728
-0.0500655423318421
0.3440106260337007
-0.9162636441709913
1.4114101766037461
-0.6040031632559520
0.3442336564413422
1.5682374822719980
1.7323635121297529
-1.0552614624109644
-0.7477571404471475
-0.1552184972290246
-0.3538077013437461
0.9273348342263994
-0.9867721346887907
0.5397314225162873
0.3905079298074682
-0.9109196037919189
-1.2082871751732061
0.2781630078346005
1.3952156375256721
-0.0219019890087333
-1.2342336588025606
0.6014327761047542
-0.8112041800751723
1.6175219948198647
0.5384385266577447
-1.5524574696173072
0.3977585474385658
0.2898210008149567
-0.2886872098580718
1.8406892606095766
-0.3947832214102147
-0.8620970127933313
0.5428767231742104
0.5573794116702273
-0.4023740402736348
-0.2496739048234577
-0.8504067746877265
-0.3120814331562650
-0.0925683214737170
2.5972922090139230
0.2572027724900141
-0.3369588845660836
0.4625476731702229
-0.1063834805950264
0.0825009954371662
0.9149705861900328
-0.8969960261718479
-0.3240315085988983
0.2553650431182900
0.3101222050398046
-1.3379381160481769
-0.4751992653045261
1.5639099874194882
0.8037846111785428
-1.0416461879435901
-0.0159127079638615
1.9973068698290875
0.0555594321482949
-1.9592156902938034
-0.0624570978712978
-0.9228592744120180
0.5299111023718978
-1.3887848529683808
-0.0068112939353329
1.3901766694902877
-1.0473666764051002
-0.7130296002390659
1.1016177702038281
0.2758421010940760
-0.8275896882026412
-0.4652734944635730
0.0935401119560212
0.7210956149446636
1.4897759967354649
1.7919688745749116
-0.3731502285213433
0.7693901786468702
0.7310038038193444
0.6918559649247689
1.6106566529303326
-0.3871826717480124
0.9768010822784376
0.6397105763084678
-0.1905263813442251
-0.7189690658966827
0.5615425343503371
1.7010016865584379
-0.3615409976515548
0.5932774926483159
-1.1699736540114682
1.8226584133410382
-0.6867382528045525
-0.9452328564359115
1.6239048003751635
0.0182364081944648
-0.3021225232192596
-0.9303456420973450
2.1531646417343322
-1.2829797049314891
-1.4398302072043889
0.6256627375546776
0.5945690973792011
0.9360033537362539
1.7142339886902385
-1.0571529202187713
-0.5387105497843758
-1.4697649269624806
1.2937192784834277
-0.0339311017300715
-0.4043796143026298
1.9916658284683157
-0.3565248654133835
-0.7129267939690784
1.0652086642329339
0.1435492360985055
1.1087032671611976
0.8281689735389581
0.1952349616653130
1.3997027649995073
-2.1405943934211691
0.6289549620988537
1.2448098195791983
0.7435899051660964
1.4843413273078023
-0.4951320640019450
-0.4401058634151783
0.8667586076229084
0.8337970535542728
1.0244838283131881
1.2528592540938102
0.6781954102893706
-1.2214656868259659
-1.1351379488079805
1.1679284022155225
0.5527857196660948
0.6871447667621178
0.8088203403277809
-0.5081604825538275
-0.0009653209521492
0.2158808084592940
1.3307088171412489
-0.2780732347475655
0.1840618576281801
0.1345669168345269
-0.6658330829651419
0.3324472319275540
-1.5632149829678097
1.1757030153783610
0.5458027664376307
0.0618711522555687
-0.4994173461490724
-0.2718876766926865
-1.1077667571734988
0.2744463618683001
-0.8490599724440762
0.1484046550433190
1.0808930900537583
1.0826855594356988
1.9118237172751131
-0.7821931188506661
-2.5052318241206550
-0.0159718084378759
-0.4602466690133479
1.1083527816282168
1.1475373490212033
-0.6408931022731903
-1.2791832503044154
-1.1516945973778676
1.9969530462475766
-0.9616792463880730
1.8883096524915239
-1.3194877231128324
1.2666541465737087
-1.8480059131905331
-0.5368799822758548
-2.0075770461565439
0.3876329637138164
-0.7623252290794914
-1.1192261733801232
-0.0082447325562708
0.4625936914399349
-0.0570030159014471
-0.7562713239971526
1.2152278996328916
-0.1807530055524192
-0.8391334082255331
-0.9693450898062703
0.4515858796856794
-0.2379583330699190
-0.9437501950716571
1.9360723791399688
-0.7520026022847449
0.9397615697591808
0.3394998877807389
-0.9200232835366180
-0.1492370699051482
-1.2157743420868743
-1.1639516394564595
1.1276780939016726
-0.1945064204973692
0.8345274242482702
-0.7805164726427283
0.0235372346541836
0.9886994101139088
0.9524218519741658
0.7646042063963061
-0.7974663527879500
0.1090931070915682
-1.6163783514076027
0.0969020634070281
0.4564874993602778
0.3391566015189699
-2.1286888149742444
-0.1485578229925339
1.1096779377687720
-1.1172463983345358
-0.6772539789356147
0.0418088283876931
1.3789515888825481
0.5338272078340123
-1.5025388467048464
-0.9584357262643173
1.4478719764881838
0.5432955129319383
0.9647474756015492
0.5874563767753387
-0.3850779914516418
-0.5469743306571742
-0.6690349613173651
-0.2419255152907288
-0.3252012275754677
1.2470520492285408
0.9379531285773145
1.9631472224655431
0.0075640448746509
0.9747088806798556
0.0041392760978519
-1.8793658580886174
-0.1987930781537551
0.1624036179954929
0.8529451304128083
1.4729292264537432
-0.8884530840008726
1.5312918408887934
0.9707762563209157
-1.1126731091437327
-0.4941905031176708
-0.6117389169988136
0.0840058685520342
1.2936111534700381
0.9275657568471164
-0.1364016016738882
1.9689996749180558
1.2391935831391423
0.0770715146978881
1.6543185424703990
0.4313029122995224
0.7474224161824211
1.4040346057527506
-0.9607166341153597
-0.4174513846589879
1.2799297317678471
-0.9514708579153568
-0.4333170490639343
1.2911812145246346
-1.0802725976801388
-0.7741423646992275
-1.1371636436810622
-2.0971681974937404
-1.7110893624512682
1.5764308701114031
-0.8203121597957129
0.0923313560443945
0.2558466792900989
0.1599586968367137
1.1772230726069159
0.8482685737784609
1.0920217588744159
-1.1459994439656347
0.7746650484985047
0.2853202088390607
-0.8805811282230465
-0.0697474183901596
0.0873562130464784
-0.4807380492100783
0.8338933581321444
-1.6090828070725260
1.4832851834731535
0.4876932910004656
0.4779190472174056
-0.7175169549739748
1.2362386939889205
0.7576396001193323
-0.0916945924320088
-0.3270804465746734
1.6020428335176671
-1.2330263745078516
0.3599505357079215
0.6743163149118019
1.4289811515036237
-0.5906720033636155
0.1242989839950934
-0.0210171682141780
0.7647006460164454
-0.4736165342564929
-0.1348026838334438
1.5320237009655002
-0.6350888820270703
1.6596939505131196
-2.2682605152852320
-0.4651525664960754
0.7235623141627036
-1.2596616768561117
-0.0264708486395897
-0.7949290637316291
0.1506020586761498
1.0363649541945819
0.1621894090110187
-1.6954789635127137
0.6361621006449870
0.6847385480973325
-0.3531153547779966
0.5792311672055140
-1.2304572886461604
-0.7122140916585594
-1.1645014776554277
0.0913866744791977
0.4768634653085242
-1.3052913966846487
-0.3702466093549130
-0.8801697609644765
-1.4088726738481434
1.4835816095283838
-0.2807052962572218
0.2111299059743548
-0.1698055930156245
-0.6796823824452478
-1.1165321428630981
1.0175580915571871
0.2871258526355583
0.0902800375683289
-1.4943903593618695
-1.7315769375300070
-0.3644846223104865
1.5295130759438718
0.8399883222550559
0.1046276156377109
0.3834564359671482
-0.3792086062391683
1.1633316609129520
-0.8556091928508907
0.9313050256677496
-0.7258328004157502
0.8448035852389260
1.0826430125984381
-0.5210747023556103
0.9661054994511207
0.4054855338433311
-1.4764635572753364
-1.6592848013026293
0.9724898438436992
0.7190170017410827
-0.6693214107479963
2.2317433949254544
-0.1694526355910086
0.1209975747865021
0.4946897827566950
-0.1177549068355150
-1.1070577958249790
-1.2033119623544035
1.3332055428097085
0.2750685923013936
0.0109220524155132
0.7484807130136248
-0.8487132840376583
-0.0457782221952445
-1.9718973786940297
-0.8379196603774188
-1.6351781881502607
-0.1042496652982180
1.4203028724902440
0.4438747845307270
0.5280549320143775
0.2394187082880534
-0.6151001510116290
1.3313087374237669
1.9149037624234266
1.3859471628504085
1.0847128724148729
0.0607533118368163
-0.5817854962633954
-1.1831129490461776
-0.3249503207250590
2.0693544220630180
0.2084809484923852
-2.6063979680998073
0.0511897408024188
-0.5181254911993776
-0.0076116444475924
-1.9496456495472614
0.4351978694293389
1.5173813524985944
0.0350656409081281
-1.0135116270758135
1.1004373277285784
1.0695950370698908
-0.2240409953432069
1.5941240673730614
0.2756146950582059
0.8140321438147329
0.8763513098918999
0.7487193146363313
-0.6671679413729854
1.9918222520823261
-0.3117705735095355
1.2310853238172181
-0.1380184376206575
0.6345225266905372
-0.9337160948130007
-0.7369222186907951
1.5914940781418445
-0.9689772426023725
0.2269545358932816
-0.6914761004840240
0.5998258030854784
-0.8685897302782388
1.4083450850273200
1.0188059852213478
-1.0549425337397729
-0.4545825784513310
-0.0307624061351003
-1.2089625885178186
-1.0108075449482898
-0.1824314819400984
0.3326615453246811
2.3920049733556983
-0.6993717426427760
-0.8604484856757662
-0.0172712495345506
2.6667854713583568
-0.5348402958302759
-0.8848943826729403
0.6901242957142634
-1.0362020306202135
-0.4812598086349015
-1.4576189973947595
0.5511721828800522
-1.5796438247927376
-1.1982739923383996
-1.0131819385650838
1.1691314800091792
-0.2041343772180773
0.7861320414188523
0.1183296651654764
0.2036105170981867
-1.1314236736579288
0.5727254559825196
0.5741615786779162
0.3859905233609898
-0.7148876182816187
1.0525339775304534
2.0459951979799600
-1.3301822671590888
0.3229331777547997
-0.1454998938341288
-1.8952001197794210
0.0196770473852629
-1.1880706571292006
-0.1292901064159399
1.0022821344344806
0.0426823813171390
0.0679454159106526
1.4408126887051176
0.9793230704558292
0.1916134856131625
0.3650658821438097
-0.1237816239587515
-1.1087954394913844
0.1493168779561325
-2.3830538953755580
-0.5268032039987498
0.7236676489836786
-0.6239658774424000
-0.9983787205849409
-0.3349146646174051
0.2799401443710803
0.8183219289778831
-1.3760984446684856
2.0093833958705294
1.0041809538801418
0.3806480536104428
-0.5964474156632795
0.0134385726257450
1.0314329145491947
-0.0038679000759779
-1.4309057501678260
-0.6339621359781054
0.7381946676643432
0.5159534234299413
0.8107378672316088
0.8228559457025963
-0.6033805058806770
0.8151850902677317
-0.4464504086257627
1.6565541075410715
1.2148546671533509
0.9209745687178091
-0.9470477702763123
0.2933681922898434
-1.2955997650192499
0.0961545808403071
-0.8800159499125189
-1.0229668902601805
-1.3087988883582395
-2.7407068889676669
0.3154800767079830
-0.2713401908947292
-0.6043836628115621
1.1444470478319229
-0.5788963298678566
-0.6289758216783892
-0.2982081568863665
0.4013095415234231
0.2049382900746170
0.5065470673712763
-1.1704990267134538
-2.4254825321976186
0.7450667723737039
0.4628622007656116
-0.2785577091919247
-0.1589132021100669
-0.1989485737037641
-2.0196165023048400
-0.6245838138155734
-0.1785893110778567
2.0768184485858572
0.0111676520293369
-1.1849509086107315
0.7065410483454325
-0.4181983428478768
0.4407874723631123
-0.0358575827019656
-0.1826975098756634
0.8066343941455685
1.2379493608503203
0.6354821471716644
0.8665107747834364
1.6776083678247593
0.5820101092674652
-0.9873293620925573
-1.7474259428100709
0.5640149958934485
1.0497638543064902
-0.4201194999601170
-1.5547912805275304
1.2566427954165080
0.9069680269124001
2.0669317826507831
-0.4585675164999213
1.9776915938308806
0.2817852668873519
-1.2892369522390144
0.3252805333540716
-0.2872430994794410
-0.7620520237043317
0.0933296478322720
1.0045872453992102
-0.8984375324541383
-0.8910653330135403
1.7034118479039846
-0.2414322257878928
1.1643417900551714
-0.7468397199685101
-0.5156509164112513
0.9329828819687611
-0.9418142191543470
0.7677957293175501
0.4329742796087704
0.2990736581215657
0.0413598704479172
-0.6507873603392355
-1.1018728120352683
0.1182713396119362
0.4295360658061994
0.3283047778069562
-1.1263976398678981
0.3496489414837233
-2.0207436446402753
-0.1202490372120501
0.5603494423225555
0.1327475887175645
0.0219463444711576
1.4405801598510022
1.8653145927352059
-0.6557886789103086
-0.2737065644071340
-0.3814425026829765
0.2691970974470777
0.0623976209325596
-0.5940921383328059
1.4056430634247012
0.9609917805098693
0.0764707231981970
0.9041094788283781
-0.2267853241746697
-0.0622519821478892
0.8604929599356519
0.0879359050057533
1.3489606975630868
1.3233680763697016
-1.5902251993746421
-0.1657183055419401
1.0039439469602687
-1.7789796291556708
0.4443009931678369
-0.8364698091033276
-0.1679230339730595
0.7838182938972760
-0.1321143621551896
0.6636917679798576
0.4978404011525510
1.0558881229646344
-0.4686190420741351
-0.5365001733567807
0.3574302416191407
0.8146980152017274
1.9863469117711230
0.6866593889751170
-0.7080937420872299
1.1012666931851278
-0.8215033013783359
-0.5662283517757299
1.0618975904797490
-0.1777085193668624
-1.8124368142222846
0.5896373904788335
-1.6386197410062762
0.4734386197107223
0.9874579669323351
-0.0020849766232022
-1.1353525198224821
1.0882010514679956
0.0485698974706461
2.6023453195618576
1.2550138416485255
2.0595780293840980
-1.3870380254565997
0.9443125010562579
-0.2032405650882095
0.7773210886491566
1.0600529553474449
0.1139112942799811
0.4233433604563295
-0.8547465532638785
-1.3078102668717837
-0.1038223098147144
0.1659848850473663
0.3917480831683512
0.7027009415359106
0.5229987605384505
-1.4706144433556962
0.3226158475063409
0.2654385953531322
0.3897456789606932
0.2181668514321882
1.2257228555242528
0.0380639384535301
0.2542735650029477
-0.1160558695874216
1.2310233693943853
-0.2427702059199102
-0.1920343239049431
-0.1174872537937526
0.4311358036824032
1.8762621741362495
-0.1323125884431378
-0.5475331841254354
0.7259109736371262
0.1613296136229737
0.7412016841347182
0.1153457205856971
0.3999028099769300
-0.4325809030116647
-0.5884395055215554
0.4476487909108408
-1.7339132850560606
0.4390670054656248
-0.0074508136158821
-0.6455084580461359
-0.3475128410564851
-0.7487073276041246
0.1990874441596289
1.1448712224906985
1.2016091700525617
1.2481923612756400
0.5383832108965345
-0.0229028422697095
1.2997438091741869
-0.4212600056415023
-0.2344646071264643
-0.1631486965683319
1.9609760766797042
-0.0989047145735393
-1.9596273754703006
-0.8204830820713712
1.2178839277874887
-1.0255112510531581
0.8386884531553471
-0.2580151978493352
-1.2797060262202096
-0.0694082196936596
-0.5532426233449679
-0.2398323591243268
-0.6113770775203911
1.2167562328248296
-0.8520899033710634
0.6339609779513862
1.3613756514939321
0.4401338322857293
0.6072977494223055
-0.0047768815634234
-0.2220474768193795
1.4352830713922093
0.4813742208885039
-1.5079058247973374
0.4773379840053260
1.7347479256662044
0.9314857018609517
-1.3139575131446843
-0.0148604406701733
-3.0565064269651967
1.3373807458042832
-0.1060382921549397
1.8037261332768675
-1.9089347075851046
1.4549954154704305
3.1139943443083742
0.4217237363667664
-1.5652871667376835
1.1040359490575362
1.2797042397344485
-1.8694237725189293
0.7964311525443847
-0.0519702059401364
0.3256254793829005
-1.1315277409039732
1.0627954152157897
-1.0045743708181214
0.8797965404862796
0.7711502876521247
-0.3937011505093811
-0.2597087433561093
-1.0680761748885752
-0.6553304721243034
-0.7193744759108166
-0.4328839827983733
-0.2839681723175776
-1.0106389313834405
0.0193887699520515
-0.4934785956174744
-0.8732833206909034
2.2568415339817411
0.5387963725967350
1.4265282933061012
-0.6332469420919621
2.5307644216348071
0.7390666750003121
2.6583660887961829
-1.0612966320742605
0.2084371584095391
1.7011981533761371
-0.9527893511037179
-0.1288660019691790
0.1878775901379311
0.3092061780933485
1.7584780582730155
-2.6485027038289592
-0.1757516569992437
1.0739769365973215
-1.7531526459393412
1.0445592981123413
-0.3898915633319011
-0.2951014384136866
0.5514939111443481
-0.7705813795168126
-1.3890035777414449
0.6588128565275646
1.3680872091065572
0.4478640713387875
0.7835836673987032
1.2552667299471076
-0.5520074482263921
-0.1886856898537946
-0.0483259201566259
-0.1460004432246439
-0.1480729223041507
1.1859821351194983
1.8786072627058503
-0.0892641842217412
0.0251381899688562
-0.5224366538491280
-0.3293190237265140
1.4491673391931987
1.2418538672629003
0.8054148892272308
0.2611071264104023
-1.2098400758796584
-0.8658748154619125
0.3116764906739182
-0.1319795650453250
0.2253831159582751
2.1505897234345843
1.6991202143857764
-1.7319672930158356
-2.4707706385503023
1.1685254972606853
-0.1179151981126767
0.2582592853976499
-1.6697434274972396
-0.0852452636451978
1.2400916813928042
0.5078874176854026
0.2989342375778654
-0.5746468781074728
1.7484661881709145
0.2592900722226416
1.0295795729545911
0.1749736985703632
-0.9843406408021957
-0.0143289079376670
-0.9435465114917583
-1.5011234284706083
-1.8284382320366461
-0.1075561579311091
-0.3085352889815814
0.2412798805915463
-0.0155294742838782
0.7358383160397902
0.3741034304103518
0.2705743977664690
0.0903184610335165
-0.2522955907462477
-0.0957384707818110
-0.0772652241727969
1.6663610822521178
-0.9094029183136292
1.3308457087068146
-1.7936766870797423
-1.1348239891626068
0.9101269285464854
-1.0227025869419240
-0.9563753658296839
-0.3459990954762736
1.8489935313675165
0.9424127028108759
-1.1548947117520838
0.1180760888330094
1.3539134401026189
-2.0259953942111935
0.2476103315804461
-0.9516689140754159
0.5665458651635399
2.0274497762680661
1.3578771509978584
-0.0733224033574405
-0.8032557340163555
1.7065818161537798
1.8479891895260407
-0.7891483444147068
-1.4835178922640855
-1.4316219721957555
-0.9820719458627257
-1.4360491473262627
-0.1857906284222005
1.4450386773514485
-1.5201499277579389
0.1184307356988481
0.2500299900241387
-1.6227995004349787
-1.2664482479463843
1.3623149340727581
2.9468217825573504
1.0055106139555960
0.5888180777082942
1.7688841860482285
0.1318964842842748
0.2186699232521433
-0.7000770978262066
0.6136685343271462
-0.0519866506176954
-0.0652956380423328
1.6605762626159266
0.1317987938425060
-0.4717059117141153
-0.5623706497363832
-0.0888728512663336
0.4421361752805110
0.1544622235368142
0.8372403503919534
0.5639817081837110
-1.5923541954288229
-2.3471689279263348
-1.1812656435753905
-1.6437852300186437
0.3166591213206261
0.9901810737209681
0.4740077439548419
-0.5565324126824728
-0.7773852869293326
1.2010906576089764
1.6556988594166804
-0.2268913278014740
-1.3251532353257569
0.4205558788355072
0.6297063061425906
-0.6688587631029106
2.6968202813733231
1.5054837656329816
-1.6021272836077125
-0.4440059484185088
-2.2952639055678263
0.3740810142923803
-0.1592448103118092
0.5351261433793133
1.0017064621749880
0.0086790467992065
-0.0128201207881477
0.8055370704732532
0.2277966754309223
-0.9062362260647611
-0.3493776185843468
-0.9741914535805575
-1.7336932092893129
1.7874656268207390
1.4981155077181194
-0.6374431835835320
-1.0098663768516245
0.0416796284865689
0.9697727234711465
-0.5780441885223606
-0.2484998759980439
0.2607357044079159
-0.4822272426069994
0.5644609556909338
1.6971015129352380
-0.5974902305072816
0.2637048134726494
