1.0325207490777695
0.4697437226643922
1.0069394080595120
1.0971667067514155
1.0816772941413693
1.0744239640077198
1.0711922938662852
1.0742531769917447
1.0753913528321042
1.0404530239530054
0.4982967698644520
0.7779759333199531
1.0923688872333577
0.4137290101826420
1.0935662154309145
0.9971091176355991
1.0973333810699011
1.0896741717876384
1.0640528727868939
0.3099351297032723
1.0910316225314962
1.0831355962189746
0.7748897306987336
1.0725856081659448
1.0617851039668629
1.0718516445890591
0.6457145477998698
1.0747555438523668
1.0941326654593015
0.6994548695784362
1.0844324381341868
0.5201331803562879
1.0245503386781309
1.0563081651117352
1.0679658629914746
1.0306201337724383
1.0898514207179120
1.0659918677541205
1.0397710992439577
0.5925035404629155
1.0879726835108434
1.0865664260970578
1.0783328719071184
1.0754420370957016
1.0601042570891455
1.0048589520582927
1.0985731028402947
1.0898966331486728
0.8556873511055251
1.0987451842426637
1.0933790107703840
1.0907326268216284
1.0925749603289228
1.0503611890664670
1.0218631575643111
0.9893200167466987
0.6808665461751623
1.0671049105127444
1.0932880043954381
1.0768935011510732
1.0285094881486949
1.0969977773324406
1.0934407788424749
1.0899415952415534
1.0422867284824180
1.0952552993747222
1.0885896895533644
0.5298159696251696
1.0911975230124984
1.0907325519647830
1.0985251164512564
1.0809456463247020
1.0873188667676541
1.0812109940946366
1.0937047044989987
0.9517537653655300
1.0854125468140730
1.0938706101195890
1.0935934703019310
1.0581274161245759
0.7521553879037022
1.0928341407794790
0.6881781133122801
1.0493411098062850
1.0606391199351277
1.0848250387964042
1.0822971244208099
0.7349500556144906
1.0943256572489024
1.0947554073839927
1.0983717573668033
1.0911365108759705
1.0308211766017430
1.0758222057748377
1.0729933299950112
0.9525303911119328
1.0582098969527534
1.0976588623076704
1.0926642392000530
1.0201294955863311
1.0905678237763790
0.7037797867301405
0.7541314014671643
1.0869001353946317
1.0695257421848856
1.0557516267341385
1.0980584245691578
1.0784361310315793
0.4161378945225951
1.0922335483703347
1.0944456741575128
1.0876358573994578
1.0680433617809340
1.0905989647153174
1.0790471665050996
1.0103276536113013
1.0905649058272775
1.0769822905662141
1.0946654125382647
1.0610394320514693
1.0954065459062250
1.0807725390217151
1.0695944830882289
0.8608798240866475
1.0378136067795773
1.0079036449656704
0.8059529107646766
0.6967942049718541
1.0985584808299298
1.0957469570556855
1.0890766694077796
0.9604367316080826
0.4111091761921473
1.0935763187984255
1.0257875794556544
0.5519644193994677
1.0952929870093688
0.9586709290473667
0.4984449503389595
1.0954472830125401
0.9100686953399237
1.0658257314218273
1.0939883342353147
1.0931988260054513
1.0873980765500091
1.0957813438194375
1.0840353018525735
1.0440561614874482
1.0885214378142152
0.7629423042953600
0.4871415240506149
1.0942018470703629
1.0299813097652570
1.0732943035602522
1.0754985645810013
0.2809290292494041
1.0606268885640979
1.0902553067248077
1.0846495892853885
1.0630625659780721
1.0871470302746085
1.0963262911699547
1.0776429261083220
1.0921433835005627
1.0337952800316381
1.0345407514180485
1.0045922692825873
1.0983538266409920
1.0946035030993779
1.0848669887864881
1.0946227293738116
1.0925758819119264
0.3164185232854030
1.0954261497051163
1.0926509312321639
1.0608553644755805
1.0776140999366237
0.9830690488521887
1.0929075385267240
1.0957039110143927
0.3541837626008983
1.0924810929834992
1.0901038709955631
1.0642065527811955
1.0958286253566525
1.0920433380877537
1.0908029264564150
1.0884867921669130
1.0969373201347026
1.0848817735811502
1.0081439392951106
1.0434460263157632
1.0889040533192973
1.0976242306171886
1.0955601669401580
1.0804819320919961
0.9329109361264560
1.0965161667723258
1.0939349017184279
1.0771125883631090
1.0601315004051570
1.0848474510150605
1.0932062007687859
1.0727281669852387
1.0985777240442487
1.0960987039815402
1.0054927326826935
1.0910937905893570
0.3330610259135723
1.0897472833360708
0.9821298842244194
1.0725924272373817
0.9529216032014116
1.0844177997411517
1.0925845016832798
0.9152665012345955
1.0983058336515772
1.0961496744357615
1.0423667880075058
0.8512016807515876
1.0729103673209519
1.0672702041128570
1.0938789064245111
1.0060919436685125
1.0938074032130194
1.0443267411859178
1.0884568928261575
1.0366329903111522
1.0950299277794830
0.8208285833569425
1.0975761871278087
1.0664213767655957
1.0976488119417898
0.9341551061286416
1.0789555142150882
1.0933523443345525
1.0935562291002456
1.0837120424831510
0.3289568454613443
1.0976028798461728
0.7353336541893979
1.0977297982994374
1.0638795424738994
1.0964328855133190
1.0841738916307795
1.0931414490294686
1.0762709669977382
0.8080588128522510
1.0606863444219006
1.0971245422370490
1.0149895268748690
1.0906798210530937
1.0324265329987998
1.0001703668145059
1.0958587918362543
1.0954421908318712
1.0943136002453715
1.0956765317926078
1.0968698682020050
1.0833434052583637
1.0975296248029229
1.0614830193476443
0.8003424720045133
1.0950614335145898
1.0518800234870878
0.9727542338586803
1.0932705164825118
1.0824270436521166
1.0394460872269504
0.8665691378277737
1.0440730772453390
1.0890974204167843
1.0586257244783617
0.5495559214592252
1.0912116034517747
1.0958310457011957
1.0929673141414165
0.3876306396709708
0.7808046075308408
1.0074494660882745
0.8875646337013570
1.0444830588810328
1.0447630727574482
1.0238155410744731
1.0914834202242616
1.0956805536263510
1.0738872006272617
1.0525198516162881
1.0841690695518333
1.0435743329675822
0.9530120877836170
1.0714397894615744
1.0867299496437381
1.0925172608731883
0.5927094924590375
1.0894831062018895
1.0867236461374241
1.0738043428434090
1.0975583393991719
1.0492947043618663
1.0555674304584974
1.0674588132667688
1.0927894912058467
1.0951672612730556
1.0704037789158964
1.0940417659534929
1.0938263542674513
0.5064598966630974
1.0660802290793849
0.7586951041587118
1.0683580687926584
1.0952573483710537
1.0956738241342450
1.0965763510089479
0.4005786218297957
1.0704974945472194
0.9056180106219781
1.0894691192885850
1.0943951796009752
1.0694586987836356
0.3457652286813496
0.3322541234428159
1.0972736074775034
0.2813798791236077
1.0712986627700958
1.0592658646336777
0.7995000254757452
1.0899672191092240
1.0854915426043383
0.8225083861400457
1.0918770265714206
0.9420537082157667
0.9946325880137807
1.0967861767538312
0.9887913483555713
1.0623275899508962
1.0920477627070084
1.0981225628209790
1.0493472117637621
0.2809919756454684
0.6120847238129635
0.7505249912587444
1.0899110297880781
1.0750239765850282
0.8295695356612390
1.0654411982379228
1.0654013607618544
1.0562984013276995
1.0958099855686398
1.0513825306989011
1.0972413951713902
1.0863188345393053
1.0970468672009206
0.8639248835680644
0.9541041939592732
1.0956303126018274
1.0949878163775222
0.7162119516536066
0.3691918351892232
0.9915882623549516
1.0913197723940919
1.0955137535418285
1.0867263147335546
0.4625320668106652
1.0554118189547517
1.0737020180315364
1.0918532324884009
0.7699214823189771
0.9533776012303935
1.0773390843304389
1.0977466866785190
1.0751979636694244
1.0919270563931471
1.0846353842568635
0.9900189440977022
1.0829254139075559
1.0969646020792325
1.0743706000493669
1.0918720099676535
1.0832329436638430
0.3619628356933292
1.0981457418796992
0.4593192679154382
1.0690831170285149
1.0901413225321426
0.7608115447467475
1.0915561337402260
0.2814358786788361
1.0927479606481183
1.0981959625003568
1.0337766075091732
1.0885917593517975
0.8959379464325791
0.8398779641811019
1.0129756096442042
1.0817259951571070
0.7495925424230938
1.0985307364497099
1.0859124440591399
1.0931403709950835
1.0953973689368925
1.0909250231661649
1.0709350666367681
1.0916742712842675
1.0955921047481845
0.9209847346310553
1.0938266895718771
1.0785014891655467
1.0851343933023465
0.9388858382288998
0.8981192380526679
0.6825078230507843
1.0909001202836750
0.6906269714097247
1.0658718549876607
1.0981173188903788
0.6916710330513036
1.0855337899527615
1.0919605768413907
1.0978716499550669
0.5697219210229835
1.0922148485707659
1.0962373564748611
0.9735114927404692
1.0550168671334101
1.0855345543158219
0.9403904849780957
1.0963899389392933
0.9479758309921756
1.0880572079961239
0.9342394283160353
1.0885909744860869
0.7701543701723823
1.0534976550161221
1.0847659136209589
1.0816162334884052
1.0641938856562505
1.0354180843671663
0.6002419781556475
1.0548594324999576
1.0214302034210716
1.0884253338722101
1.0478234902343602
1.0909366560561033
1.0312459481303136
1.0914620227747680
0.3073882111925894
0.9220912065828115
0.9504810556001321
0.9628178533597437
1.0754527826641489
1.0972481481855516
1.0986647570954315
1.0861653762317591
1.0910412473499322
1.0748136045802001
1.0903818199351274
1.0950512830685049
1.0918634374312224
1.0785263219790937
1.0922904679088818
1.0800232279814845
1.0532476889369311
1.0758518954783343
1.0933562633120573
0.9705064017415465
0.3002353675512111
1.0494545872942249
1.0608836533288615
1.0967903721673156
1.0452988672849286
1.0869062940056002
1.0948968525896334
1.0510130980187207
1.0760294591749342
0.3587077590099984
1.0782969774661859
1.0855674860818105
1.0951656545034973
1.0743023987700611
1.0785547817510857
1.0531280250781119
0.7247214775660601
0.9359627438456710
1.0927367170828497
0.2808481998436519
1.0662375206678198
1.0701801256451384
1.0932144154734134
0.3234894644715081
1.0959734382905635
1.0964335210973968
0.2855224719431008
1.0939289408896733
1.0911574466832825
1.0857848785969291
1.0819630777639029
0.9728294480962024
0.8663577532659361
1.0916408668926310
1.0544288058126452
1.0586158256143725
1.0358500653476275
1.0457469741344936
1.0603220691508815
0.2813487231015870
1.0917713614933575
1.0761938724700457
1.0831914431024208
1.0898967522032972
1.0965411896708301
1.0963909727260730
1.0953794774087773
1.0887701971279826
1.0972439943353911
1.0382130661546991
1.0786000183297340
0.9536384323538399
1.0954088850579518
0.5462991870201221
0.8463265105341271
1.0959292323164058
0.6991286710610352
1.0940030553055784
1.0939324040922225
1.0649096101218247
1.0903175868346011
1.0820581140820302
1.0718540168254722
0.9343770691572665
1.0032078387575709
1.0897365700520210
1.0894651952726677
1.0957698999171712
1.0938671997532292
1.0896633890804355
0.5357941698150517
0.9947338424149120
0.9352171519653816
1.0572459691520597
1.0940102752926684
1.0397813851834727
0.9497157473804705
1.0784870434407481
1.0867345644356472
1.0940527053984423
0.6013204635382462
1.0926232527067201
0.9932944325305286
1.0837527318710203
1.0293229303521481
1.0947653628962686
1.0263857878518532
1.0953407102055026
0.9831551083989676
1.0960382737376253
0.2932927467721978
1.0986499079854788
1.0836173995228202
1.0952004681279868
1.0873671150776516
1.0657790808164891
0.7640950102773327
1.0964093474955050
1.0853253829303169
1.0970837822197961
1.0464107770245743
1.0957986197861445
0.5710741525795675
1.0732595215259793
0.7799717023350082
1.0525352316933732
1.0496440953967321
1.0988495115476855
1.0866494439772316
1.0772972692315177
0.6423079095538015
0.6637572352351317
1.0756665436708104
0.8289327001624276
1.0773464786015476
1.0887922729796728
1.0896388270413602
0.8884000962928402
1.0678961476839182
0.2847508733827072
1.0961029278917720
0.8234215983054649
1.0942742182694101
1.0685854597044200
1.0860909267042318
1.0610371673992440
1.0762431542315611
0.7322488483407911
1.0631155604278810
0.3471348050522212
0.3538098692447652
1.0760937703887381
0.4731600880318071
1.0977010358208765
1.0960955619038220
1.0547682089971220
1.0375381798454404
1.0830443839728274
1.0496782777816984
0.8677519991920792
0.9888609425058867
1.0653438967102586
1.0948399915804923
1.0802781069885303
0.2900940982999621
1.0903043252191775
1.0961713091688774
1.0979073924444114
1.0849643008117491
1.0954386806778835
0.9802023407860481
1.0905102263577171
1.0550639387618426
0.9936511391757646
1.0874051094326869
1.0885990617042907
1.0333045813634618
1.0930687175342952
1.0406999286503003
1.0829758376684209
1.0589966470842378
1.0726762450097653
0.9589327860702878
0.8131014883265003
1.0831543693370322
1.0809741029307647
1.0947091863479419
1.0569473906358615
0.8460526407713753
1.0894851031116717
1.0959832521122108
1.0679316762240463
1.0687332009736468
1.0871192972512194
1.0737251059552610
0.6437067611165548
1.0818961785101646
1.0980877640351201
1.0894112803626523
0.9503951492434680
1.0968893929265213
1.0769717047654870
1.0719806579883611
1.0708560955052704
1.0942294268036663
1.0947698063285076
1.0664747389642713
1.0968911233927294
1.0728326606184266
1.0981357286537377
1.0915260195315051
0.9978532645616037
1.0735760126178648
1.0704250484891349
1.0978643291677259
1.0955796588679274
0.9191494632703877
1.0954813046974596
1.0225726127484553
1.0897372768073259
1.0642639131668283
1.0747072407870288
0.9553313017643857
0.3296539840593296
1.0610402800252832
1.0366787388146639
1.0272111140462350
1.0217442566148400
1.0600654609399609
1.0465423986313376
1.0490333327424786
1.0152239912232845
1.0978617272310018
1.0424298550380802
0.9734381088090377
1.0988198660970903
1.0598043908026165
1.0504248377072471
0.3067682046547728
1.0771888519044373
1.0802906302402597
1.0878765728642255
1.0988375098741583
0.9579285095829972
1.0181876607082267
1.0971696285465216
0.8173085425122220
1.0706898088783645
1.0933991597808108
0.9763429914293483
0.4917306614996292
1.0959713921113359
1.0341401932219167
1.0307253052661569
1.0597354906742746
0.9895925594479852
1.0640841285417353
1.0909770067826132
0.3336300405608766
1.0837389386834395
0.9319644839535949
1.0861200479267752
0.6215182295780494
0.4995961312507606
0.9974329638012155
0.4421761131174080
1.0894768102999139
1.0397899490150238
1.0835736876596354
0.9769193143570021
1.0927757217253518
1.0648564596315215
1.0967026153715211
0.2965856130842398
1.0794507528407933
0.7072240710798851
1.0921111408418414
0.9718404590104965
1.0805636079368479
1.0386260496401285
1.0763700705132431
1.0841883775846093
1.0940953517088363
1.0474970992479644
1.0981286900734102
1.0855370649944769
1.0933114193572360
0.7445754966995355
0.7882039442373436
0.9456774378859570
1.0955613891180276
0.9433679796683389
1.0878557882389379
1.0814803197515650
1.0889597294444153
1.0939013629907455
1.0689936602297641
1.0945765737513504
1.0547214332896298
1.0919758983906529
1.0934922294150873
1.0465411308319224
1.0752660168904931
1.0812593463436333
0.6799190070274446
1.0769868312702540
1.0396416976352767
1.0924964173137823
1.0908737847105177
1.0809508607636629
0.2832589135129964
1.0827837689116859
0.6971683469568899
1.0807674917198333
0.9868084635469228
1.0935103869878009
1.0926126061908672
1.0900814103002585
1.0743143237258619
1.0949168821089614
1.0629630680458226
1.0885848841866912
1.0523107741521462
1.0575225947025531
1.0033784803205195
1.0490364385733675
1.0850054248842584
1.0910278880883075
0.9344499694652085
0.9325570768644935
1.0787112375124872
1.0549957138928387
0.9572020951534623
1.0877093189002320
1.0762169160756943
1.0711911737469302
1.0873028754948770
1.0554472395018983
1.0988067721789894
1.0930962278268119
0.7428260102834010
1.0944734752675735
0.8512500503865437
1.0836700532300056
1.0735793827373781
1.0862466900275427
1.0013715184362377
1.0966714085306561
1.0798151888055529
1.0601290807370862
0.4473732987098245
1.0800000302273143
1.0957320134976034
1.0845135220827511
1.0718618542287066
0.6951286899804512
1.0945063397342820
0.9110180481705525
1.0896009944470857
1.0273042040259370
1.0990108986032374
0.9057960050313877
1.0825572539126505
0.9983043237738691
1.0348643434784732
1.0890065954849557
1.0850564696230880
1.0926167221856962
0.9938819566913331
1.0955604529775960
0.8976027032862407
0.9023544505244111
1.0961344612525907
0.2854341136654189
1.0496730324905543
1.0629683435189392
1.0944965181292152
0.8956499214890672
1.0499187716425500
1.0834854192163741
1.0363554188823634
1.0944963034948332
1.0919854020064406
1.0742393691615411
1.0910999058289148
1.0011529442697986
1.0933624662836026
1.0870208099724488
1.0956714679583859
0.8447380151376317
0.3008472447525457
1.0580356963468953
0.3734760793888980
1.0627872352370074
1.0884157887286594
1.0738658668603591
1.0957200306477592
0.4956401511121150
1.0985471378813632
1.0420769729196329
1.0939491915030637
0.9437421241414008
1.0596147498060871
0.5350317735815602
0.9664313838602903
1.0800260401607271
1.0573465123412118
0.8947077738435893
0.7243938685738947
1.0879161096483856
1.0847948673829249
1.0677936920560893
1.0815064197160484
1.0960213850909246
1.0948199960220388
0.8046895693436610
1.0930796513673859
1.0793804006222611
0.7392344200016386
1.0944806014014470
1.0469833949707295
1.0343852382283856
1.0954758263239599
1.0622147723059361
1.0454083814641930
1.0881751584008612
1.0820127933885690
0.6057660063089835
0.9337752715515490
1.0667987443981359
1.0897588010391261
1.0915505378696193
1.0797175721868322
1.0848386511513100
1.0833078587189147
1.0935140976011537
0.9882188161462790
1.0944191799499241
1.0958442811396805
0.9561639398569418
0.9086591823222020
1.0703859289122024
1.0393332575089262
1.0981455828984434
1.0874298758887218
1.0943978856770578
1.0933562975585933
1.0835028361523593
1.0970668248129678
0.7006137728934849
1.0829309619733305
0.4458255740982308
1.0642868261097664
1.0932694593430894
1.0945252519980282
1.0342518336424578
0.3078746039163801
1.0590983732207775
1.0968200191349502
1.0980318369423721
0.8939562284115566
1.0379330058696479
0.8962352544913429
1.0829928647710223
1.0588720560582756
1.0843261487137543
0.8422769452371706
1.0254785469955523
0.9733147397070129
1.0678954931695230
1.0937527678791559
1.0949766806670720
1.0871146000268159
1.0941334721054659
1.0983851325108915
0.9062099364289402
1.0872777857622884
1.0757549376821272
1.0709356980845175
1.0876659129041411
0.6833969458730398
0.9924033794152268
0.3367178008150984
1.0973466087257324
1.0866372067262449
1.0983881643053643
1.0924125617798954
1.0979188495152408
1.0352576905551021
1.0926313693271248
0.8045347056099553
1.0958411497137901
0.3342326609209418
1.0954207856853533
1.0823150431372806
1.0385086610889598
1.0579120718759132
1.0776200043152264
1.0925210652850303
1.0874097284865778
1.0593695738185955
1.0946685551227315
1.0871033626443538
1.0945458259729579
1.0301660258304040
1.0860912598610046
1.0221739011024908
1.0855521357857605
1.0148896894900321
1.0944900428929201
1.0935952305713084
1.0708361759234624
1.0956501632380793
1.0832329741366613
0.7889757085486414
1.0915526215041982
1.0879089457778119
1.0762654897331181
1.0911025398376388
0.9565068996742575
1.0986908601315135
1.0737623430433545
1.0836972917432641
1.0802501113099667
1.0926462947094904
1.0896225539365796
1.0969781867331037
1.0942214852522234
1.0950527529418430
1.0965586760496073
1.0493405566678422
1.0948934314756087
1.0884232790704444
1.0951633627983928
0.9534427178747849
1.0808805996852080
0.8136473058575180
1.0977161482105768
1.0765172646894126
1.0501030445317718
1.0934920246161000
1.0825822395956897
0.8969632449724200
1.0385162541737156
1.0860942330193593
1.0906263491705868
1.0517041649421779
1.0446938618128621
0.2881567986311803
0.9439459303769794
0.4735054347417193
1.0819086506423898
0.9951417536026197
1.0964811691874488
