1.0834270562614128
1.0969042906125150
1.0846053592941511
1.0969817935428032
1.0851977711839105
1.0937699764379039
1.0982232027674474
0.9901370050293412
1.0809505776014421
0.4126998306076298
1.0665358250360975
1.0107976247097252
1.0640437037130095
1.0875619394076623
1.0958831572585230
0.4721448730147344
0.7513152053214822
0.9721836932558320
1.0950980860146504
1.0780801815978942
1.0972392415035870
1.0713018223209907
0.6744910115201062
1.0927363139811210
0.4315196607685367
0.9771491277994042
1.0947753980014050
1.0897811513194975
0.9292712417525739
0.2840557586520634
1.0899582926771521
1.0550939573028000
1.0850256014905684
0.5601722849974372
0.7514001232463819
1.0294651989491725
1.0901518019635823
1.0739437425587630
0.2839072510782221
1.0838980911850011
1.0874538638693654
1.0729640890021497
1.0266232872246639
1.0970376686313996
1.0971551383743459
1.0472235599018083
1.0726608844074519
1.0897874904552591
1.0844024050012016
1.0902056662502271
1.0906469499001721
1.0392082099979316
1.0975014665384248
1.0939775311126574
1.0751857419600039
1.0930204622004114
1.0964784059604165
1.0981229383431772
1.0913174287477221
0.9895005512421106
1.0940301301508988
0.8253549647144156
1.0972189999817763
1.0794957662894784
0.9797099002046257
1.0362911085388902
1.0980027468524123
1.0944005459481914
1.0920667701637328
1.0835858717060256
1.0950905212870445
0.9706630180604072
1.0806902183220983
0.7956556068217924
1.0600388635957234
1.0429476024231406
0.9492529981348191
1.0607096947540489
1.0952659603062829
1.0898949747286133
0.2828669028671087
0.9384360066822338
1.0942892270827704
0.7874293070008139
1.0603376700174092
1.0686106467154206
1.0724143028209798
1.0938781105028292
1.0961307138984004
1.0923939746058908
0.4188360214296042
0.3230797900307128
1.0666758727237806
1.0378427270862127
1.0827299262925185
1.0880933367878038
0.8189591189638963
1.0981799430257870
0.4815263635690510
0.9843459248905198
1.0892424611776717
1.0986542269185260
1.0950279918245123
1.0904154905787415
1.0229351693541477
1.0817188848727834
1.0914741870433411
1.0968181965945101
1.0905924103978530
1.0901412498743825
1.0606349434723932
1.0964824700831766
1.0806329926211247
0.9575619808081773
0.9995492984521474
0.2811060408837835
1.0967915603717404
1.0780551147074797
1.0863709128705386
1.0538912566232670
1.0563863551446075
1.0491872663336577
1.0947834744702700
1.0777108861576792
1.0928965788472127
1.0969499628457429
1.0546073630783370
0.5552971840560929
1.0099437099147592
1.0008383915193495
1.0897835292519376
0.9787500249651593
0.3849259998414508
1.0931081529213815
1.0774491690712031
0.9065930770412466
1.0955123383705427
1.0905783304595345
0.7694363701241759
0.6511942282436765
0.9016168017471212
1.0871917384364069
1.0717177390025758
1.0798116652095973
1.0865210781299821
1.0973166277944681
0.8843230587765525
1.0136784409777764
1.0857408551228995
1.0918123321854951
1.0856476176071801
1.0246191325890870
1.0933859648433235
1.0513938709293067
1.0424963110657994
1.0660086757698588
1.0539994442088318
1.0933501230718863
1.0677780022697134
1.0461686012968943
1.0725935663682635
0.8516611586253412
1.0698746125235314
1.0904946401582765
0.9462604342459996
1.0899846714837704
1.0787541656786390
0.9568110936568330
1.0644760727243343
1.0945410051512479
1.0932452239273702
1.0951825052290840
1.0173551974689665
1.0909523463842992
0.9054869184893598
1.0829138086567509
1.0969881883868724
1.0960346428063803
1.0273733545316279
0.5231860761146848
0.7829238950681733
1.0722870961752113
1.0958342836006991
1.0888094348790278
1.0897581477069391
1.0880507667786932
1.0779326477590512
1.0191721198830650
1.0706312060927456
0.8898129938949541
1.0069128783377483
1.0823163036957015
1.0959349540297816
1.0732792667318700
1.0839326722877041
0.3441875001505428
0.6058196523112649
1.0951647419559183
1.0658349102252416
1.0842399261023328
0.8348702264589436
1.0931295196782300
1.0754480985684853
0.7123683373313553
0.9661353761446578
1.0506037847588208
1.0986664210066077
1.0350624246007787
1.0961298297858146
1.0696559398759520
1.0858104665096355
0.4299517971328187
1.0906274728049334
1.0720031105277545
1.0394857702053490
1.0821938870648546
1.0759938644817686
1.0636291682906025
1.0905523446291074
1.0929945167569353
0.4994513806177655
1.0978602937555029
1.0879416972792579
1.0954385404079754
1.0895102040083624
0.7766531510947252
1.0822653723921216
0.3480984176162090
0.9924941289807979
1.0713438618789926
1.0539391152770157
1.0795150582797317
1.0975787603014608
1.0934745249356586
1.0836594137067590
0.9815021432245276
1.0949497955286578
1.0955164331569853
0.9075264690925708
1.0753280311071465
1.0820695556815625
0.9680575168148046
0.4814938517323072
1.0900089967878390
1.0625869749598338
1.0905427046573632
1.0984773943746418
1.0774738150512115
1.0578473179803494
1.0936386789766259
1.0946773257183935
1.0350116877524520
1.0882605388190978
1.0952910868259595
1.0938143395041042
0.7968808905853805
1.0891889618149904
1.0500042126253863
1.0814779048783512
0.9215383792931995
1.0174511999498148
1.0838833571332884
1.0499650909687124
1.0783150883307306
1.0763233136459953
1.0892662634139516
1.0953309146371917
1.0879139403288220
1.0792917201485988
1.0889458675424692
1.0936822088047822
1.0101296757789715
1.0836531237798228
1.0873680632827458
0.2818564184049877
0.3493101781375967
1.0951753000898099
1.0977603585442846
1.0907938995622435
1.0794583937582825
1.0428686819468989
1.0903032286695149
1.0972180695236362
1.0932695772033956
1.0434533808555793
0.8063040577268603
1.0011383167643226
0.2846267552887473
1.0548387191975641
0.4802581944703996
1.0561534566978303
0.2850678150269705
1.0808964866372661
1.0218883397312728
0.8563810162112584
1.0644556137892014
1.0883881947179224
1.0017404155612675
0.5140434451821315
1.0591119960472646
1.0546334622722342
1.0850182737633913
1.0947900744766157
1.0913552579161865
1.0826824662044305
1.0034540389814770
1.0917034708112889
1.0509193488048074
1.0841736092619136
0.8949753132137512
0.6121600061961104
1.0975605150988428
1.0859429554879370
1.0408431539786083
1.0483976667658010
0.4121775741480600
1.0316096511901083
1.0798967017678249
1.0792427027102163
0.9067950651074368
1.0977247579274045
1.0942810164988888
1.0736964633081867
1.0314000268489247
1.0817832320676346
1.0365952980680080
1.0864972605910184
1.0857869524331714
0.5620927567282795
1.0846318670325343
0.9780545414772950
1.0720400003278681
1.0969237781079884
1.0756611459638230
1.0980869382993317
1.0763615702476113
1.0681037139500955
1.0389072451477535
1.0916224228906262
0.8374895845253507
1.0755839949191679
1.0878712932585812
1.0942529081963999
1.0836383568107237
0.6878809590684969
1.0913525593674451
1.0284391282401217
0.3703378912754410
1.0152654404212225
0.9696037783969149
1.0181094381944349
1.0834221021938120
1.0881604973160004
0.9146533580750812
1.0649445377250117
1.0961474544808849
1.0959758650135074
1.0941075247049614
1.0941986407573201
0.7228087225599497
1.0233362873895526
1.0950266759470477
1.0848481561743022
1.0592142256090431
1.0934484560761093
0.5695125637606271
1.0817311705122643
1.0953406329728212
0.9400195876408014
0.9925333669884692
1.0516924726935890
1.0728045210245498
1.0410214198754513
0.8836865737156174
1.0966071427789639
0.3093616759520587
1.0629028033292456
1.0448515032725003
0.9128606121199757
1.0952402876310394
1.0011196470319474
1.0649426576044598
1.0688293480113804
1.0447316069533519
1.0766469648671955
1.0888110534229565
1.0988968642251828
1.0939996590637462
0.8333688342003643
1.0701133235825155
1.0743410138958840
1.0930481363368967
1.0880907134521338
0.5419719424924686
1.0734063614847986
1.0950912061321310
0.8057858265678449
0.5100352776896806
1.0100211866369198
1.0938309811901012
0.9872327345715487
0.5790280669589130
0.9450211445868727
0.9482017745235254
1.0913464280718692
1.0774757466219409
1.0041155290020523
1.0641563084106458
1.0478206580951581
1.0463572070095297
1.0781953259009800
0.5524630303275518
1.0944628260070666
1.0928559731807808
1.0892404388107682
1.0957060347650813
1.0847121635597397
1.0938669999452884
1.0975060910452112
0.7895061516384048
1.0069226007809826
1.0100926729056265
1.0880082851382280
0.9067443971763943
1.0926631414602892
1.0442651642499137
1.0933581612418866
0.9058370703274883
1.0828163577095682
0.4455718757062272
1.0975105488942314
0.7835690890133932
1.0428836494396578
0.9602903860683448
1.0444597781553830
1.0806354481073142
1.0963939728381840
0.8672483876862030
0.9467747737857362
1.0983366383640638
1.0938170284357531
1.0941070338493932
0.4026212051588484
1.0936127769624711
1.0428378700440493
1.0399011792113533
1.0947503724185887
1.0960537073847587
1.0878433612731784
0.9854790895172877
1.0932906679656607
0.8559542183821335
1.0888569355046951
1.0944431570473525
0.9101786645175375
1.0380277204579818
1.0843143704645666
0.9668660174853521
1.0916119938613542
1.0858238879484443
1.0773996541019772
1.0941782040928612
0.6551334202836602
1.0377896521238299
1.0633358633022874
0.7163717667584621
0.9459784410811034
1.0065337384749551
1.0945436301332081
0.6429615960790568
1.0823306296288879
1.0878396875027314
1.0828347401984302
0.9495114218862217
0.2810480816530432
1.0944855420710096
0.3585105287941976
1.0729548313248711
0.7439878973247086
1.0967065322332556
1.0861844017813482
0.3153219835962288
1.0893906003809284
1.0884042042329081
1.0615095267092660
1.0957814890783140
1.0658738134840644
0.9260875147105030
1.0732054387217573
0.9666811940821868
1.0895315542518451
1.0914302588136551
1.0932956257145166
0.6766628534425446
1.0921894860418360
1.0762073062202142
1.0550112522581161
0.3381404369914293
1.0823622949759111
1.0902618339315753
1.0819208277186030
1.0897616794781024
1.0180326906641457
0.9819334496633788
1.0962725592944440
1.0979560253948522
0.5781642533938843
1.0864825281770258
1.0658121955606026
1.0573271169812635
0.8512174114596416
1.0759016033048190
1.0767684416250372
1.0890345792799261
1.0865689491190527
1.0853965943991390
0.8697911416794446
1.0921164416841092
1.0944475792271484
1.0907044823345295
1.0891866675130588
1.0911958646917599
0.9515498352006505
1.0583667891951378
1.0568586543097949
1.0878438676374453
1.0878743931449237
1.0883453285697846
1.0455505168563548
1.0959690253340244
1.0934379445160163
1.0225922494611301
1.0323848539877674
1.0817300664944942
0.3012401353253368
1.0979463293468468
0.3929574479555857
1.0660009437600548
1.0938642188040553
0.8186994588486718
1.0798787171051383
1.0958758694663748
0.6782366832712723
1.0896133784484445
1.0922693622197648
1.0960786066394468
1.0956409208584761
1.0719545434587074
1.0855649664560452
0.6992103725659878
0.4276455991063101
1.0146914438628625
0.7983133142872655
1.0956061591466926
1.0486518679143624
1.0857005025251929
0.4425920575114814
0.7134843545157378
1.0896540698640318
1.0942512245091309
0.3725578668097859
0.7051086557341855
1.0452224087459541
0.9873165646034346
1.0967488756725019
1.0478000399583056
0.4361594810011544
1.0963333115712832
1.0412382224383636
0.8875560226127396
1.0701040354902653
1.0883892961965052
1.0871246154117931
1.0912056554216436
0.6953621494752731
0.8937960017814444
1.0888432577277254
1.0986582799967404
1.0905624255789361
1.0973177651261887
0.7081009971387876
1.0914891327078817
1.0840046755581285
0.5565542740666047
1.0881224256251323
1.0906690713356826
1.0349430280604899
1.0552749337501099
1.0835397332524790
1.0718221348736066
1.0920247785404427
0.7099839965744175
1.0915643084040407
1.0398371958271042
0.8608156521709069
1.0554501581090110
0.9040844716653015
1.0722626846098411
0.9049641338641613
1.0578350358415580
1.0450242289637153
0.5753423847862484
1.0319917052289247
1.0933942801909231
1.0371658063795981
1.0434211189424925
1.0624751917755140
0.9495784642646526
1.0886888637778418
1.0893335247747062
1.0626133201157981
1.0476689204601535
1.0780442457305706
0.2814007923342505
1.0612789068588808
1.0329191984919568
0.5774709741836499
0.9584663247788053
1.0854995167358521
1.0868812822633092
1.0297572834314053
1.0924269812059459
1.0944053542509662
1.0825398950814897
1.0931370455762741
1.0896167761380238
1.0882991905703256
1.0964860195018029
0.6493841716631047
1.0931230414118900
0.4268289876458992
1.0830572285036051
1.0690136258890839
0.4495803105598383
0.8763427332230034
1.0107999205691476
1.0791779267764399
1.0678906567109065
1.0879292372753451
1.0849649768247933
1.0992501074504279
1.0778862031585890
0.2877880503073783
1.0286688083437974
1.0173867896165028
1.0867656787521500
1.0676831233882771
1.0969219827450107
1.0030603873569346
1.0804244966987329
0.9859615097300560
1.0651929487385570
1.0765164109894005
1.0745415521012442
1.0781728060448756
1.0852773157412963
1.0947482685007617
1.0675164994055817
1.0448200547366717
1.0959031589190620
1.0957701443499364
1.0922055385041005
1.0858618484361744
0.9493445669482775
0.2908739223789399
0.2861378395954782
1.0750311645027719
1.0650358137496150
1.0974346474717402
0.8774335683271998
1.0729990953573174
1.0920191002021209
1.0131823403293374
1.0794911957762392
1.0975324203433994
0.9604932544251216
1.0199437743954032
0.9969764449207603
1.0949195088448149
0.7648416106967489
1.0860010607084778
1.0950266327754901
1.0112345998198504
1.0930061946275185
0.7388342177737111
1.0964050672122994
1.0782942272589104
1.0934575432303364
1.0949345811453925
1.0730624916219138
1.0960170633793629
1.0790299436136548
1.0813025433311931
1.0871440456298065
1.0900010888685856
1.0862034074308773
1.0810065605367005
0.3769564177773038
0.9904574404715857
1.0879935216201353
1.0906723392879178
1.0696911113584533
1.0930339509981053
0.9603378400439497
1.0024318024768224
0.2885454794864264
1.0863569685175594
1.0817264732072815
1.0979647473433209
1.0907441842993870
1.0865951383724362
1.0545151700151134
0.8626960940902156
0.8245229774117532
0.9016090508778576
1.0374452161296117
0.8311294718638684
1.0903340410183477
1.0958342545887521
1.0549778399411214
1.0493111113010511
0.3333077206514325
1.0929957652987901
1.0892396300455287
1.0938608993518166
0.4698056392771284
1.0947850223932949
0.9498863792623967
1.0426979080004120
1.0802307640518642
0.2909163933627448
0.5692871731153737
1.0823060052037268
1.0106394159618544
1.0938961085605639
1.0762561584704118
1.0953367482050496
0.3686837684706452
1.0363949669945338
1.0651352288103353
1.0933617040310772
0.4277704381603233
0.4859517885976483
1.0937389771123873
1.0818628293337693
1.0391592333971360
0.2809470947010215
1.0957805825356379
1.0844213821756310
1.0620998462868321
1.0928675635144878
1.0901113476623761
0.6327092776041486
1.0365784673357903
0.6425510872612993
1.0878955715058272
1.0761211933431680
1.0980748093722177
1.0668955445099424
1.0938904456673888
0.8152059131879188
0.8086953551277880
1.0978705212635635
1.0269626523864919
0.4395553476006000
1.0281066306748190
1.0716872732264557
1.0961954887969363
1.0124722271102158
1.0461332200536388
1.0730379406584691
1.0961772823955778
1.0904351752361494
0.4148436717510793
1.0887346336334482
1.0964167397029152
1.0925583792411622
0.9370716326697013
1.0451705153356223
1.0078811156398797
1.0880165768537120
1.0251231016144848
1.0835843069926792
1.0974757422798358
1.0841060519149930
1.0441432161338733
0.8879506866392208
0.6855006512015666
1.0955693915462466
1.0370402102475662
1.0989154537915560
0.2808471466643903
1.0922342561606444
0.8741515439304152
1.0896565420356781
1.0585510407928880
1.0673569982476074
1.0135590108826011
1.0967423301405790
1.0696285888857247
1.0959865615843685
0.9744593045072931
0.3593532609290531
1.0968590733222450
1.0764707383175831
1.0786944969040086
1.0645299879107133
1.0748755865577184
0.3553553303601177
1.0397343921444271
0.9319919367961609
0.5750764491919861
1.0965412512836994
1.0746589077538879
1.0911424413660880
1.0468921593823381
0.5445610024789370
0.8982023755213823
1.0886000213908484
0.6015890970835625
0.4724531452413380
1.0894586512336077
0.8230711725098347
1.0808967795970121
1.0820033928796178
0.9196160607481147
1.0895871272849269
1.0872018906593641
1.0846893668219086
0.7947319681208084
1.0932845122742825
1.0967392665779172
1.0970393672124676
1.0891439096678943
1.0897276644460925
1.0953900126796212
1.0948570631611152
0.3482970005539426
1.0945471490268959
1.0961005720772399
1.0806594849729845
1.0599187757501740
1.0733649785481436
0.9351327206704441
1.0892274981793337
0.6534272968612659
1.0876581489928161
1.0968467877894552
1.0855603420399174
1.0958934528485298
1.0364516983361136
1.0695515189652389
1.0163536543564207
1.0928305461773227
1.0588920878422776
1.0935897698328849
0.9794574767520701
1.0963994598995235
1.0493331302535012
1.0913155166171600
1.0867585386093603
1.0692181262616096
0.4184037798662187
0.2881205696654150
1.0946178549219925
0.2836392242028375
1.0892259373115627
0.3467749440053828
1.0895165742272854
1.0753031851152146
1.0726185800426500
1.0840675510641440
1.0779826179330962
0.9008870587779978
0.5780621397328283
1.0952816249465980
1.0888126199811088
1.0801728505700854
1.0637663189717927
1.0858938630186989
1.0910311355280859
1.0951425238877555
0.9549351350992307
1.0844290557485901
1.0942490937710214
1.0889235776963611
1.0658226752810767
1.0749731356936807
1.0962930777727198
1.0911878397031278
1.0957504949646035
0.9034243247541064
1.0978079269449978
0.9878369250983330
0.6120149553885740
0.8544906620187654
1.0733023753356772
0.9930523684900432
1.0413076957135130
0.9994276810593793
1.0792439872627706
0.8825435800117987
1.0781115207759411
1.0892882987505872
1.0315439647268472
1.0756352129988080
1.0911106038609757
0.8782907499317282
1.0921921243275781
1.0553043011649808
1.0720962171212276
1.0955753549687801
1.0954722998433013
1.0772254290894994
1.0974564852704738
1.0732610551095694
1.0685808081496357
1.0919609332443270
1.0816315372931367
0.9516562128519067
1.0966176272387875
1.0706977516188365
1.0894689633118044
1.0270578234003100
1.0789462815124946
1.0846131931335266
1.0813477451776168
1.0912758246874394
1.0943735848340805
1.0881844900139472
0.7012292960994578
1.0917482957877902
1.0593375190277041
1.0895865888201344
1.0955046331518832
1.0836941938065614
1.0776763323008656
1.0865143682083194
1.0679280841712464
1.0617393091025105
1.0129810500622132
1.0920831626141023
1.0954038565401540
1.0935849438154315
1.0945083093927030
1.0946164147191213
0.9958398129049297
1.0806119739343854
1.0844933644628871
1.0964177933449968
1.0867264920474629
1.0974566602096711
1.0725438695813161
1.0979424988232784
1.0321018944688578
0.3104959631658560
0.2836583121775523
0.8660611110971483
1.0892689146818240
1.0309626599620902
0.8579393611869049
0.8590353688825678
0.7570680882193156
0.9291093399806736
1.0731065309553411
1.0096317726448036
1.0373029540100804
1.0589646491065823
1.0948684004496505
1.0918456997998940
0.4683128395065385
1.0950618176529976
1.0883562357123686
0.5657940936488338
1.0819722024291059
1.0519419000454371
1.0856424492117063
0.8329402893445353
0.9480399422230937
1.0790146104522096
1.0555854134835334
1.0947576253023028
0.8324531015169854
1.0893213523716314
0.9505279415717536
1.0959935217454839
1.0860286922731093
0.7891850704910673
1.0942175711803523
1.0824270886790099
1.0894112149900257
0.9987926693969856
1.0765817823722210
1.0968341341401169
0.8522700948223508
1.0911588266684140
0.9338443543251496
1.0715738961389039
0.9559413516372467
0.8847188066435916
