0.1287146679657321
-3.5041756534246584
0.4703551679855372
3.1042496154939334
0.0168659530543467
-1.2065922473357868
-0.3480493633070066
-4.9500322582268339
4.5872137459150819
-4.3391858411317932
0.7930487797616282
0.7204231361139796
3.2669793537157537
-1.3719288375769576
3.0519549153098664
-1.2467364754510410
-0.2521152404127801
0.8987913290297704
-0.7531288551481714
4.7299453209331830
3.4270852215026748
-5.0349852099603352
-1.0745669621840956
2.4118814505095978
-0.6016189099092779
2.2609919416771205
-4.9603770421689104
-2.6487515476604013
0.6420475261600748
6.1783640625347616
-0.7357579883768153
-3.8170069354254381
-3.0654284066723765
-1.2514206163267643
-5.2277127149105560
0.2832426915704703
-3.1742232557396717
-2.3031626337825051
-1.2350250302263546
3.0493173991587366
2.7060692774565451
-0.2706811639853662
1.2860205767113004
-4.1953272597470379
2.7347673568931889
6.9467013890661971
1.0803925876131533
-0.0797948676050154
-2.2322334159600401
-1.6009943435717562
-3.1156282420441319
-3.0302820251382583
-1.3955640899992903
4.2076735969047121
1.2133275393867431
-0.8933444386539979
0.1305943779077172
-3.4140554420440701
-3.3552826602461545
-0.9995331491545335
-2.9033806574088574
0.3457814965050612
-1.0321457841126791
7.8097247030354673
-0.8997315477484148
-3.3304164232518296
-0.6304646185642141
-1.1003866290684252
-2.7244883830666300
4.2580127065975004
-1.7230888775682320
0.1558943882034097
-5.0211015118209188
-7.8606681208861628
-1.3230457976620702
-3.3514984399275880
-1.8427026673116584
5.6533313523249813
1.7197219267425337
-1.6638968142849486
1.2594062717515846
-5.9444232070428704
-1.6658832485068127
-1.2041704320239022
1.4189249991905706
2.1788590716681551
-0.8661524322072963
4.1243149296594739
-7.7823068943122236
-4.1527141455745085
-0.3625598989651488
-3.2851651737014977
-0.0791932754706317
-1.1321941313508201
-0.2594517923193145
4.1793050774985705
1.6433387934109867
-1.9346854402763460
-3.5116874968235736
-5.2489106590479944
-1.6404102669078664
-2.1110383292544364
0.6540078789690191
-1.5171272074948585
-2.5223304006345488
4.4836805761221781
-0.9351635491179315
-1.3781461830626867
-2.3597554049157741
-0.3981159088201945
1.4568162811303309
0.0944998345231183
-4.5641559134738241
-1.8859579212665452
-2.5097130916973396
-3.4132364429327455
-0.9735922515253665
-4.7323529811186820
1.7953039572537766
1.8757917520929590
-4.9615850568197191
-0.7245615122709798
2.4755185495942866
-0.3221773868425274
-1.4360540210994692
-2.7584897569576063
-0.8688486831623417
1.6890329232886150
2.9887849962176265
-3.0928816327812054
-0.2096803606829371
-0.3485577870789776
7.0072673452537595
-0.0044726653687232
-3.2880541361000533
-0.4675800841855335
-0.6600556473080957
-0.5321059807378377
-4.2917877986187483
-5.2473968378841525
-0.3467819546531485
-0.2670358604951133
-3.0719850679032756
-0.1292312514114723
0.1044590850775747
-1.0809470058497110
5.5253771944720125
-2.8445539019450412
1.4524090952536048
-1.6796318522188169
0.5080816739606824
0.1962932983206800
0.5980071887666738
-2.7178062697764931
2.4193562521576721
1.8636351820928303
1.3130720194326189
0.8842852743003596
-2.3442365144880020
1.0797364527524962
-1.2800341834384241
-0.2728677432282391
-3.2458700935826736
1.5738591140062286
-1.0805634255838348
-0.5113421944145536
-0.1026274712397915
-0.2319424610748713
-1.9410818977549791
-5.1138123811051868
-4.9292111845263520
-5.2150511708899590
-1.5973296599637488
-3.7063891411588639
-3.6039550285147914
-4.8989244448881406
-0.5307285016301047
0.5262196458591312
-0.6710925330509239
1.3067377733784418
-1.8298837418969236
0.7006349523939737
-1.1722893677608168
-0.6314110575437878
-2.9971975335527965
-0.8338956037264758
-0.6399268553338592
-2.1337132409998198
-0.4075881073228622
3.7223251377199480
-5.8695610203440651
4.3797326629657531
0.9598351017680916
1.5251542908783922
-0.4123358032374307
-1.2349977304887820
-0.4842335823345785
-0.2511201971752853
-3.6503572223711966
5.0391836572265944
3.5824962093053423
0.3914499545417598
0.1381414271103001
1.9623473221985308
-4.1180094340985356
-2.3247143988905044
-0.4197010092149889
0.1367312380213843
5.0027397168960830
-1.2765428609295846
4.2871016802841417
-0.5431239548793088
-5.3843408662744627
-6.8618876159238571
-1.3441984129560332
-1.7272850933821466
-0.0725304142066732
-0.0171041664212929
-0.2840002398931288
-5.3346187470571245
-5.3636069306917813
-6.1021389296235071
-1.2227792792954797
-3.8214644025114239
-3.1998711054250366
-4.9029764025665621
-3.7431361638948393
3.7931861310841755
-5.5164482063368130
-3.3296720478775650
-3.1397753201464194
-2.0250808730474428
-1.8784128314311317
1.1731022333867949
0.0529241143565955
-0.4249988867716943
-1.8210427738516928
-3.1874492042562537
0.0954748094745013
-3.1069756679733103
-2.0035116538018181
-3.8697137152327667
-6.6225340825497696
-0.7045081773823820
4.9920669219729765
1.5483836445639132
-0.3961577147822435
-3.1469282854887823
-6.1756790455038484
-2.6841285313076138
-2.3039586064488238
4.5412933158171676
-2.0250249964258056
-2.7715120376529860
-0.9699241938457174
3.3803648458310520
1.6166556047518226
-2.0413361844380318
-0.7817783805852673
-3.8933282593927165
-1.6441152007729802
-3.6423398015931499
-0.7789843173501856
-2.2801755930427965
-2.8563748740507982
1.2493473150035754
-0.1931997258652888
0.2077508366283891
0.1162160756983469
-4.3724114321877705
-1.3110466721859892
-1.5805790599809206
0.3277388684165037
0.8626058342579710
0.3000642758947867
-0.3278181819521089
0.2868478901522583
-4.2264383816758668
-0.1776282018576182
4.3426680878977795
-2.3938034954694047
-1.0597284384060417
-0.0130445368238674
-2.9730068272668717
-3.2382754131197289
-1.9927107223094085
-4.7275602737686775
-3.4874223871360845
-2.2284970332878471
-3.3144004537448906
2.4169475207881312
-2.4466549599479626
2.9671576636365229
0.4344400616955429
2.6146639441826167
0.5550228612426998
0.1059316278299010
-4.9671043873747802
-3.1719720345061786
-1.9193769234831846
0.2592102950550580
-2.0690647063883651
-1.3896665074941379
-0.0430105325387940
-7.7942068165812612
-2.8519497519472576
-1.4938087115257908
0.5572092921938154
-4.2608804909253344
-1.3075676623743133
-0.7489204223789520
-4.2207223344058855
0.2081660565767067
-1.2782023456508966
-5.7939461209882088
1.7851422513326276
-2.5614313872367420
-0.3454990283597090
-0.7344188793989566
-3.9136347525593824
1.8950645175289411
-0.8993841949412112
-0.5555311659550802
1.7689539479741627
-3.8603138558661141
-2.4783153209655584
-5.8911936734183321
4.4415747776368901
0.6982456105923387
0.8449032433900669
-3.6920190153020140
3.9335781474273515
-0.9706400431196958
-3.3613305238402216
-1.4013187754234939
-4.1885316472753340
-4.4868517653567164
-1.4932128854324145
0.1603279681439131
9.4113024474125595
0.1468466436162923
-1.6683382411564112
-0.9551632369211153
-2.1271459556073213
-4.3299546037543424
-1.9982858863632116
-1.8315824830557954
-4.6558886688458134
-2.5842615434703147
-1.1582809155734355
-1.4437458274820933
-2.3278728714689620
-1.4728330187208707
2.9953214615338339
0.4059409425490342
-0.9993933693144998
-0.6122386033921656
-0.3944428573472580
-9.3560268199805954
2.0328645380553572
-1.8835297822955999
-11.7317530155035836
-1.3969398679784062
-2.6713919455860813
1.1371310880305785
-2.0863171884801019
3.8916187592881797
0.6298754299104083
-3.1888642156293403
-0.6091053992489905
4.7240459695775661
-1.7139299938351669
-3.4508653431309657
0.3992764396031608
-1.5462358240985552
0.3060282357621575
-5.2368616077315693
-3.0244620635960699
-0.7277353711341727
-1.4202614976322230
-0.5472132826749686
-3.9866074489741292
-1.5874504242651690
-6.0954102169768953
0.6382013104492507
-0.9423245141498729
-0.7936770309485801
-6.8076033210865070
0.0569414357166821
-1.8660146015970047
-1.8058868224678033
-3.9679221341595472
-4.2059453499964796
-1.6803163347879690
-3.7755319864620382
-1.8643364179217434
-7.2278301918391126
5.5098835193684570
-1.2353134533464483
-0.2178504073350178
-1.3964608802120517
1.7853845494050384
1.0970348368543721
4.4086997305020468
2.3815635472551961
-5.3130215094936037
-1.3825888311350809
1.2808171441257092
-2.6973842383677158
5.2554697524131857
0.7142630921114203
-1.6405120047116593
0.0636581519434539
-7.5407031318419806
-0.2463308164501548
1.4883843235563310
0.9835865515615557
2.9233595635474825
-2.6934013898990541
-0.6590245823051484
1.6361004153232355
9.8988067455767759
-1.5288765180495516
-0.7226444564294410
0.5039671710023959
3.7150584979856944
0.3540938623467356
-1.5530668377658050
-5.3745843670259719
2.6370177302195321
-3.4230224797498172
-1.7228991208630395
-5.2427343198771457
-2.8734103109357938
-4.6769826969016783
-0.4133157935463494
-5.8543801282288968
-2.3923905983321978
-3.8388269265999440
1.2309292417780364
0.1374609821540460
-4.3271563753695919
3.6240026280903046
-0.1544848875977933
1.9294086749937456
3.7852991499511419
-1.8594038160338102
-4.7874724877871433
-1.7942773640102594
-4.7291080401314751
1.4817435467784030
-0.9943431751811049
-2.0918943468354199
-1.8264446420161888
-3.7085067426359881
-5.6156781371245241
0.3170852024280150
-5.0811190797751546
-4.9412913954838746
0.3353752089014675
0.8591600572941760
-2.2842871070259791
1.4900194844600416
-3.3381266134267280
-3.1855651471226571
6.7429320788985674
-2.4563328154521495
-0.8817486100267637
-1.5614880854404671
2.7156852463378800
-4.6564105342090940
-3.4505307365188198
-0.8159366844256203
2.5940402971498981
2.9445575144677139
2.2167930595958887
-3.4465679492883248
-3.2059098618150568
-0.5989141323281022
-2.9148160669325742
-0.6329170241007477
-2.7807723041927415
-2.7353282042629230
-2.6454824592978810
-1.8482775678705454
0.4782740751245090
-6.7048230316934010
-4.4675305601454101
-0.9034937701075179
-3.3804110895592578
-1.3701859491774304
-4.3235001333488938
0.3404396129469370
-2.7086136245256536
1.2324634615263248
4.5313178064599056
-7.6961436979214888
-5.6041402230352864
0.3719839459595816
-3.0349735598805845
-4.6017352582206312
-3.8756052713259583
-3.2462882312644243
-4.3506259036972299
-1.0405645349423107
4.0093178643580618
-0.0282020883812069
-2.9184702627058390
0.3754100401965483
-4.3316041924935424
0.9698567835957443
-1.4649093326803098
-1.0998981039380271
-4.0196013950286069
-3.0632636319353281
1.3112960365975181
0.8161105673532153
-1.0781834318522661
-2.9497943597340233
1.4204645097067046
2.7304172742593269
0.8878178321766537
2.9299284288817637
-2.5441855653255789
-1.8569261054855508
0.3677234994757341
-0.1985477462770115
2.0583147810726841
0.5578751736669625
-1.1952274836601191
-3.7947409482074437
-6.6544318496758947
-4.2081586990127526
-1.9729813274572527
-3.3739718470854290
-3.7893756443331843
4.3479794555867892
-0.9524845188389622
-1.7671587245909179
-1.2300999274962123
2.3396455520468171
-0.5044104846342223
-2.3399527033716359
0.5328537350462248
5.5501792600412179
-0.9352132831463575
-2.5346779077861155
-1.0001654170728016
-0.8604237960108355
-1.6182153749568238
-1.4180238606326503
4.0952189370993004
-4.4785316730207239
-0.3805809190803275
-1.3162196612679515
-5.8244725863978069
-0.2725103839256786
-0.1587118144767041
-1.9081876354167915
-2.2773875150902221
-4.6139507349195057
2.9250117653604391
-1.8445877438437732
0.2725483834569028
1.7557780690924336
0.0530237256405567
0.8936968606424591
-6.4796171968886762
1.7729870123227216
1.4876899832416550
-3.5262363978847038
1.2890614604298358
-0.8689858734113105
-4.4003117401760594
-2.3902856440544378
-2.7371033600806300
-9.6969231434771057
0.8898475635764378
-1.3373007065149816
-4.8844635331160866
4.9637737285995716
1.0869995802792483
-0.6094114059970467
-0.1507920595528285
-3.4825129459107238
-2.6572628885098029
-1.1768312597388029
9.1667327738448030
2.2873429685927831
-0.7468484620521685
-4.4780586699860407
-3.3446374981498970
0.0163687865170280
-0.4627993145028557
5.1204934391848838
3.6907368580090636
0.1924757661647043
-0.0023769662645440
-5.5989103636173621
-9.4012664735086418
1.7346444563169436
0.5227591152727828
6.1396202965891140
-4.3483522897946916
-0.0962476473746946
-2.9865938402314915
3.6308021117796261
3.3301845125781675
-2.0312748957814741
-3.6360822740289480
-0.0822638298002668
-3.1311554009951981
0.1850058969147221
0.0902598848005529
-3.4666850327818426
2.2474533769358844
-5.6165214886271260
-1.1481116901347437
3.1230660938949004
-2.8788436620992406
-1.8097705974652782
1.9624059695276013
-0.5147482082145033
-2.5316612371389628
-1.2002589520836395
-1.3767670664161560
-3.3660112955139443
-1.4419293099619295
-4.1583612311678131
-5.6659471809360937
-0.4217554252476161
-3.2017337294756421
-0.1799787522491503
-1.6914675480967714
-1.0714721642351470
-0.1358847367010405
-1.1835158278481721
-4.1289555632090194
-1.9533834523527012
-2.2514384208675566
1.2532466110164773
-5.0850536319859465
-0.5099711456136573
-1.8099139427381432
-0.5009750368410049
-1.6094421488202091
-1.3807978872834541
6.9302426070713734
2.6114944366564750
-0.7206417672472469
-2.3939710199393280
-1.0279572464707503
-0.7687009152485080
0.1937778558370497
2.8833711639904860
-6.5102634500893366
2.3273775450319847
-2.3517712261972243
-1.7240312039951018
-0.2008683104034073
-2.3211485826222846
-2.3675863656007925
-2.4184036750713913
4.4706202269602056
3.1522086078765130
0.3517367083645803
-1.5278840639922431
1.7049920844537729
-0.4285749042599416
-4.5873813646318009
0.0268338186105607
-3.1676080128095645
-0.0124717093092531
-2.5773362096420867
-6.7339753804203184
-1.8226812318983454
-5.1415771231719383
0.0039460027846198
-4.9002556666510619
-4.3942523750794003
0.1633073585921399
-4.9352093078497683
-1.1297866648423081
-1.2082428366383269
-3.3068197156755925
-0.6776075719700292
-4.2428394868748125
-4.9842188072792322
-1.5529107807793081
-5.7772403127746292
-2.6107088831121383
-4.5018937740338041
-2.5833747068736139
1.5145436731074045
-3.4268873037770415
5.5062009635301212
-0.5690095053756740
-1.2723534223084181
-2.1277260511984273
-0.5119642123880244
-6.2532166698893956
-0.9732326619867337
-0.5257445277621418
-0.1162577408981654
-2.6103589826571532
0.3065313193679599
3.5901902247735524
-1.3871830311924185
0.1757175674922392
-1.1674261374942896
-1.7196822619311343
-6.7709159436103228
-2.9832756708000936
-3.4287295585224897
-0.2252421629224492
5.2929843114851884
-0.0218904860596845
3.1046296520917744
2.4140958223454119
-2.3336565642906915
2.7770210302272460
-4.2047173626515217
-2.7377288683715353
-2.6973438794984288
0.7348228083896671
-3.0924986307321607
-0.0653535577616160
1.0637911421106159
-4.9418568111290488
-3.2180393732427208
-0.4592442416250448
-4.0045240278192784
-2.8114106841607835
-1.5135594089041104
-0.8040181229204915
-0.3612239029947992
-0.8158666687606689
2.0748068408027822
-4.9983502679888652
-1.3469996488237161
-0.3127929737380907
-1.1151721093250737
-2.2553733182466429
-0.4532466938426819
-0.2818547450175253
-2.0098678130362835
-2.9977116621389555
-6.2809933851002846
-1.8523712344214303
0.0650056350671617
-0.7622097759030017
-4.0724168719105966
0.3218667439584837
-0.6906270732516505
-0.4416446010508017
-1.5228106389934428
0.3616484175089614
-1.7863142471053615
3.5541281805784144
-0.5545293016606522
1.2954470764156998
-0.4208184803088670
-0.6213171897473134
2.2335074204950893
-1.4714157837817239
-0.9122707663119771
3.4561264072953519
-1.4783823672256984
0.0506690709541518
-2.5679167769840840
-5.3331104567916636
-0.1364765152115574
-2.2550720172228393
-2.8779457927751664
-2.7476289009445263
-0.9245490853248737
-1.0904200651078790
-6.2053078530840207
-3.4543041920240811
1.4401979194328005
-4.1655522357238821
-3.5110259378096247
-2.2671749325516171
-1.2003720564696378
5.0481709597149020
-2.6879017377910541
0.2301036109981593
2.6693969085911142
-0.9181391198746143
-1.1792199559777350
-2.0704360463558218
-6.6242758934657262
-1.6913799893380039
-2.0079733419815926
-1.6477786327433936
-3.8307737610467383
0.2327157542346273
0.1766742546730961
0.3176593398072891
3.2116477009571747
-1.6400326509029659
-0.5060039789429361
4.9736359454451629
4.0575461166114257
-2.7496314887046998
-1.2474213985733438
-0.1773911785348954
-3.6276393163881777
5.8271996606716847
2.2160394287428473
0.5951767780181692
-0.9340445896764750
-0.1355497359582896
-2.0025076081379094
-5.1913638034472127
-4.8066672044410259
0.4015543562135954
-3.9907689627717309
5.9481311274570494
-2.7308357777608450
-0.0171422335535471
-0.7945057003292810
0.4412544970104861
-0.1064025307558785
-9.8482907267608155
0.8243346279206126
-0.6934467331991846
-2.4877383057264320
-2.1031416149457072
-5.8685188716518359
-7.0202014595165068
-0.4968901598522396
-3.1261794034190356
0.2646274217222522
1.1087813105036002
2.8522938554407653
-0.4370846058255805
-0.2191377132346969
0.2653949309767404
1.6472239405227036
-2.6467102684537585
-3.9867158464465091
0.4373020931240336
-1.4410596858608347
-2.6104202236786533
-4.9045142685112975
4.2778939319978253
-4.2233470438933542
-1.9920008703121037
-5.4021717316419133
-0.6715488057000270
5.5695832423209559
-3.2054160735116781
2.6146186099508455
-1.2485878728028437
-4.3799610031579990
-3.4335120229725558
-2.4371567983665448
-2.2044368306441546
0.0877933478596492
-4.3400716063203584
1.2771711652726647
-2.3819577899845044
2.3553996400459716
-2.0436182787975929
-3.4323331272062121
-4.6855855761954937
0.0135564705056779
-1.0072010675378231
-7.0885185261464869
-4.9908899401922149
-0.2827138961054763
0.5485269698082629
-2.3167176403365826
-3.8200013227799459
-3.0717981568265249
-1.1989393554457535
-2.4938653690299724
-0.4614008603169157
2.6547357161561673
-3.6805264688922996
-1.0895596320412997
-4.3590189411342468
-2.5609315196902243
4.5954560036602290
7.2966073303478503
-4.0483395744965129
-2.8089647542550038
5.2352123821840646
0.9393889212969556
-3.7178946829746855
-5.5412674115233305
-2.1702155868577147
-0.1692278213420692
-0.8036808358715456
-0.3578923854270954
-0.1748168941676987
-3.5482199000630290
-3.8991278959952544
-6.4087561086080376
1.2416948439026076
-1.1308486519371650
-3.5746362408898777
-1.1307614264135708
-1.8507512869168035
0.4979935009244686
-6.1242451143842942
3.9499580268146333
-0.8141647839967270
0.1291685318471510
5.3641844232893252
-3.3684418449888160
-4.4246893521789987
-0.6642228550855208
-0.8385109002020111
0.4975384337750134
-2.2341760941308104
-2.6074830378596632
-2.0750953895582414
0.0114183853149890
-0.1800635635054055
0.1871529990206849
1.1176985108104407
-0.3546731937011254
-0.9256637674645942
-2.3143031352358103
-0.5775875982501211
5.0370276550241400
-3.1705811760284588
-2.4521869295542498
2.7529895854788746
-1.2500896527313221
-2.1319194273390960
-2.9271363931172827
-0.3898476717690224
0.5592184052192444
-0.9750643052438354
0.9778129979985541
-0.8387202981058216
-1.5581464858970751
-0.1142855740035436
3.1742830291872757
-3.7139592117688709
0.6142687079356157
-0.7455118368159542
-0.9733964635508338
-3.4997256426010392
-2.9792008542095378
1.3264019009023389
0.7374046555670611
-2.0884454714046647
-0.7547270631319833
-2.2491593787165107
-8.3606799701516898
0.0948123152912519
-1.8981225783663038
-0.4943743494396323
3.4834831305744727
-4.7227648560219109
-5.6458576373223703
0.2406626679760556
1.9159823343358293
5.0448027387354824
-2.5109848006865803
-5.9845589224556530
-3.2915235921368247
-3.5237239400057789
-1.0936699654224895
0.0832073751835098
-2.0030076170733433
-3.7743171732400049
-1.2844382408951485
2.3893236992776790
-0.8809557349728498
-1.0864352433437678
-2.0176565928209653
6.1528013173586826
-2.6481131769392072
-4.1197225212403250
0.0244178356433392
-2.1906368134205638
-5.6180247636932412
7.9149277548125641
-0.7837310884175752
0.0110187768219675
-6.8991527714773335
-1.7478079644959019
-1.2912985630070477
-6.5259764885942522
-0.2349682428866423
-1.0105120725221548
-2.1773936676372005
-1.3616663598675351
1.9508565120519408
0.0393627610123628
0.9769629476908120
-2.3557342110630222
-5.5852209072166303
-1.5332781392840253
-0.1861406661055592
