-0.3087327776332486
-1.4004746115719746
-2.5941634704155652
-0.2986195826343772
-2.8017200592706568
-5.8094971291528168
-2.0325392360007695
-4.1368700074196392
0.5694889523806339
-1.6745081772752091
-2.2615712702559616
4.7825656585008005
0.7170023116630654
0.4818415962198584
0.4639843951423582
1.6832079452374851
0.7683563108957279
-4.5305395124721786
-2.5483846274037711
3.0629096776995741
1.4125872742638792
-0.9502646360254056
-3.2633151936603921
-0.0505489536968312
-5.2317051131539154
2.1720890039041794
-4.9875476149552878
-2.4876144114791634
0.3792001614280909
-2.1797945656770157
-0.9334319764450787
-3.9102145623214595
-2.8484036412954246
0.0551927754064295
2.6123397610457619
-7.0911097373691101
-0.0522017267264616
-1.3265658728179028
-0.1622421155939853
-0.7044027247084219
-2.9037207868141564
-0.2513931057806797
-2.7413604638426348
1.4138360017719867
-2.9952596502721032
1.2134942615511988
4.4795113667872508
2.1668745563551441
-1.9943726614349750
-0.1880468466313421
-4.3210811654809689
-6.0799889143222723
-4.9088766874171279
-0.6480595993186091
-3.8419858096272961
-0.0249423984603015
-1.5794899946087559
-0.4987300315835970
3.0059564859660433
-3.1053227579100362
-2.6444800322314639
-0.3676984382753920
-0.5098372706920971
-4.9413615980190819
-2.7746525682551648
-4.6584499747609591
-1.8419352868204317
0.8681945402893857
0.5608373873620911
-4.2651854071650899
-0.5439684428851512
0.1684069566112249
-3.9165798093714823
-0.3845504869693918
0.6033521328743023
-0.8924495612626533
-0.7543887643976646
-3.0394912641959877
0.1737771056966328
0.2148435219421390
-1.6366290907823113
2.1162282048895724
-3.2808970083745512
-1.8135614745202857
-6.3522160775971575
3.5724137050241769
1.7772488268448292
-2.9026700745898077
0.2909159575619767
-0.4797773569227218
3.8242442116863815
-4.7218828204767691
-2.6143683534013977
-2.1311389985740616
-6.0709736414130377
2.9396097658153235
-3.2810279184017812
0.8747349963069503
-6.9393803601759467
0.5534427384555991
-7.4201072324635700
-1.0991743784452874
0.8187383360940157
-1.6726668844992432
0.6827407875175132
-0.1311543262398145
-5.6634668997018380
-3.9987878765302174
-1.0582714448653574
-2.6870792841574236
-5.1672082940579811
2.6156893545068067
7.1055484445248105
-7.8157657536952021
-1.2031977046060529
-1.6624002082354550
-3.5200285869314598
-2.7863582411402694
-4.4953130076982433
-0.8709178140190070
-2.1473127284917592
-0.5370631451737660
4.7230200800638675
1.8943475331899786
1.5933205247843094
-1.2567734344107917
-0.0754196111924793
0.2473358336672255
-1.3518639636234213
6.8365029657257912
-4.3170934753265726
-0.8977254456344951
-5.5420892514036062
-5.5797298861359481
-4.2304318550719300
-4.0145031253831887
-3.5409212560207104
3.2924125420458270
2.7005541477230883
-4.5167863452367962
-1.9517200581591447
-3.8032843977155171
1.6501379009481698
-4.7005594462156273
-2.5750092083490017
5.6305669229585957
-1.2575818476189857
-2.0766692817023693
-0.0250107429171543
1.9782903770919265
3.6398264712260042
0.0491511707990993
-4.9583518500046520
-3.2738367437727605
-1.3564387494773251
0.3100250411614806
6.1441724718576927
-0.1334434633397278
-5.3558257272699397
-8.9890357966451386
-4.6982437820273271
-3.2761267890473404
-4.4839952479746454
3.5851389487283898
-4.0161245459559485
-4.3112758075848241
-0.6809697211968253
-0.6427909733793223
3.2109310331959984
-5.0208273367171250
-0.1242920617877984
5.4202755520457249
-0.3294127171468102
-0.3053489139302127
1.4316176417833881
-4.0653608880269143
-1.6447797615470581
-1.8678036575388581
2.3248725101258234
-7.4304288538800805
-1.1789008840675201
0.3318438534792504
-1.2600898869725417
-0.6541802967269786
-1.0350229105865745
-4.7011000339325069
-0.0283208865336243
0.7808015719012583
4.8662700114650397
0.1150704900054981
-0.8804352660490249
0.0102997827265237
-1.5855583915620912
-1.4810808256377366
-4.6121863857602907
-1.3448169167883879
1.2704552280787591
-3.6490958773450797
-3.7928340617735752
2.0788845714859465
0.4774853655195679
-6.7803408374976684
0.1061836610063871
3.0331338389133959
5.1686636906104546
2.9758179824898168
-0.2906773852181705
-2.8220183476488776
0.3110413116083338
-3.4301056819770173
2.9709564304919929
-2.5533651237467123
3.2623794452521371
-2.6576699098241692
-1.3749208549801539
-3.0542954563986933
-2.2973204868957362
-1.1089078270049595
-3.2782401326403106
6.0681231897378547
-2.1906105646967373
-2.4793747667814667
1.4862140186779271
2.0705603594705080
-1.8162659085843489
5.5018124362443475
-4.7261512478310621
-1.4249100981217131
-4.2754410017164091
-1.5588835950742981
-4.0319987690159875
0.0019554809241061
-2.6233605697054965
0.0145183841118462
-1.0340419353839017
-3.0775030463896411
0.4099715781048023
-1.4166509358509052
-2.5868941164369450
-1.1095018337861657
-2.7572140392056181
-6.6218745450391445
-3.1476858416984248
-2.4453177353462330
-4.7474988309484090
-6.1898175375856352
-1.0858197541268746
-2.4138976105777590
3.8855083796625518
-0.7710649277825025
-0.3016738803991308
-4.2537787229433324
-0.5071219550391205
-2.0891509399053287
-3.7451961938513767
-0.6206846700456795
-5.9013349983573695
-0.7392861734322248
5.2747475867727838
-4.6293307946265072
-4.2064720743647186
1.5515385480515538
-1.6325297984196447
-2.4959307181231583
-7.7588844420923984
1.6349495932526463
0.9027194627489782
3.3415827630421924
-0.6748948395677185
-0.6057783383455739
0.5336580181764388
-3.8272601304255689
3.1632774315848873
-0.6283926172250272
4.7826242088681497
-2.0348338502580336
-4.3889332477433545
-2.0920254806380139
-1.9819721928530032
-3.2802554507501585
-4.5275229522085381
-4.8640056776074720
1.8903720522090379
-4.5290370801570807
-5.2821989563224045
3.6874312905448914
-4.4832861500878076
0.1149792291906520
-1.2143318993570733
0.5218455179242235
-2.5751004467746563
-1.7982782618314666
1.6473160157992659
-1.2980999121435677
-3.8568132062603002
-3.9741547849265602
3.4653259159381475
-0.5330065162436677
3.6884694812939909
-0.6240180084478637
-3.0464633947510484
0.2710305740929558
-3.5899072366713365
-1.9494812225591256
-1.0231151760505954
-1.5029188354588783
-6.7336175837922152
-0.3498306275584427
4.4905132803735519
-3.4691712606669260
7.7617629461946231
5.0654517057347794
-0.6415546934670161
0.1050380425373466
-1.6823207576756141
-5.3778782963191798
-2.2750433796282263
5.8035495050005501
-3.5921323518915136
-1.7164593809344388
-0.9675704618659928
-1.0534213133974217
11.3011830609992963
-0.0931718380056290
-2.3267940796204227
-4.6258405831241518
-0.6960413244675037
-4.2239881409224864
-3.1023271244662243
0.0129944182113696
-3.0639552953692384
3.1109432417763281
-2.7654394202315604
-3.6840259728979468
-4.2291651461160429
-9.0954815628417585
-5.5000992240918185
-7.7157056469188596
11.1372040656133802
-0.7345972766204650
-0.1305193046519162
4.1799799175663805
-1.3945304310451621
3.2473391487349690
-0.9348561286133090
-3.0239997904603046
1.8898586601630210
-1.9922641566924650
-2.1136090878024456
0.5629399676757203
-0.8098748129243188
-1.1790280359780998
0.0070612999198256
0.1639217836402405
-2.2636066550219556
-3.2209043603087197
0.2609555627864807
-3.0129834221852194
-5.6572190753916480
-3.6247077046203540
-7.4959457204837090
-0.8557237373905258
1.2633713297389941
4.5402659358569295
-4.1805349445263698
2.0607245941118353
-0.3600454090818769
2.9715275612658032
-5.2414019062035102
-3.9345201327023469
3.8464430030116481
0.5265230681095779
-3.0337836393101898
3.0019587216680388
-1.1147101030165136
-2.7360508628970934
-1.1336987705387247
2.5317951072947342
2.3856169634576219
-9.9225073983479888
0.0551410946135432
-0.4950628478148000
-8.0829437002479487
-0.8860811774321329
3.1414716231679956
-1.0573231983773830
-0.6111445423620210
0.2436527705794004
4.9127499410968669
-1.6460237975787448
0.7504917258804281
0.2026342015372838
-1.9840770466643278
-4.9662506209790340
-1.9038825421272880
-3.0699494065428357
-0.9047553809971173
-4.7814189698261602
0.0373385025397964
-2.6724792635111139
-2.6695852714483941
-1.4502206128757573
0.3571661663525085
-3.9363746111638185
-3.6558966495757712
-0.4754058099044084
-0.2072623792331893
-1.1807337618479055
-2.7929120247949770
-0.2304870521626564
4.6257743293811320
-4.4074094790950928
-3.6694552923478754
-1.4316362336144017
0.1147387468746645
0.3716540534235120
2.4612573587374649
1.9901243351016793
0.1165691545314293
-0.8744248846817624
-1.9413989489174091
1.2230913707578668
-0.8291849856306820
-0.3400381088810738
-2.1909848950140218
-3.1808504384814600
-6.5478878544710222
0.1726514457819451
-1.1777440257922209
0.6410125996995946
-0.4761688784026463
0.4032861011640045
5.4337404789425152
1.1691427782494510
-0.6207817290712634
-1.6334260635101621
-1.3161842259303014
-2.3195226422271236
-3.3286194305777377
2.4422127298954326
-3.7543202729000100
2.2034175607068094
-5.9596385574965183
-2.8776577067122262
-6.9529573645311444
-0.4933374323288330
-2.3911896124133123
2.7445986133399991
-0.2792340249580956
-2.2125954124961842
3.0625751308045355
-3.6370482351289426
-1.9027918966455866
-1.2990421231480396
0.8254176418317870
-3.3474676611802852
2.7106726511651154
-2.5877480396652577
-0.3681891279208231
-4.2028561017673498
-4.5213449537500274
-3.3702755961101336
-1.7683607968181487
0.3481136550404486
-2.3181515560609074
0.8133441420766525
-4.6341654220855109
-1.3428890265471503
-3.4857962396930371
-1.2658954252411985
-2.0287059400372973
-1.2875641025486171
2.5867166138951099
-1.2966771556091401
-1.3469451318046115
3.9307491025280017
0.3055847056898975
0.3500841146920635
-0.2021669365081183
-3.5645497320781221
-1.0443221027021710
-3.0643228957794411
1.6002634532855113
-0.4247155716006953
-10.1077414648574990
-3.2087124491049090
-0.1177433936120517
-5.8721559825094314
-0.0787516520136526
0.2280839305810742
-0.8641490879803329
-2.2750944102153787
5.3572182948806528
4.5444523098733534
-1.8229198300980722
-1.9922994072462934
-0.2458376326812141
0.9462314700494269
-1.1168155571457579
-5.3049962587288464
-1.2644310272060788
-0.5223686664463819
0.3718666330499637
7.3378277219616246
0.1564431458428477
5.2183497655232474
-2.6633408992800089
-6.9590784148588316
1.6133502235545101
-0.9909436901045419
-2.7782784597311743
-5.2452694642800752
-3.5018370193326871
-5.9070150394756746
-5.0642188023648034
-1.7804629993550976
0.6974489053094411
5.3391005270064928
5.0113813129416673
-1.7230421560608971
-0.1485161630771500
-1.4553769786268265
2.4103075991621554
-5.4443996826194088
6.1789219175386121
-0.0359502328561058
2.4965363162271208
-2.4536517551027943
0.5697393219199027
1.5545360854209251
-3.8302725586081765
0.0515278235388699
2.6521710958604521
-3.7351032190275104
1.3526511096422444
-2.3456596601940469
4.8253295333551280
-6.3470114824876021
-3.7836166139122001
-3.2130187209865095
0.8948523674623419
1.5588507583987652
-4.6642278625260722
-2.1483096552904319
1.4176879782711083
-1.0605464398217692
-2.1091611555579060
-2.4059584773851368
-5.9102233442913992
1.3366561768193361
-2.0366789223101156
-1.5853610023191835
-4.0352159140071198
2.6804606462644958
-3.1881973138751944
-1.9301802338337217
3.8898342111962503
1.8944012024095167
-2.9346841655204456
0.0887563210928962
-3.5702562468696875
-4.1997064630894858
-0.7309297736009389
-0.9611867854938654
3.0741692600979360
0.0018719619083985
-0.2071679639156808
-3.2209889070424569
-4.0348839411721027
0.8239048080638867
-1.4174262578079511
-0.8636777101314477
-0.1467121975618314
-5.1023413384584853
-0.6186388276179764
-2.5897982275230484
-5.6102044178916231
0.2634703849118837
-5.8931194201328223
-1.3097580657941414
-0.1563777391562945
4.3471807074367543
-1.0323511787020256
-1.6110767071498966
-0.3629509445112088
-4.4285483164178370
1.8462302720166515
-4.6350301667455991
-7.0715864756795161
-3.0539621887308521
-0.4045021693529269
-3.0904589166552054
-1.3987803902301894
-0.1117454922030004
-1.8495117895727164
0.0098239015871592
-0.3525646570208213
-0.0180075433360168
6.3720600601962625
-0.3041793126868846
-2.5313777777034332
-0.1379581562674798
-1.7067206806613719
-4.4448128677793939
-0.0297998800011917
-0.4619916706698771
1.9182950126117226
-1.7394971491044975
-4.8097685822590943
-2.4209349605549431
-4.9293613353843995
-0.3472912632369203
3.0067558399952206
-9.7206077042207824
0.1555574044262912
-0.3054665678410231
1.8046030790779632
-0.5204852840077484
-0.7715377332584508
-4.8196959180717558
-6.7714485618289562
1.8105767448861498
-1.7907614726557539
-1.7794981838719646
-7.3945508517451648
-0.9612043147411741
-3.6116321956916395
-2.2599219093272014
-3.6416831460321868
-5.8366506121772543
-0.5807151462769992
0.5775654341771894
-7.6130600414033927
0.9166263301943236
-2.3385508813149314
-0.9599149851391675
-2.8132152250075402
-0.2998097581375012
-2.4615532967383138
2.5167543189367865
-2.9951191842796372
-0.7143505799726704
-4.1560035807667983
-1.8750012444466579
2.5127457047893764
2.0129208522088109
-0.5978132563261627
-0.8274553217099676
-0.4768548815278802
-8.0448683849251026
4.2201390709684450
-0.7878525704837022
-5.1115823852952822
-7.8423114313555615
-2.3152399052820023
-3.0641705918589901
-0.1969701784065790
3.0699314765331387
-3.5279848517073868
-3.1856949915126362
-2.0907596214095170
-1.2156363194129864
-2.4064702494463517
-1.9796356538075486
9.4438263550548900
0.1606983304792991
-4.4965190916843953
1.6494769561460574
0.1170361796704149
-3.8944541200934997
-1.7520810814637913
-1.4400040081167729
3.8050795529964621
-1.9202749346154624
-2.4969266848046976
-1.0068453982347148
-1.9931227751442768
-2.8039425075291886
2.7581304752696987
0.5406340301234008
2.8584765528684639
1.0744196808711133
4.9223939446299454
1.2558406585783040
-0.8559818018663987
-0.2070296867988860
0.1214015575333035
-6.9668418816129289
-1.7490519676176159
-3.5195021107374691
-1.7175759289672539
2.2403680414916254
-7.1912450947044402
0.5488005282424424
-0.6293940023580067
-2.7096834649431623
7.2100258901979846
-4.1526538810246736
-6.0055009693914547
-4.0976625722961684
2.4842929726297101
-2.2598868799873837
-3.1335598629900119
-3.4446615582380589
0.3578598854327882
-5.3757170439717576
0.6687523182878485
-0.1120189879149497
2.9278711104264534
0.2400984207291530
-1.8784940465462132
-2.5998691601825219
1.8515396524240733
2.4133368180021528
0.3219314174286950
-0.7243771781257469
-1.5753682058852716
2.2436553289688135
-3.6489623383985492
-2.4410616375560421
-0.4359242707281278
0.3478916616039531
-5.0951198659570416
-3.6543769383084643
2.3298766159693969
-0.1027618974688221
-3.3259765783678255
-0.8100716415163407
-4.8504265347656332
2.5638299810454206
0.7024208132609624
-1.5397636478717409
3.7340946631531491
-8.1041689249685032
1.1183553238157682
-1.0800572065466088
-4.6922318862153238
-1.6298976704511250
-4.1132055039521074
-2.5161881398089561
0.3385113557332997
3.0122481078231322
-1.4728293741639005
3.1271654155837956
-2.6847960013941035
-1.6082573890825462
-4.3558079265649212
-5.2351091384437431
-4.9434985150111288
0.0597362747893670
-7.8985034894842432
4.7899355969680677
5.0461432050332347
-1.8120457814703272
-0.1805781975457711
2.2841461957842837
-4.0634385711924619
0.7139484600376881
-5.0660852886489325
0.7660866583414998
0.2838844961861590
-4.9314752865937006
0.2167173062625181
-1.8455229140718856
2.1074149388348666
4.2228886821701481
-3.6692487976445451
2.5645860657181592
1.0161735717663714
-0.6143212822080546
2.1552804572134070
0.6144232296547052
3.1262495840229758
-5.2488281463935857
-1.5250185164852583
2.6285982414546787
4.9694805669779072
7.8716268552623481
-4.8377178659461020
-0.5526707568110838
-1.7259496084619530
-2.1585946692104816
0.0833138714516631
-2.4678437420174402
-2.3882360314314610
-1.7159811545484369
-0.3421695323037980
-1.9520817408020199
-4.8946278522119320
-2.2434336100088452
2.6142549942055666
-4.9277903477782168
-1.5998110435749275
1.6474333612407130
-0.0639379306300026
-5.5945203819480618
-5.4774352821608865
-5.3420490282587751
-1.1308148014975099
-2.7542425733018248
-0.3120078555864579
-2.4663853877645634
-1.5581899845834895
-0.4969890703477979
-0.8389622623995041
-0.9772028427708805
-7.4851303526300175
-4.0947615394944057
-1.6902783119883418
5.7001473031360357
-1.0360650352961154
-2.5138585038835739
-5.8383165050012673
-4.2522690335136497
2.0806881326893194
-0.5702787034535332
-1.6270241686593518
-5.3348518016939313
-3.0553843136067780
-4.5419760869174652
-0.0227203301668579
-0.8785382214363304
-3.7262195054401164
-0.3496243939482646
-3.2715002243119207
-8.4198176737258539
-1.0303746758617685
-1.6751080880535605
-1.4327809879560969
0.5012191461905633
-3.7400166124827039
-2.9549738720479564
-6.9028880691792525
0.6777486331024112
-1.3882600038510302
-2.0568041782854776
-4.2475485349808828
1.3928737344090463
3.3873062435894199
-3.0587948131669909
0.9390575342092624
-3.9273892289333849
-1.8605916932980755
-1.6464425929857578
-0.7534104829752040
-1.5070403730146882
-5.3551666142648422
-1.9507571566088271
-3.0726480412090993
3.7759463080967586
-5.8385311182764630
-2.0326643547373293
-0.9122970343639824
-4.1362418888267101
0.6658471764877898
-0.5878988337474499
-2.2774854814158028
2.3038388679377140
-0.5975332577719416
0.8379702659347226
0.8570172633089796
0.8452876506043447
-0.7650801685322737
0.1891613225278972
-4.0873956680955859
-3.5214899148798375
3.6676682666685512
1.4827544619893551
-0.4487239961869635
-6.7094968412558327
-3.9221868149891814
-1.1079448730789787
0.0122739444962082
-1.0507847967392872
0.8187821343032249
-2.2121793144393673
-1.7863921904456286
-7.4501061277676719
2.1537936004090428
2.4948252878758401
-1.5887792548924859
-3.6379993183101567
0.5294230191182003
-2.2423365709063678
1.3804768456452701
-1.7593276978404853
-4.3983643059818709
-0.6701878816024351
-7.8113597554181053
-2.7384123636099567
-2.2192335000966228
-2.3637817731267217
0.7440553795194030
-1.3418418347627865
-0.6995239136868909
-1.2263845424479154
-7.1733395346187283
-4.2723380312289176
-3.0647216642144661
-4.3159956993663204
-5.3562203760795066
-9.0870815165682011
0.2659919271323123
0.0417654924735947
-1.1612830870737174
-1.3807027275928001
-4.0577204415306554
-1.8181718088395864
-2.3747860485809067
2.2571106505870291
0.0586950338009618
-0.1802156975438929
-1.7148225043726306
-2.3092837816144423
-0.6599148394933448
-5.7251525104876269
-2.9583461564675262
-1.6472702054750812
-0.4313291860811873
-0.4585609986434140
-4.4520832965327868
0.1163058849019658
-5.5228568290878517
1.3325682452516114
-3.9068260702809843
-0.4248626913379781
-1.7469457307354501
0.4451306496315441
-5.2430653950268704
-2.8664890571482191
-3.9097430221950478
-5.6048653750044206
-8.0202790284222978
-0.5018840342462997
-2.2132810769849072
-1.6240258437214146
-10.1559966680184814
3.0095972571660035
3.8291011363785961
-5.5985015759841303
-0.5535628687443872
-0.3494610696500708
-5.8911570532851893
-4.4706314338002882
4.1865588190644241
-9.2201165648303665
-2.2607539856073871
-5.9550470715568933
-1.8398674722336936
-1.3081969643612026
-0.9842932893823003
-0.9124235360136341
-4.1603436197245536
-1.4095027233481860
-1.2279309123022963
0.0521534582748269
0.7235981125454508
0.5486495310356653
-0.1063739109211629
0.0300364692506480
-4.0141158833359629
2.0467681954235437
-6.6861245610726439
3.7161475847110292
-1.7361389139683423
2.6570676457840490
1.1371050227917023
4.5027988261799488
-1.2546789718740212
-0.3035732918639131
-2.1452203809826926
-4.6201091604981546
-3.5292738343036523
-0.1150464516609656
2.7381648235791110
-3.1964005708080365
-1.4704544466346641
-5.6736729876783452
-6.8555786044141831
-3.9966735655516059
-1.2571246711074782
-0.4858556809652650
0.0169297491137729
1.4767730370337768
-3.1205910646740471
0.1721793648465532
0.8750828509374202
-0.8228495792874883
-5.0635113487910068
-0.7148133540111553
-1.9431390387734526
1.8001296081700202
-3.3371210495698445
-2.6874411863403114
-3.0438406583383002
-0.0459086805906092
-2.5259993006301644
-5.4058003882622554
0.8897648199386244
-1.2224300555974863
