1.0895064802684327
1.0804834230439082
1.0875490362330820
1.0875089563972720
1.0960822987664487
1.0865080033975050
1.0814825668775407
0.7651647344124254
1.0250179072080456
1.0543672863221416
0.9766448468521520
1.0578679751753075
1.0853277428778925
1.0284788531967035
0.9407329804420123
1.0362534465275832
1.0977003757721280
1.0718844001274550
1.0485523570112680
1.0782421964120736
1.0909399126925623
1.0898434317930206
1.0931125391268222
1.0966239901146975
1.0875206433207598
0.9152425281675596
0.9994931433813412
0.9729077392184047
0.9912181683404194
1.0876835988572604
0.9815282751697668
1.0482132945312601
1.0102455181267853
1.0919381974270115
1.0958686574633751
0.9657549176325413
1.0860863550278790
0.8885607907853084
0.5899846826126252
1.0800343013243963
1.0791270405917808
1.0836250753800398
1.0832976898613034
1.0769920070990167
0.9401405652539512
1.0581490668593601
0.9124662516874653
1.0625261843625393
1.0582973502690869
1.0843615013948387
0.9713873296533845
0.5574068573521382
1.0821411957499463
1.0802458352313959
1.0303717927513496
1.0458225798012275
1.0856995101403699
1.0889488012886466
1.0074312782741492
1.0783052609797843
0.7703161270513130
1.0842353959670576
1.0627357161800728
1.0824023040424311
0.9674394369009299
0.5338216182994606
0.7978801966405614
1.0665459352825031
1.0936668331504089
0.7946233058108727
0.4534273994466179
1.0874071101091962
1.0022492162818839
0.7719855956788857
1.0947928680005430
1.0849679299915249
0.9649822052873315
1.0968879706167767
1.0631894673810924
1.0958970861481119
1.0952170263448953
1.0856905871128215
0.7951183779377705
1.0917899220923035
0.9339676103077771
1.0938718271287136
0.8020928982013088
1.0932057839859026
1.0923072208643254
1.0855912250583806
1.0501137932244660
1.0547160277108940
1.0964724171734408
1.0865957269562483
1.0956483498932106
1.0241690160572510
1.0935894084718187
0.4641836492921543
1.0926573911353168
1.0764039195837993
