1.0412187432468061
1.0454823146516261
1.0948990352915227
0.2915837299638384
1.0930650896982852
1.0076878091298060
1.0922567520865536
1.0641658753430523
0.9715005685958011
0.8506497032543292
1.0701518933850251
1.0713107625319385
0.8820864773652860
1.0855237865565492
1.0923534946888553
1.0931860191699225
1.0935942591017711
1.0983721757316012
0.3293954479675918
1.0918273763183861
0.8266403543599936
1.0949496907904810
1.0778015821853142
1.0653073640819322
0.9348383607665279
1.0711933778955853
0.3702019293967725
1.0870547713961760
1.0843684204697359
1.0742292800759372
1.0919353073482216
1.0909554794947047
1.0848037211792481
0.9756366780409010
1.0850760255178440
1.0944709985801702
1.0901749619767018
1.0528995853853715
1.0749349951839544
1.0920663266116784
1.0965613300239536
0.7381091200387455
1.0985239036115799
1.0949085540399368
1.0934799404542397
1.0969060727090278
0.7702494154535015
1.0867000480525619
1.0939191137781878
1.0929394735067921
1.0129467598448074
1.0924882593479479
1.0943013771864634
0.8795527783825723
0.6968301280783982
1.0831765249047729
0.9247255436590077
1.0898864676361411
1.0815979086721150
1.0394658365098395
1.0506954738772751
1.0726419946902197
1.0892020161413281
1.0906791469209480
1.0539745093550332
1.0610960462394854
1.0943905209901610
1.0357474933212780
0.9401801961333369
1.0964465525493081
1.0858395400727170
1.0958546944007284
0.8974811733482393
1.0901081167457101
1.0930058491189485
1.0798710955968818
0.9884762150333969
1.0034793779060684
1.0956430225102451
0.8573155591286622
1.0945618903527057
1.0821435762671099
1.0438222953292813
1.0923488113839122
1.0959280887647291
1.0844864274480617
1.0703475498286159
1.0964520256284647
1.0935909464288458
1.0867180845049760
1.0744440616958142
1.0805795580752768
1.0938761269989734
1.0725854759218401
1.0506437470339278
1.0772156826419934
1.0880022393889925
1.0590697035877199
1.0921597712919004
1.0982514925919311
0.3799585438547531
1.0335635628697168
1.0784356682214424
1.0918643896273563
1.0486381034871719
1.0367872773035549
1.0901036283082703
1.0900053296361027
1.0811623189235136
1.0818011052259973
0.3836276725648107
1.0825592898567835
0.9051819594117257
1.0972287979467650
1.0944411735558075
1.0786682475197160
0.5641488297241319
1.0228961939830101
1.0161382056011394
1.0395990616699411
1.0867569509957455
1.0564704813394878
1.0974379895645536
1.0899415596989876
1.0913800204891773
1.0498722950669925
0.7793437815023941
0.8892941780313881
1.0588752452267360
1.0805715526433533
0.9824467685147443
1.0825166090435583
1.0761344762807634
1.0202433597116800
1.0918902107377786
1.0744577955282864
1.0947960630993814
1.0955157666388560
1.0821981052884782
1.0864644907214882
1.0904945904068795
1.0929388552695771
1.0868218051808132
0.8814077654265899
0.9341564267059169
1.0949537166856316
1.0840579485647315
1.0963967095857514
1.0924484711793163
1.0959706874541677
1.0946550391107854
1.0716506659894862
1.0717952853073101
1.0378835550565018
1.0941494224656614
0.7879652520916743
1.0931248063859758
1.0547646772268742
0.9504083913476619
1.0696635521109765
1.0962167733408812
1.0977047518273364
1.0075595317872958
1.0809825198883587
0.8008238529524129
1.0873297962226747
1.0911781880210769
0.8946967413304905
1.0967109280215712
0.7613986360822355
1.0896459463440749
0.9019866547581786
1.0930156062648828
1.0594063245890923
0.9807635892095834
1.0662616502948965
0.7944400300267358
0.3067340985323536
0.7800121328103439
1.0546056406138040
0.7088182836723478
1.0965762449740004
1.0833064989426726
1.0968648022202763
1.0966790559104249
1.0934713509484466
0.6804715099719642
1.0876899048569668
1.0884813930414063
1.0942846246589548
1.0543078011310503
1.0902049828937141
1.0970204943644677
1.0769197764852503
1.0614893453029659
0.8554107087780142
1.0930366792401565
1.0894925252818604
1.0921723117327971
1.0948345838033346
1.0807001144627426
1.0901900939754234
0.9698108871013817
1.0672507378571554
1.0686609208714875
0.9015050192853850
1.0966056167647937
1.0874589212137389
1.0387660231838629
1.0875090779588859
0.5258123101161158
1.0696037246804024
0.2826210313141935
1.0832633382224959
1.0116540657958144
1.0947693580760680
1.0922981347946430
1.0983226558082679
1.0975170824403238
1.0955380686188017
1.0883702576262861
1.0881854794964765
0.8919216236510444
1.0897831465311985
1.0957508024818274
1.0709046651603040
0.8140731564789523
1.0851151372868357
1.0506907315324743
1.0966615190832052
0.8391451679825703
1.0621557418606444
0.7660420021801383
1.0664333902741339
0.8555058729836703
0.9875153389225162
1.0939751775603290
0.9310188875471398
1.0392500747555622
0.6903998257060545
1.0932390161705754
0.9355140804389002
0.8786568746530619
1.0010392171174154
1.0956645764713699
1.0796707260862097
1.0004503888935314
1.0900067485732159
1.0978357345736474
1.0875420336625943
0.9052693117149868
1.0921480612419023
0.9531810502521118
1.0906105965172239
0.8171552486649551
1.0976535240495269
0.5283807508488549
1.0965062440867739
1.0709130155926880
1.0741835174918772
1.0925965542089893
1.0959099206779672
1.0859233717712007
1.0414814503474625
1.0942202974430102
1.0196322294696716
0.9987945931909380
1.0819067358455168
1.0928460948683794
1.0241846350790595
1.0979521258437341
1.0925407017957156
0.4170622372207825
1.0832305554258954
1.0911101905570810
0.9805848454568165
1.0939595060086924
1.0495228978389082
1.0912521601045182
1.0444223355158977
1.0397617158739783
1.0808818747157793
0.8669616391652739
1.0850315079720265
1.0798465787870317
1.0593770590057798
1.0829909261293014
0.7381609527155328
1.0570881689697740
0.4875272073841754
1.0639936912017320
1.0846200210850245
1.0953546971443924
1.0455152698202512
0.8116699478650256
1.0241014222041156
1.0899079568568377
1.0749229426926745
0.9802308653297740
0.7493224668189703
1.0963949703282883
1.0750739338660811
1.0938563361456413
0.9173661736670377
1.0563544103271085
1.0400324994596408
1.0814115657851355
1.0908459642448951
1.0935753774855452
1.0265849601477042
0.9385417694284698
1.0765739421969041
1.0842303504998041
1.0853776650569871
1.0652622987776066
1.0870657437620335
1.0881609888921158
1.0747711902483741
0.8804400877141757
0.9979913835578149
1.0828230333155997
1.0932371069289391
0.9943196948757751
1.0714240876014107
0.9804772365551859
1.0965492572959143
1.0967956921568216
1.0888483413302397
1.0947420241598513
1.0824183969088248
1.0790774057684296
1.0586672455105695
1.0949145249920123
1.0779528654798107
1.0956687536739480
1.0925315428705258
1.0394582330719837
1.0906875751364939
1.0298505135027871
1.0968183658437791
1.0873717213197953
1.0269504176925532
1.0938148388550764
1.0943871803527176
1.0951520117870195
0.2833656927076330
1.0289742157206954
1.0414571208402701
1.0899331098166904
1.0939068809452079
1.0859257382708172
1.0886943593995662
1.0919856125778540
0.7112809709157253
1.0819603820668784
1.0917507216792730
1.0896811112486124
0.9120954197018923
1.0706439847164304
1.0886287901068179
0.3002684630982367
1.0606512159762598
1.0610301490466114
1.0008266414561229
0.2811851233671488
1.0285912371540196
1.0776881810309678
1.0235694628972898
0.8620298293709673
1.0248132280430426
1.0630380700524691
1.0794322797663205
0.8284668834479860
1.0756148888087651
0.9623072587233474
0.7042078397901126
1.0433290103723682
1.0901438691691283
1.0964076405355843
1.0946603298387034
1.0925225464773487
0.4170787012296217
1.0815412369910675
0.9826714347714733
0.8542722665574142
0.9921273695411282
1.0738529509296759
0.9922842304193046
1.0087099858594981
1.0898894976479567
1.0784850481759345
1.0692688640395083
1.0949166207324952
0.9364462460537183
0.9865413420465122
1.0071349255168758
0.6732057328874482
1.0586701245847512
1.0460177222333960
1.0887086777472039
1.0881545844400546
1.0973167266436035
1.0920403526680258
1.0970970531702327
0.3583056458583623
0.6521320530288767
1.0976622227289714
0.2832285862935723
1.0879121006647796
1.0532382258551021
0.9960131050618942
1.0960822963799992
0.9543375455822204
1.0766790079343789
1.0932615424045216
1.0966878188040012
1.0748412817954951
1.0930901624420861
1.0678478412669623
0.5700759545385877
1.0829444324943653
1.0850226315537153
0.4720523820088838
0.8586132894313175
1.0974917740294108
1.0947115070724063
0.6984101023392465
0.5998949628841190
1.0851236586224775
1.0800467527041508
0.9216306290990893
1.0983144861809486
1.0711633981159006
1.0959354504998908
1.0756957373290292
0.8790265060805086
1.0908468074475108
1.0560338237900633
1.0827911634815199
1.0619111940395445
1.0974584796453697
1.0874315659051577
1.0381595277735538
1.0315348406237905
1.0870777015179174
1.0974774884992080
0.9714417014963762
1.0898031653319626
0.5441233310671196
0.8452829596518028
1.0940458461538278
1.0804948473815348
0.5180708120513189
0.9657623783450182
1.0958300121827709
0.9897194608872861
1.0272653442298276
1.0206097149956472
0.9653082314932530
1.0307532546634908
0.9874435127896507
1.0574478887050962
1.0931759888316352
1.0964732180051038
0.2844842735461357
1.0929407394092550
1.0658482882484022
1.0813409827469223
1.0327682252232497
1.0729671692286642
0.2811813027605643
1.0804393177893641
1.0932150907730913
1.0153669698035528
0.9755305843875874
0.9958389748048148
1.0797714819422848
1.0867658906321684
1.0931784567409826
0.9434277680842973
1.0772720559011180
1.0843938541737044
1.0862443893547979
1.0523293501516338
0.7891061217331782
1.0964898033645427
1.0965550534830149
1.0853686651158134
1.0796266755936428
1.0533878608362088
1.0919233668528838
0.6987414380453085
1.0620712831061352
0.2813274640889760
1.0962699631390915
0.3834322840108487
1.0645219449737273
1.0283685836168646
1.0955384377660222
0.9720898763949527
1.0870519418511557
1.0949131788455182
0.9827349211773807
1.0607475736297092
0.9881988803742391
1.0837342867104542
1.0948304408078038
0.9705209272144139
1.0712459788513997
1.0988455926442833
1.0630036382680257
1.0961343206125695
1.0880487131588699
1.0544674026517804
1.0761094740773334
1.0444475001962612
1.0613245724332729
0.8860960960558874
1.0723046845503259
0.7560366470171683
0.9260628707895106
1.0924108642295449
1.0908717870481004
1.0947903809251773
1.0965668566009281
1.0764346935903264
1.0885208404811275
1.0420867886817224
1.0774458867465670
1.0904576855303092
1.0620262721877112
1.0882703212625155
1.0922787110242747
0.6894376239406584
0.9624987661870172
1.0827171549325774
1.0961746626902811
1.0933120141381636
1.0918741294469216
1.0893571139855924
0.9964340042113503
1.0962635503162519
1.0935978861507010
1.0373203514081395
1.0950437675292704
0.9334910282486270
0.6136797391568702
1.0914068467323259
1.0595192259660817
1.0914166732199553
1.0483833102201543
1.0957660842683830
0.8136324608667791
0.3119305205659254
0.9766007477083641
1.0922179208553688
1.0475293992847401
0.8291479460693107
1.0580063824677779
1.0978462865028455
0.3277974918015243
0.9198878944360075
1.0804940692497089
1.0242791136178739
1.0666346680964514
1.0463289479379445
0.9904288964061317
1.0716254172660844
0.8909006917516215
1.0490678812268526
1.0948305422037012
1.0644882115516758
1.0660351720630876
1.0609917635632380
0.2826366999691215
1.0941422253212916
1.0640316068367759
0.3180775681295441
1.0890452087753328
1.0965821393254174
0.3008309334001018
1.0546314730568249
0.8058337665392359
0.9702667141770246
1.0821764860600265
1.0733057969872595
1.0195250976517161
0.8614355575337264
1.0911933206591242
1.0979634781012932
1.0766837374055906
1.0954198589514934
1.0687812484783097
0.5424095529421483
1.0976638867912010
1.0933177939351699
0.9459781095533359
1.0836813260338485
1.0797325343734092
1.0976544012903970
0.8237595549074568
1.0941889445926214
1.0664594009098318
0.9452008352263687
1.0710135864765415
1.0623468887211061
1.0900560506179611
1.0926067047418140
0.5848843017239914
1.0628783902253467
0.8665576917972810
1.0934456630265421
0.5777786545006838
1.0990928333739194
1.0946861728740467
0.6508874662918964
1.0823199699687418
1.0957130861440090
1.0627010974860773
1.0957777744664354
1.0859619684248276
0.4482697376171146
1.0055527790219989
1.0913747782826182
0.6499533258580795
0.7984160863810863
1.0947227190927868
1.0851835901592841
1.0929269970233706
1.0975762347048705
1.0868235413995366
1.0640524649291636
0.3388312186434984
1.0931367268231311
1.0702573647910523
1.0699701122665759
1.0971074929981994
1.0917787526855267
1.0724758162417891
1.0955643665252326
1.0973179004843709
1.0879482643857801
0.8056536618690581
0.7792991377149989
1.0934433050931840
1.0911506687152024
1.0284664566112720
1.0446341159611776
1.0983966802224880
1.0687590512885008
0.3286325244212582
0.9777502411889851
1.0927334553551555
0.4331057758836445
1.0954024197225722
1.0742218380236668
1.0969652293662271
0.2973474861619411
1.0649309570419205
0.3528240870617732
1.0525010135383002
1.0924164872997908
1.0532522377300484
0.6108222122860911
0.9645726066815592
1.0967107572367558
1.0977864967035933
1.0844697390529636
1.0948790335040672
1.0974905324910362
0.7438455217531273
1.0027615276448798
0.9100276923853304
1.0646786338788317
1.0790143867365993
1.0874901357009543
1.0922602414603515
1.0854435287014446
0.8219143855964035
1.0835121274784878
0.8572446574703325
1.0371238981098820
1.0861349297078597
1.0025706180482228
0.9838254069676357
0.2889401402213184
0.6875141072702082
0.6077774849157330
1.0318942478295172
1.0933879826041921
1.0852845822832244
0.8922496420349820
1.0942085755359787
1.0954691543083548
0.9899535457436369
1.0628529376205453
1.0768056585215540
1.0287979605215190
0.9708869391100169
1.0620462955729579
1.0980765999142428
1.0846866420575532
1.0809707116402780
1.0974411277271048
1.0862137536904684
0.7445708255091426
1.0892225959582038
0.7876164246127021
0.8362761361263915
1.0874672516542039
1.0922350387008060
0.9762385414550266
1.0769152068958960
0.3027828804140623
0.4637449060195296
1.0982341151317514
1.0854895481392164
1.0861260423834052
1.0423632205954934
1.0361993084643679
1.0857079151419731
1.0974292042103457
1.0881764318813956
1.0745253891419673
1.0802617829642360
1.0956895415149541
1.0773189825518610
0.9128548035571902
1.0842425007582062
1.0435734000907899
1.0968844966474141
0.9672253923832937
0.3349870067896962
1.0452509462456594
1.0166101539930543
0.6315690965109747
1.0419187817158824
0.9074644062239177
1.0816284391139637
0.7281335445052619
1.0877406870093937
0.7621596150120868
1.0934423652579652
1.0895592065051078
0.9523619496228324
0.5629632076949440
1.0783889980207078
1.0804402859491009
1.0571095041721714
0.9529969904864170
1.0896590386508151
1.0966052793176240
1.0797360871601331
1.0983758523975997
1.0583725181585653
0.8940814743820974
1.0742165036247124
1.0944473653399640
1.0685828018961998
0.2841152727943236
1.0881229835261750
1.0921460905553990
1.0595504198966499
1.0873771726774406
1.0966794078398532
0.9408829450441722
1.0859763933635052
1.0470885784206720
1.0839181558153883
1.0947449674351430
1.0562437860945146
0.9661436331334604
1.0951285999745690
1.0808452722355144
1.0455261437901811
1.0106432634371054
1.0184066362474036
1.0133947152957230
1.0350235804221193
0.9798262356965698
1.0850057614219637
1.0710543322376727
1.0798119652012239
1.0759286054754429
1.0787007538713733
1.0937906268402890
1.0910497367439298
1.0206295888651791
1.0758638956444906
1.0392857124293493
1.0494200579846129
1.0717724327346301
1.0944244046587175
1.0593635328824709
0.7145263229402627
1.0849112473093783
1.0949079789555254
1.0669488680896919
1.0875647029276070
1.0965172252835096
0.8848422533222265
1.0151851035063637
1.0861397755413396
1.0912051051452230
1.0839849917891613
1.0452756523574243
1.0904494666739932
1.0959747903158923
1.0603336809083332
0.9187281161161222
1.0812460410844935
0.7764407994834324
1.0909640727234726
1.0131468652244240
1.0948279758618600
0.5692445937761692
0.9583986000365476
0.5915244045074409
1.0855953423033180
1.0901945528989228
0.6892299592031675
1.0388581606482110
1.0761823857255663
1.0975170800664289
1.0942277211628400
1.0852680028216508
1.0731629396454188
1.0928585428892590
1.0964386312125860
1.0887177305670961
1.0917107433718778
0.8554459787905695
1.0835175145277889
1.0850151709713194
1.0938997051953778
1.0939160760767233
1.0500618880406014
1.0839687444826114
1.0783578332216786
1.0872654221740645
0.9900000613653869
1.0875892318207367
0.2833996182223301
1.0886253354842619
1.0872607799558969
0.3556250720390829
1.0934854393216653
1.0843425746155742
1.0567500772015055
0.7975657107024822
0.8132035394116729
0.5268122415617580
1.0980441469991067
0.9826767684543662
0.9908829661118388
1.0952195183782116
1.0931329519884263
0.8940421259081774
1.0830338340357295
1.0647513070182115
1.0910741089507441
1.0884647901267099
1.0576201206675027
1.0417772194393307
1.0816558826165348
0.9172578229013552
1.0017184397463728
1.0732376066165314
1.0664236571559043
1.0901163916318326
0.4847278496262363
0.2873453749153630
1.0392990013885264
0.8683150823253022
1.0861855990262268
1.0641753971353221
1.0723658148506334
1.0873315666790639
1.0925553405572339
1.0926418065249883
1.0890825736492689
1.0919699504991862
0.2810909282035944
1.0759693305519511
1.0938156540767441
1.0407527949436695
1.0048881554683613
1.0864010724625228
1.0639245087258871
1.0515615053012588
1.0811008281568233
0.9862747845946268
1.0980624693857228
1.0279342112152656
0.3616096716943906
1.0986774847000291
1.0951764483076509
1.0793381722111053
1.0972464643975646
1.0965181885046111
1.0951867418374357
1.0895691633702576
1.0527836874707195
1.0879208513939005
1.0145873935839147
1.0923435017993079
1.0893135658301327
1.0827223612620840
0.9228150963591975
1.0855958067975306
1.0722699408217875
0.9430503880734152
1.0837521124424787
1.0652634479272387
1.0943155518895775
0.9455339376641575
1.0908766215342631
1.0937713594739868
0.2843126129504037
0.9883839996312376
1.0876087703561208
1.0744090136672166
0.5557229736421393
1.0917393499120864
1.0837411735720568
1.0982452983112025
1.0835983046358746
1.0938850365207382
1.0981333730371279
1.0908263329676733
1.0975265380078314
1.0942864809420922
1.0938912998272876
1.0919542778486666
1.0860679085896097
1.0941548474952401
1.0884748200932219
1.0976131034357919
1.0798325675479812
1.0353681473578371
1.0774753184924497
1.0911495251472068
0.8300121447406776
0.9807927050744196
1.0885092050396095
1.0916730601484583
1.0775764508856833
1.0377045044007494
1.0914951001935282
1.0011644408801326
1.0365203318638363
1.0350903456854428
1.0906558447074197
1.0837261671571357
1.0576343703790088
1.0957542462559591
0.4229290364381299
1.0712655105884870
1.0829577627125442
0.9992798857414057
1.0600684041668871
1.0966871068325297
1.0792713040868915
0.2812047909248656
1.0885926261854011
1.0769982093282080
1.0894297279855747
1.0653026773552361
1.0869030334557157
1.0778934264160709
1.0938018519896733
1.0977749934110952
0.5665094651985072
1.0772321861564813
1.0896283836596223
1.0704495191036618
0.9512179420573251
1.0757164379226334
0.7978245655260278
1.0950534519648880
1.0935842765256671
1.0895550905322144
1.0953824015186149
1.0422028336173628
1.0951099391553172
1.0937063525565482
1.0707643854451177
1.0827110225301544
1.0790757676218747
1.0382220789516532
1.0818404366370120
0.7659553800563580
1.0935984737935955
1.0749096883944609
1.0563291495332037
0.9892105379294935
1.0943306809685236
1.0858690582213684
1.0936597285820375
1.0874150302847683
