4.5124989239054001
-0.9323993824773342
-3.4677219512520088
0.9836256755476381
1.7068036389500503
-0.8668371444794588
0.6512837550523525
1.7166273559945984
-0.7761900255455115
-1.1219717862599481
-4.7025588552431179
1.6434673660607144
-1.1255724322284411
-2.8213051419410675
0.9447047527077833
-0.4530815306507216
-0.9879920674694782
-5.1973189026797604
-0.7485984084517473
1.7835763125414619
3.1337361869649034
-1.3438544508423147
-0.5655938171948881
-2.1087239943279630
-1.8538902952903771
-0.5934824518659663
0.5364992112282585
0.6580875680045475
-0.5231998635343835
2.3874014484194430
2.4695429089403507
-0.9285287652857094
1.4276864201919490
-1.2162600588853207
-4.1636677009142025
-0.7545428171474305
-4.2641266118023369
-1.4821282589030553
0.0864757500083272
-4.9857331941829326
-1.1095746755526450
-0.5587505625697572
-6.7980398680080869
-2.2856569993219642
-3.6813850886285806
-3.7235410174846155
0.0877177878155172
-1.6259887931020227
-3.6309985864076015
-1.5581815261684011
2.1406181882375162
-3.8421262105908749
3.9083002211928330
-3.9121919923026516
-6.7408438339719474
2.0600275334702074
-0.4947953954737334
-0.9917109294268355
-1.3661465625326972
-6.0705502799520525
0.6435776413135557
-3.4349134414051399
-5.1543466720035687
-0.9573628875693805
-2.3309011383535387
-2.1807247943640515
-0.0400039553104399
-5.1349490666398303
-3.9840036681544890
-1.5954597173631966
-4.4545489631091710
-1.2965052174435108
-4.8329824312532956
0.0551324840603018
-6.8659738373208041
-1.7581656351728714
-2.7617359009980587
-0.0895908043102460
-3.5624272512906852
-3.2622926609043379
-2.8067386977835365
2.8035541994167579
3.8760753289382910
-1.6331400619905740
1.1965720096779575
-4.4107709021475978
0.1311442734600611
1.2583750738728627
-2.5711611032480497
-3.5310829293628259
-1.9487882441944708
-1.8247920496041463
-7.6707936925608138
4.4516719278260632
1.3646551374597271
-3.0967768518793743
-2.1827139438047616
-4.3875533183991324
-4.2543343684623247
-2.4420382884567315
-0.7194095734371231
-3.6622986123128678
7.6265117363418220
0.8431517095792813
-1.7383465853085376
-6.3347755339289193
-0.1526725463672569
2.4191906839764132
1.2276592241728974
-4.7421228908754189
0.5817216749974581
0.9236808749980430
-1.8374118059460309
0.3044333913479127
-1.3334761415975140
-4.5021335576095938
1.9496509056315769
-3.2177785078729557
-3.0435623447395099
-0.6644322121576083
-2.4445445437782807
2.4137645889750035
-3.5988466970714277
-2.3743009652821550
-5.6278334488625372
-2.3247559552813977
0.0387828280114624
-3.6812533121739057
1.5335397570648375
-2.2820277121140857
3.4817246162742661
-5.8987578827105178
-1.7964443146130191
1.9463119300135778
5.9084429887589511
1.4550619380579557
-3.9850012163711317
-6.6976624288402382
-1.1945817300843209
2.8625918919961291
0.2838840532295334
-3.4915984552132424
-1.0535573051219167
0.7686215669786844
-0.8800614438496265
-1.3794099690190225
-0.1362725416550556
2.8449212342897687
-5.4535518883480680
-0.6731614700897435
-7.6985492383975789
-0.9672774193632797
0.5320733874069087
-2.7996991881297966
-2.2355665371588129
-1.2640283300558661
-3.8906195218725945
-0.2332651372582311
2.9621592901528810
3.0727304088336767
-1.4688279739591195
0.3791611909583075
3.7928419388533672
-3.5758307718960318
-0.8079721197618113
-2.6738234417946676
-1.8928792571726387
1.7358639893566941
-0.2556163440249069
-1.8172747872196005
-1.6271580233531124
-1.7064289405499782
2.8555393427354669
-0.1148469210413430
-0.4427533360313060
4.0085482830468475
2.2867650489148343
-1.5058707062999823
-0.4738005819418762
-4.1329633232494647
-0.7664287806467293
5.5041834601774005
0.5243415429643776
-2.2066314255750479
-0.8027257438491876
-1.6388923647688569
2.0444797831169526
-3.7014983163167781
-2.8594918110529335
-3.4848549500276498
0.2566966869638653
-3.0099532829714666
-2.6999066122272475
-2.2802923298279181
-0.5083370351738926
-0.2313927022683699
-3.6225822186222723
5.3328133102269382
-0.7478670448266820
-1.0681455562677553
-4.1078001642084478
0.6645778173000666
-1.3486756597216720
-0.7673787557396736
2.4601084716208654
-0.1725248741731611
7.3152496267962714
-0.0549357710504704
-4.1993401770869170
-3.7483205188593414
-1.8506675585649357
-2.5746522642102154
-3.0300768749854914
-2.2273669369233842
-1.8565548341094105
-7.3502671960223713
-0.1066737439689392
-0.5816830190099783
-6.2738212006225496
3.7354051461497608
0.5179130648619218
-1.7299849875283659
-6.1205249832096253
-2.1558577856875192
-3.2273501189875984
0.8490791648317724
-3.2980161170607389
-4.1715959732037211
-1.8143304352275196
-0.9446615231629736
-6.1504753400970076
-5.6685587383386604
-4.8681680830622449
2.3092692155025696
-2.5224779824378549
-1.6094213131509720
-0.6009574520652715
-2.5629460122870324
-6.6799580644674430
-1.5482674338461306
1.6093619572016018
-0.8182113366021205
0.1204476970218962
-1.7549293081685031
-2.8751139061542399
0.6627137956070521
3.0531820045169975
-1.5741449124635101
-0.6397369427736805
-6.5797212015512709
-3.3400059575476253
-1.6368311331932770
-4.8276518088483362
1.1397456517514821
-0.0050756982610983
-2.3261096409713509
-5.7881225490971620
3.1811838274521169
-0.1283800735550298
4.0267425780571067
-3.3647663544228656
3.8439938281393284
-2.2508355776801783
-2.1543222009746272
-2.7560104727907291
-5.6365923336349635
-2.1345191374452015
-0.4862636188041798
-1.0374836141771306
3.4365108593903591
-7.6552127832386425
-2.1398135327539198
-1.6541611469140021
-2.0981279432619986
-2.3002538923004630
-2.7804648626993989
-4.9567283105894111
-0.9220857654175599
3.2336742273792995
-3.1779559315789552
-1.3431835033626289
-2.7042777515198284
6.1802847132470449
-2.6111178676809597
-1.1332477132012619
-0.2693832009832374
0.7758945301322683
-1.0863795982832043
-0.4801306895524033
-0.7662807000348602
-3.2373629785086568
-0.4295734988437075
-2.8561669371574872
-3.1399689140102294
1.7517692511317133
-2.9959021675793074
-3.7808315458842965
-4.3709125682725594
-0.1823866713635999
-4.7470590170100850
0.7360772146147033
2.7841054626135180
-4.9511432544384251
-0.0585051461498949
-1.8161147400640925
-6.2938245736880782
-0.1248580813699683
-1.2531401827473221
5.0169247468587592
-0.8394223464405075
-5.2300485127845295
-0.8398498020259512
-0.5332448286312129
1.0501474285529784
1.0387998881721805
0.2315710735508609
-1.0329329084852552
-2.8449660506593486
-3.0790319787353906
1.8425569325779203
-1.6645735441600547
0.3758015738824109
2.3200770007678617
4.5449482568617992
-0.7142951382337057
-0.5984533416854227
0.1890932520041012
-1.0336585966721277
0.2673950754763290
-0.1727939073074255
-6.0387739237609548
2.4608590777060351
-1.6214815025187601
-1.3940349322882644
-0.2733358009096057
-2.1525592014114379
-1.4491582339135669
-3.7521695010156599
-6.1176549343778781
-0.9843048585213198
-3.2627746194988125
-1.0642347526341529
-0.1847293470958996
-1.1723237792290113
-0.7277179256916724
-2.2020928525211834
-3.1622098128672396
0.0970513550022680
-0.1515856705897438
0.7648510817575678
-3.5546566433390989
0.1507447650325281
-6.0240964923053362
-4.4460512329860329
3.7460892378116055
-3.2774694771903627
-3.3824632971734099
-0.8533904496277156
-2.3000370579112861
-0.6491148818442004
-4.7238094608486838
-2.5431804946920766
3.5834374031920682
0.0583361799536874
-1.2640456799365221
-4.4113534711217222
-1.5880646282949993
-6.0841252210197885
2.6280484497479208
-0.8462192391713671
-2.8807300335101225
-2.4046831393576413
3.5253326938864067
1.0503904203671000
2.5610611931025065
-3.3367559674792306
-3.1309671029650836
-0.3072768282374985
0.2224138015160597
0.3823061450361885
4.4509922943380813
-2.6172518300078300
-0.6844410374158796
-2.0832874908422312
-2.0068574059911368
-3.0947590241032326
-0.8479662015043361
-1.7310301700760300
1.4373705106316266
-0.2655591757358312
2.7346775269229546
-4.7281497093130280
2.4375859098431780
-2.6629941535315345
4.2570772788369640
-3.7023400319922417
4.1098258007470019
-2.6233503417245254
0.7608711514877133
-1.9195485886570038
-2.2861663108754708
-1.1311128665545866
-0.0673960449427599
-0.9535656237056832
-2.2179742063383761
0.2496321908461470
-3.7872854985919866
-4.2135637655594467
-3.6540229220136045
-2.4540034680604328
-1.3218870874936191
-0.9663297645615310
4.3865626925937473
-1.4035808041688580
-0.5498299564109711
3.2998109844728005
-0.3493308154689595
1.5846174427125559
-7.4070642534703257
-1.6416193074631882
-0.0822117803458998
-0.4477224751908425
-1.5047537598640839
-0.5072227723826963
6.3948332441215037
5.2994044441227555
-0.5994439145226751
-4.8964030021706941
-5.3001890066282167
0.7327553619959080
-4.7063691040621007
-1.8496198723360844
-2.2175857752823536
1.2452277742425020
-2.5316801704500116
-3.5362212003042290
-0.4819203868047202
0.3396470853533654
-1.5459371266196458
-3.7002559962053998
-3.6528645633653611
0.0283532749855863
-3.8436976990243803
-5.5835513455617480
2.4333781128770879
-0.4992336587597325
-2.1712942683286052
5.2816328463822080
-2.0148318511312344
-2.0084930849379496
6.9552959676399615
-0.2691387868703766
0.1589668135779607
-0.1075370835156438
0.0733970972752430
-2.0385684248025435
-8.3578109859384249
-2.8276113482226912
-1.7929690457213103
-2.3143943095974913
-4.2345686826729816
-0.0727699794538247
3.1702259081602979
-3.2643426344003958
1.2080825289515815
-3.8305491933151945
-3.7818845699852481
-6.2914986213065287
-0.8338707616147314
-4.7986926991613537
1.4787957846531115
-2.9054418388324890
-4.4043936246989581
-1.6670977812401229
2.8078989177235103
-2.4836388441113200
-3.3866530788641369
0.1236784961430827
-3.6137204029717509
-4.8092930679537922
-4.4129237565938961
0.3533145393547688
-9.0236861645841167
0.8899631299722204
0.2456268677366494
-4.9524430274694904
-3.7279004138495999
-1.2440826169220998
1.2213482486448919
-0.0668098949591392
-0.2161131375798878
-2.4412116670515518
-0.2715118487793440
1.2162031757363543
-0.9443301541571496
-1.0861273194340093
-2.6500968864413101
-7.6584156068565514
-1.2943326450069816
-0.0340107399670107
-0.1268829135021075
1.1813417916126727
-1.2983641983553214
5.2288509425965772
-5.5002567611740592
-2.8388608487656350
-4.1272699373248312
4.6123720919996760
-2.9361007399833148
-7.7149342019348461
-1.0737279262757684
3.4139596311486100
-0.1526626238802060
1.0238489198303737
-0.7158192956860727
5.6812030811059522
-3.9229184449653807
-4.3738091744165377
-4.4391505816656887
-2.1386149494378954
-0.0991177344755099
5.4358117141684410
-4.7370509583649927
1.8425326212858120
-0.7132202529656392
-0.9386794105386758
-0.4517610641429182
-8.0684733467098155
0.4228491017488050
-3.5125916592066750
-2.8578464290725010
-4.9921661735359555
-2.5424753440926930
-1.8005104618487018
2.2170436754268978
-0.6645765167022804
-3.5622223716770058
-0.9262097418588349
-1.3941510710504268
-9.5662041783429963
0.2460602308606550
-0.2693023855998506
-2.1329545508807111
-2.2787373187274556
3.6778880972482462
0.2146837664101638
-4.8374627088920512
-5.9102357851513432
-1.2673347125387906
1.1257141251199128
-2.3474781910784444
-0.7543937664051906
1.7244175437603679
-0.7006579121228728
-0.5766591012540415
-3.7744876777962930
-5.1370836951553542
-1.6109013464335544
-1.7872959921248621
-5.5906078329348130
0.4238827310930992
-0.9861676872805356
-3.0680009691997454
-0.5537753142464296
-1.1618513959823802
-2.8306433243267657
-0.6792067385437573
2.5412667445709811
-0.0008877379322599
-1.8048424326119266
-2.2651177930072373
-1.9155304686858092
-0.9075991134803263
-4.3186446067751483
0.5225623727160610
-4.7495484102888845
-0.7450455431340814
-4.6613120082308690
-1.7078314587363757
-3.5008425063519995
-3.7355767661046624
7.0108147503102485
-0.9809582555190119
1.4658275337163378
-5.5527256003271397
-2.2954748510148555
-2.7930720663162987
-5.0342493357297693
-3.1313662773209883
-0.5374730323936716
-5.7985169006118298
-1.0745717845488560
1.3836508832173986
-2.4137877410821700
2.0894626288918814
-2.1529677523823394
-4.1653212093105410
-6.5634868199960890
-0.0830962504652148
0.0324113333550177
-1.8378342827001257
-1.2348555918770050
-2.7327106980573008
-0.3216698577171250
-3.2000068921423970
5.5795860762790648
-0.1082023950937802
-1.2475252181693723
-2.0425027603049779
-10.5570474121651792
1.3170572486698273
-3.7948700970275167
-1.6792298469886027
0.0535395451952957
8.6576776871728942
-7.5010451914740788
-3.3211954595515709
2.4756618652671767
-2.1223032062004390
-0.7423407173616599
0.4871128509561908
-6.8173465613019877
-1.3112099695942319
-4.3948082077227877
-3.4348909770576905
-4.2647622618481291
0.6371488324124007
-6.7219352905305705
-1.1335936771496611
0.7883329189588757
-0.5949411182432565
-6.2874795986753451
-1.6642426065692000
0.3710576038750277
-0.5845016699898474
-4.7206814000688109
1.6155841114562921
-0.5674572619072654
-2.5620468740097344
2.3000289467485331
4.4145107351221684
-2.5222481532493051
-0.5498406712563562
1.3392673042233478
0.0281357519935416
-0.1153899148043762
-1.9972086037997037
-0.4839605855283128
-0.1826083069506732
-4.3343365526119051
0.4708460510239265
-1.2934225492474301
-2.0374127679955807
-2.3136110788742936
-3.1388437823589972
-0.4779666610781090
-0.2195960271217189
-4.0271728753956264
-10.9665004024539314
-2.5909905220745504
-5.1853969351294422
0.7997204241154492
-6.5669478593880131
5.0920534483399837
5.0865875490312558
-3.5455779849462221
0.7121701857814042
0.5303389827055089
-3.7640340297499209
4.4404914080925018
-2.9121274954778698
1.7887225104153901
2.6045104847526379
-0.5493790836402781
2.4844220362930427
-5.8308266214734310
-3.3938247913416024
-5.6005968094682821
-4.2685828470307081
2.7977346327858728
-0.7606581309565652
-1.1513627581071750
-2.8512961457865496
-0.9059334221096880
-4.8576628993245281
-3.9239368996623147
-0.0474131891339625
-1.1193441027081004
0.4704742286021950
-4.6460860997045366
-2.7779271217064339
-3.0895320598981852
-1.0140296459421272
-1.5447510054293900
-4.8154041772213807
-1.1158610716025108
-0.9947347912757163
1.7437661923353380
4.0369679896501758
-1.4917213712027337
4.7773152850108191
0.4420330168987089
1.5520423167332740
-0.0328540154854311
-3.2801359210658760
6.6337406540792543
5.2999727663423553
-1.9988089695209930
-4.8057626287803350
-4.8700804778525804
-4.1028926606898093
-2.6285251143471289
-1.1241866720098330
1.9210973615433085
-1.1311028324197352
-2.3029372560416297
-8.2795006438236971
-1.5768070158270722
-0.7395643827371756
2.1609884063813132
0.0989942544355419
-1.9654758035116646
-0.3556426373954242
-2.3509547645286761
-0.9848052666722310
3.2998967658607050
-3.7567402103908929
-5.2222382903332800
-2.7434109980757251
-0.9827311858907778
2.2040387686247720
-0.0276128297194677
0.7076091513225131
-0.3573722447206787
-0.6669464270191651
-0.5837892835267517
-2.8677292596304946
0.5656901119927924
-2.6154681497313419
-1.3338225587903931
-0.3103089515944937
-1.2400913229166617
-0.0252027981331235
-2.1996988813206890
-2.2747905486832996
-1.2445027821228150
1.6625574670803478
-1.0229560931977824
-2.8831863013868029
-1.8361282664409733
1.8835129646184259
-0.2467413485641165
-1.2912946288550649
-1.3930043915780543
-3.6484206339770777
-3.7117096175534217
-4.2641864429722309
-2.2569997144454499
-2.9779564925360504
0.1268963162152708
1.3283846310521883
2.4265692413976119
2.3541202516699782
-2.8641954453946323
-4.4108423399786547
-3.2393380186210288
-1.6338577842244300
-0.1168398857117653
0.2917698784648909
-0.8927085657421416
-6.0204075625626725
-2.2657648554321064
-3.0014164253775411
-5.0764087366954573
-2.9729462475033195
-1.2254196776349451
0.1265650382636758
0.0838070039528531
0.3199900414429161
-1.6022167325215593
0.1709089234368131
-2.1202933060107712
-4.5074701574089326
-2.3358636115629521
4.5875683614315514
0.9604465795924146
0.2746075102876490
-1.4082839378900647
-1.9838916859903517
-3.2746371235076883
-0.3363554781722260
-2.5448639577004775
1.3014410789156654
0.1437551829051521
1.9613273182548030
-1.0641276415205350
3.2701301310204656
-6.2655830794108489
0.2473518724961981
-1.3644525428550427
0.0590666385452107
-0.3026561397304760
-3.0968627931778556
1.5367458483764074
-2.4937990014883153
-0.3589825361431572
0.4760484823017952
-2.1008517403335625
5.5298051485353374
-2.9373563736139738
-0.2668571618863868
-1.2327630606079307
-1.1393439722055032
-7.2897778733514853
2.8560812295842055
-1.7922806375577940
0.1062022863244381
-3.0745119778176786
-0.6304681027131491
0.3614993833932208
-1.7511812328541951
-4.9219357413289240
-0.6247082046398145
-1.3117240539904469
-4.2522035789400974
-1.3410278434254774
1.8781590854541605
-0.8797614159745730
-0.2603179421521319
-4.5364949476284355
0.2747546300976048
-1.8004492467332522
-1.3435757785522520
-4.1609538013757241
0.3167783228552160
-1.7534481032031861
-2.4829039877939589
-1.9771769973372546
1.1058758416533734
-5.0355967798496861
-0.0363544213928296
-0.4773848954511550
-0.7922804389446721
-3.8227446431285657
3.9192980470693000
-2.6413358014309609
-1.5196995521807839
0.4276885827664746
1.4643492570808945
-0.4875525995514912
1.1916344423360052
-0.7572545303210738
-2.4025522710119955
1.7161448555577983
-1.2519821012292549
6.2940264535467714
-3.0648150433236152
-1.5324003708142098
-6.3059501962020477
0.5358104208209225
1.0771198194912899
-0.2672840856905160
2.5638738231131044
-3.2851534043314432
0.0890826788094202
-6.7267658421410523
0.7609989527324199
-0.9651397295240889
-0.8459461600150928
6.1249868207792053
3.1559973612817709
-5.4796488130985566
-3.5489853760303189
-0.2171529641217636
1.8336251635669325
-8.2427101195414707
-1.3817131061869741
-1.0321811311889701
1.0279942366991066
2.3335614549879313
-2.7441375027259336
0.2210550185658761
-0.8234256422764026
-4.1304564564364643
0.1573611882269722
-3.6492169173875881
-3.5645210799476290
-1.4579922055558481
-2.4463307698502712
3.0247150003854228
-2.2039952745873279
0.3702706888032647
-5.3202793955110321
-0.6732510735798031
1.1650158421407710
-2.2395796764764464
-1.2767675450541276
-1.7009766518544607
1.2215992482618481
-0.6064092462443007
-0.0449781784201389
-1.4994927702394498
1.1525647767278147
6.6426429715845625
1.5625900230705307
-0.2929929171768676
-1.5136718825207787
-2.2324794205308924
-4.5642224709534354
-4.5719590294006913
0.7016740647826697
1.8703059327419005
4.0341485485090933
-3.0359660535339499
-2.4577489135088348
2.4182655523835699
-0.9181800538169266
-4.9340019947995266
-3.4518453080471891
0.0067617090182645
-0.9692514176410367
-0.2328603959455107
1.0184200182899072
-0.1641996181318728
-2.5398441167419645
-0.5691687664538096
-4.6796095545941716
3.6087458185006924
-2.4360833467577372
4.6202261621800798
-0.4441286767945469
-2.7180298693789546
-0.7725622871662249
-2.2241323222283453
1.3086198049520936
3.8703688022788971
-5.7144848250308948
1.1325615818426569
-5.2619094177378614
0.3188532035273799
-6.8655581608277183
-1.2091447510237825
-1.2514701713641778
-1.5895395532655492
-3.6346615989570119
-2.0270688775780448
-3.8405019321075118
-4.9567193590987921
2.8106568186256427
-4.5311251178487559
-1.4411767893681922
0.3015030225609830
-8.9025421124895114
-3.6545350165113106
-2.2880918146748850
1.6490206220776542
-3.6395339859607096
-0.8397176500266245
-8.0421410233840760
1.1490443774588592
-5.5122121794743730
-1.7929950343397221
-1.1549343030079902
-0.1578137320104810
-1.3495244284295704
-1.8694388182730197
0.2116997883268273
0.3071668558633583
-4.4087611138892724
-1.5037799831685266
-0.0082174313021944
-3.0814600184208230
4.9592004714209210
-0.2675981438329840
1.7386132205427305
-4.4244312911187258
0.5476851514248483
2.2662427664774802
-0.3832911282285046
-1.5577044508112048
-8.8525758296508208
-4.9316461151012083
-0.8644576088677773
-3.3071092840424607
-6.7708599497714754
-0.0827410190283800
8.9927262930581460
-1.6049467267946795
-2.2377720768145291
-3.1453846825931637
2.7766753534033937
2.7253123689893917
-0.8495597671065214
-5.4791931107500380
-4.8738786048546459
-2.5343068458966735
-7.3802994422582824
0.9720646084594411
1.2250654319647840
-1.2415706373012401
