-4.4760396042996025
-1.1709633394094547
-1.0875278341414991
2.5190097141941656
0.5855304774513473
-1.2535145374578014
-0.0775524478575111
-5.7452517695406007
-1.7155553563601986
-0.0053610924501768
1.2620204990705766
2.3785127541191207
-0.3787173663776331
-2.8376524819764213
-3.2827654473499521
5.0565561243666393
6.4492599259649399
3.4028778105378183
-4.4443944396078976
-1.6715976002109820
-1.0650391556948569
-1.7469305334404872
0.8778349963949146
-5.8492755705171717
-2.0231999300801196
-6.0164832816333371
-1.2336783232243467
-0.7051935943238467
-1.2561622579862717
-3.2508013462305501
-1.0425317231092039
-1.4361691499265574
-2.8488631789702050
0.4682115884165388
-1.8652210553767383
-0.1968868642793862
-2.1830142778508868
-1.6596636657629060
-1.9958734822013842
-3.8728628172535866
-2.1145785852403782
2.9842329586250989
-1.0326544283079206
-2.0629901185305006
-0.9461221431033844
1.8997205361000291
0.4795454869424626
-5.9394153119336055
-1.0360179686700988
0.0777958730462670
-7.7764238537406625
-2.3314260974969589
0.2969025666046818
-0.1202862788604465
2.4967946967069308
-5.5422352441216640
-1.9284064791873639
-1.8826310610804682
0.4299936377116465
-6.2933169226752979
-0.1698952666628061
-0.3781873287973044
-2.0433529806386570
-2.9677551457270241
1.5691101248347916
-3.3699466090128483
-1.2221693696863469
1.8072793753999881
-4.7667271430843332
-2.2483161516456205
0.2716475777177423
-3.5586087761595921
0.5301595248767219
0.2898279560884531
-6.8063052896453566
-0.9296354645969170
-1.5752527955677453
-0.4056407939950640
-1.7327922091325905
-2.3364166264831643
-3.5212595593851930
-1.3698402970095696
2.6693269138846771
-3.8433186006857309
1.0914224350509298
-1.6265195035627054
-2.8588817420066968
1.7529766083200906
-0.5223219391819683
0.0406567949082666
-0.5113545080253366
-2.8276241098815662
-1.5753275964772466
-1.4881170481995494
-1.9394640165219812
-2.3322303562390490
5.0159736988919512
-3.5444212624158302
-1.6425130204752154
-6.6145992180623105
-0.1657765835211674
-0.4568022975228664
3.5350972907914922
-2.6791725849059547
-5.1787955048651488
4.6762143172390225
-1.3242393756458508
-0.7752768376169683
5.4787492750908271
-4.6046703061644987
1.2048300836126884
3.5431953038879960
-0.7829076723043141
-0.1369246552474655
1.9966753939801769
-0.1949644746895826
0.4034694867332548
-0.6454815453331380
-5.2598035087977042
-5.0445528844907352
-2.2210768058912520
0.3762028709098577
-0.4315048877237229
-2.7353594854870877
-3.5795240774670649
-1.8091930856550869
0.3606141396062896
-2.7997467907171210
0.1540516322782420
-0.8102274805174056
-3.3456287028789031
-0.9644384333470464
-2.4308346887122179
-0.8219401687297520
-3.0606114161708811
-0.5970894975493157
-0.4158816965874195
-2.1342788165568698
-0.3179350594892242
-2.4585316498625698
0.6952359949226070
-0.4899623882734691
0.4469865835949805
-1.4956632547940276
-5.5860272217993918
0.7012624439612437
-3.3414442525188495
-1.1576778619905856
0.3774819366036527
-1.1533734992325884
-0.1035981216150330
-2.5625922290917038
-2.7964141300180332
2.9023163090401978
-0.8535341463851903
-3.5173019877329019
-2.0694443027032166
-1.7156694135878845
5.1339393064731320
-6.5523362536624541
4.3147013097458053
-0.5030771810941606
-3.2432434890455180
2.7144486131117516
1.5310296777040122
2.8996317500404287
-0.1397779758886522
3.6819549111641483
0.5069372640084829
-1.1078564000541247
-1.5393201242444368
0.8555612047719415
1.1241197237909573
0.5983527634321282
0.0322122717724736
0.2942004301905715
-2.2809888413871846
-0.3351994806084558
0.6647778173407229
-1.6364956583377688
10.2710930143892920
-1.9275153824212692
-1.4417380707392267
-3.3395014909940963
-2.3436077514233968
-0.4207780482884864
0.1387367685575930
-1.5228708254135968
0.4573852560065810
-0.5953163153162386
1.8920882139643156
-3.4784514701018123
-0.1467976939408531
1.1850508347476276
-0.2922085234518715
-6.0739442469262119
-0.1637120792907621
-5.3993283045446514
2.7333033213217339
-4.2074640753431574
0.5093099316094649
-0.3275468095355341
2.3346991542356821
0.0268565482202023
0.7130003207217603
-1.0203106073733754
-0.0224122194316167
-4.5451755601741874
6.5547533444699093
-1.1988158684960859
-0.6277783854265858
-3.5759838443344227
0.1881684519765330
-4.2233257615277697
0.2604923598285388
0.4864847159788730
-4.3752623402542721
-3.2006360031235497
-1.7045240442648282
0.2633365915644686
3.1575397406372332
-4.5288298602978374
-0.6336800565221483
-5.6968481841853960
-1.8407763316900241
0.4895184940743585
-0.8380518470945146
1.7137407909056848
-4.1960548898023760
1.9161016478430675
-4.8778925845946857
-1.5118843273578690
0.4596486761666025
-1.7580813681841310
-2.3148733980328684
-0.4982236448239468
-1.9123911961888780
-0.6674073622758323
0.4162582765441130
-0.6978722784531740
4.4274136185863204
-2.2319110629478027
-0.2393044641196779
0.2353968546415519
1.9450058537429094
-3.6122101415829531
0.5594745491598230
-1.8713018596878765
-1.4147944186674697
7.3847592381593552
-5.4026263439327336
-2.4586530489253504
4.1658815514452687
-3.6762769746092969
-4.7774662496767952
1.7072908434510441
0.0099358622186879
-2.2653108998081422
-1.5521945098285408
-0.0511473065344237
-3.0994015335425340
-1.1651273236351283
-0.3032500862428511
0.3764867741556965
2.8324381263630136
-2.8344552296702670
-1.7725704908604307
-0.9746629218537756
-1.2728513515202859
-1.6554648343818781
-0.4269625357828024
-0.6346586206419285
2.3597937361481955
-1.7061822597162832
-4.0845047735189617
-1.5217988021483524
-3.3969870489863689
-3.8128544066534373
-0.1358787974888343
-0.9720180964253113
2.3229974670770148
-0.6100634070480879
0.1228405101181980
0.0857878247011701
-7.0816304690617899
-0.1671200918982350
-0.3222222839455404
-3.1965970814173525
-0.0347874642213627
-0.4553157088723608
4.8227681744715554
-3.3192281250381166
0.2503250061471874
-3.3626552515078365
-2.5352692972022042
-2.4720634914602755
-1.4918113195032530
-4.6509845467596325
-3.1085318114428100
0.0620542424642009
-0.9734538897813598
-4.9595071520082037
-3.2083290355164262
-2.6627338373763170
4.1422796593330142
-2.6600142926063510
-1.4960876879760723
-6.8537809901024005
-1.2839581445704811
-2.3625526822791243
-3.9416807248085548
8.0783478723481590
-6.4104782403208906
0.7240529928306469
2.3964858906314372
-4.4545963618747111
2.6934639913173255
0.4933255747011988
3.3763070998157581
-4.1691211457931363
1.7606668973391095
-3.1492923698861124
-1.0027748855805967
-7.1773590845722319
-3.8513823196406278
4.3021103567066081
-5.1161116439354810
0.1411373224074195
0.9691868371884172
-2.4753690343320160
-1.1809136614016427
-4.3565980655898802
-2.5080384928256474
-0.0694899418901535
-3.3487939244473561
-1.8002411012677497
2.1940789520874024
-1.3018172838279891
-3.3674930334659483
0.9052254627752585
0.2017782458499339
1.0362319029391023
0.3300836835137070
-3.6582997690528196
2.2110450703377866
-2.0929562732010831
-2.7668641563532095
-1.1531059919843638
-0.7990753959206608
2.1118838216639140
-1.2025599684793433
-1.1164407306153128
-5.6378125749677412
0.3080399587093998
-1.7492407881021863
-4.8110736496616591
-0.0875490551621501
0.6420261689060465
-1.2387649682282158
-1.3323297462588102
-0.5086837277941511
-4.2487121324035027
-2.2014866412467664
-0.0619113511516277
-0.2515615970379630
-1.8431319928054914
3.7112002148385135
-1.4480466199166648
0.6899772549541964
-6.4642074914450998
2.8410153960648978
-0.8850002975077007
-1.6633139635767900
-4.9329883346569305
-1.1525070811731328
-0.3165689814122116
-1.8143232120336430
3.8947227860877969
-0.4835546594010559
-4.9653308812022132
5.6093300851225738
0.5712325090884013
-1.4459764988740820
0.0376243457028815
-3.4024523950766903
-2.4052340623186415
-0.4948483357803546
-4.7232696688632423
-1.7287605146412581
5.7100978372127091
-1.2934309797659012
-4.5806436314644836
-4.8548927401664432
-2.0148620087923570
0.3019357797618055
3.7861346412911190
-2.7654203757844593
0.2490048895228182
-3.6517092526283843
-1.8856127024016955
-1.8646421721410751
1.7533225844297362
1.1656639622059335
-2.5550382111689758
-4.2272416245606790
0.2063317448512665
-1.9145757681601812
-2.0733372367038241
-1.8963491335239164
-1.9953624131961569
-1.4819465883007288
-3.4135819668528415
-3.8177657395777098
-0.8051213352132320
-0.8751109174232050
-3.1234763626222217
-5.7197853961252587
3.2344556949025631
-0.6135675572193734
-3.7311144444152822
-3.6687588268125841
-1.6985504628451686
-7.5536419036215934
-8.9304733663792497
-3.4353580752952642
-0.7974321410644003
-0.4222674779113758
-0.8841219374840341
-3.7047799552361225
5.1409080544195342
-2.7189507028353295
-4.3003680849897377
-4.1118392246035071
-6.1727031436984063
6.4507621597854490
-2.9551141847654274
-4.8054284129095350
2.1673506683417827
-5.4577055811025357
1.9693013039592566
-0.9026578173438672
-0.2334739932486055
-3.0310463922069779
-4.5279905480872733
-2.7382964537771759
-2.8515213430017639
2.3813704280952086
2.9336655408476195
-1.8561266434511046
-1.4843173502404545
4.1921554138086305
3.7437496147489133
-0.3113284737625849
-3.4002137634991789
-2.7292398292363038
-3.0284110205440649
1.6079960120436341
1.0462009599298223
1.9259136812145456
1.8547766135571719
-3.2613297847156217
-2.2354449401308703
-2.9704731659447687
-0.2461650117359648
-4.2657931931433497
-1.5820469595362980
-2.5425934581377838
5.7839463255311987
-2.8192134540926590
0.3222488514179548
0.0964939368879228
6.5471288017321987
4.6503983662795498
-1.2366008654992231
-3.1445059985351120
-2.2542502602221228
-0.7833546008599760
3.1335347370993327
-0.4821140727548578
-3.5162076615790290
-1.8422061051861205
0.7124510418295504
2.1552177954453051
1.2716612550460218
-1.3899835785999155
8.3630808532226464
2.6294998220697838
-2.2550615315627205
-4.2600748971293143
-1.8851253656046387
-1.1273970434018707
-0.8162628231095179
-1.0295940068319620
-2.6868314886676248
-0.8066223066918968
0.5618209152170291
2.6200034418101459
0.2348974582323769
-1.8642150968361288
2.7560955325627319
-1.6043660742375887
-5.0461893436257270
0.2262418345623923
-2.7044034750728247
-2.5458726633289896
-0.3911759547810791
-0.6705671677414612
-0.1539852606617224
-2.0091270704000843
-1.2310193517896462
2.6161830857246224
1.4566277939414327
-0.6874821688286911
-2.5362723880599747
1.6728728717551198
-2.6180960265065312
-2.0359244098279254
-3.9003643023649062
-1.5198494536492548
0.7722343065738944
1.1482577492986619
-5.0591712544841014
-4.5396058242830044
-0.2760642599966189
-0.7543815799092759
-2.2933673695140500
-5.0152097618466938
1.1024897832405047
0.2645780105075115
-2.8720986864308475
3.7390837925562859
-0.0179931103623529
-6.0546879170985939
-0.6160509352373311
-5.7344852887278250
-3.3997242101418839
0.1435911726157788
-1.2945043719307123
-1.5991764902462320
-4.8424340306577438
-3.1098763919235424
-0.1584812107477011
-1.3485865759157727
-0.2593955979561697
-0.7869280005565884
-6.6720415384147502
-6.0519274469480022
-3.6337067585223277
-3.9634355451393519
-4.4999510788670811
3.0035553626372082
-1.8561468107317145
-4.3943877512669198
-0.7486186071872978
0.4228475029883945
5.5090342582286551
2.0923307333537422
-5.8694183654243943
5.0593474509451681
0.4213953916754444
-2.4520598285545070
-4.5707784772841409
0.5762782406195381
-1.2835358187649908
0.6543835294402957
-0.4873396702245974
-4.5318778825457500
4.4369774152552210
-1.7274409333171310
-1.7919558371032662
1.2910864975453595
0.1429019780634838
0.2103912431313128
2.5061473643935743
3.7282883301741956
-2.3337679971719685
-0.6396584659039952
-0.2981346161071058
6.5483389185098684
-2.5645370926925910
-0.7901863777639797
0.2792606840881507
-3.0588151525026839
0.2642963418868355
-1.0072938082012048
-0.7630290313182214
-2.0727121511918645
-0.0409824485317486
-4.1203587620190865
-1.4386308601868074
-1.4779130812939092
-3.0681711937257159
-0.2438751613486910
0.1431255823489307
1.5518624945882997
-1.1733046279544836
-2.6545137445090892
-0.3078690699224335
-1.5600025540224445
-4.9148249891883840
-3.9264376924963162
-1.2510380269071895
0.5720688275547012
-1.7878979688759107
2.2806357829472823
0.2412483484147101
-3.8565610934831831
-1.1965048665797124
-1.8213273577823597
-0.7998812596122711
4.9308027526735856
0.0189636685152665
-3.4478504462397761
-1.2382253061874016
0.3718578235520225
-2.0293742050415147
-0.3513046836308177
0.3152562320919902
-0.8042842464111654
-0.5266191115329488
-2.7346146235650379
-1.7114339340962115
-1.8655031633593560
-2.3528733733893041
-0.0898336646473591
-1.1128637310272118
-1.0530652845316968
2.7219902788795522
-5.0835971221239831
-1.3598792197795406
-1.6227393399888430
1.8473335008047864
3.5394742574862921
-0.1401224468755656
0.0293565408844555
6.7742506820262367
-1.0297940846106939
0.4197143983514501
-2.4078774772381046
1.6337544540131694
-0.2331214479178282
-1.9462685446492611
-5.2911902464172966
-1.7334168960733027
-2.7804994068893327
-2.9644792895680911
-8.4625725432386538
3.3420789887709188
3.3088889638717158
2.8507989157510560
-4.9922493567689852
-3.6325914511550952
1.0504286710719908
-2.0021651834998577
0.1526062473656536
6.9189177033845484
-1.8463996368121314
-0.4697893313510246
-1.3009038782382807
-1.5686718033746219
-0.1508214305671985
3.0309243715671093
-0.1775349332408603
-3.0757858246152088
-2.6327406452162152
-0.4046258485085171
-0.1151359788996642
-5.9277549791198654
-4.9035775063955560
-1.5629071376581867
-0.1089667058865693
-0.9565167466866946
2.8606745878460105
-1.9959112229893636
3.2112855555198081
-1.2246864273626248
-1.9204299811470307
2.4854404191267996
2.1765647565007074
-0.3807766202451860
-4.4454116664762253
-3.1510380601448058
-2.2957314556177222
-1.8941170049515961
1.8280644907997887
0.8558123011383179
-8.5529507153558875
-1.6720180723798128
3.5583603025182748
-1.1442835478558666
-0.4639964711673229
-2.4606058045391577
2.7988790809175570
-0.0169583342738862
-4.5684798865002145
0.7271794443044209
-4.7873009088327665
2.9478813622350541
-2.6451722298839520
3.6501288317642477
0.0250766054765714
-8.0264571882259013
3.3133806127522818
0.3185058905304891
-0.3389873723138035
0.8151101554979736
-2.1946079952335782
-0.4760898900753933
-2.3626179350293506
-0.9064879883287790
-5.1335397711356334
8.7003107525106724
-3.6608741180421567
-1.2549400256484746
-1.9200401225255321
-1.2576260856676167
-1.8668701808746100
0.5862806723759468
-0.4842749079359780
-2.1578102012325968
-1.6362401497197203
-6.6455509903103218
-4.0386317354051728
2.8668212274998504
1.9793398842792431
-6.9688257308629318
-3.8449549496017705
-3.2486056197328139
-4.5615778068885975
-2.1310353962740032
-4.0467683455269965
-1.9250557335591969
7.3755198107581217
-0.0317843078149033
-0.9700760133422948
-0.4416642339722134
-2.7378927922948910
0.2345534920549457
-1.6198056672733068
-0.2896708121959986
-3.6135239051707595
-5.1581852906659931
-0.5690450382271706
-6.0701601679496635
-0.0556607722251642
-2.4412488429414054
-0.1319406496845147
2.0450912429708850
-1.3348082763185354
3.3677939332387123
-3.6304531261824033
-0.5054582309221911
-3.7672816626422319
-4.3342751006304363
-6.8200081570013698
-2.4311716748768637
-0.3143660058630334
-3.1456657525931657
0.3092582931486279
-2.0795812445188369
-6.7095917847882918
-2.0304855403126996
-2.9481783575614222
0.3564493437733803
-0.0773555916345291
0.7213101332367750
-1.2627017426561933
0.1267680127661852
-0.9941083569115763
-1.5772876080980414
-2.7174681711589708
1.4346945065912182
1.7889539324162507
-1.6716463205290570
-1.5730831549455888
7.3024793605350578
3.2472450142715812
4.6974057134622837
-2.3972590917449677
0.1658985449829494
1.3944471912438421
-1.9422312159403938
1.3343199401043353
-2.2783601079398115
-2.7809818759882510
-1.4928912857443535
-3.5742940475511520
2.7991566353240365
-4.9496987823932974
1.1062847893876750
1.4301511372090117
-5.2889607790200346
-1.0895690695041989
-4.6586731534472268
-4.9657377834427692
2.5979687689606239
0.2304378389626844
-0.5557445971884151
-2.4501606791223121
0.0269866391225437
4.1048181203384795
0.1914960138701897
-2.1120019348327181
0.2702848806573750
0.0269230452411439
-7.6551522085303452
-0.7532073827636090
-1.5904097262457197
0.5591394309662066
0.2854159334603588
-1.4023566517117962
-0.6493949574281946
3.3109752199665525
0.1576808963190458
-0.7767318574425729
-0.4180724747983670
-0.8962472914488613
-1.2023844192110607
-5.3167325417684381
-1.1012166757077062
-6.5166823129261280
5.2390747793387753
0.0794990044723997
-3.9150680822377426
-4.4209945882143282
0.0637053214140561
-3.9473172759487007
1.8698062399806286
4.3862315015880213
-3.2604336140442687
-1.4699747420167022
-3.1981847496788696
-1.3825085889090805
-0.8120784422113916
-2.4656415565833902
-1.1477580521941824
-0.3867589690641815
-3.5093424107872324
-4.2901559412762520
-6.2587569493935771
-1.7858365695202121
-0.2881210436356472
-6.1165048861374185
-1.2745617464877923
0.0447322197739627
0.0697352676335276
-0.7547730130671998
0.1786241165042706
-1.5170009777495774
-5.6470027575571855
-6.1376067318914060
-1.7016990977095143
-0.6101841884416328
-4.3701669336890845
-5.5412203475791983
-2.1329628496379431
0.3735599557849602
-4.9911878834441783
-1.5805366907009382
-1.1995065206709001
-5.2677854712477004
-2.5818506874601783
1.2759611700397164
1.7386268261128082
5.1173175492363603
0.3520074627847469
-1.1524364175379780
-3.9054283197761972
1.1199129537133068
-2.7494356892685143
-2.5677454794264456
-4.0304898629048207
3.1169864055911050
-1.7066734973601165
5.8153834515787164
0.0298925662212686
-0.8345675030516371
-0.1971116971782157
-2.2728379219513641
-0.4126495482978638
-3.8940564940967706
1.8656968867324562
-2.7278762259683003
2.3009499670832856
-2.0195161156804349
2.4617699035202687
-2.5664437431903795
6.0147470353835226
-1.3443617765018228
0.3782410118230972
-3.1875393241494629
-4.3591656993705286
-1.6662565510372158
-0.8146854784331952
-1.0962235836310121
0.9154145363843955
5.5413761896250939
-3.1959940014670494
-1.7637922744671686
3.6914434149898114
-3.8538659811437737
4.0530588830289851
-0.3031945496100551
-1.1876941378645272
0.9676914289109454
-1.7600782604449048
0.2176577265786684
-0.2497906019614088
-2.2195144043046011
-2.5251965257114395
-0.6046057663889822
-1.6035561256655473
-5.3057214398498882
-4.0145453765485781
-0.1116225404917396
-3.0438648153916343
1.2427747629382495
0.1839769130551881
-1.6266976409805303
-5.3675993330817668
-3.1843980838804327
1.9834147756309370
0.9674763523279907
-3.8663575593202055
-1.7036889436248881
-2.0653547849167793
1.4954885669481970
-0.3077286102856305
-1.1351709697445778
-0.9041325698508197
-3.6874889555828831
0.4534180906294527
-4.2875206031121715
-1.2921150161424213
2.1168417438322815
-0.9449952577883098
-2.7502903758344539
-1.0514445677878956
-2.5194100161620567
0.1269191885359073
-0.1668282184750221
0.6624643113196284
-1.2484641491881530
-4.7694909061855135
0.1854026859389362
-4.2687484322826421
-3.4224961721622962
-0.4968051710956206
-1.8098627734383377
-6.8207156432922176
-1.9800703227649394
4.0953521982545924
0.7443023583616627
-3.4785125184517556
-2.0715603100099256
2.0260226870116895
-1.8917746714710906
0.5821129497271912
-0.5512407437419649
5.6745124262298052
-1.8838150268574729
1.0416650500878286
-3.8746587335801674
-4.1702526994377980
-3.6897618775304237
-1.7287978814173552
-1.8512920118563316
-2.2991359164095995
2.5272238855612463
-2.2850749797866419
-3.3735031870818557
-3.9224689591803918
1.9357893597093181
0.8390661045216580
-1.4203035284071217
-0.6689281083735266
2.0196456507449447
3.7355745770812461
-3.5595459612737792
-4.2404941712184465
-1.3547727589475946
-2.0781115056310062
-0.1827128455405834
-2.7203097376516365
0.3610926588707862
0.0328463015399317
-3.3009917935510633
-2.6934740605243426
0.4375923134444392
-2.4761037023373764
-4.7553319018417355
-0.6364095977341758
-5.2047523493260144
-1.7841446197997579
0.0765521982290426
-0.6937410474819424
0.5523025865310452
-2.1522848001249417
-0.1104067260179018
-0.3712201136185723
