-3.2796466855967297
-4.8840326419777655
0.0100530004944356
-1.2218761928210822
0.3344144635296982
-6.5608831193506649
3.5862922399776029
1.2256881357112581
-5.4989902408198814
3.1001472649191903
-2.2772378995688900
-2.1008571893015517
0.4656536996515070
0.6516756319301201
4.5874494139903881
0.0579079936939002
-0.3511850648150587
-1.1797757626311083
-0.8985549161008570
-1.6224552841511803
5.6763268165208132
-2.9134829252567398
-1.6138414492626731
-0.5420261460560275
-0.6448879328425626
-3.1117762331625585
-1.6200629306209420
-5.9502807978304437
-3.8524224229023258
-3.3809427506790710
-4.4037796007954846
-8.7636467188785243
-4.1474646445142289
0.9044479548644943
5.7799054743963891
-5.1581848686808902
-2.2300673501668600
0.9006218558058408
-5.7562048592957149
-1.1937154587287331
3.4981782878769812
1.6025345150252144
-4.7958565504695283
-0.8003059712617231
-0.3926440029325116
0.0299458563168440
0.1803932644011377
-6.7448672237616849
-2.4818438727319041
-4.0570763306223618
-3.3080459162811091
-4.9906051948142567
1.7084133912284358
-1.8526585907547861
-0.9714798859410985
-3.5657607868652836
3.9201285124605727
2.0952135442668451
0.4478810232998786
0.6252924496371400
1.8626877598891682
-2.7198642966329003
2.7576604368020967
1.4105574026406766
3.4597746489728074
-5.7280944966095033
-1.0947408780784782
-2.4287764449978870
-0.9789892237851947
1.5754022801868504
2.1861134894154963
-0.7169071690410781
-0.5908438728827793
-6.7377734268215086
5.8929362429749883
0.0222367119506252
-3.8026871756405529
-7.2022247276936611
-3.2388326122129039
-0.4740418813292881
2.7332938863737386
-4.7687111919564904
-5.4635586669100515
-0.9900218469995570
-2.0985659812309079
-6.0945260827636849
-0.0481863533536799
-7.0419746090418602
-0.5797675115522570
4.2607555377893105
-4.8529788911867122
-6.0142100442705582
4.2202448164778747
1.2773290979582057
-1.8708470798729473
-1.4170357835546294
-2.0623275235223613
-3.2756114905405642
-2.8692768787593352
-3.2804496337604481
-0.9004531856291329
-0.6877357027057340
-1.6904060743912284
-1.3946667874498622
5.7822225658638455
-0.2351336108234261
3.7998309171177134
-2.7361096150672486
0.6623508352156211
-0.9267378429690604
-0.1671289502117507
-5.3236957965488410
-1.4941045259680932
-5.3505164720175449
8.4721134475594031
2.5593694726275062
0.2005330621497121
-2.7238914927135029
-2.5265715611306336
-2.9244426636450114
-0.3019210066984560
0.3715218295847594
-0.3674897250096574
1.1249643521878194
-3.8036842906470318
-0.5785258741098126
-3.2006452052313534
-6.3393389327647363
1.1637932851996131
2.7180725275929154
3.9368943490015158
-2.2178597778315816
-3.1915344232890308
-1.2010777563774149
0.3887360526274872
1.4289784695194083
-0.7393782362287518
-3.4531740343279020
-0.9791587938204060
-0.3730225661673010
-1.7643713977108670
2.6214543437234412
0.3204270028031235
-5.2842256382680466
-1.9633449465299848
-5.8676884227708932
-3.8749994598159647
4.1519489446845563
-0.0661005830812383
-3.9802991820800253
1.9994913582185487
-2.6064953833480864
-1.1351408341545135
-5.2440090063680804
-2.1527508368384431
-0.6272917637023112
1.1538447872622488
-1.5403831369795129
-3.5099933832688990
0.4727654986015478
1.6772437230073602
-0.5631561240869429
-4.8427164763321739
-1.1967944868655085
-0.6229933813103909
-2.2988293423987018
-1.1652801676447710
-2.5980232271974129
-4.1294087276927245
-3.4525658994533308
-2.9669479881651970
2.6860532121234382
-3.3437784144334532
1.1583199806876103
0.7249017411973024
-2.7660421731723570
2.9819552525638873
0.2153259865424715
-0.5891574948764545
0.2500164800933024
2.9422490734647355
2.9498768762048879
6.4861859735902696
-2.8798079407952089
4.0350765724783741
0.3208100775900494
3.4741335119011372
-1.0506404598964039
-1.0268415201639016
-0.3022300981489031
4.6571976820913523
-3.9400392451774566
-5.6386656984368644
-2.7999956691587489
-0.3835045142616321
-2.7052558853516628
-2.1708657762586787
0.5561570325161668
-2.2363642873554554
-4.9635470293108286
-3.3357084268256876
-2.6909615313263417
1.3155285134111365
-0.9032470987024501
3.1035882478727888
-0.7061050999032060
0.1536929992869171
-0.5813529910208496
-0.8168717261179346
3.2893372174864091
-0.6259647967075146
-2.3183215232355714
-3.1664181094520485
1.8211878056680866
-1.8837903162798830
-0.2398524001066260
0.5903480643604057
6.7898995343629176
0.3881931544447685
-4.9054215309215765
-1.7708652345469715
1.7351227526508899
1.0799754804209605
-1.3580980797517630
3.9003738059776958
-0.8590869686082119
0.3725601830358792
1.8347713574308715
-1.8603949130444475
-0.3653227130738964
2.8781006860879867
-3.4333243159804869
-2.0952452038350242
-0.1434702756267418
6.8537611733525434
-2.0288094672249049
-1.8137575376148822
-0.6344502333186801
-4.0299169676787114
2.4329316433857149
2.9228089965019075
-0.9246629745070429
-0.4196446726220545
-6.5340005118266031
2.1647802890737617
-5.8098403771772524
-4.6261802932919878
-0.5334319354139576
0.8712259557390963
-4.3853124149006435
-0.9692051418220919
-6.4179979399726328
-2.2803129255112058
-0.8499824295631808
4.5624236990458247
-1.1136448051882852
-3.5955010025451708
-0.3903592593918472
2.2830224834753099
3.9289232928201119
0.5523365026154541
-0.1453249684247891
-0.2439412019754667
-3.4266388508037942
-7.1998672088594500
4.7153079602264674
1.2653508821756454
-2.2700469978091227
-0.2908773997198838
-0.0030483656014614
2.4383803676354434
5.5256413478591124
-0.6246275339097442
-3.7650492819606871
1.0853168966242703
1.2991460743658725
-2.5617261716270305
0.7429597210384150
-1.4761196462039472
0.4149513977123169
-4.1376821349893884
-0.4858197254019372
-0.4870378536125067
-1.9698618012908888
0.0628216186069014
-4.7543862405254096
-1.2834665351864398
-4.7801612323971368
-0.6621689821064266
0.1554536040986259
-0.2584972471573886
-4.1271268193840891
-2.2708402885202639
3.4264930652168091
-3.4138576559077922
-0.1450906930526797
-3.2091310730641536
0.3873938750144957
-1.1041896829038604
0.1022965409790308
-1.3013144673935997
2.1710245004566380
-1.5961090787288894
-0.5300615240796291
-2.5133969428492806
-9.3528074658358040
-10.0884995047672703
-1.8384350197453314
-1.1141746557726993
-2.1883744560666241
2.6256595178346496
-2.1165980301519673
-3.5631064234023015
-1.7944062662505280
-7.0968763160098121
8.6261613335855127
0.4614573872801083
2.8815581182246848
-5.7483393581476792
-2.4392821196409566
1.1011345224926745
-3.4451808304844991
-4.3854441792020369
0.3912566870756931
-1.6769139009062457
0.6495815335100174
0.8894921094819304
-3.9694759067621743
-0.4899762323781806
-3.6853905916282295
0.2069091150776145
0.5826677229898531
2.7517466506238306
-0.2755531233979561
-0.8170696394467902
-7.0169026985369607
-3.6407152276452348
-1.1731682325877031
-2.8587088672345153
1.2218672009854432
-0.0180959185632181
-2.8665211677164280
4.8091974156238564
-0.0618231093389333
-0.6924640474512034
-2.3918645487822290
0.2186002690077786
-1.8162758994281805
-2.6389422663642463
9.3843512662012536
-4.9251948551963514
-1.1685872692309642
-4.9242614544354080
-2.8066058591848324
3.3925400385385021
-8.0343864341652083
0.2971818089573017
-0.3972303675966127
-1.6733979296143551
0.3361968602468252
-5.3387711852948510
-1.1546420357177634
1.8976502969357680
0.4523447315865852
-5.6577938551060445
-0.7232823505803379
-7.9956465526328717
-3.5146776533620421
-0.8811340651264019
-3.0684622728264697
-2.0165387157651082
-3.8206988892188147
-1.5090638012165181
-2.7319190635166803
-2.6361514869912837
-0.1952784392818387
-2.3598394757928962
-2.8201232567000711
1.6528647857349652
-0.0059648055676884
-0.1517917470800014
-0.1033303521444997
-0.0033847778773690
-3.2089942362835822
-0.3911028036722222
5.7312995121445063
-2.8197410350943799
-1.2554974361301896
0.5963461771904872
-0.5853987289315251
0.2213086828086879
4.4286662786294233
-3.0780252741758032
-1.7845618812425590
-4.0811484555814657
2.3024821626240031
-0.7281939605061543
-3.5224385503556959
4.0438358110797505
-2.9189189117952767
-0.0929303060652659
-2.8858382051141187
4.2499898438154045
-2.3184337020601866
-2.2971209618079120
-4.4429729923881265
0.1904738677868915
-5.3107880942589389
-0.6135909442785928
-1.8122520971077274
-5.7901347524200544
-2.5505118881676987
-0.9145739723256768
-5.7179133976758933
2.8691901619253843
-2.5885507698239252
2.1559870071976084
0.0262955097550854
-2.8632620904442394
0.1726292811056465
-3.1994631015428032
2.4954177915530016
5.7044307229568458
-0.4818972386634615
-5.2388304458650499
0.6434289754196928
1.0186842147573356
0.0159362971570760
1.1840099691012633
-1.6171528398256532
0.1560354664302417
-5.4791684009125694
-2.6226617753829844
-1.1486837503597325
-0.6749012582063847
-2.8169435030928693
-2.8766578225034545
0.4097658708819806
-3.1723353455815699
-2.1519549834526273
-0.3533771759122094
-1.2320036881669323
-0.5842909674496957
0.1142589160110251
-1.1527974894648543
-3.2855485631085419
0.4299273987973677
-1.0020518181957023
-7.0685756771012649
2.6706588786555487
-2.9503642083102246
-1.3498632835223587
0.0384620207436377
-2.2204579449508008
-0.7647361237754420
-1.2468736883052751
-4.5139372327558913
-5.1092768127624826
-0.8121186953032136
-2.4598390721151429
-2.5187768075868990
-1.6680602125215336
-4.3179995510973024
-3.1129657431772468
6.6768444653130175
3.5795015915173098
-1.8470828490655036
-1.2763020504330258
0.0932700002245408
-2.9992623180603570
0.4508094167018823
-0.2057179443161238
-0.2547849456255926
-2.5116432565956419
-1.5017302920693514
0.3242542297456529
0.8422853330228266
3.7170943680079134
-1.9893487323633483
0.8444337083602812
-0.2593170403540262
-0.1860157983892143
-6.3608395928174719
-1.0986658006342707
-3.2982877522092715
-1.4671160518649589
-3.3457409791798596
-0.8216709969868025
-2.0037287204649625
1.3166874062664371
-3.3499942914505070
-2.7248720850913664
-4.8419527930543875
-0.4829994312827924
-1.2382481034198920
3.1291563794144217
-1.2832299030965668
-1.7495239699794449
-2.5621245992853487
-4.1752918484096275
-0.8050562988363541
3.2190221194063011
-2.4833155500265214
-2.4524921405751683
-3.1877835198185527
-2.7708554132535710
-0.6311330505146113
-10.1831726450899804
-1.6298141694043358
-3.7552262156625886
-3.4836710824732928
-4.1117955387515144
-3.4784315026455355
-3.8355819433455527
-0.7748590840528150
3.2052537373443806
-0.4936952071599096
3.7479923038965564
-0.4210621735850345
-7.5773272711297768
-2.2321315757902074
-1.9580335025157831
1.6871794547476244
-2.0525335062911614
-1.0730155625544344
-1.6055594939391709
2.6810264264841459
3.5438226934039339
-0.5838293790946141
-4.9430764996046799
-3.4900514230649824
0.3374103158820754
-0.4692994215086855
2.1130326153614294
-3.7521646281498251
-2.5204330144475104
-1.0428982753486304
-4.2715577900499460
-1.6186691749947284
1.1013845457140323
-2.8396171263113370
2.3102675432985400
-2.5359508697202409
-0.2859905971411564
5.7473932751040460
-1.7515746385785524
-1.4367490503506530
-3.4024555067527258
0.5748382958387120
2.1685276960032178
-7.3270855700504880
-3.4160424817862798
-0.6944536609271346
-1.2443583737365080
-0.6755511044879547
-2.5126151462100075
5.5980376217713577
0.2814516585638269
-3.5878986692950683
-0.1475312227356632
-0.5799542817377298
0.1291504379433446
-4.4398359702349959
1.6904462593402942
-2.8525344003362187
1.7180886046507466
-1.5843078974007434
-0.7001909646453685
-3.1541900096521882
-2.5392933833791278
-1.5530857502849316
-3.6925088008700229
-1.2422163531803854
5.2280102428941646
-1.4122962466705125
-1.5168432308310891
0.5423887343397011
-0.5421374273488633
-2.5135009972847704
-3.0544582460751881
3.2474785602444891
-4.6056739302359553
2.6200022840370383
-0.5528894692015669
-1.8916229761963317
-3.9859802944339386
-2.3667762614186025
-2.9145308606847968
1.4283284886877361
-4.7168421942173957
-4.0282735601492172
-5.1158330313992826
0.1047368925810452
0.3602022544255585
-4.2713086497193160
0.5512180190912914
-2.7333254126724693
3.4346190097291736
0.7412296109600006
-0.6840937899449442
0.1662508857428704
-2.0989142461008501
-2.0444350688028234
2.9005709987446213
-4.7959882850650057
-2.6698384891884559
4.9102386442211552
-5.7483257166034978
-1.0220859782280813
-3.2065355968152396
-3.7050733511191170
0.0081152196344717
0.3437773541840210
2.6281200635324873
-4.1848709293923125
-3.0529335302535010
0.4210288034221914
0.7780910108513758
-1.5174699049598914
-0.6175563710360347
-1.2420386483009902
-4.3606579201281068
-2.1413790578539609
-3.5181423343603675
1.8244163193955596
-2.1973327430975726
-2.8056706644985647
0.9333634138074913
0.4825813442752153
-0.9855835219258542
1.8117130929637844
-1.3732346702135469
-0.4816611773479003
-3.1295384880068760
4.3346923159879003
-1.6071778083136450
-1.2088389360803187
-3.2592332013377048
2.6074721269143994
1.5481670632377416
1.4612389861696435
-4.7635239685231436
0.8665902621958894
5.7098099803703901
-3.9065904433580960
-1.0278370309015270
-1.1135163223703313
-0.3864864329104155
0.7628364181385551
-4.5330044062710506
2.2533809200164971
-2.1054006558724168
-0.8701813962369911
-2.9888370648901703
-8.9609469332163592
0.5200107683530899
-0.9695836936366617
2.6240579543312572
-3.5629524687961491
-2.0374829179825458
2.1625615185278519
-5.5120508700630593
0.5135143962071267
-0.0526407207439003
-0.6464156651881473
-6.5210271608632029
-4.1402122091864832
-1.6142864577304301
-0.6843287943822399
1.7216470772294750
-0.5032223933452414
3.2755966265007754
3.3454527305857460
-1.5898616440296498
-2.8422708300436548
-5.9153627885453677
-1.5727622128600378
-2.8050667841860126
-1.2953324445399219
-3.7776453057961881
-3.3330526042263480
-5.0540036584622765
-2.6538239545266382
-2.0721281824865505
-1.9993489512099205
-2.5763584873004604
3.7703740430429087
-3.8220042337488187
-1.1519906100690154
-3.5346224635558969
-1.7425896792099893
-0.0427436668063720
-7.1925062143557152
-2.5187209207366155
-1.2305488124572714
0.1870350880591830
-3.1085559773578280
-0.7407430996781764
-3.0459145370293164
-0.7758617965401184
3.5257538049529673
4.3281487184286753
-2.0436945587731579
-1.1333876597944195
-4.0675936843555025
2.2908149240326257
-2.8074529141638505
0.8470583816465959
1.1768367459118645
-0.2032853922355496
-5.8056696744457801
-3.0672082382402741
-1.5177225469676527
-0.0706114684597992
-1.7403424466475139
0.2212070675247843
-0.5811582359316361
-2.3181997010759856
4.8558566777033656
0.3191171917373410
-1.2386143233255225
-3.0673033417824951
-1.1616216675581503
1.1485351823130578
-0.5861339121733196
3.5569761592233404
-1.6948048966394129
2.3342145525344558
-5.0119702091392000
-1.0154074596062448
4.7170137358150148
-0.2474980661353092
-5.5871529280976517
-0.9462879911535766
-4.9046249425602761
-3.4333762246458872
2.7436214962407033
-2.2070231063106167
0.1211452401682518
-3.3909084088597754
-5.5247490361429259
-6.9773245998844997
-4.8674311906620620
-2.9903467919553726
0.0232199494055586
-3.8901174006072612
-0.5035917458583694
-3.3831373001379328
0.8687459530417142
-2.3568273392511623
-2.7405934640252427
-1.9474228809050662
-5.1894489987317796
5.1546866296525469
-3.6960573944885460
-2.6463473626620435
2.8378563979085327
1.1894689988666847
-2.2953652450389894
-1.0875400339439767
3.0258806952245756
-2.4839404859489673
-4.8932557171620354
-0.9713811681174704
-7.0741336543983122
-1.1313680429555575
-1.9670514172358140
-1.0879285483249843
-4.8211914815903159
-3.3814013934437890
-2.4997902358206536
-0.9461309991518889
0.8688054011511703
-4.9218377593088825
-2.2089651764295302
-0.1059472898032766
-1.5458733131157454
1.4140802796844301
-1.6725792093283127
-1.9567083693886957
0.8736003219951511
-3.5102329517914952
-1.7904610588426044
-3.0498438896510187
-0.8745084258684341
-4.2552305255727321
-0.1825161326569364
-2.8251635554643379
-1.9540352489845330
1.3761298174982681
-2.4173187771841222
-4.9769069868902855
-3.4428385577260929
-2.2836148262755387
0.7152049820508668
-1.8287851057862781
-5.3764946422629709
-0.1148737197131854
-1.7789943905597474
0.4511039988901149
-1.1636227095026999
-3.1726199528535255
1.4214462574045368
4.7627129662746750
-4.0154505306867350
8.2962994829407943
-5.6464906493160036
-1.6842490297616024
4.1265074811278639
-4.0534081250638971
6.5572107880660555
-0.6727552964860988
-3.9048993806809111
-2.1632230004370352
-4.5553086684341331
-1.1989923493748720
-5.6626087092527131
-6.3203495736320354
5.1512069954849498
-6.0804509806752867
0.8269781008733439
-1.9220987640266172
-0.5955564781378015
-2.3023122067988613
-0.6218817186124719
-1.9851749919079913
-0.5689370744333039
-5.2421008322721736
-2.4612481130270778
-0.2755865124045010
-3.2310773119607639
-0.7445246035646603
-0.2521589691052076
0.6369848443761383
-2.2975645143733958
-0.8329617217784968
-2.1740701127214348
-0.4525408938074917
0.1037593517430911
-0.6877794234906980
-2.4151054482170737
-2.5637221100306209
-4.2530588594601806
0.5886420618940934
-3.7168590801355470
-4.7357766962489336
-0.4216256418555302
-1.6374688153707151
-1.9338434277692254
-4.3260783862508339
-0.3974808959579134
-3.3018997415062801
1.3313934031235179
2.0262359120025408
-0.8055361771890825
-1.4711931188893250
2.1034023843820635
-1.7460843218773667
-1.5756445706133233
-0.4765214817650665
-5.7581119609850147
2.2140321035673223
0.2623936848078132
-2.4643744054993002
6.4937959333221213
-0.3017887481817540
-0.7517102493696042
-2.8181329174859493
-0.7400637324120034
-0.6914402832565358
-2.6523033222894576
-4.0775999773024711
-3.3028938564786010
-4.6240842407149305
-2.2657365489198389
-0.4184948794756229
8.8974520828104193
-0.1143169919238130
-1.2530372411054320
-0.9680468322596723
-3.9646526681793413
-2.4338158227746245
-2.0560998338423344
-0.5939214648584518
-0.9615225577125642
-0.6487634097359287
-6.4929113751906042
1.5416826088630267
0.2320504443465040
0.2542107272015560
2.5568728483577701
-1.1246122619925740
-1.6883979300270406
2.3372285843305698
-0.4429852366599371
-3.5332999022643405
-1.3548571017254574
-4.0184957169568518
-0.1992837084264419
1.5421567971813137
-1.5176904311065569
-0.0925857283749425
-0.3667371208282565
-1.7031276897662109
2.1700911922375457
-2.3411681474567021
-3.0017092670078100
3.6700731021933723
4.5514926151405666
0.4621620262151230
1.3949229393028717
3.7014892057716580
-5.3780000847277636
0.1036769985696920
4.0012810150436104
-0.8369706982042402
-4.8528360998174209
0.4914014500418065
-4.5818653626851891
3.1204710600357890
2.3278218106699415
0.8405347430374234
-3.0011329999114662
-0.2566555903281997
-1.0615492041191665
-0.5848038510751818
-1.2782158826196912
5.9831377713795835
-2.7803023669495746
-0.6577583051608775
-2.7854983024657045
5.3179875981052351
-0.2391186326751641
7.6050396800308659
-0.8037601909703304
-0.4086562153913417
-5.2224571146011423
2.2031438140932273
4.5542341740062904
-0.4097807090492993
0.0921691734698351
-2.3612393254433015
-3.5676724866385658
-3.3583021800522470
2.2644095724569211
-2.1465154331891227
-5.2648994597085643
-1.0418183694303422
-5.0110477303256014
-0.7711493936757916
2.2550647360250320
-5.1578159414540279
-0.9551108912434988
-4.7957076062933695
-2.0743971041743947
-2.6630030426810318
-4.0576025562584572
1.6082755110547351
-6.6015503011428036
4.7139663472893618
0.0337415413133868
1.9042926113522092
-6.2934868698602617
-6.5906845894817705
-6.5233490280803537
-0.3918352171158218
-0.8887907383048195
-2.4053551316674602
-4.1698154475281974
0.1791965677208600
-2.8144605731031662
-5.0128104872731551
-2.5649210333159789
-1.3890807321925707
1.4034413167780098
-1.8724688500414062
-5.8742807726724831
-4.3812213553477992
-2.2070320847419325
0.1609105035718650
1.9434621211910392
0.4631677997647781
-0.1051119160481283
-3.2408101755229128
-2.7182997180854356
2.1815725526693033
-1.2044876173210159
0.9775274164180110
-0.6152070376857485
0.2127792214018124
1.1555080328992797
-0.7477059923781911
0.3705658218064842
0.2968326081119196
2.1088244675999901
6.4130384367076143
-1.5484076496306778
-0.0198717265198652
-0.4667482215141680
-2.0234002994869571
