0.1666542766137458
0.1035859777406695
0.9288591544709033
1.2814734280314521
-0.1860911609345746
0.6692614721281664
0.8179419126006552
0.0230397577214208
0.6992612680311735
-1.5664401763175504
0.4125038257118936
-1.7768809238760641
0.3842091545822285
-0.6441616964669173
-1.0198516697866176
-0.3985569597952837
-0.5587968066426970
-0.8599712197345221
2.3164710341006316
1.7186867883946848
0.3360269587992698
-0.1469753877617129
-0.6087034833067904
-0.2885981555359531
1.2311484866070292
0.7805304167027967
2.4330996255963369
2.1785828057151546
-0.4431120156627877
0.7697589098057084
-0.9167920075915490
-0.8730434191598635
-0.5013110726771774
-1.0252910595131524
-0.1735747138427808
0.7698091485872424
1.7998298728795938
0.1676989821430790
0.2906416458357938
-0.3049024406251084
-0.2084170753053612
-0.3271469530088905
0.3022669873095802
2.1638863632828635
-0.6561306122393422
0.9991194025237692
-2.0139589688835935
-1.1444152878268983
-0.2529994851267205
0.3757048000035589
-1.6991395222676255
-0.2403870231799239
3.0206262777764210
0.8570793073560495
0.8775549344139699
-1.3659261732700074
-0.3374896903810288
0.9233241822104387
0.8806533820399104
-1.9730417693794795
-0.4081007131325743
0.0590463400487851
-0.9060047214290867
-0.1162796219551363
-0.3534494710840124
0.8693140863083357
0.0437141078472820
-0.1586596136856772
0.6805842319022692
-2.2644797177041629
-0.3420161441232891
0.7663371440650930
1.0788983110380486
-0.1161608439152865
0.1521537096863301
0.1884549365948030
-0.0436019113372995
0.9548963341825474
0.2047436486443877
1.1531631016525856
-0.4956483433555461
0.1422478997254462
-1.5401185321019422
0.8370611089411770
-0.9080501647520067
-0.8791118264627262
-0.7913738974197475
-0.0286616256892906
-0.0412769547116203
0.7687118203885319
-0.9089860741027105
-2.3088633189230299
0.3526627564834828
0.0799003912424016
-2.1945283510189739
-0.3172526537373516
0.4905881963093203
-1.1929513707024666
1.1796859761620315
0.8409725723699439
1.2404090274800339
-0.1068119237762212
-2.2671372975844943
0.7027637494694934
-0.0136766186884384
-0.2951946039420890
-0.7537583845339314
0.1270653152555366
0.3738890208862687
0.0055788720242766
-1.0551849077689108
1.5233816737337704
0.4068236526100114
0.9254593367855508
1.5861785623116460
1.4391586879011735
0.8269178184777632
0.8885410294687730
0.6736471401369412
-1.5299898367025364
-1.1574851351520963
-0.7021772612345851
0.5456308286712255
2.1919678216941638
0.7390340763095826
0.3388499246260689
-1.8841672164683470
1.2749781114298717
0.6872959659681661
-1.4433193276512042
-0.9067118882947350
-1.4165055060669896
-0.2813124024955092
0.0304830461505897
2.1809124913537934
-1.9990904791826150
1.8637610285353092
0.0908908644897898
0.4416597779647928
2.5159415944919723
0.6207546085123614
-2.2012916261283020
-0.1770626439659660
1.0773290849597907
1.1377537470238952
0.2713469088578075
1.5479114591969916
0.6862448953679596
0.3269927449146884
-2.5235959981161535
1.2361407865803342
-0.0547691397511909
0.3691671416273956
-0.0554230873251230
0.7402937583444396
0.9446348562840704
-0.8428706955400050
0.7530713356534691
-0.3450094274118535
-0.7721572130225854
-0.9167868698402721
-0.4508198925484157
-0.1317902403878439
-1.8634877959429170
1.2599575579047400
0.1938077467508829
-2.5158590229727373
-0.3240795678180776
0.0080477636004632
-1.3957916446489713
0.6118580828489197
-1.7747240871922525
0.4936428386237270
-0.2096813137380925
0.3407421042870411
-0.0234364633133558
0.6577624555314536
-1.1281658105243533
0.6387543923014948
-1.0858166946655405
0.6593292764454178
-0.9931612389869157
-0.6393841798461184
0.4236438772007185
0.7962849085761398
1.6639745809540571
-1.9809853123573817
0.7908419688931679
-0.8776924460878208
1.4081406721887197
1.8943783901419482
1.3067841510488620
-0.4423133138103778
-0.9001121035439266
-0.3021792156470943
0.5931087066987634
0.2864045835978652
-1.3472633030170429
0.1100884040327779
0.9377194190412587
-1.2819144300756744
2.4106932642245598
0.9744175370778954
1.2178170152973569
0.7101588455120398
-0.3525461990164129
0.3519814878378364
-0.0633042017670817
0.9617977470190060
-0.9418999173898771
0.8078923162127063
0.9532344454535142
0.2361012295610439
-1.3337722511895023
0.2869114449570953
0.5007559396861356
-0.0110565143800945
-0.5336427797588721
-0.0866283797420739
0.2807804023081111
-0.0217178207205661
-0.2418282938959238
1.7907795823339510
0.4816869348220817
-1.4124777712603382
1.8626492874813543
0.7848319911803534
-0.6293663149079614
1.6535842001765619
0.3248698364495025
0.1149105335851748
1.9164169805964837
1.5201492400674943
-1.2760583252427613
0.9864374764756109
-0.3007981756905016
-1.4134830929429529
-0.5459145848709333
-3.8314865969534724
-1.8683913494565356
-0.7357207151043826
1.5966045907444151
-0.8316826245952061
0.4663787898485866
0.8606137313869749
0.5819054468117876
-0.8176347874864967
0.5282945547943121
-0.0895440002395481
0.5019697708239299
0.5425098243253089
-1.9199330006259159
-1.2242277514369146
0.2364455852893619
-0.4918696704428649
-1.0968071125876719
-1.0983390909107897
-0.2282459944719523
0.1692606456921314
-0.4150884070513725
0.2242882931327606
1.2103217510344435
1.1276451947709869
0.8154706482197315
0.1273336281484229
-2.3798266666611294
-0.8772884288196043
0.0997579945175198
0.2954968661052055
-1.0594222210295050
-0.3677021701411561
-1.3205924033094123
-0.8349616793491095
-1.7930870498435920
1.1421816588377334
1.3625413395965966
0.0598658236326514
1.3414043471151582
-0.4503209455539169
-0.3819790941342482
0.6011495611006341
-0.0278553280377350
-0.4234902970588152
1.3358897871936029
1.4442668748326377
0.1653865903241972
-0.4608004031429958
-1.3045039544428512
-0.1784812916276667
-0.5383265183443464
1.2288547530113323
-1.0571617192850751
0.4586646758767423
-2.8267877164387407
-0.4807189562739975
0.2958896808366145
0.6617833562909102
-2.3252942655611291
-0.3858172840302690
1.1577537442188519
-0.1603526943415032
0.5584257669113211
0.8695936896471494
0.9964760501165183
1.5550549216265526
-0.2919562988221097
-1.6391504205814487
-0.5759805369698479
-1.1049564643460323
-0.6741812423789357
-0.8821472636845907
-0.9874113914559739
0.3111973614067546
-1.3185734052571920
-0.8948523768806845
-0.9783387293164894
1.8710735654708577
-0.7780854929677329
-1.1198344732898777
-0.9955500620380719
0.5904356100997897
0.1951549939969448
-0.9338651072980220
-0.4341518507825185
1.0024931297794240
0.8561474072496646
0.7944593807695981
-2.0433338416558957
-0.5630015687340717
1.4540839224953428
1.6924566663392373
-1.6468606667915684
-1.2793709730993130
-0.5778534831767510
1.4758083559689292
0.5758357116124024
-2.1792323810294878
-1.0239227995061702
0.0739075865277044
0.7049979998429021
-0.8664556537207171
2.2384772000530062
0.7186211551441979
-1.8341949379277394
0.6585100086055975
-0.0660280453007817
0.5476327525987827
-1.3576238378933299
-0.3997486443149987
-1.5880742440076316
-0.7949722320891751
-2.5871925579082391
2.5614412257872172
1.5564648933326615
0.8051087479330090
0.4265703173121250
-0.2291498288792390
1.1102179599168653
1.1860646216029145
-1.5724597594651284
-0.1404027068157986
1.3037111765239193
0.0698460778740721
-0.7575178379025285
0.2853582369430505
1.9667045111754853
0.3122686645018923
-0.6541289943717306
0.6551272871682139
-1.4849266812668547
-0.2821669710935673
0.3806774407976478
-0.8935296994338692
0.8372607566636991
0.4135018474527664
0.4853357557396872
1.6743824117598609
-0.6839122328651205
0.1441374442850888
-0.0944846709601411
1.2563381352987431
0.0647806292328384
0.3362097291057143
0.2013202823921416
0.0262829806594861
-1.3034252791533314
0.5583432224286428
0.4360982547935331
0.5327440299130323
0.4881019954916305
1.5810617620783314
1.0712287591276386
0.9074778966216324
0.6975234796597376
-0.0465869652203280
0.3017359535654378
-0.2700015424477014
0.1922326008729854
1.0299667004681674
1.7810973847006026
-0.3776583094417305
0.8141170755229487
1.8015324919442643
-0.0142191565905084
0.2697125242354274
-0.6370258894720178
-0.1063082396644023
0.4050324131649788
-0.2931227085286593
2.0387560223394781
-1.8026110601412888
-0.6346225248115620
2.1555548130235214
-0.8798301015150569
-0.0365983919791340
-2.2036381154282294
1.7048803698368156
-0.5482371060778755
-0.1650217229847484
0.0996686553110165
-0.2287623372359072
-0.5299397168165257
0.2193873273966392
-1.6755817577530796
2.0621945960059547
-1.9124980131174247
-0.5526585380480152
0.3928833704578822
1.1007679534665740
-0.3193983976213347
-0.3890272199029762
1.8108918071148405
-1.0575390003091683
-1.3387274644313161
-0.3260045103517195
0.2812678780131508
-1.5555992244824373
0.8205620564796734
-1.3690440791958076
0.5443274707236878
0.0779690780333747
1.2001923340768661
1.1193543280495279
0.8372458488018921
-0.8067225524222001
0.9199741391785377
1.0994721576276345
0.5033828686205921
3.7506582781132165
-1.2208564077974764
1.1639723477722026
0.8041388165506682
0.5236338114856780
1.3107016963977574
0.1563443828022268
0.6353336507509464
1.1237461419615224
-0.9913871098275883
-0.3403752883849330
0.9025666171271404
-4.0562522139295876
0.3079924669824717
0.0248147323314756
-0.6210235270618705
-0.9019360406757748
-0.6932988066549723
-1.9471374740127532
-1.6807763447007353
0.8400662367966052
-0.9329181244796142
0.8243867771087799
1.0798337903021413
1.7594034187401917
0.2782059686229977
-1.0235063839430822
0.5349514155457020
-1.2226457115607923
-0.0667675243762031
-1.4749617540227271
-1.4362971366804387
1.1134210601060170
0.4707079990765391
0.2755240467001810
-1.1231628265965898
-0.8591329687347985
0.7305054871540670
1.0763544987747196
-1.0941417952500034
1.1537114004177609
-1.6744050715860126
-0.7460309517892776
-0.7015122250858474
-0.8779630917831973
1.7856367248509752
-0.4055676964489765
1.8256453742175629
1.9666248319861868
0.3237462150480304
-1.7233168598291579
0.1467239734310211
1.1193752546023856
-1.9326592934586870
0.9970112838552330
0.3689885959426164
-0.1278957216482213
0.0960208682109420
-0.2797857675217646
1.1921612734446396
0.6403061468227071
0.5831252246973082
-0.3155842208578686
0.7060286917153095
0.1286803329154576
0.0801480331045665
-0.2865182961294551
-0.0417227281459378
0.7985202825938642
0.6135621778815534
2.6666756659871651
-0.4787495448154417
0.1386193365869348
0.2052562110922424
-0.1631583173310757
0.9751327840771579
0.8156639537358779
0.8259174598941773
1.1293809700338819
-1.8740533798455496
-0.6276082791439674
-0.5704057703482256
-0.1695319956017139
0.3972131286205398
-0.2191543533796666
-0.2023123983339150
-0.3181475356383869
1.5397789034656784
-0.1361721776220864
0.4059257371984404
0.4765381158945279
2.0728368512221773
-1.0333861120706180
-2.5212684140467774
0.8737182049173957
1.0647180717158495
-0.3809988938963162
1.2100346058731946
-0.1060749791195581
0.4805664180602508
-0.2635384626475011
-1.7349680037283453
-0.2908225803762758
0.6549934926036317
-0.5996537831139873
-0.7571821055878845
1.6583459789241735
-0.0496953136455626
0.3699860191417161
0.5071626176374519
-0.3790242966179506
-0.3310861133297811
0.4406235605363297
0.8321274771857565
1.1207540347076494
0.2451119643052093
-0.3147567998541517
-1.0689154844869606
2.4969039357477740
0.7455611837687164
0.5346383306145718
-1.5413295546913091
0.3883761054362506
-0.4942274896039861
0.1922591365496951
1.7268170628159858
0.8596122486746232
-0.6215061964023632
-1.1659628014248755
0.3963863023198226
-0.7308586201536991
0.2405699367841733
0.9575858203479629
-0.3209093281874638
-0.9203361466812261
-0.3206559656507806
0.0434431310665522
-2.3205298481065184
-0.0081451938921327
0.6096211626617453
0.3567955245290745
-0.4545484273389392
0.9043319740713041
-0.9931147209298113
-0.9774720199088573
-0.7510919295876537
1.2800896273605802
-0.2194404061340326
0.3856161718478789
-0.3245022797489171
1.9660821298760165
-0.7390127862446665
0.7162670194721694
0.2221145752949279
0.8036140554632102
1.1433565945598798
-0.0420908796794002
-1.2746880087149157
1.4054054123390931
0.5795847254233505
0.0957253737767423
-1.0518507132921799
-1.3505074577988103
0.8837298980921909
-0.4741782672057470
0.2639171554939523
-0.8675155691954362
0.4043030083321179
0.5649329461295997
-0.2670052652091809
-1.6212373662938815
-1.0252253134210929
-1.1151005575442594
0.5747049041524279
0.9130713553778338
-0.2632387117732952
-0.3684208657736321
0.5976320098780405
-0.2409587939073456
-0.1722279781522667
-1.0515687444894855
-0.9500194575824195
-1.4548752303008112
1.7996220534737788
-1.2269957789507795
-1.1330159107042337
-1.5062289048740480
-0.2171995900571327
0.1719679495168286
-1.7702580519603588
0.1468711583447813
0.3951784502858476
-1.2646845709630683
0.6686760696875014
-1.8606025167335578
-2.3082035690595908
1.1132435621131902
0.5279743062810480
1.3050062282266406
-0.7371329427603852
-0.3828191104168286
0.0066923208733721
-1.6036029728477408
1.5797048118125789
1.1487860923053013
0.2286835040175132
-0.4983645980637783
0.8040954614275208
2.8868756707713508
0.1434252274759644
0.5999138436113737
2.2842580193018041
1.4956276675774958
-1.7290386368115578
-0.5745658384777645
0.1583818708912416
0.3775185813013686
-1.8541187471580001
0.1478224695835933
0.5490870689411906
1.7631946583825977
0.7679089722949850
0.0460339639972860
0.3540541193217888
0.2792013030344092
1.7843884990692445
0.8139811014509024
-0.1259956362172905
0.8229247755811886
0.5388825557922803
-1.7414501545694832
0.0634874691634713
-1.8971994031741175
-1.2008408050323478
-1.0012556435486146
1.2965941660167275
1.7395457584997518
-0.2606771115064009
0.0000092333710362
0.5220398764301740
-1.0971358169942880
-1.2113075013517063
0.8273928606742800
0.8895107771467311
0.0500770406858147
0.4878660347452444
-0.6304256047514291
1.9062571599486320
-0.7673954136033125
-1.2139852679931851
1.6753056971252416
0.0614532215239058
-0.6297330787162889
0.9784803556963362
-0.6772395184130526
0.3328754323348407
-3.7840632507884484
-0.9050269693029548
0.0984071571069106
1.3587431906123268
0.1454853881070031
-1.7312802310206425
-0.6960463447786303
0.0886387025818882
-0.2151621044748137
-0.6149081694058118
0.1718892370522996
0.5122799296932976
-0.8905388825918459
0.6009310300585041
0.7477662396433937
0.0201943987547071
-1.4360646125682295
0.1287063216763624
0.1175520185264584
-0.4619048217662916
0.1922746261521481
0.0125677004579757
0.3710744357326096
-1.9499698073007357
-0.0947781973233046
-1.6619550709905617
-0.2849778923174057
1.3907258425794389
0.5094120243601294
0.9933814559673846
-0.7553163421299062
-1.1094747184524147
2.7685278649184717
-1.9605906997271998
-1.5421663471938210
-1.1693341557167183
1.0391435303471841
0.2455816356253395
-1.8634099566940141
1.5600104353092272
-1.2347550002106096
-0.1155452229036452
0.6938185954466285
-0.1761832524571658
-1.2782867442567440
0.4170862240626487
-0.7691501640444658
-1.9736570507343403
1.0942841089624293
-0.1633414483258492
-0.0121057110670803
-0.0276085630667769
-0.0127974540101930
-0.5390609302189030
1.4719101949402336
-1.4041663854408035
0.3293804652372408
0.3494590192419897
1.6621456196412481
-0.8396773202773492
0.1124291965654520
1.0280429048176152
-0.3046613216708826
1.1689165316938785
-0.2613155125290320
-1.8852193563595299
0.7154371285522252
-1.4439946310445591
0.3531386088132709
-0.0896539519579078
-0.1608888663911485
0.6309644437689497
0.7674500875375574
-1.7911119265424502
0.6273485812251560
0.4825342625851874
1.4455877158991153
0.4154891370228218
1.1566159033730927
-1.3343001757003230
-0.3339542436166942
1.1691762826276386
0.1578510432749060
-0.1887628139518952
-0.0888405755191123
0.7383370030450344
0.5654273447395649
-1.1176934795143880
0.5772375615773035
-1.2510382411051737
-0.6570438529742207
-0.9181141044948922
0.5959959223145012
1.7316422409662433
1.5562711621817298
-1.0607396048546278
-0.0015855084952325
1.3146185840170204
0.3648092462355046
0.7430818992730139
-0.5524095458648260
0.7806363930945739
0.1796404948525582
-0.5952833225681150
-0.2686952000081153
2.2937868845618778
0.7997285248217700
-0.2791328756265552
-0.3831280830045166
1.1587719304533821
-0.8454359864556712
-0.5725568267477819
1.4637811112842913
1.3619833336157705
1.3615094176412950
0.3377858481748608
0.3011895507439841
-2.5886243138086980
-0.2670979452004950
0.2760641175428062
0.0758263595447992
1.0936326546513018
2.4871368969772099
-0.3108424408451257
0.0108711353805210
0.6912534634875266
-0.8106546028616842
0.4267738640871094
0.4364881048760715
1.3702188835869702
-0.2184564645610622
1.2808054013152894
-0.8809128131826522
0.2444284305769625
1.6087280563781223
-1.1973786205505621
0.2573269846668010
-0.6715726962830928
0.7551730755435162
-0.2749607425924382
0.1291411376161172
1.0022802889867555
-0.0769909701420987
-0.8133182950407878
-1.0070264653045233
0.2332231098345049
0.7456950304427341
0.4752794280473682
0.2627953235598137
0.0025133671559716
0.4028401202289346
-0.2225018824769751
-1.0111873435872136
-0.3065528997069641
0.6775845681819116
-0.6407702355363750
-0.9491857235503607
-0.0045566091703407
-1.0444857214937420
-0.2703051834706090
0.0783596418358584
0.5044697369919039
-0.3533871567955001
0.5093198238483669
-2.0667297452801416
1.2234626771031325
0.6459366815069967
-1.0114504109225213
-0.8928526207010394
0.9256202708464144
-0.9934943287984472
0.3810518946305292
0.1150462450255986
2.5157371930785626
-1.3923109098005457
1.5608932719872206
-0.1557925710090483
0.8192457819450220
-0.5277352868525478
-0.5729146925387840
1.6847566696867040
-2.7257315455176552
-1.1356909487554983
1.1240046171152955
0.4271566265455216
-0.2468326593830430
-0.3765267096240957
0.0997671336593736
1.0903600288018620
1.6638044470809141
0.2940950523040841
1.0121167572039813
0.0379141366057740
1.0361011703964387
-0.1410895196635985
-0.4845525966538658
-1.0368155651363307
-0.9372020474826793
1.2882866071760863
0.8202307113764252
-2.1958464611853730
-0.0372093128444528
1.6062319295825296
0.5660369033148116
0.1872913050760356
-0.7802518883225233
-1.2295990433451531
2.5427027071009962
1.0218668014901113
-0.8926078318486359
0.5715845242849125
-0.6943925872874228
-2.2267055478459539
-1.5534905996081838
1.4603265333206061
0.4134818681380991
0.0259364982832407
-0.8058679920736405
1.0641110515412844
0.5262607398674943
0.4808620671773457
-0.9112245454476675
-0.1761229588682158
0.3583070944164903
2.0363703568520286
0.8771246068256445
-0.3563452675215005
0.0732098154772755
-0.3314428726776346
-1.1609907822923262
-2.2716478422912485
0.6043335303210914
1.2187883116824836
-1.2093802095036890
0.3880025583830029
-1.0628936429584093
-0.2323182573738728
-1.2193011783183676
0.1706973233903277
-2.9284577726460448
-0.0330302722810150
0.4400424893262154
-0.9012073196441429
-1.2559925081442969
-0.3294253947265730
-0.2693007315077643
-1.1693386746261534
-0.7562945140654702
0.3593578598794291
0.7698629047312573
1.1243025928819645
0.7439646712846011
-0.2866786551511735
-0.1881327594824644
-0.3776769941468829
1.1147443257406668
0.4474667055468372
1.1371551510239772
1.3283128985248909
-0.2333632556370092
0.0759269123434943
-1.1075986583503161
0.2941688914549622
0.6179742896599129
-0.3927983901473058
0.7991253727625239
0.0789968867855372
-0.0941350800907777
0.5976324512176613
-1.7096062612596361
1.4184369107346595
-1.2047084157972447
0.1184374671679685
0.3035007846559062
2.1321675261184003
-0.0119154339054977
-1.1318604033926276
0.2043350870411691
-1.1836398580080796
-0.0981143194664872
0.9405597340789231
-0.0182466205962968
-0.3867019674346569
1.1505096459469750
0.0937676473424969
1.7915861391983776
1.1652799921129018
0.7106829345188173
-0.0783660776297660
-1.3941055118171399
-0.3816554299310725
0.9566510350454902
0.4792459425427694
0.3803821979855213
-0.8158235851354503
2.0038128048761736
