-1.2372966666632093
-1.1215513731530025
-4.5809561306458368
5.1799485476938409
-1.3587553353687887
-2.7987781973802175
-7.2585522620568197
-0.9163621516614453
3.9549132187042808
-0.2743334134162114
-4.8543322746410427
-0.0496440230826359
7.9856302172332700
-0.9821387882777233
-2.3760417274497092
-6.7272433974667400
-1.6881975367176485
-5.0310040692407805
-3.5177367115713749
-3.2154463615665412
-6.3029437187532800
-0.1790197032664953
-1.5233326332210100
-0.6325537237833057
-3.7587472018606829
0.6538169871131019
1.6214330630384919
-3.3151184101584863
-3.6186010055009818
-3.1780036169374650
-4.8972705489912283
1.8234309525610313
-0.3090441269890086
-4.3152901311492533
2.5245681963024520
0.1411791934310376
-1.8857902247589011
-4.4482082096881577
1.2139607486731199
1.7806329055616570
-1.6784803646301825
-1.6023657137841636
-1.6122048060225709
5.0504758422005915
1.1937173419805269
-2.1300376743700107
0.0396453272271518
-2.3750572671630219
-1.2223572995517729
-3.5103117320727946
-2.1157765840138625
-3.3962988991976042
-4.6170057632154995
3.5020152755102498
-1.2770393454241529
0.6528953006698472
-0.0579014609163134
-3.6752880292127399
1.9019581418296858
-5.3665810933049833
-2.1500528934991925
3.2696135736337646
-0.5927670543779741
5.7352776563545547
0.0316024945583333
2.2536028738358653
-2.0806170457659441
1.0181376746084840
0.1400110467611120
-2.8648136116901610
0.3951293920948518
0.2864880210598266
-1.8830776948261205
-2.0579164338395759
-1.8618959289190482
-1.2320030484638316
0.4744517467319402
-2.8126697014538751
-1.5534339716154175
-5.9690147243270983
-1.4133117451318244
-0.4584091032328334
0.7331481344172348
0.1583038216229121
-4.1779822731824634
-8.0153143286846582
-1.2915839423492037
-0.4586273166611675
-3.5588822058812100
-0.2405691652780319
-4.4698079979635441
-4.2032645659632131
-2.3473991456960772
-3.0449677561950224
-1.8532689563724412
-2.5620026561225568
-4.2032433173178996
-2.7361549739729027
-2.3233719618347957
8.3463186375268243
3.9028096592404289
-2.4946696713491234
-1.4564786783388104
-0.5429587410766135
-5.7963078953304619
3.5055885334316739
-3.3217416347745652
-6.8268578191059950
0.7987056905318792
7.7955700962246937
0.5178983485144490
-5.7334389854534873
-2.1067474875551482
-2.7181665807036306
-6.8892896399878314
-3.8188655398242322
3.8641689398424690
3.0176711544959729
2.3716972543854316
-1.3345725485796427
-1.3261950209645699
-2.5993852112689280
0.2424086035777199
0.1860841451340060
1.0619401032849827
-2.6879187459470888
-2.4750956077647874
-1.0335954033543044
-2.7543736752375509
-1.6752478691229229
2.1494550479567414
-1.8858148239754366
-3.8589329416630713
-4.9504908052124668
3.0943561833905067
-2.9220900135663568
-1.0005609908043460
1.0504495580746966
0.1759892877291803
-5.1296425043168208
0.0206670143585708
-1.3961811158092967
-4.5710736067830293
-4.7538333340142707
-1.9106859992343836
3.0931438942040574
-1.4263416001210660
3.1732208787443330
-1.5207170676200841
2.8912998788427124
-4.0478935175062132
-3.1061276377981666
-4.1044329590080055
3.4316781020854745
2.9999802782745024
-9.8971783725421130
-0.6639549339532598
-3.3781570475892853
0.0409933488305512
-2.2238905879130968
-4.8265750208727365
-2.1377450948186647
-7.7390733001490117
-0.2566446102651396
1.8201445894568566
-1.6312479205778039
-1.4874482014876642
-0.4913948090542921
0.6731705115499416
6.5484822948176085
-0.0187403000129902
-4.6080856215486090
0.1535981531480448
-4.5808885585396775
-2.0160740177891037
-4.6755038082641702
0.5833077864592452
1.0136973973210381
6.3714950274403295
-0.5156536102613674
2.3335409208593623
-3.4054908155882044
-2.2779828745150774
-5.8080042244420040
-1.0653148486895039
5.5605509632132257
-2.9689696162716084
-1.2329445876331171
-4.6303576724308106
0.0679888986397919
-4.4220168874563184
0.5587055938467265
-7.1965942843590991
1.5753639374590842
-0.4245138683340466
-5.2612787779828647
-0.0746339503855002
5.7502957686170966
2.4498497758400481
-2.3177058225130724
-1.5262476405477021
3.4172894204661803
3.7429294468370085
-5.9506936670504142
-5.7041290085358787
-0.5644117500983750
-2.1654501220352200
-2.1072902389851813
3.3997453557483950
0.4558362364083283
-2.0943563647271342
-0.8591019535521619
-1.0928282800611311
-2.0051486670616834
-0.4011806819024274
1.9714745831573053
0.0183527504571223
-1.9133431903183926
-5.2431889742026350
-3.2925854007628539
-1.5935119156216233
-1.3046617726982521
-3.6350474172886251
2.6184142999400102
-1.6225956920629421
3.9494638050227926
-1.7872958326671826
6.6518135465406694
-1.6485150750984194
-2.0114414880071383
0.8825959778348897
1.6695180854291527
-4.5335340708914620
-2.5260727302822712
-0.0913171927569323
-4.0575201217343277
-1.9163127741628689
-3.7831795973218085
-5.0221377729289953
-2.8665227380690159
2.0070852936752157
-1.9514524620963947
-5.6277405301831269
3.4555661227629000
0.4339164966004221
-2.9017077323452303
-4.8951047879290472
-0.8019866813219237
-5.8494558107500865
1.8184160783735039
2.1472042553097985
1.7750870543261406
5.5511302353982090
-2.9205431483502027
-2.6551126960242888
-0.5928511979118758
-0.5819210463756975
-4.0967964942595296
-1.8370870896811846
-3.5241683441911675
-2.6926375240194385
-4.1711998666668988
1.5295369602597297
-2.5641980898065984
5.2815190582366798
-0.9255380247662903
-0.2230723698881160
-4.4612984499824027
0.4748570769350783
-2.5280397964531889
-3.7268756794052682
-2.0219157578491518
-0.0280223147908007
-5.7275934980849721
-2.1282994411652196
-0.9921597013663130
1.5090853702286351
3.6609685545225492
-4.9160138514336627
-0.1122443739190438
-2.4881179709426164
1.7463905470577996
1.6645171701154655
-0.2961480770670129
-4.2898441632730870
-4.6606203875933243
-4.5313104199403682
3.0233080798346030
-6.3329474911268777
3.3966081837973081
-4.0135720555693322
-1.5678722694045937
-0.2407781742170482
-3.9853643465435091
-0.8363768215592060
3.5614613492826042
-5.2247382956803898
-2.2059109244407180
4.2917417943832419
-6.1080127089084622
-1.0307045318738048
-3.9259506050129178
1.0581063577069176
2.5827078781406443
-1.6881552774311697
-0.0659115584039319
-3.2176871517778980
0.6144129132426590
-1.1478709158111298
1.9610584129713338
-3.5068342510566168
-4.5748676042893965
-1.2861877386333038
-0.3796461930877089
3.1875163916899294
-0.7008142328052536
-1.0795900430351897
0.2807460221215375
-3.1234411450107662
-0.4656749852676731
-6.2553042958177016
-0.9991163387453792
-3.6757207675024599
-2.3138636481026689
-2.1708894792959388
-2.2371277830644121
-3.2131498881780995
-4.8603526841268954
-0.5270079482601659
-4.4089230457283755
-0.7556633655065657
-0.2925095049970526
0.3618759677036005
-3.5948817974339700
0.4513536660831019
0.1098349385072972
-0.3580641543058938
-4.8113337273916468
-0.0233753221352089
-2.1708649393062416
2.3977608086305211
1.9594903279060496
-1.9147143620626685
-2.8740797299629062
3.3981292584759863
-1.8012670503950481
-1.9136755517049606
3.4985193510533188
-1.0306281923549347
-5.5220004225656902
-0.6888175491970645
-1.1926218021157484
-1.8686977801351330
-5.5118356952077709
2.8862750748059645
-0.5740627665778630
-3.6816253628091262
0.5226606184215016
0.3171778252381856
-1.7787248378211875
-2.5384926875231892
-0.7034741768454320
-4.9531085224560112
0.4428637382830051
-5.1704060955280760
-1.3079634588554481
0.9203785008528619
3.9093366747382921
-2.2011830609597896
-2.5852703286822813
-3.6578029531096821
-2.3550380289551707
-5.7768654007084894
-3.8920306522679287
-1.2867170514700874
5.7840178407194882
-3.7941704772860803
0.8046467910449620
-1.8094675938081359
3.9123892918594221
-4.3806767023092759
-3.7085578238432664
-6.4952164684883478
0.7848619850794096
-2.4936113282350840
-0.5987101872427861
-3.0607810652098304
-6.8677092048570803
-1.9895146008283704
-1.5325040401587677
-0.0495704132354200
0.5079078589411435
-1.3607230676240909
-2.2519845170410582
-4.0370781425338151
-2.6109163240740481
-1.8537312450570744
-7.8957159969658468
-3.0994835349327201
-2.0729827760980823
-0.1808897462208467
-4.7834677420757092
-1.8967986737165110
-4.3656245145356971
-1.1973201633593604
-3.0661928863454757
2.5817428081641469
1.5491543535022958
-4.1608941801139405
-3.8547232497638193
5.0728070777317562
-2.8353221985438868
6.3901722727728760
1.1686740286081654
-1.8204496753094719
-4.7092779584705786
0.1244973420976394
3.6952834606244158
-3.6779522934410798
-1.5799027446541851
-0.0750233682777041
-6.6203088662455709
-0.2078265155400099
-0.5183328315686271
-3.7824692762960210
1.5488622206883498
1.9688024629591006
-0.6905232850043870
-1.5741868818805367
-6.0448746279183441
-2.7914943099682366
-0.1733484014899972
4.8982925599948111
0.4252949512831827
-1.0568865351440273
-2.2043099041368017
0.0020885648604577
1.5126011057627702
-4.0080722660880896
9.9563728849913335
-5.0562878250973764
0.5525267602692153
2.5913362858181688
-6.0276714684726818
2.2864896157506038
-4.3747356477612289
-2.8845154374718320
-4.1728326626213086
-5.5689283445834494
-1.2209246313525277
-0.5652348640331654
-2.7595784684361364
-0.0327949314294652
0.5633027661764082
5.4334395979045906
-0.6687296323451226
-1.8493151272017445
-2.0893322018170264
0.6446201005217786
-2.8578163637575558
-3.9386504749566700
-6.5455098721292622
-6.1215332670561464
-5.0657674705525952
6.8152970588837052
9.0674444571942487
-2.7660538748376311
-0.3486906569380066
-4.6781551370438832
-1.2991040208563305
-7.4338616171008809
-5.7823845408076195
-0.6381443933251962
0.6697975162290565
0.0650904100847604
-6.2196705682613880
-4.7411745224863582
-6.3126009229019253
-3.2660484062822879
-3.0908122714911728
3.3239493313231021
3.5139203530228196
-5.7535141578314404
2.2614968191373812
0.6446960638931311
-1.4485254138487695
-4.1677545266277276
-1.0911945518477524
-1.4279287678670440
-0.2220867769871096
-4.0249892680035160
-3.3769385887252117
-2.2065973190147274
6.1213169575139075
1.7118499563551350
-3.7965297401029554
-3.2626784524785419
-6.9581283045722930
-8.3697433429041155
-1.1305017624532177
-4.0910599624114257
-0.7054185282368091
-2.0428132514457964
-6.6464612838501544
-4.7190356052455593
-0.1080362201208744
-5.4232859146783792
-0.5515256808510318
-4.2274008194668804
-10.0829971662071731
-1.9389362694314720
-2.9527265769541033
-2.5204966294609883
1.1930303482203763
-0.7757969038795740
-0.5841669026455625
-1.8174642831827530
-6.3676253826472511
-2.5871722864059228
-2.6443336545741052
-1.2391657374568374
-1.7820882228013994
-1.9216308931201094
0.6394759221621309
1.8039055226486695
-1.0168045916770545
-3.6643361923346229
-1.2578191574703126
-3.2270491285286576
-3.3561473664294850
1.6589042100381048
-1.2851282350925599
2.7350771354759500
-2.2135193394073567
-2.2455888770910306
-0.9566395079329211
-0.1292731455305432
-1.2183518403761973
4.7544303370541847
-2.6240573521804049
-5.2796549270980488
-5.1268462777562780
-1.7257199017228562
-1.3424480353805777
-1.9030611925188088
-0.1031780526669231
-1.7987704514815470
-1.9482072721292292
-4.9010405416230167
-0.1166854936854074
0.1235285113548473
1.0335915196543310
1.2895634940898610
-4.2798423549398459
-3.0606414387176066
6.8589331100137700
-7.9497020259734876
-0.6406875641357375
-4.8498410509637253
2.6315386568679098
-3.3973890031744127
-3.8065329006550717
-5.1424581479673552
6.0041856825185862
1.8551737858396824
-1.4710341790355117
1.1639802858483126
-0.5546871351108891
-0.4836802501415378
1.3226205703176908
-2.6809911252852023
-1.0977973410340858
3.7752417492956654
-1.3607003647251783
-0.9878859251388226
0.0118138341976380
5.8410624414011121
-5.1545114861982473
-7.8114793411825216
0.3350667666827823
-4.9073274942879674
-3.5620889543253753
-0.8212452901766658
-3.5331040076184959
0.7438799913782943
1.2819868256009215
5.2443186096018328
-5.1583809258931330
3.5608518846316133
-5.6948181737109644
-4.9348022230900197
9.4168441010820558
-2.8358854346300677
2.6538674959619657
2.9850678083223889
2.0078588825816812
3.1052070958845306
1.7677511904776941
-1.0112308037762912
-3.7859520748209885
-0.7669660389941124
-3.4474471964645392
-0.4253346519351211
0.7030089808768435
-1.0902296208472817
-2.4437200590496775
-1.7616921943298731
-2.4532035785053701
2.2613422478763563
-3.0759537072167840
-3.0567611599871314
-4.0294439207723292
-3.0006828190917592
-3.7930412802908262
-5.7065474879667404
-3.5715629991048634
-1.8253982274361251
-7.4973061467696080
-0.9001052510488922
-0.4820625304969055
-3.2130883753022710
-3.2352075986956956
0.4059769184858333
-5.1165554181705302
-3.0748857284917803
2.3599899029279721
2.8661970392537182
-5.5722033879039010
1.6513428769519978
4.6529310884515311
2.1088773191130787
4.0399363192408924
-0.0143331240814143
0.7379692407991721
-8.3127060869088307
-6.6442033853941016
-1.9312463560869744
-0.7746184498717908
1.3681849114837537
3.5425321326289567
-3.3740299693012332
-2.3234309548365277
-2.8339742415322289
-1.3865719955273910
-1.9479153889057093
1.8205250088602116
-3.6580874752987738
-2.4254573378774205
-5.6244847294880085
-0.7903310308587043
-1.8014557842160019
-7.4052563854948303
-1.7969301249697178
1.9878279202188456
-4.1646262978856150
1.2135922876705418
-1.5447964141517867
-5.3110750597041676
-4.8570033876653440
-4.6562547795150930
1.7743962261681101
1.4493335014920994
-0.2963821508676497
-1.6958911536384578
1.4707098677657444
-0.6342666995109366
-3.2279041377462390
5.2331704329487376
-1.4919969613295290
-0.1721516372602459
-3.8554096344763100
1.2883506215049632
0.0726360076157787
-5.3335738118885496
-2.9969783805006411
-10.5754156033313453
-1.2962381507721918
-0.6209697046887805
-4.8856097333877910
2.9274392747978739
-2.3091448160373345
-4.3098248454434476
-0.6123685728773078
2.2431923941318024
-0.8493970742631796
0.4651892691954945
0.7550510677283014
0.4253259682799710
-4.4644872543795842
-3.5419728368366590
-1.5154284298462122
-2.5789545276734325
-1.4841261648517987
-3.3295924702656037
-3.6726606746277817
-1.9324204046275257
-2.1396329403119942
-0.5636068175059586
4.4093435998637629
-2.6015955123018557
-8.9940536367928985
-3.7105281049354861
-4.4074712227328243
2.3636976320082637
0.2039716748192921
5.1986941271588503
-2.7882167653097474
1.6665773676186613
-0.1704767351402419
-4.6616297612593875
-5.6719872390706829
-0.0663932349764323
0.0360615956699629
0.1924219668612321
-4.1867803828124792
-1.5017162091508447
-1.3682808663363655
-1.4874262315126012
-1.9690333995582634
0.4320085755920556
-1.2584399853531423
-3.3934604544049995
-3.0451607059474348
-2.3723344145449503
-1.9937681837453547
-3.4024401064758418
-0.5914412583074250
-1.4267878250367629
-0.8025415576507893
-6.0681068765083097
0.3093186351116323
-1.4261006451048654
-0.7379521422262161
2.9916470065526966
-2.1647299570642486
-1.2811197653715947
2.2252171078279614
-0.0068194148283519
-6.4627145095858927
-4.0157893285598023
-4.7478847133107696
-0.7852301990215146
-1.5017271910817036
0.4606892752726600
-1.1177104794938415
-8.2212772344912217
-1.4528369698287935
-1.0171265751464298
2.1950128188099085
-1.7136236683776280
-2.1573837716489113
0.0338846828703330
3.7367094800830358
-4.4017662881519160
-2.8373344535664700
-0.8072836442445434
0.1682553996132054
-1.2207047982898247
-6.4330351950678750
3.2430876614384427
-1.1696817901673027
-1.3902906433836144
-2.6987380559732568
3.3744953494883498
-5.9742417910267100
-0.6626133564948601
2.6311280236588948
-0.8149509301134437
0.7898058151394599
4.7626051127425768
3.8337758378500641
3.3705562512247709
-0.4703668687911212
7.5738036470143664
2.9870153962430184
-2.4718089380931914
-3.7429987840410774
-0.8380105456460373
-1.6560663051779567
-6.3329165943472008
-10.6772934699983768
-0.8101722821693206
-0.9605365808213671
0.0689998254549183
0.5111080064585329
3.4283415085509086
1.9515060560652562
0.0843644354545056
-5.0455469700651578
-8.1668474442563230
1.9116121935853192
-2.6332311997213877
-2.6201007453052894
-4.7447330004794717
-3.0625803431297114
-3.5622326580481505
2.3237746490350841
-3.9037605251098122
-2.5247757782601070
-2.9153871837569687
-0.8979517408452758
-0.3648085981297244
-7.5415538194524521
-2.0787441261139441
-2.2948553223232535
1.6173341506188996
-0.8064494547076676
-1.3714248018376383
-4.7059674137126946
-0.8950701158530192
-2.0364042912005282
-2.9041299443600992
-0.4500314954428289
-4.1552608971319360
-6.3103935572411958
-0.8363306616275817
-0.8685967878153299
-3.3964861359937712
-2.9298883632474477
-0.9594389191992130
0.0088562827340250
-1.0935172934016579
-8.9554410284021593
-4.3326002715465810
-4.5967327743600750
-4.0281646613444755
2.0499348636489860
1.2721214805001979
0.0208527195063156
1.1919883870468246
-3.1831753676113821
-6.4658702500653886
-2.3864905253078135
-4.0219125304228811
-0.6334527030278121
-2.6672442680503607
-3.5914530925401809
6.7403341580493237
0.5360660403784498
1.3657154147348587
-5.5667373491491601
0.0723886020784281
-8.7764997972060232
-1.6317161047616875
-2.0770119210556146
-0.3322944177672584
-0.9112371926855143
2.8998685090101493
-3.1310429500560844
-1.5041089274605131
-3.1815975787355542
-1.3158746378677679
-4.4705999269113104
2.6416900437636146
-6.6742014146834787
-0.7906586734173021
-4.5113801961759492
-1.3910269308144847
3.6470717732212381
-2.0501749485427805
-0.5388053253816234
0.5781163585578922
-4.1050381522070980
-3.8375379535730487
-3.3491039858982656
0.5968515085929681
2.2302732860162702
-5.1362275098174868
2.8451723090241128
-2.8219775022278331
0.6085486809882817
-7.0238633545502918
-6.1954572388171361
0.1283822122739658
-4.6367260059367039
-0.4296712088839433
4.0236584785588123
-3.4099913988193888
4.5408900212686891
-1.5884304994401168
-3.6366415185756074
-1.0107667501090505
-11.6345062744298122
-0.7109739315017991
-0.7950700418079183
-3.0590568768860713
-4.3825139259481398
2.5330137622360160
-8.4095522284998516
-4.6157494715790524
-4.4867371213626805
-0.4104486037360102
-0.8599317422184259
-2.3676677702550215
-0.5766244850727456
2.9676055649448796
0.7495186165698999
-5.4920986260970519
-3.4464879431734681
-2.0734642203756892
-5.3267380310330550
-4.6505141165046631
0.1783650840226423
-2.1971905442675270
-1.7940264479717500
-4.7510934408447918
-1.0299334527840198
0.3596139067495900
-4.9229387147583878
-0.1348944307992742
-4.8870556047103175
-0.3198884065288231
-4.7798839448146930
-5.7668513885140591
-2.8339425391502755
-4.2453451693976199
-0.0433165759371742
-4.4766361358255002
2.0415548874563858
-1.7840315672345040
3.1148515189745800
-0.0525088028862104
-2.6313380857112803
-6.8216404851292349
-0.8398203735947536
1.2620223202545309
-0.3015743257972081
-0.0627403279080488
-0.8746932041151898
-3.7525853616022271
-8.7106282080020936
0.8061162301426290
-2.0441052157138579
-4.9692326661024175
-0.1030818881798830
-4.1601864854186443
-4.4240196846546738
0.2188984271232822
-0.7901778235789286
8.1493689487348391
-2.9873652911845379
-4.9701398967762342
-2.1183407342267553
3.6786891900718932
0.3610440960620313
-0.0448223363807095
-1.3124897506466637
2.4715893540057969
-0.9416188775673882
-1.1632007138249487
-3.0753925201149537
2.8273547693457619
0.4263096461744316
-1.9169770522977976
3.9882109583133074
1.8965336201829996
-0.6337936713550651
-2.3537536783436712
-1.8208102204316554
0.3402632189072512
-0.9569354368493456
-5.9066161252790339
9.9243045027958043
2.8635139463694319
-3.9481475548327412
-0.6865513261053869
-3.1124702549913326
-4.0725478971109892
-1.0546838719311904
2.2357466147044289
2.1038093941267628
0.5344573738061233
-8.2135268238635231
-0.4575763745314754
4.8786613324669146
2.4036164288803143
-0.9679374010683216
-0.6577517791774136
-1.0423617931235010
-1.1567495622144683
-7.6101199218612452
0.2304379663961832
0.1228315587782124
-1.4608813037967809
0.0406959757135805
-0.1098759761463991
5.3554717516430745
1.2987082855507275
-3.9621310706207455
-4.0196492402705601
4.8123050842025492
3.7784855427459498
1.7989498955241712
-3.0161709171517459
-2.9035282375202831
-2.6376024642467213
-2.9821263953944914
4.4556428158067005
-2.3135032305629704
1.4887962737778135
