1.0713253621124832
1.0868030019951991
1.0967852453316396
0.5616242983127335
1.0905082662115426
1.0963611733784449
1.0987572447549516
1.0781874764924242
1.0842606782455222
1.0973140661934349
1.0853343848068460
1.0978784394328844
1.0132358560312094
1.0925009435545570
0.8616325320570101
1.0953828309808646
0.9747342761184257
1.0851548868138583
1.0922981053512870
1.0820139144248178
0.3634902780888273
1.0619203559549806
1.0961365641243341
1.0960808467229881
1.0961050480477144
0.2808472950272838
1.0804653118487868
1.0260209896418424
1.0805321655559412
0.7233055718403391
1.0891482835071278
1.0279127610041736
1.0825316436625372
1.0874046008324629
0.8985051188337297
1.0629715722905420
1.0723119036215221
1.0252222119054164
1.0938057725178327
1.0962269227612094
1.0440761392629527
1.0865933172818736
1.0722584228307537
0.9834630888071610
0.9715200546956478
0.7760337135154907
0.3470461475679148
1.0863439774910311
1.0542686295819392
1.0901774871315466
1.0630053134843565
1.0893546479397129
1.0877972832922891
1.0710274333278502
1.0674908816529005
0.8363157259544283
1.0768962627215510
0.5371054056434303
1.0783321041499259
1.0903776436805162
1.0933353291364101
1.0836622333446622
0.9316372070278176
1.0918884928293004
1.0851316729022131
1.0931534586672051
1.0947139425517431
1.0931734001233546
1.0861277073587186
1.0589960455159155
1.0971489019910485
1.0322153983983311
1.0559697711315348
1.0444104650762487
1.0331414414517077
1.0926938275400526
1.0959941136585500
0.9302803999208029
0.6763459157887129
1.0931376464385310
1.0852317012031774
1.0614277595687631
1.0425296825186283
0.9618078627373472
1.0571934252639654
1.0832570793902332
1.0702006151695731
1.0881183735320070
0.2811199332828891
0.9369789235097024
1.0581314543261764
1.0978345357219845
0.3916925488674127
1.0957754304994105
1.0960035837810742
1.0917630663740692
1.0905995843407763
1.0294987985657347
1.0427494934779762
1.0753993750955524
1.0941475460653340
1.0943774166274804
1.0900589549608981
1.0836987664047366
1.0836625330450262
1.0809389555600806
0.7009781391169501
1.0914813924754583
1.0877935690810694
0.9219483858690061
1.0965161057739783
1.0090619841288744
1.0958920130104000
0.5605855442745880
0.9720572599484941
0.9923004788746237
1.0720158035492267
1.0756569520691863
0.3114835373147065
1.0193231856081988
0.6786674181621635
1.0500095888392489
1.0916641405938734
1.0823404018312983
0.7246318923746254
1.0971180073688469
1.0778895984710550
1.0969768443833938
1.0701218022051595
1.0987558865671549
0.8901738153350444
1.0574586701619983
0.7228451599258697
1.0476005402519801
1.0974099390372496
1.0867713955352034
0.7639525373997934
1.0967902904537168
1.0922799520287731
1.0956915772917426
0.7990718955383157
0.3458852102241587
1.0928124857972366
0.7195440453940669
1.0398947977503048
0.8284159003328528
1.0970947389977783
0.6388047331187373
1.0805053182040207
0.6861979412979877
1.0784563371251648
1.0916384458872228
0.3352524798554713
1.0788652999313408
0.3230987106848287
1.0160575985968197
1.0969490489483118
0.3200609225796769
1.0920648161393842
0.9904417859992263
0.3326541340808359
1.0591671655691888
1.0623938574486684
1.0853294756003509
1.0919287786312937
1.0875927941734505
1.0972531523878533
1.0930953820176161
1.0947802210179280
1.0987215353376545
1.0961016550080314
1.0931831473943958
1.0964928882781619
1.0747250482760260
1.0510176595321505
1.0401661729214449
1.0800078795194306
1.0934778888133250
1.0911435316064861
1.0899617954112706
1.0918328187728488
1.0661523715838002
1.0985052175913035
1.0851644621864063
1.0038881854143979
1.0629825826802139
1.0907953739701690
1.0855703170253823
1.0564474041623706
1.0885951257009749
1.0588529820476544
1.0921530267953885
0.7775120993089475
1.0827170435794391
1.0743420774291219
0.3906932375003979
1.0383912781863711
1.0973659955060679
1.0937759007715515
1.0647466505083636
1.0858851197574073
1.0912336808580461
1.0803192743641992
1.0873485501557791
0.8876636528786127
0.9886837599830199
1.0837302363900283
0.9168359951416650
1.0822701275129663
1.0720695634931536
1.0790210614721294
1.0941358761418545
1.0845069375945426
1.0688447080255354
1.0928600979088885
1.0583418444957808
1.0616775108112424
1.0803185842318788
1.0979785699525808
0.6833372078450879
1.0180442780271965
0.5001907258170379
1.0572608302887270
1.0944632647577217
1.0796114506606285
1.0106673596649443
0.8908523689968193
1.0562650795133421
1.0250676137962051
0.9682775395590865
0.9842128259297170
0.7245511831219017
1.0968503317360967
1.0918372298863552
1.0280895209073209
1.0691908226656082
1.0928606928320346
1.0812118680351530
1.0828092751878688
0.8522125160330472
0.9925858748207930
1.0933667316693962
1.0831251926486520
1.0959875063788207
1.0718901424904892
1.0928951089320731
1.0910629239318770
0.3910495241587100
1.0969941777681911
1.0655536655335678
1.0774740684113775
1.0918384880371197
0.2808544034181579
0.8931727880353937
1.0874197529665943
0.9848066101501953
1.0705466060128606
1.0311584504015154
1.0784060801309712
1.0822936819512043
1.0964199591541701
1.0747918291622900
1.0070004279123093
1.0826998128375029
1.0800770564486524
1.0982596618499707
1.0977259814111233
1.0897357740364080
1.0873721123714963
1.0856035942042008
1.0894948563264901
0.4377966561470117
1.0044561107653209
1.0904063396054733
1.0901390690992208
1.0713563057535740
1.0915900438751771
1.0851895867055557
1.0947144820434378
0.3204691695681929
0.9618115390151133
0.9071399503073996
0.7134413528731820
1.0619590668064736
1.0823868819747191
1.0782448204458139
1.0903932373593361
1.0736699631407416
1.0858322748192639
1.0904807470810218
1.0887470950511371
1.0479760712141251
0.9999890123713359
1.0945901880119695
1.0896551530721490
1.0859488463500413
1.0924105061919471
1.0550912423999890
0.4560167149639554
1.0194452341897280
1.0440957329312397
1.0966295797735335
1.0373616436222097
1.0970779017515151
1.0877908653130384
1.0760501668953497
0.9177126987269720
1.0706214454145535
1.0945124918175189
1.0665935214644564
1.0839567033386650
1.0804591922588578
0.2900786973429376
1.0754388044844632
1.0932836391659613
0.9664078063357637
1.0515919841344163
1.0498980501914854
1.0877412281684369
1.0656535998047565
1.0807337721354537
1.0889621261663653
0.6758430926192628
1.0674134355544633
1.0769801766214997
1.0903005697587014
1.0773048566181407
1.0546135205349245
1.0956204481094975
0.8635216840122699
1.0887127102000271
1.0179079905237580
1.0974505639105669
1.0844153753661439
0.3495432445357461
1.0972535461575217
0.3115017453411237
1.0830166459639556
1.0941226572695304
0.8379514503996972
1.0738685648710999
1.0936484681179508
0.8502657220885910
1.0529954254704195
1.0588240470584678
1.0981915625879528
1.0813721560615308
1.0591316750568374
0.8757990646961666
1.0773006678599335
1.0852729177023810
1.0831675052010770
1.0782124243801756
1.0977872973190510
1.0830706721741414
1.0521714819156951
1.0880342633429549
1.0947672727201672
1.0630982690136297
1.0877744708216415
1.0386523743169720
0.9327537431426983
1.0903979338104011
1.0882206532882603
1.0908716876384639
1.0570748415181608
1.0958887863952809
1.0866306681388329
0.9610889699663042
0.6833023368978506
1.0913082554686744
0.8223445665657090
1.0863544620419761
1.0381857484722168
1.0938688297650538
1.0976340961502542
1.0696190280576452
1.0917661584962459
1.0401911220133899
1.0111922815934360
1.0964912879154787
0.9453470995757476
1.0756025783271945
0.9044948581782621
1.0406753348649829
0.4641182754666201
1.0612061443165455
1.0934287068406088
1.0782143209056390
1.0884326886869202
1.0950748524447771
1.0789142237102467
1.0871280172863167
1.0926390229986291
1.0434668269525653
1.0401405468832281
1.0426772387162000
1.0618614214211506
1.0427455056030501
1.0479465190290225
0.8044075381838101
1.0223347624476125
0.4888046309234849
0.8904716240175070
1.0850989139415124
0.7477595314162345
1.0863450897329880
1.0428215421565252
1.0792666240022828
1.0854103708550680
0.3468863294781590
1.0394086502853304
1.0348292478995758
0.8091890185119051
0.5244825890059115
1.0975991788770745
0.7675858964480801
1.0716254032824584
1.0664398749597190
1.0360454659088802
1.0848214992881089
1.0972925105081002
0.9163895523018617
1.0926755214459791
1.0924013933166152
1.0195951481983212
1.0909859036183893
1.0662546555596191
1.0376945932620070
1.0951890639680153
1.0954445875298426
0.3323401507949193
0.7000761473887681
1.0898549853283193
1.0971606497060060
1.0891796903060460
1.0903489972617928
0.7817133680814577
1.0904680902859181
1.0623683386465230
1.0633993553830396
1.0852566528886134
1.0337612929459208
1.0865892307894152
0.8757716420916820
1.0456102404830856
1.0737782907912035
1.0927103730718604
1.0829389176644912
1.0637654242135604
1.0964157607076901
1.0836922454932738
1.0905873889501954
1.0878216593249259
1.0699828941701879
1.0843262684925248
1.0962338951913886
1.0502031005507704
1.0433874628732762
1.0889861390626501
0.8560355433600987
0.9581260131363825
0.3425975992965365
0.9644481835775796
0.6584232465169584
1.0977245882864985
1.0968645975252842
0.9628007936218687
1.0927336533959313
1.0969879458232119
1.0475445758542241
1.0880061210535583
1.0912104194660690
1.0545562924067344
1.0554119380447615
0.2946508322859515
0.9255847599268119
1.0750219562051657
0.9837686431533150
0.9435915620852543
0.3264794206089360
1.0937818753709607
1.0698544417439539
0.8887163655136233
1.0916880422656174
1.0836533719146793
1.0938463033339121
0.8350163051842540
1.0760178268762557
1.0888170248855018
1.0484188163239410
0.9964346676969015
1.0759986905321872
1.0288259122872845
0.5808192038834710
1.0674150030839067
1.0959798783515129
1.0887385396933864
1.0797532591924563
1.0844588363167242
1.0868077691993818
0.9256865594499183
1.0708134947838608
1.0933174131015808
1.0844781930611740
1.0967670760814905
1.0971732412052424
1.0921546599154444
1.0958545969614790
1.0815383150277122
0.6270456843548619
1.0857417088147794
1.0718701090482412
1.0896610625003855
1.0533007316156131
1.0790835996202761
0.3169832482395142
1.0146032210248150
1.0958888476008817
1.0362656124722125
1.0800996993969225
1.0843323699037855
1.0443523155868593
0.2849097005131168
1.0609733674413582
0.9782126288938716
1.0914698850585474
1.0783088133256775
1.0461319161224032
1.0942326454745197
1.0692313016830222
1.0753585622642603
0.9831833454987295
1.0943669459954175
1.0009742215487205
1.0823748169193448
1.0780639180443969
1.0974645669286049
1.0875561659222155
1.0726356363679093
0.7688962651791634
1.0906887017172839
1.0814590181794630
1.0960587372672039
1.0907175131381515
1.0972549563598570
1.0924264512222139
1.0677128129177396
1.0656910070510222
1.0626713131521950
1.0881769996172708
1.0963175054755927
1.0963689418044713
0.9318191625197576
1.0880861877606143
0.8052733512996606
1.0679113904728730
1.0885488699785206
1.0345306871762139
1.0919438185829675
1.0102458681018218
0.6137597342925630
1.0910946975846547
0.2847700396739838
1.0913495761046543
1.0884704628118387
1.0905884624866955
1.0546515779790704
0.9499692544868171
1.0467696984683090
1.0187759081279455
1.0947025587660240
1.0666935261623469
1.0494346038183584
0.6429507639164691
1.0834274367378445
1.0963255219366188
1.0430591993798985
1.0811561593329935
0.5837809536326704
1.0865259488549543
1.0697785019363013
1.0849497202419280
1.0937922466146444
0.6995658945617125
1.0924751952950755
1.0966804491952984
0.8411847736511527
0.5712741586407059
1.0673323425564107
1.0194641073059472
1.0241470586994355
1.0943717104913235
0.9812579009346943
1.0961723510822521
0.7778360360992050
1.0772843250704984
0.7986610917239098
1.0967211542788058
1.0981153410020024
1.0697306242589861
0.3323072396971581
0.8456745021061259
1.0641220347611680
1.0694382314822928
1.0866363095876779
1.0917161624849334
1.0965352736612817
1.0422801554165084
1.0937871557467727
0.7203201401893762
1.0852627091545775
0.9310310071334024
1.0949869971271196
0.2900809288397094
0.9531993958075131
1.0752428982998181
1.0902144869355941
1.0822253227124734
1.0618019269605445
1.0878824773606939
1.0327476660476009
1.0686678125884834
0.9608426136651798
1.0745817582037265
1.0979291136213392
1.0450990669052442
0.9693387013767758
1.0911699110548689
1.0726147986347814
0.7776341526802701
1.0926693169153967
1.0854747641360110
1.0972506421616450
0.3435781948908490
1.0816662582986221
1.0924340513814861
0.9714038159921345
1.0964431525297300
1.0878256541874241
1.0970520576516640
1.0847222457099612
0.6436809451149941
1.0930722740570271
0.4974099578554962
1.0916176083272859
1.0437539465655543
1.0962397628350147
0.9637122459247578
1.0942135149694150
1.0939065645249222
1.0621569674941382
1.0968301082650649
1.0942329014934031
1.0864889560876285
1.0144266393600325
1.0847932139332113
1.0912220390096983
1.0581128143770302
1.0469004558682833
1.0973122084234950
0.4322923832772887
1.0897064217322294
1.0945487097842164
1.0791347868933272
1.0893916482227135
1.0936604287732778
1.0527831201449749
1.0903749017582149
1.0810187148727366
0.9279928149033632
1.0890608217060000
1.0921718111605385
1.0686890209358031
1.0436483127808653
1.0217698331413947
1.0951004309661325
1.0931459849102634
0.5475102462343302
1.0948294475810794
0.8004456889307273
1.0808025768928169
1.0487949895092825
0.3220684045714454
0.5412402520680731
1.0556042567452621
1.0960934336703496
0.8933419383070000
1.0905098615132001
1.0823764198825288
1.0815726680251283
0.5635068555051966
1.0598433797973994
1.0842224597742334
1.0063396534382920
1.0831817124421836
1.0958279492605363
1.0943830373530781
1.0966023937702076
1.0407678348958045
1.0960686970247622
0.9551650845767200
1.0800860420402165
1.0887005291109406
1.0690544873720762
0.6263769200811110
1.0953260783768830
1.0650976180597527
1.0614097374480784
1.0973920128429924
1.0687815001772600
1.0453813165926804
0.9362125071193346
1.0735112312636712
1.0900008169597850
0.8204765687388886
0.6659655625803789
1.0837033245149024
1.0843027392140716
1.0465850850519269
1.0816835028263703
1.0952351210572631
0.9716656754658868
1.0319826132203067
1.0534913207217864
1.0730827041499107
1.0772893999888060
1.0914262668688248
0.8898222045181966
0.9959227785627758
1.0747487263314275
1.0927302618568686
1.0836791877114145
1.0870452403967747
0.9970134692741146
1.0522552905251508
1.0750627828002870
1.0860490093765984
0.9628198387266798
1.0711769734960621
1.0296673323898184
0.9836437688435254
1.0604388130857461
1.0912347417060024
1.0867097406191888
1.0958384217061636
1.0223724499230940
1.0901365341975788
1.0966596223545964
1.0863219613374402
1.0910786064864364
1.0597251092884410
1.0743762949421534
1.0940943506465575
1.0629738153719173
1.0397605307588169
1.0898116183028859
1.0627128545748112
1.0895314284454345
1.0830234360534325
0.2811087288790668
0.6047703374798343
0.8527537141095713
0.9214960851631649
1.0877496387577421
0.4089010471862366
1.0231273367947209
1.0976094929894360
1.0644807306936501
1.0390049851488312
1.0776891620398039
0.8228526299355255
1.0829781053455454
1.0854971283322021
0.9885731944942100
1.0913090570354209
1.0787229421383622
1.0741847420243102
1.0357372746204041
1.0476116308948293
0.3092590858635393
1.0623111060843806
1.0952423404606635
0.7086830351991512
0.9198213054554345
1.0924874487495333
1.0955672803467984
1.0190627545420832
1.0826571961360152
1.0714906554566350
1.0411503953139645
1.0572368377721502
1.0561805674427884
1.0943112827378325
0.8903519456582278
1.0957239123809883
0.9627234750255950
1.0757831748928188
1.0699214569816391
1.0606341095109617
1.0967671476268066
0.5510525676688898
1.0943540105504301
1.0379737406886786
0.8116848666896522
1.0649373492997822
1.0912115544177039
1.0838201688307312
1.0188253482379339
1.0946229475380584
1.0774822478034980
1.0430862111553485
0.7643062958659234
1.0868822204295288
1.0506956499794391
1.0451817243386079
1.0567667110582646
1.0886368062266778
1.0614369153745231
1.0944323373315785
1.0951215162434473
1.0940084816023690
1.0900289619994918
1.0133974260425316
1.0909243460156046
1.0986659721222813
1.0720456604332711
0.9973415171319734
1.0921516860242622
0.9514168376271535
1.0548288547365614
1.0894411588409862
1.0785393078207866
1.0953339622360641
0.9682616701123170
1.0922948871544336
1.0846206045641749
1.0082579569423262
1.0403005738306674
1.0068162114325643
1.0562676569521787
1.0962406137339424
1.0976879261178132
0.8151010545985605
0.5554387828315164
0.7779361732760059
0.7283523042665174
1.0007128762157893
1.0167286986630004
1.0960569958344661
1.0948398373557851
1.0985094615955784
1.0890871258062786
0.6021742219237735
1.0569398851157144
1.0736922788128227
0.6615730822151045
1.0863900938367839
1.0879390456681179
1.0478076789792390
1.0328878633397007
1.0945109311550045
0.9012085371343354
0.7444938170930446
1.0898186204109916
0.7631960402974326
0.9618930019003828
1.0867214013071906
1.0851443074282709
1.0227145163083107
0.8691320872064954
1.0841149298955646
1.0779139626565672
1.0774820342161886
1.0887921661515199
0.6174117915047237
1.0576673957478191
1.0915927052915100
1.0945753546113424
1.0924724449218171
1.0950806566395541
0.7855607931090066
1.0719874913158551
1.0972859303655955
1.0835144161618606
1.0585093282604330
1.0841106837757288
1.0867064503650437
1.0970218288578695
1.0957290342981036
1.0943071340529602
0.8288546165847998
1.0361977977340591
1.0754027433938702
1.0946908936852460
1.0714268525948138
1.0917750040135623
1.0191744374327667
1.0930416713139017
1.0905533697115370
1.0750938569754089
0.7069136067246228
1.0769112839385946
1.0887864011160000
1.0825895058226942
0.9335096935233105
0.4327982965476650
0.5254907582396579
1.0730197216691113
1.0945787264673810
1.0980642166823034
0.8824908552058830
1.0310680218779094
1.0933240082569966
1.0350793071536726
1.0254614874056813
0.8775831567320189
0.9588662329482569
0.5802279314914097
1.0966737156173252
1.0774627889828516
0.8453472660650795
1.0933587571583070
1.0838186967832730
1.0946147910162447
1.0861661573747960
1.0888680639533135
1.0870423775413285
1.0914335629966938
1.0866743862180661
1.0951553925141360
1.0729131154089004
1.0805458295819066
1.0729004336600212
1.0420097870890632
1.0948597458673623
1.0891538282237523
0.7074399462319242
1.0783095904669975
1.0167200726048999
1.0847242544397029
0.5805637372570255
1.0891424743792963
1.0887217860777019
1.0894355556814261
1.0903373556165432
1.0885702071793284
0.2836602023186393
0.7512737819562003
0.9325638991950268
1.0762134097357796
1.0868371738203566
0.9947501399185479
1.0817022067133624
0.5644970047650164
1.0832103934151345
1.0898004093964706
1.0509437383355509
1.0948212091698708
1.0757591756377551
1.0843586131413809
1.0961866641087099
1.0951139553739107
1.0654694276958383
1.0928637807982753
1.0972490430156299
1.0905389847903657
1.0896262941337509
1.0092249219972398
1.0891522161953551
1.0950745109744291
1.0965982623148922
0.9753729641079087
0.9949625804599108
1.0607033728462589
0.9618408397184041
1.0852258464685383
1.0188722003818977
1.0986110164437253
1.0956540449827370
1.0918505346034613
1.0890608321139319
1.0982965551740200
1.0774945013814676
1.0974133355471580
1.0903276241228090
0.6505465654307435
1.0810437448958887
1.0388988608140777
1.0294591865238383
0.4442219758923794
1.0130669501907594
0.3213162303117119
0.7614390168005183
1.0958553911429028
0.9689096274705976
1.0945461953913724
1.0885995268377449
1.0502958015890738
1.0943632960542808
