0.4175655858598144
-1.0540047303062050
-1.0258136786089833
0.3455345348983386
0.0039979220353991
0.0386737472591281
-0.9283418142388795
0.5852909753408717
1.3589386121986275
-1.0236932138839128
-0.9366341073121809
-0.0655145613722021
0.0708363802287193
0.8011615880826934
0.0288208543826337
0.1008812531799888
0.0273549293288714
-0.5860566718903614
-1.0312388722386787
1.0483874932025128
1.6453408756620860
0.4213030154407843
1.1977995570314417
-0.1035543765999179
0.9134289920236127
0.8345844190564599
0.9620898116759719
0.3142804669891276
-1.1639021491400210
1.2971824795268614
-0.8248537822588770
-0.7095195251392465
0.6569424494059661
0.6960184954977258
0.1947470398229399
-0.2148205435936601
-0.5430755891288632
-0.9205268110783802
1.1612780670411604
0.4754465590953499
0.4916836285767207
-1.0737819491553806
1.9605990149190455
-0.2872611922559073
1.6155743153633471
1.4071720315611393
0.1529570872608796
1.0083314270494579
-1.1185843321584170
1.9494612963370974
0.6247750058623002
0.8626005092056749
-1.5589964453055238
0.4726558425936548
0.5768241166172616
-1.7394285858578036
-0.6902862794907361
0.6894028297122357
1.2022395328015048
1.6928164289194769
0.6412847772151277
1.5075282198691577
-1.2858840284404474
-0.4480474312916548
0.9627252504908879
0.2840077792146508
0.3385653799355517
0.6748723589729155
-0.1232164016589023
-0.8885273581739117
0.8485387918335902
1.0169523127312243
-0.3130144646975767
1.0188962077760468
-0.4641999613184053
-0.1478876969737352
1.0573177314468198
0.8941358906172316
1.7446200463785559
0.0393563152615204
1.4337407499994301
-1.0615468262413945
1.4503675021000255
0.3286825325035701
0.8746366340583034
2.0389726412783689
1.3846787265782314
0.7328344411227430
-0.2595278582322516
-1.3822514381855098
-1.0496134572677087
-0.5639977054789699
0.1896242768374966
0.7257979239521432
-0.1679346111727192
2.3908228188349607
-0.7991587784210405
-0.4804331171844946
1.5259609653070709
1.4468148745744176
-1.9865003872808191
-1.3009767551461744
-1.2073428319079491
-0.4183007416937322
-0.9685665361280351
-0.4951414196540511
-0.2299620612744851
1.6438824566184023
1.1865141620293806
0.2393173899733666
2.1610037628205827
0.9775728849365793
-1.5354067016668651
0.6119637617338907
-0.3244265533634833
0.3724535551461320
-1.6777329011658078
0.3118380295546401
-0.7682796358136915
0.7855959037818998
-0.0668485450984251
1.0221406892139087
0.1678070079885404
-0.9631686226492487
0.1478487816774471
0.5988645659051344
0.1061216447506393
-1.0022987755999948
1.1795494514894311
-0.9392019421829153
-0.8608569999184479
-1.3925318736709686
0.6735302021457477
-0.8721488848470229
-0.3322087851622747
-1.4715458293652994
2.2849843372965268
0.5748407977997291
1.1163699317370026
-0.3046458032890386
0.3696215241164371
-1.1811123067923639
1.4742312799517650
-0.0200426571106398
-0.2578671638719382
-1.0601905429481615
-0.2664465086324255
0.8033710108081694
-1.6456289807639015
0.8017277494699212
-0.8671580077827650
-1.2642605867149204
-2.1388166256408554
-0.3675727833438879
-1.3072021739070712
0.1787208697332774
2.4134569453322583
0.5502425204219216
0.5066999124116873
1.0122254094945140
0.7655384543030553
-0.9968900209205027
-0.0069349739719832
0.9450692246828767
-0.6165405759072614
1.0530592124352482
-0.0695789988654903
0.2236157651340535
-0.4270832062508507
0.0345540668567213
0.5540776387920594
-0.8428291643853756
1.5266816644793171
-0.0549505872340176
1.0104066160199567
0.9828075155074087
0.5383296142697599
-3.2027691540448724
-2.1124294934999006
-0.7723893088299153
-0.5660879882647778
0.2423916076643941
2.1014323608502212
0.4895098813730225
2.0974483570091484
1.6761770580808133
-0.4419791427678935
-2.8862973259252165
0.5168842754376629
1.1351737098277506
1.7495883561392476
0.5329081990685873
-0.5604117575126777
-0.9788740729741424
-1.2107774741397677
0.2280078945267797
-0.1846699999045404
1.4118604056745607
2.9679513805276270
-2.3301147352452163
-1.1680308557867585
0.8025674272101256
0.4377206857780979
0.0009735505230564
-0.6688235895416662
-0.2857354464241648
-0.3007780482902879
-0.3375905668969210
-0.3566751431544415
0.3165768166634039
1.1181302784526750
0.6014290674407243
0.0145106760084631
-0.2107832907662667
-0.6285804886481277
1.9425721241472300
-0.5993306625361168
0.3216681790873612
0.1204863036513960
-1.3070152127293733
0.6747331692516371
-0.0344146448493549
0.9765098062313332
0.4723268361091715
-0.3930739036446199
1.8282796213389045
0.6768041502693602
-0.3328971161991725
1.4575896499439711
0.5875768394703124
0.2887501470955069
-0.0732881293234300
-0.9270634590246905
0.5365100564015673
-0.3356633577685272
0.3070675948144799
0.1391259352566460
-0.5750847658421997
-1.1545642008652495
-1.3637952176787556
0.3944033008145990
0.5872263026152652
0.0047209532576359
-0.3076822261883780
-0.4243415018503067
1.3152020405755660
-0.2104427222722544
0.1505191027984082
2.2149526472422640
-1.6908647455020667
1.1059095846582723
0.6682162627860732
0.6263952143745315
0.2010001463541302
-1.2410023801704479
-0.9571201947046503
1.1350197127394761
1.0353177913935188
-0.3153312247305704
0.6427737855897810
-0.3441637199480680
-0.0265034158701148
3.6549423444258333
1.9655615870710728
1.3969562133693989
0.3846719780689170
-0.0401650933815609
0.8316613812090982
-1.5416739793074377
1.2564918420185489
0.8906247441078068
0.0975877693072880
1.0231206706685869
2.5500743339184071
-1.2457771332420429
-0.6491420426580597
-1.3306250057253082
1.2318700749053464
-0.8959826425937957
-1.7065979386784835
-1.8701838163217670
-0.1654102819508684
0.0201407211148538
-0.2268193966196650
0.1869070133733597
-0.1378431646208043
-0.0484765435798038
-0.0772902263316240
-1.6652126211258333
0.0293710260841914
1.9067424678787297
0.0029644929058339
-1.1968136896496953
-0.1463498991427060
-1.3514619005439090
1.1064623646785758
1.1683976836393903
-0.2934085429242401
-1.1997733888820239
0.3748909873072760
-0.5852936949436984
-0.8906108598108211
-0.9780541938540666
-0.1356870729975435
0.9443486561508565
0.0385482526025413
-0.5169949901890613
1.1534771747192312
-1.1636977143628351
0.3657826095286054
-0.2273329700410647
1.5283582647637755
0.1915388037101219
-0.1050267275127987
-0.2328410742534572
-0.7870668490244312
0.8826895774284154
0.7667106784531161
0.8319432403530509
-0.1130796140844807
0.3936886833434047
-0.2928616714261916
1.8651379293666313
0.0131591459131216
0.6976244090762638
1.4388342196575112
-2.4861497110421715
-0.1427281972405400
-1.2454305269047061
0.1410775961169257
-0.2412118452641668
0.5184704002855436
0.5536287985886047
0.8370990633828070
0.0569767284158097
-0.6887339585430652
0.1822636331630684
0.2087575605829362
0.0328458451781585
-0.6641694529632742
-0.5534497018145474
-0.9872892606042717
-1.3227845490461396
-0.9633848394503709
-1.1923714897078712
0.1217326282733144
-0.8988813895866061
0.1897563962659422
0.1672303136885722
-3.0789931195683615
0.9283281297826395
-0.5830101159324348
-0.0067216805315333
0.6336793543404153
0.1008999154497060
0.0713458315641237
-0.3684477275072470
-1.0922279954078895
0.2119064929243921
-0.6161389107324537
1.3405171649208711
1.7253701780176276
0.3211479085826501
-0.5496788951394013
0.1706761235585008
0.1324102854434223
-0.7548091207787829
0.5786022131874107
-1.5680760348969729
0.8722713346220849
0.7174785633370567
0.1042684670292410
-0.2136261725328210
-0.5635096558854465
0.2322305357019543
0.8036724886607630
-2.1997644538789038
-1.3916188356648633
-0.5666725477435214
0.2003752527629522
0.1954638258713107
0.7740768380880146
-1.2399079193461335
-0.4215454120939713
1.1864761317318604
0.5396614076213830
-1.8412910015708794
-0.1804756143917629
0.5367433484765710
0.6699748850026651
-0.7094355031937492
-0.1146724426095897
-0.3385880464149310
1.1315877331952111
0.3484598573780733
-1.5630019531720993
1.9175160255049282
0.3530952369074871
-0.2727641276846203
0.9101639050097744
1.0063906035175902
-0.9710651862023150
-0.1648459654219891
-0.0591800355098654
2.2089242653315271
0.1081380365176813
-0.3625307044273194
0.6335027216874607
-0.3649718320536479
-0.6565772734508811
0.0405554651516016
0.2969707661541676
2.0438091960392426
-1.5448972115284012
1.6027846544344453
-0.0941824776621303
-0.2651916194439339
-1.2398160950319361
0.7440888470365705
1.9185335961810228
-0.3638663880026144
0.3297863117353499
1.7646248902299675
-0.0214850027729812
-0.4340853224101841
0.2192482002210173
-0.7933298707724923
1.2539772069581003
0.7174706346055768
0.6807650459699703
1.2477989162993315
0.5295832807491305
-0.9340576388794571
-0.1417112111021065
-0.1916944487585621
0.9037319309146272
-0.0907327509611328
-0.0487091191598558
-0.0464631895288363
-0.6794801107528522
0.1862314974993060
1.9311444660305797
0.6263870930263699
0.3381443106121197
-0.8663145327761169
0.2994807696132574
0.8970444883389018
1.1478245901714230
-0.2626057408564503
1.6536918824778575
0.8888430516098799
0.4099430131411468
0.8142821030131858
0.6338634873899152
0.7356650675479887
-0.2380911673058971
0.4406590954991869
-0.3628817373640401
0.6049390621848517
-0.6804712961962314
-0.5928776106420502
-1.2895928552368787
0.3909629742491114
0.4992980637434262
0.4587682445635324
-0.1267893590954671
0.8960960637166040
-0.6953535169890948
-1.4280138239895719
-0.4057317786301054
-1.2827959697035398
-0.2597334411846553
-0.5160221051860540
0.2316059568421578
-1.1489937746802097
0.4600912034671610
0.1389835165249999
0.1169964471680989
-0.8077212171378675
0.9914639763189134
-1.5916595204259192
2.2633820987888034
0.6620124510906263
0.4837925465272749
0.4140538150133275
0.9052497336475580
-0.5247663619786567
1.7873346506728591
-0.6177870269003511
0.4346389739611198
1.0709313126004181
-0.7574298600011289
0.3721213075115299
0.9402849719466166
-1.2366190866020674
1.6078150357077272
-0.0997706066624010
-0.2797382401330430
1.3766635820649586
-0.1477339684966779
-0.3863782977657398
0.1325683543267053
-0.0032770663846468
0.1675374393325989
1.5449737193590345
0.1500855680549133
-0.2062454495709127
-0.0096138340858443
0.1927211473802685
-0.9610771906900334
-0.0052237157489606
-1.8387843885354811
0.5785693659007221
1.8066669377533935
-0.7062040713373178
-0.1008952377706448
1.4570640291525432
-0.2025423769928381
0.7287548326998518
1.0608198875807515
-1.2205731466590675
-0.2862458795144954
-0.5866260780512771
1.7248477967817040
0.0328660775408444
1.4405409484053928
1.2418359962415249
-0.5755211294628452
-1.0857655635976025
0.3655246453656997
0.4599425021706953
0.2891196976731134
1.2362652377518457
0.3429180622945302
1.0374379471458690
0.8166610664883016
-0.3315428718470539
-1.3852553598294195
-0.5717469303677237
0.5555338971338689
0.1339579668918332
-1.4392172441410636
-1.9965755955355735
1.0832789239257667
0.2830810283910108
0.2112949316492604
-1.9733764665564173
0.9629924292724605
-0.5764208978733543
-0.8695861600680613
0.3022236000176772
0.0137412854002145
1.8469279363306821
-1.4309657738572645
0.1201991816973083
0.8305774670333617
1.8399671714099124
0.2286080245788320
-1.3593704100516821
0.6806824626280875
-0.3144955336236444
-1.1699313748541662
-0.1756057175525294
0.4014050117665413
0.4574606625966756
-0.1502791851245440
-1.3387350149469970
-0.6480939238901050
-0.5288009756299210
-0.2840869277521953
0.8332963054515832
0.4267369764997440
0.3237980119151912
3.6252759786692854
0.6118237180267565
0.9814859351244259
0.0238432069484308
-0.5716019181733302
-0.4475037866453840
-2.2757206390329783
1.6530529805874259
-0.7216875569815164
1.3020740901043453
-0.5274897842704415
-2.0445794850555279
-0.5694155452460083
1.1449637696884869
-0.2925228479674591
-1.2884915953493163
-0.2812676676809748
0.8906506419047793
0.7725576429228883
0.6518963013532362
0.8883672933566547
-1.4988143727213297
1.0213403747396546
0.1498772288806793
-0.3327056284156691
-1.4658324957327018
0.9075471893968148
0.2622569884856785
-0.9930093817882266
-0.9553352362397756
-1.1878338776442221
-0.5384260609475267
-0.4147625085775768
1.2243714700011614
-0.0616919158794463
0.6721580707358928
0.1222230837002289
-0.8398077837312140
-1.5696215514453458
0.4862479314811041
0.7618823235809362
0.8095757626704418
-0.2887092957296102
-0.6826980565316189
-0.7644897401274348
0.4375317773100392
0.9293182819236487
-0.0429437513293643
0.7145686873324971
-1.4671560243584956
0.0657907527868034
0.5658516713727527
0.5724683268728566
-0.6515911516515438
0.7257579708920786
-2.0421283448270788
-0.6337981950550643
0.5881429172353716
2.3022314992484341
0.3982835076498211
-1.3827177067383385
1.2094653468319012
-1.1838978916759104
-0.2496367649824021
-1.9173581290280923
-0.1956823289675511
0.0827432955342527
-0.6393729208703760
-1.6412972443373093
0.2982793652281318
0.2459291869256005
-0.2793559841259090
0.9978495647262701
0.5281706087873860
1.0065120302364383
-0.9976964414202324
0.8247306329714307
0.8550338535430175
0.7552219646860978
0.4726688194248992
0.3512606686993281
-0.0136305909264099
1.4219962901604559
0.2857675524073057
0.0997023780719069
-0.8269288655170479
-0.8455538128168079
-0.3598489541180445
0.9573507813846516
0.0907015451026214
-1.2729679765200093
0.1294353080810079
-0.0772656716516900
-0.4683064295212013
0.8349423813912891
-0.9516065559371903
1.0288537854110533
1.2759204476554278
-1.0324456957272796
-1.7899964261500034
-0.5200697169090489
1.0488986419591313
0.1295166868758933
-1.0364213054477172
-0.9584054310994249
-1.9364127273516329
1.0962736689330939
0.2644870523493141
-1.2499401605272833
0.5186257945087149
-0.5004557161756753
-0.5205504368619778
0.5275000004015685
-0.4262290474966211
-0.1892436916535267
1.3282469427016317
0.2245970106760526
-0.5409942235974231
-1.0877880686026096
-0.4238863175089413
0.6291602934813986
-0.4895226438155665
2.1206653633524919
0.3800562213874575
-0.3119627219869682
-0.0165687286205149
-1.7370662365323606
0.4080076853248607
0.3981870863654765
-1.3223626373202810
0.0456657345798924
-0.9408235260976356
-0.6705673401981630
-0.0819042236374888
1.4938069761333967
-0.4832465054408300
0.9285503376477628
-1.7471358542875719
1.1482771561254481
-0.4351949263053952
0.0744739520676932
-0.2486767297859066
-0.4283016641541859
-1.0658794354154830
0.4623466735830813
1.0633533035011797
-1.7835291536926674
-0.5979955880464272
2.6865129254984859
0.4688296787627778
0.1871168214871640
0.3004331344375929
1.2351059679332999
1.1661181994584533
0.9258750675044369
0.3746821208366913
2.0964326889753790
-0.2483667173264850
0.9497176034727181
-1.5602303625564242
-1.3479187583921766
-1.6144058718846181
0.1795614264035952
-3.2586756388399380
0.5821713272703131
0.1238922371955369
-0.2720885751753504
-0.5568392373483360
0.4135292154150774
-1.2271603970514264
1.8430040623212225
0.0015098633459160
1.5998272341081314
1.3099379080668525
0.5257822783398882
0.5268244897149864
-0.7559070432845933
-0.1678526937708817
0.0973298722254873
-0.4247528216855790
-1.3399167157541496
-0.5035614641834839
-0.4710158149970576
-1.3544900252840080
-0.2256930855780311
1.2899762348377430
-0.5534641614259779
-0.2195155676023052
0.6513778547506919
-0.9322101834754278
-0.0698825512990791
1.8515843985972493
-0.9406011971750111
1.2222556083316247
-0.9310466716944648
0.1881465218754306
0.2608259285144828
-0.3055754612472080
-0.7723249634680014
-1.0156208949828875
0.0136489429142736
0.2787133551461077
-1.5289921852934496
0.9785097398183505
-0.0842071584414567
0.4392622548989825
-0.9088123822985862
-0.4236843819778094
0.3317127897892047
0.7773314022404763
-0.3684936788393890
0.5761531509788058
-0.8222725403831402
0.4633784031343957
1.6399043099122348
-1.5731582478086363
-1.2080164141948542
0.9962019675341134
-0.4770549687184436
0.3924613661557306
-0.9585713606508017
1.0550057677664324
3.2113766110134296
0.2433337989746635
-1.2293389314333341
-0.0638125052613948
1.4361132534905015
0.5837677264175438
-0.2045825151023897
0.0982261371873326
0.4988067471159731
1.0171279975386192
-0.4188329362490879
0.6889304831610413
-0.7688397781755516
0.3048497145186905
-1.0435520668033773
-1.7373647249742814
-0.1393264135868774
-0.4741283480125913
0.5432791704051855
0.5500786931330188
-1.1581434403941855
0.4812725272991656
0.8427314406353736
0.5576513560336158
0.4773656378025619
1.0940281525183337
-0.5458818892665307
-0.5174686920516642
0.3564843344097828
-0.3958163797267756
-0.1807213167687081
0.4273608566409742
0.6943549356932410
0.0778716165483809
0.7379411974579956
0.7795012465261907
-0.1725249371570516
0.4317025469413605
0.2387274897113859
-0.6538756092380502
-0.4801126666843086
1.7804271441265351
-1.7754703515341579
-1.9497956477078844
-1.3849493688869075
1.0332617211221311
0.2768056231895990
-0.8151816055307168
-0.0826718781231208
0.4479811239861597
-0.2814887894237523
-0.0051858695249877
1.4037356429679642
1.5715169143114709
0.1067321178855217
1.3397603761617056
0.0491452005556708
0.8786676687782431
0.0888910622684265
-0.8640020606741401
-1.7246974970507569
-0.6489372461217515
0.9356721358021057
0.6250057828273547
0.7230171905363942
-0.9018299939073140
-1.3130752536909962
0.2085038588979234
-1.0820841622730835
1.3846964618523188
-0.4194884648511312
1.5645067544022315
0.6458483763618238
2.0409616558084207
1.1229068436827092
-1.7959169874723806
0.3881680459093300
1.1324068373818299
-0.3771992056648312
-0.2376114470405424
1.2522974584336564
0.2280421920654460
0.3426996125764101
1.6029759674753570
0.0698570546949313
0.6601406102701303
-1.1365344969661331
-0.5368180949851502
1.0289974581772885
-0.3446557817395081
-0.5735771871766646
0.4799791878102505
-0.6311176896983177
-0.4813244379366160
0.2411109717180526
0.3246795017144504
-1.3711296203624654
-0.9674583360801278
1.5892947697259592
1.7069607510046862
-0.4189435817497201
1.3819101201198358
-0.4196707333284849
1.5512631084619548
1.6015088620314941
0.2441836874051834
1.7660322469261955
-0.8138755952172549
1.0994859294538151
0.0889839025760360
-0.2566748823662674
0.1220890171837878
-1.1144251526426141
0.6473471570971292
0.3522277352040848
2.2438824545522298
0.8765575302246799
0.3469883569043191
-1.5519411319730483
0.0668191263115169
-0.8009772729286826
1.8565423935650041
-0.3604311500152431
0.9569385409261650
0.1427554850630530
0.2806129181400630
-1.7804543821503060
-0.8239106227566471
0.4157360745375849
-1.0991316347887656
-0.2204142199751586
-0.3164301857707063
0.6605846460824459
1.2101781670925207
2.2186017430379295
-1.0670652984872180
-0.4907834548499479
-1.4195376990457080
2.8480290673292030
-1.1626500472164201
0.5766500065243854
-0.1513650304083908
1.5400306220361593
0.2015299827577416
-0.7185112850937327
0.6096306700959613
-1.5278365675075543
1.6656402760751969
-2.0856577230107258
1.2116832250604566
-1.7347134634168828
0.7525149075723241
-0.0350851749138401
-0.8298218574979207
-0.6023774073730551
0.3163094223557704
-0.2331627913726068
0.3330412322101881
1.5257924082951457
0.1501713103225452
-0.6581871610737060
-0.4462596507227492
-0.6299003875606279
1.5252831177662178
1.1669644191796595
0.1761670242408465
-0.1279374239768911
0.1770692703368729
-1.2603083106436646
-0.1341371278332778
1.3731249418962956
-1.2005811604058358
-0.6143646962266045
1.6195752654153173
0.8195718319407348
0.8429237476918735
0.6853567231128140
0.6130187861228136
0.4061751530450516
0.2338681767744935
0.6464779597633963
-0.7697220056811847
-0.6239150114873666
-0.1422179178578076
0.2453705814376914
-0.2170753579384473
-0.8158017464673758
0.3872432981233164
0.7565974672175766
1.1354775580546161
0.1861595321426360
-0.8273110729983477
0.0920674355484450
0.3660585209942485
0.1880405121176208
0.1874329307902864
1.0323106900242200
0.1018347371269457
-2.7037003948882576
0.1613420094097262
1.5356045954075255
1.0370986979806431
-0.1784308559992224
-1.2137360154440717
0.2701604559593365
