0.4591913714086173
1.3901935966734387
1.1216242588929186
-1.7133644065391260
-1.8863826965543835
-0.5374299764879421
1.4892171649163939
-0.9107289591069183
-1.0417424920834981
-0.4893667620762343
0.5561676638445667
-1.7748252291669531
0.7301476965179646
-0.7523664508695683
-0.2873200246424384
-1.6213035624503336
-0.4483789898765045
-2.0424932773158657
1.2912617536636841
-1.3308378930275775
-0.5452210085208133
-1.6775091107865934
-0.9564031424389642
0.5707597544248244
-2.3222943626789765
-0.4248220476385938
-0.6762597363179240
1.7169936145773457
0.8350547105470103
0.2850738286604813
0.7155883562061439
0.3314361934963150
-1.1897014087625080
-0.3606629539542984
-0.4922872980367138
1.5958445225454756
1.6026828773161841
-0.4086054346993848
0.8052656798919231
1.3579953592555463
0.2199533454719578
-0.6095934333186555
-0.6262534723058255
-0.7866584079570976
1.0380019385319821
0.0971921790376785
-0.1624932297071814
-1.4982214404766907
-0.8567059520033641
-1.2375809428291049
1.0575791418140590
-0.3843607044555647
1.5859887591984796
1.4764832657574558
-1.5323099149048331
2.6086126578827589
-1.6046189167322067
-2.1487208454019067
0.6538721033242232
0.7970236103934102
-1.4453855782903735
0.6243833854855334
0.5327360423150321
0.6361940938045383
-0.3509663350190302
-0.7905405414427696
-1.1861237085425709
0.1601247286081952
1.6493100595581889
-1.2411062222075882
0.8565723698926577
-1.0768916703680331
-0.2722424227506876
-0.6992780779122759
0.2581519098622743
1.0305380949865302
-1.8615245348208411
0.6221219334601649
-0.2485834027120267
2.0657156202727274
0.5156534244189396
-0.5210999601858475
-0.5067157567071759
-0.5415609049010557
-0.3693718301551426
-1.3457790258868538
-1.5126196830864316
-0.8630381570111900
-1.3204676631122130
-0.1800397308609665
0.2315929666503959
1.0364811342802176
-0.2636886483488409
0.3511894068198407
-0.8476448814161428
-0.0927834712238438
-0.9461406975361178
0.9706621537129957
0.4673576446010887
1.0947912372928383
-0.0480482417092591
0.3281779937895045
0.4778876064161331
-0.7864790392446162
-0.2202491403252035
0.3891351162317868
1.1599034376348460
0.5530633903276049
0.6780951298575002
1.2041865061707315
-0.8696665443148048
-0.5937908405908003
0.0070546586209987
1.0457627004482535
0.8231715028448223
0.4561241452151150
0.0741999960246279
-0.5468265975160870
0.2997617888402281
0.1409436920209933
-0.5294110421377640
-0.1697209467544690
-0.0952263584924086
-0.1527076355420471
0.3102813494746367
0.0933543253081819
-1.1732641388979497
-0.2841447066106288
-0.7018639709599112
0.7461796773546914
-0.1021338720261166
0.9399966405087565
0.0909132292914150
0.2896143496372795
-0.0586998211371152
0.1636461853724860
-1.6376786321430530
0.7933452949212999
0.5657402426264633
1.0482594721878424
0.7650080905472948
1.0411466831194647
-0.3676376136719546
0.2177990881121320
0.4111271732713521
0.8753938716657245
-0.1759575731387338
-0.5911965702776169
1.5270701660111912
-0.7581504148505576
-0.1227228824732750
0.1323854951391353
-0.4431518802779965
0.2216672612876971
-0.6371211695849494
0.4897746348948590
-0.4152953419160748
-1.0617724066708709
2.0441528831198510
0.0986435038237143
1.3908917257333857
0.1582952076353428
0.3667793871168089
0.3015018302816457
-1.7617545489431710
-1.0955042243067257
-1.2566753296549193
1.7106433421319092
0.6945919112480068
-0.5500714337096055
-0.8015676098955740
-0.5518770845206603
-0.1912528280598305
0.5842898009331233
-1.1645096381068074
-1.0064110448244310
-0.6923588050896031
1.5608885182549819
0.8566083458114477
-1.5460421005023606
1.2618969276688539
0.9938370451675806
-2.5009856353946041
-0.3868374472179648
-0.1484077338990960
-1.7668058914345190
-0.9425934776583722
-2.2751095453519552
-0.2850779685953003
-0.4742643394396154
-0.4413051856773204
-0.1323673569721436
0.8337649369136922
1.1729650483772969
-0.0507577448409751
0.8680115572166389
0.3206851674770172
-2.1223899547885159
-0.4926320756275607
-0.1111255213866177
-0.9963724959412076
3.3735017251700041
0.9808112843892078
-1.1990830670815882
0.2934625749137854
0.2159691910319291
0.8100799547837059
0.6349227644711694
0.9197626666122056
0.0947370142214535
0.6727054976122125
0.4005078329547836
-0.6156658186886377
-1.7667196810807628
1.8937822758385872
0.2812308450896711
-1.8217463356597210
1.1904864257993937
-0.3144278106367991
0.3549546534480114
-1.6046550852882406
0.5157489267792265
2.1029061121050838
0.6008088312331190
0.8809301455054680
-1.8666198085274563
0.9676859038757072
-0.0364121368685453
0.7939396751601147
-1.1615910070449864
-0.5459021492398212
-0.4420502865241162
-0.6588306845747147
0.7465433987383312
1.8194581378252515
-0.2214047131866602
-0.3752054828421099
-1.3491525793608152
1.1914099589035092
-1.3949051731455966
0.0661991109903753
-0.4326061299065488
-0.3821879293445569
0.9839686703725932
0.0611312081471482
-0.9917210422845362
0.2759615623407204
1.5787343188390068
0.3471657957109836
-0.9595353997436348
0.8857343486442091
-0.1201311256198643
0.1121618909825096
0.2783967130149695
0.8607726255344030
0.7605528889283499
1.2567746750417426
-1.3295539210594773
-0.2831166945545279
-0.4722719324183299
1.5236616387402135
0.0186152193226038
-0.1925920372963051
0.4043820518719345
0.9619161284961738
0.4494741100595945
1.1795979204208809
-0.2030943866756897
0.7320123542720057
-1.6798297839819523
-0.0892743830041275
0.5442249420079537
1.9233147332130798
0.7294959769066318
0.6540275521243029
-0.2101006354488105
0.3081660493772141
-0.1762863767582647
-0.4665140471250377
-0.1122360207541194
-0.3472022136849866
-0.7809285602606798
-0.6664965758188135
0.1097243181047688
-1.8521813405466427
0.0085586718560236
0.0877062594034802
-0.2856455199165034
-0.0271891760665927
-1.4581264986917404
0.1115571932884445
1.0119831335208069
-0.0571751060968322
0.6374458675555554
0.0545935956316989
-0.3965604575043291
1.4383526951099366
0.2711695008062262
-0.0042671357980633
0.5982470335245768
0.2956970650003720
0.5083261053777169
1.2152679724718138
1.8097667271062081
1.3778104962705093
0.4643017800097665
-0.7814953816918955
0.1435193501165641
0.7433012687609942
-1.5506511260545954
1.4126749707081838
0.9900126873025212
-0.1021871422494292
-0.6903352662800705
1.6736119111496206
-0.8600880840374280
-0.5568751114250428
1.1091690905679248
1.3279126470670537
-0.0378503798500267
-0.4402363119439269
0.4823982099833025
1.2292533439527882
0.4548794522451129
-1.1497898014080166
0.4143113226155321
0.2378962290188543
2.4620520478016421
-1.1340161535534141
-0.8377093254399044
0.0107957460871230
-0.4810426082339156
2.4469294471366245
0.2543662432495728
0.8910748063118830
0.6549088969649103
-0.9079959782693522
-0.3785946118722969
-0.5460891814669178
1.3590095176810770
0.9259196162613113
-1.2798083099626150
-0.5731385549342244
1.8504746957751701
1.4556629375184202
-0.1982434452498540
-0.2988593985512168
-0.7680871985062506
0.0810505893847280
1.5659111116306290
-0.0376236486283523
1.2424108704179737
0.4153144559110692
-0.0041139056600051
-1.3806801969283899
-0.1615835846375254
0.1328709023487220
0.1893213936244302
0.1403261757278799
0.0481774102415417
0.4962845361820538
-0.7402911315161106
-0.2574219046923418
1.1240139192061800
-0.0948485189053773
0.3799430821335765
0.0472970483193141
0.3132981197293400
-0.7211782248747507
0.4154341488878800
0.6269455359629817
-0.2487373632137417
1.0881928882416823
1.2955920030856638
1.4650915068116654
-1.3401948616735941
-0.8762788556826775
0.5694345686286565
-0.6287233108286404
0.8724117464657136
0.4124638839562998
-0.6173027125297954
1.0971119156352775
-0.0976549586292148
-0.7747588895317403
1.3569939087440979
0.0710502297988208
0.1177296102871535
-0.7880573168182657
-0.4740014563786998
-0.0396155824927771
0.4702164223976383
0.7570841096095583
1.1961098314774747
0.2562295290661359
0.2710546545539864
-1.1854538150839460
0.0336564647270300
-1.2027214317825061
-0.7493546456072108
1.5273026992518208
-1.2426956564687275
-1.4394386637950241
-0.6929943886880916
1.6022360837531302
1.1430860857656659
1.8282138724102321
-2.7620297258706636
0.1768668403730653
0.0859648168871730
0.4845094324492224
0.0732541004123652
0.1395954240848390
-0.3719237243862771
-1.3983028489949150
1.4749881546804375
0.7707870284536394
-0.3228083662651784
0.6360282362924707
-1.2323756005410769
-1.0788161211172793
-1.4435164435329104
-0.4464636564477246
0.4087513035188036
-0.6067383560124022
0.1239113428085820
-0.9032178941817431
0.7487634153713634
-0.4537771596804073
-1.4926321946818730
1.5990140290943446
-0.3818599787924875
-0.9399548813199816
0.7244795009134032
0.5039690763179828
-0.7102884009637557
1.0199548421728586
1.6674935106423663
0.3545610927656908
0.3005573296703040
-0.5417296975664024
-1.6945394555770537
0.0041388499190532
-1.0656943688828684
0.4554731205975092
1.6062948446146506
-0.2953868117352397
-0.4470544927145549
-0.8838800337797247
-0.7543772715807293
-0.4042892127686071
-0.0604024429017977
0.1522905905839120
0.6563671615504959
0.2668709858278917
0.4116825416605844
0.3698256333248898
-2.5657228631939386
-1.2590642549312090
-2.0726712181804556
-0.8596046628556937
0.4705659266152746
-0.7587268178960809
-0.0535370648628355
2.1417349114143058
-0.9573166785537996
2.4025924045400497
0.8689256202973684
-0.0355728863924429
-0.1279937183841999
0.4668832955969382
-0.5197540748189109
0.6869281703936788
-0.1216123588780098
0.9970391772138129
1.1579577140453525
-2.5731993547460990
-1.2841989811045915
0.1607047295497468
1.3036673105499572
-0.1347178399717820
0.0261355763893379
0.3866923403412912
-1.3303075284161066
0.2597722968988279
-0.8983635695705179
0.5288368146409191
1.4210929688701182
0.9260760921202867
-0.2926879200290727
-1.7630671434671452
0.9180171467621395
0.7881136382523035
-1.5530824783789439
-0.0364621450061417
0.5259590402708159
-0.3416692723868482
0.5079386475508990
0.0799330127764813
-0.8187854749253730
1.0224116898922815
-0.6649506913967353
0.1339603948301811
-2.4277902067300090
-0.9582653083612611
-0.8454461682929935
-1.5410085445849946
-0.8309838995144874
0.2742054149008424
-0.1258507304245482
2.6936801338828165
-1.0911368574554796
0.7425106427167025
1.3628079514160023
-0.0818871857154633
-0.8329178414471333
0.3107436374596564
0.7616483285938422
-0.8689320721375511
1.0521355379952435
1.2986550586427521
-0.7215596189806439
0.8321101885027006
-0.0268011360582471
0.1570349789744426
-0.9777139161075291
0.1883755905465797
-0.1157818183495895
-0.3124817516151346
-0.6352680001300959
0.4826632441365237
0.5018560403529027
0.5263231139870927
0.1202820267861845
0.0928002495604020
-1.2350002553498409
0.3066586587899365
-0.9624455191910629
-0.5791524865611316
-0.8246732861714300
-1.0130421170327999
-0.2642909049002813
1.5359658315883873
-2.3307613917803081
1.4957275187569792
-0.3925842911052800
0.2758726801734882
1.4635047991030008
1.9309665444201742
-0.8601449832221568
-0.1139551040934962
-2.1911107098172127
-0.9698347097657233
0.1787745254418124
-0.5397373409029229
-0.6418197983310946
0.6017171073029527
-0.8465854290473489
0.8866975087624673
-0.7856087622521670
-2.2511729469758537
0.6353501357413506
1.1764174839874182
-2.3678146508021585
0.7735412827682778
1.8723772870428717
-0.0461159983219480
0.3206696989324491
-1.6559612813229159
-0.3549920269851373
-0.4527719176627640
1.8595597655850487
-0.3428293970434503
-1.1684566832362038
0.0579911579625094
-0.8928124878370500
-1.4213709598368036
-2.1932003309253778
0.6615654283965903
-1.1770982786687363
2.2546946409523034
-0.2326554034640774
-0.0625077021864694
-0.0430987701696771
1.6819752334639713
0.2384830766251126
0.5862631806676534
0.7833821475270906
0.6337472702399650
-0.9672821250907582
0.5547065031356281
-2.0309206970095741
0.4755271030708354
-0.1972701499793704
-1.2662908087844240
0.6783955332293250
1.3834985409907685
-0.5590683083021022
0.1495664152986753
0.0426699481463449
1.7211938754117702
1.3815540185691810
-0.7455784564041987
1.6549880816432605
0.9876760391088221
0.0082287236544019
-0.3095204848972565
0.7055644057354266
0.2820857510171326
2.2766548215772442
0.0562010678779913
0.4930985821869990
0.3107269635321204
-1.1557994638908022
0.4087071372095610
0.2465135770048294
-1.3425747805981709
0.0363630292599569
1.1661734853955326
-0.5851855634880889
-0.1532003981658603
-0.5953084489680400
0.2695971144783357
0.4177920928818901
1.2439915422476302
-1.7803194018376742
-0.6452856926569561
-0.7819673773061613
-0.5991460902348222
-0.9581294066126900
0.0645445883564323
0.2069083245746391
-0.0601210646823657
0.2328184722398265
1.6941325111588013
-0.3428435877840829
-1.0013291333967242
-1.0188951286262045
-0.9784118926046591
1.0442133569789802
1.4239672162458756
-0.2845763819186253
-0.0440175748958922
0.1613624320930808
-0.1331207227204563
-1.5764328100048657
-1.7712712378325186
0.2899313654124659
0.4830653384779981
0.2627512404878724
-0.9611695147197731
0.3912622354019884
-0.0292488192957843
0.6790378245358031
1.0617292799709415
0.4225291245563409
-1.1319940864767641
-0.1495936460860962
0.4813564205174238
0.1531398033575850
-1.2001875470343997
-1.6023004228375375
0.7469589839103559
-2.2730071743269189
0.7191193324895713
1.0181443650814375
0.2874177064132249
0.3297676485074106
0.5104417476226456
-1.1634126566493230
0.2649711959301569
-0.2044651462954944
0.6722006077924854
-0.0625528377088522
0.1288456814628199
0.9110276442681261
1.5214507435575253
-0.6214793496967731
-0.8776346082103077
-0.0662399302069088
1.5451121182766550
-2.2666412380301786
-2.0044229044986626
0.3555503855582058
0.6040276332282977
0.4801568727848669
0.6711552088520368
-0.5194791679228871
0.6164252516384492
-0.4176812173452636
0.4779806185850095
1.2866263900082595
1.0634028480382804
-1.2666863432078224
-0.0088413370223443
0.0397301228280533
-0.2342742671429130
0.1036919521777128
0.5869035693978726
0.3920890436348894
-0.2707074807934932
1.1299387562688243
0.1740204072334145
-0.1957842654492259
-0.2599182543526611
0.1885242538935626
2.4444013876412884
0.2352605022061556
-0.8933504789266300
0.1677548975472746
1.1799819722162672
-1.0432930623457917
-1.6911858222381495
-0.7603820704293018
0.8476964284303972
-0.5617827725398099
0.8426529050512733
-0.1006657650944782
0.5281689513592535
0.7856857293786439
0.9503419473802523
0.6736365422966440
0.1120272932268585
-0.1837408201758519
1.0455348357021517
-0.4344966882120775
-0.2540288361805404
0.2667057321927144
-0.6652581834918346
-0.6323583857533143
2.6588812939499338
-0.6581758534546717
-1.0472192323431508
0.3271342841345193
-0.2517297485259900
2.3799990445666337
-0.1503198071950421
0.1854418263826222
-0.2970729105712838
-1.7266522711901802
-0.2703686654027919
0.9461885777054361
0.8867287933087302
2.0787640393664275
0.8034744261066139
-0.1598436001271153
0.4212526570966490
1.0178951338011843
-0.0763187624501937
-1.6291591517719468
-0.9964051112384903
0.0905059980576074
-1.0077316828786791
1.8724204275979897
0.5556555697507830
0.0949132204152949
2.1509411542487631
-0.3734609706105204
-0.1923435835277604
-0.8794828306035711
-0.9754718248404413
-0.1114254054085161
-0.4124636022092086
-0.9796249107754710
1.2638189086155824
-1.2077812476813732
1.2092562289230424
0.3202978409819032
1.1362483643727983
0.6602658920192164
0.6336596244706361
0.7520342859923965
-1.9065621912894186
-0.8994831357233393
-0.5787341495305751
0.6607246519443744
0.0063373779517105
0.2037699253018251
0.2341740776103746
-2.8691826459903971
-0.0715406599862321
-0.5935816043269130
-0.5672244650986152
-0.5267966745738057
1.8723395799140290
0.8198757753368564
1.3936078062322821
-0.6049340711571521
-0.7091760657406768
-0.5125295345662717
-1.2314871079006215
-0.8688019021125669
-0.3049394868365705
-0.0402675179664793
-1.1605060603590831
0.2406383606000757
0.2813550816037889
0.8228030964010871
1.0919797360398120
0.8761708453714976
2.3482033360060814
1.9697372194371319
0.6448744091347813
-0.0392408634969038
1.0705783904166060
-1.1516872478768627
0.5659730275170376
-0.5400856589457157
-0.9290079094283691
-0.7750559365433045
-0.4064079949720353
0.0213583408874337
-1.0072102008065145
-0.1944296399247589
1.2470659134490865
-0.0314180817187422
-0.5585824570816786
-0.6374625641970670
0.5902309010194280
0.3037033500712457
-1.2635959839910544
-0.8312238862434238
0.8141226191505595
-0.3422705276864068
1.3677309975138294
1.0006832000236288
0.7340232580137234
1.8794818260523976
-0.7907324170354959
0.1350396109748586
-0.1276112501751099
-0.1695071736445884
-0.4911620329297447
-0.0711672728569371
-0.2098639204133390
-1.1036412484354317
-0.5710683512193323
-0.3541036904223495
-0.8436103309845140
1.9242797239364540
0.1034213538162040
-0.0781404559043569
-0.0911721677039407
0.6759975174506002
-0.0179931102275377
-0.9127601286096776
0.4970876942854569
0.4981302457182810
1.4328532812367294
1.6075562739908047
1.8246907561888652
-0.3983055155334587
-0.9189259053235990
-0.4613354666702356
-0.8914898691042714
0.1219312003573918
-0.4774172608681131
-0.3246483582330417
0.4874475773010280
0.6018164118740739
0.2238074904767651
1.4337506064054291
-0.3140256669831707
-0.9730583592999854
-0.1135495098620855
0.0165618658209286
0.6051237910514597
1.1695368480371429
-0.4866161856676363
-0.1227817819081478
0.5105261866311460
-2.4808646247213542
0.3335926076041495
0.1747238089420866
-2.4857170681194081
0.6502543994984945
-0.4739689958755335
0.9838479786861984
-0.7484435931509490
-0.7962042290425082
-0.1491817739735609
-0.8597766584433874
-0.3198174734796546
-0.6799112493104744
0.2251141565571884
-0.8763987878054902
0.5899938806409133
0.1976741536266085
1.7677682020648375
-1.1510388189531178
-0.0516117270713824
0.7792083917047536
-0.0230591045288183
-0.0016382335722893
0.1491686993851446
0.2807223429509866
-1.5372130994051860
1.3330276900740632
-0.6907399532951769
-1.1102829486700274
0.4303370425255457
2.1438274881974957
1.1560001646921974
-1.9974237016323968
0.0407174138396907
-0.8627116740504672
1.0852257328958446
0.3905734069631818
0.2238464445289828
-0.6931492910394107
-0.9997865614620228
-1.0979109192138095
-0.8477683824906640
0.2345869628894352
-0.1353678509255208
0.1913809026807025
-0.2910050871907899
-0.6016492952197643
0.6786492317548105
0.4512721023742810
0.1578641658078712
1.3469747710624569
0.3007144697445320
0.8223705803811459
0.7131681200017946
0.0505693486714934
1.8034371624514254
1.4544819600262708
0.4905207514193188
-0.2212514920555714
-0.5557329881666174
-0.6687117224461770
1.7732574914989385
0.4648573548680258
0.6410608200318072
0.4036066063137306
-0.5594656260086428
1.0195850979995458
1.1413969985532131
1.5703740946665339
-0.6893751009535909
-0.2086065275786188
0.4596295119312370
0.0222590391717855
0.0273001498452477
0.9230267851794093
0.4291378917169520
0.8466962913457075
0.9275049253599974
1.0435444934829463
0.3410738099104213
-1.1792167208003610
0.6839435158663445
0.3200816014575109
1.0389614371425355
1.4800081265860672
-1.6146237994420281
0.7371854132299711
1.3415421413446722
-1.3232970026266311
0.6174543835681690
0.8838680476457630
-0.6736177507761307
-0.8955816008347754
1.0036863159337734
-0.6630920430791980
1.5203695074582448
-0.5102548599049377
-1.3561240521679054
1.4531571916466044
1.1527923256039641
-0.2060033011839331
1.2683459944224689
-0.5377424106242041
1.3721688802699821
-0.2772737630605224
0.1932445935227406
0.2826640540782027
-0.4705668140512065
0.3175204149398732
1.1779272536516781
0.1805187382646943
0.5003376570479795
0.9391021168496583
1.5060347432381247
-0.5273441768814562
0.0324108538098716
0.5899057096566382
1.8634205735419807
-1.3197368324658612
-1.2689390456971250
-1.2354679231418091
-1.1665576036166478
1.1073177089504098
-0.9954761870570960
-1.3341557026515680
-0.9362686786976366
0.7275954940673204
0.5652483456112816
-0.7518010854285344
