0.0600834496154050
1.2346897199515059
-0.6041679698446737
0.0620873455154546
1.1044859331790713
0.3042133008409022
-0.0578884561690597
1.9458439939940353
-0.5125063814630949
0.7958657159029536
0.5846086863247596
0.3922323433526005
-1.2960316752533556
0.6490826857940251
-1.2308585948646209
-1.2017101616616619
0.0831039318397346
0.5013344699763748
-0.7396105523547434
1.5195501700706719
-0.0546697225137331
1.5091253786231671
0.2429908220701331
-0.8090513975506656
0.6381872635232886
0.6318027828091395
0.4409020616506760
0.3825197958534131
0.8621231700076184
0.3867643694868974
-0.1015689920091878
-0.6771129647770727
-0.3016085007844343
0.6038490624571073
1.1202921454299422
0.3347823692886861
0.0795832607783317
-1.1140690880948250
-0.2881568734005275
-0.0854497515500524
-1.2150601840785928
-0.9827775970968053
0.8056542739037693
0.5802607679050277
-1.8943799754068444
0.5309587711665519
0.1584183579619990
1.4457207985740153
-0.8280143029046304
-2.0484081834968677
-0.1199997598222562
0.4137341540442370
0.7457540226842864
-1.7098039147273680
0.6403459638534598
1.0965459700529407
0.2998588023514099
-1.7976740464875016
0.8501571154354073
0.1204894661933489
-0.5352114902832668
-0.3700400999999049
-0.1545843765299225
-0.2773615182899332
1.5667319967007776
1.3425014067192433
-0.4048537689031436
0.0048757461703921
-1.2378106854615849
0.1354673845265791
0.3869888524856631
-1.2891790240401038
-0.3847592842306700
0.1267449023501316
0.2338996094426699
-0.8199142881362467
-0.7426175385914681
0.6224633021454741
-1.3338084992211057
-0.6605100833314890
1.1249903009412816
-0.0552358969512263
0.5286349115777086
-0.2296320456640270
0.1125213463235483
0.8999249858266358
0.2803185427939537
0.4704363794813564
0.0038832009035048
-0.5289465094538788
0.2853238016055911
-0.3722362840687485
-0.4257703290340626
-0.0195583533001543
1.9684802942793203
0.1045316891606299
-0.4219987522576470
0.4230480335754682
0.9006021247752067
-0.1834318478925985
0.8132374591804921
-0.4270614876548194
0.2818036005235437
-0.6878040017168662
0.3252315557720391
1.3680765161740238
0.6281291347385617
0.5389421139536308
-0.7665000374941958
3.0171525838842728
0.0439108663814581
-0.4505017656887267
-0.8861136647060348
-0.2133220601099673
0.8177488051599989
0.0767339420709067
0.3931259676745268
-1.0312925191800979
-0.5837375188528956
1.3994138291940170
-0.6552378191039928
-0.3219134181589383
1.6566766528684926
0.2957901756736085
1.0708818594706333
0.5844883781022360
0.1062004299816857
1.7830973617933552
0.9879593350760705
-0.2456333696196347
0.7623514999243461
-0.0507308919929615
-0.1853679565082616
-0.6605888305952172
-1.8016704838391286
0.5018856769702009
-0.6768854836595458
0.2225143729089221
-0.4542686424184427
1.3010638479653076
-1.1400963954040837
-1.3364960871949838
0.2774999599924100
-1.0248248896979792
-0.2608191033073193
-1.4240621965905056
-0.0220124169316257
0.0302398152766672
0.2007858678607011
0.1390662836234540
0.0612253440107802
-1.3791625742186444
0.0903765930161511
-0.2507481793625222
-1.1522949503298068
0.7755568046152035
0.1604500668253158
0.7437755993264066
0.8255243568567732
0.2134488780203102
-0.2040113065512619
1.1067618779381900
-0.0117913526715054
-0.7379435217755570
-1.6491163086072469
0.4773500598752283
-1.1790637783905340
0.2862311419018133
2.1713500960693444
-0.2767692482815998
-0.8327629591279508
-0.0450453091881030
-0.3164743492891626
-0.4256960320140857
-0.1959278752714281
0.9401745214687427
-0.4692460995985407
-1.1838041679744711
1.5712763812413770
0.2784226171676580
-1.0693637304450183
-2.7246991804695306
-0.7760577239062323
-1.8984230128199171
0.4594906920365047
0.3318773253317403
1.4199862553397913
0.4324021317934523
-1.8652010337494027
1.5978394238649776
1.0238554430333895
1.9515254801081561
-0.9720025989220042
1.1157249765689277
2.3931530120055120
-1.0620818974446073
-0.1393885051742667
0.0545355880054594
-0.2437252544781844
-0.1728394479436709
-1.0248050558669304
-0.3066187242649878
1.0188255666311257
1.5358033301844793
-0.6997255940126264
0.6488473773968706
0.9617560254153243
-0.6000806457342382
0.2366871634310585
0.5388871636955945
0.9762875529150755
0.3822616238070020
-0.3985249841097174
1.0382748640145514
-1.1413185785422717
1.0298183168306079
0.4869843022468366
1.9876429349365157
0.5739902562079316
-0.0450951699694346
1.0828181336213814
1.4721749916987412
-0.1166461572097343
-1.4873681002631804
-1.4138976086038857
0.5554589838559574
-1.6461852829062371
-1.0532037284072751
-0.3225121736084294
0.1475823155454150
0.1599189807136256
-0.4863838611493695
-0.6398117954204816
0.0964649586110115
-1.1633752888434075
-0.2837009430562988
0.2693620631952756
2.8364477967828097
0.7411559163041235
0.3451233404233394
-0.6722746393034100
1.2615466619026325
0.9154913101540285
0.2294747894911509
-1.4309707608666633
0.7268102625083102
-0.3174167167258115
-0.0523035751230328
-0.1896889718474291
0.0372074023569238
-0.2792926540296106
-0.0327843743955291
2.2408923516141948
0.1891409238008969
1.0312476817359992
-1.0859850335285750
-1.1351659805346290
-0.3801467199946941
-0.9237961688661214
0.1224462451058092
1.4272599836983384
1.7195723193084864
1.1601360845054201
0.3526861168068964
-0.9463411987155388
1.2644175351947802
-0.7607346564028118
0.6575661268916816
-0.5760104872062923
-0.0765380729475845
-1.4458082119444540
-1.6687273457913143
0.1073247491360653
0.4394580605169678
0.4733225523709800
-0.4701879667919717
0.2161881856661992
-1.8919412552302723
0.3749803998437273
-1.1275601258059993
0.2530226950626081
-0.9266982955464896
-0.5488277474178700
1.0401527278690501
0.0542673034425519
0.4595081809296262
-0.6100683724429027
0.5154151612343263
1.6875359012520081
1.4792210699236350
0.1829745293995677
-0.8799061163997214
-0.0509829224179718
0.3655910627027178
0.6761699597133938
-0.9660241848471257
-1.0995795111644455
-1.1469203417727323
1.5466501488314184
-0.2767814115382844
1.8789308746238802
0.0595252952547326
1.6130569668714587
0.9882268308294694
0.6908209103603197
-0.3224562366085460
1.2761799565080256
-0.8631491182831723
1.0243970965426294
-1.3363162134506115
-0.2015633183324238
-1.2825230129467831
0.5549910370112329
1.1673451827892867
-1.9395263575409303
0.9797261385159134
1.2160501490818116
0.3557658445742793
-0.0271616786350509
0.8055249591896887
1.8266411655360761
1.5083387952136325
-0.4093264535976999
0.5069177810536802
0.8364325525474767
-0.4630930147760508
0.1215617514140292
0.2802560051132060
-1.5334006311639896
-0.3297520874176006
0.8094139450496043
0.3703704255181304
-1.5262330224824372
0.8704641480835020
-1.7376447827276260
-0.8218143093362490
0.9388601171041122
-1.4737907136791379
0.5053407230862501
-0.1543543822838044
-0.0405257036979223
-0.9830000106236794
-1.7423014315253982
-0.4983246430286351
-2.1025207496928395
-0.6160997371770558
1.7597385873598117
-0.8685008727197471
1.7104101386383466
2.4973232245820616
0.7875719041860487
0.1425613931408360
-2.2557582316628908
1.0426693579683266
1.9687174955179323
1.3607154693065988
-0.0379922583255375
-0.4620603932356984
-0.9853925930891558
1.5935494611664394
-0.0594370319229479
-0.2590135095348721
1.0777880246465825
-0.4117303516391698
-0.3625911409353095
0.3442714493342814
-1.6804505978346755
0.5921963066075375
1.2522921321146498
0.3701055105968054
0.9179373313533086
0.8500819377868600
0.6489149460064041
-0.0945020810820722
1.6473393449314180
-0.7027061432692363
0.8210609277752248
-0.1499217445275579
-0.3346482984261463
-0.0239052478230105
-1.0193863903152260
0.2407377701592031
-1.0471338864968476
-1.3113085525026031
-0.0154914652702274
0.1747958881241133
-2.0086633446080029
0.6777662252583877
-0.0553154857354151
0.2853271864801302
0.1796729157267818
0.0909571843021687
0.4028045813514010
-0.0084425907277311
-0.5938214864287695
-0.3216290861405250
1.5477700698404731
1.0558147563861924
-0.8978185639659402
0.2674297428431912
-1.8209057608643402
1.1616566437788660
-0.1013630862621911
-1.3169188928921567
-2.0201240820433402
0.0500674424902480
-0.2693650247625108
-0.3975440430131941
0.2266352647657558
0.0882698142639235
-0.2008344732369288
0.9301060102860415
-0.6668338883282416
0.2030864848801587
0.1963408884785879
0.3097821194400186
2.2221607408463782
1.4040395648399309
-0.1397521056199517
-1.8039434078046204
-2.2246585335081921
0.7505270943329929
1.4680197668140955
-0.9503076870813604
-0.4591267093494695
0.2303122891561483
0.9353585970501980
-1.3557743672234897
-0.4124570220944410
0.8760087505077316
0.5038520780731890
2.1466303974258256
-0.5179734768038028
-0.9336975278506912
0.6970348180439073
-0.6975401833463866
-0.1969336673963795
-0.6239983709732077
0.8502749482064444
0.7571461139087944
-0.0909993584943092
-1.1716351815333192
-0.0610399830977499
-0.8698443131739585
1.5713404048203592
-1.0093772563051213
-1.2816372229600907
-0.6454935965002914
-0.7448486474698200
0.5549184367089820
-1.1962596312047837
-0.7020691723352684
-0.3559334782885029
0.5705678094297996
-1.1532553245710007
1.5468495173361139
0.6420544141407134
-1.0534708115820259
1.5254632239507766
1.1155503252560985
0.2589517636775869
1.2774770507117885
0.4580393465950325
-0.9533266305115886
-0.2262908557471031
-2.7160103073823252
-2.4316495501326836
2.2017386058425257
-1.3972821174176862
-0.9873456904391640
0.4219164778664070
-2.2440806720156732
-0.9153545825811991
0.0833376098022866
-2.4641543422833521
0.2198518594099867
0.9072976395099708
0.6174474120525598
-0.1512505930485841
0.6942004330327657
0.8529243642981080
-1.1352210268702556
-0.2614676132311212
1.0293238831488416
-1.2253409395749919
-1.2991702105207625
0.6749019317878540
2.4548498436360462
-0.8615925716520250
-0.5448665958526576
-0.1352967850255862
-0.2539965475619188
0.2120018394970878
-0.1136713822858807
0.5024808341674323
1.0255978711428853
0.8587468164013267
-1.4346736055918523
0.9080971771835562
-1.0736594027532991
-0.3118862336837301
0.6943045729698920
-1.7236521708207415
0.4177684126686214
0.5337761793633826
-0.4759636640266960
0.0350756283099398
0.1140969900843059
-0.7817969255360468
-1.0719915199441905
0.3169284562054251
-0.6146767517137577
-1.6473991451985295
0.3058469872277620
0.8728302388118570
-0.0327137067787290
-1.1753666025503731
-0.9748484563931932
0.9563495527724297
1.0041688171331318
-0.7419723677937666
-0.3430669050679207
1.5613464404569186
0.9746091269712581
-1.3701661072438760
-0.7072299955175514
0.8498270905245817
-0.9344826685757153
0.4671454400084958
1.3680880425398887
-2.4468761495713105
-0.5385403771455171
-2.0302680428113113
-0.0505052619857068
-0.0579438468382048
0.5303185759076704
-0.4091919985207383
0.6625358955574037
0.5448610567447454
0.3738410291428826
-1.6305952134879913
1.0164740736232742
-0.2803791036483271
0.7174785489337486
-2.8381097249622544
-0.6595305274282255
1.4668213425427881
-0.1190312268077673
-0.9796920113372729
1.0949977165141682
-1.0162471854564026
0.0601021623134255
0.7404248250925016
0.5513940671974871
0.9945283245428812
0.4531129275464562
-0.1095757823442355
0.5551386206065957
-1.7156019942526464
0.2733033484320718
0.5123663297927898
0.4086072438618837
0.5743335617418353
0.0592525037830893
1.0141371073555994
0.5486073355541741
-1.6623362683879457
-0.0259488609036555
2.0012289208370233
-0.0091759719094657
0.4351164154307722
-0.1507058523882634
0.4479612355638954
-1.4762636565594747
-0.7785968486072226
1.0605096940081014
0.2407839204569503
-1.2915879829226866
-1.6927625722589084
-0.6418820922464035
-1.4017810262364168
0.0633375004754029
0.3297349461571177
0.0700764330031749
-0.2865386881438132
1.5744387730734908
0.1205176413685418
0.7308234904773599
1.3621590612791892
0.3330103628248203
-0.1375177724279374
0.4952427618473607
0.1622598202493081
-0.0164477035403692
1.9930587111798466
-0.1706710498140240
-1.2437797752528441
0.0520091528237002
-2.0759553002141655
0.2180386946600959
-0.7481023136165367
0.4431094159421215
-0.1835540255971848
0.1886966436126236
0.7952516991621729
0.2799668740661169
-0.7565733687474598
0.2275594553939865
-1.6684283409475718
0.3446404312928496
-0.0500751468274331
0.0789152038072805
-0.5138755211222812
-0.5536510713194716
0.6355592522946215
0.0471273775875013
-0.2410439584571848
0.4903118433212577
-1.0958302003883780
0.0285502737429257
-0.0524009846438371
0.3648045342604357
-0.6951282209361003
-0.1610275440254771
-0.1002918720135154
-0.8031208632780664
-2.7232354045796296
1.3043970256645885
0.1930152250967281
0.2658733642975293
-0.6063833535740301
-0.5100445215815408
-1.3538705946886327
0.2918079600850134
-1.6411531536372612
1.7388503086911820
-0.9183171894718870
-1.2383111329648995
1.8708870377327214
1.2578708963601581
-0.4683617240284364
1.0630237726026215
-0.4074376236769278
0.4164637291996921
1.0023179938516138
0.0445265299504442
-0.2934958742643285
0.9409982033373591
0.4876958204300167
0.4500543130114397
-0.9612065132155262
-1.1953751930777967
-0.8498150867893919
-1.0749819486328893
0.1077766532890349
-0.4293739373206619
0.5828277434291149
-0.7794436194781389
-0.2990442182511971
-0.4151264512011426
-0.7601283174944953
0.8905193324169992
-0.2946151580529556
0.2219309766478983
-0.1543590686174947
1.1217803202893466
-0.0321602054670454
-0.3544467773391010
1.2163081653638772
0.3809226528739927
0.5610229774706811
2.1246422503679723
-0.2076808882701724
0.2126645863656769
-0.6114758021724984
-0.3398289535149084
-0.6153970666592600
1.4872995785141203
-0.0650881673103671
0.2268590076590978
-1.6624650323252776
-0.5674233111903469
0.9251782559609593
-1.7109813117723460
2.2972615549111386
0.7443137103758748
0.3002310406536638
-1.3965627106824550
0.5028883234179179
-0.2003705054909619
0.2186592358555527
-2.3128144291994941
-0.9035454331308760
-0.8398543164065493
-0.2344830560890878
-0.2309293019774313
0.2083844900240121
-0.5859942043085637
0.7226343762706988
-1.0134295173030738
0.6423141672033922
-0.8945449980070381
-0.9441823822083993
1.9148553783330373
0.1490199651624380
-0.4163056944242625
0.5760568042030900
0.4030965070122957
0.8345552587640858
0.0606139191198902
-1.1191802299542377
0.1021977816206651
1.0943469299194144
-0.1833551230723308
-0.6743334037658479
-0.0088458682473450
1.2033330072318824
-0.5941870747650765
0.7225866635994891
1.2097570132429976
0.3464888332991560
0.0682398093517027
0.4595749259447748
-1.7725402296192418
-0.8810515254298613
0.8717012772184417
-0.8376745127133229
-0.0896346755316263
-0.8798579151291831
-0.7736347465157453
1.7813826155812458
0.2436848511819489
1.0611167113329849
0.1485370607799760
-1.1754860447574893
0.1936741790726235
1.0620828409163925
-0.8565144070626891
0.3184172068701326
-0.2830212491080678
-0.2874772508586754
1.1305615981035846
1.2130023409276691
-1.1160401359267145
-0.6743304310205610
2.1995266905158619
1.1537901853723671
0.2602054726730063
-0.5469533147260343
-0.5404583825047652
1.4629960773002662
0.4373502212758428
0.2441874021477473
-0.9180183420011168
0.3610871997167021
2.8830532534059103
0.0624762864814098
0.7735800796573862
0.2483778792861353
0.4403016429774630
-1.9928636980537995
-0.6467570670308850
-1.3105894146892554
-0.3457433961880307
-0.5655429533274594
1.2690562826262086
0.2853475190009592
1.4634669579539628
-1.5538942559018687
-1.4658749320652811
-0.7419112198108296
1.3631050446946333
0.1570979593082941
-0.0091046651629739
-0.6169694478130472
-0.6127945973898661
-0.4126559280134802
-0.2409907684126448
1.8935227870160929
-0.0896081406993766
-1.0374479115427357
-0.4463825602644289
-0.6442504492519813
1.2260465385320771
2.5848838263121952
0.9883940203714572
-0.5081337376846455
-0.3602627303347666
1.7310310060578051
0.0153037039060857
0.3159365961716641
1.3368798708436764
1.6354680097254166
-0.2621219427316059
0.6851338366270232
0.5086540449654330
-0.0525841113550894
-1.1988616918494062
0.5979745341383078
1.2282763756882094
-0.8814700721825395
0.5898641643609842
0.7021424419172232
-0.5895493145056018
-0.9009866321249120
-0.1275837194599748
1.3506174888647742
-0.8801313957856127
2.1970047866010480
1.2074544707014472
1.3656709615754041
-0.7267968617384325
0.1060282920362010
-1.4498651602343564
1.1630258088688643
-1.1821466926100590
-0.1934349498802849
0.7791479501633212
-0.0568866279876623
0.9150632769228757
-1.4424552089185416
-0.5329634787838128
0.8055434522315015
-0.5040615421515248
0.6959191736185786
0.2168723847961480
-0.7786569934478932
1.0193383533027602
0.6473837404441662
-0.3433886102910597
-1.5023239448324968
0.4705744303331216
0.1316527022090035
-0.9273017730743159
-0.2172155417397936
-0.4600907324001632
0.9943100470916584
0.0096874797032784
-0.4084111980262859
-0.7599104435434956
-0.6010743588504806
0.2046643727967083
0.1543696474633673
-0.1441683889051539
-1.0533302556626039
0.7890907961618947
0.7739825358153578
-1.5419184709639973
0.8239480592748406
1.5142549109555923
-0.3138404150931576
0.3648560116123080
-1.5130479766947289
0.1115505914110123
-0.3454101625831282
-0.6035658224566205
0.4366875360753354
0.4886132835819195
0.3701908207088925
0.7036448515845772
-0.6824743810719216
-1.3191553517492427
-0.6795775810456713
0.5210881921056036
0.0998488158158553
0.9858911014360026
-0.0738115936652858
1.1105048347789994
0.8165230271252161
-1.3174465525240104
0.5533511883362977
0.6776542016744470
-0.7241800891002149
0.6863974488964260
-0.4706457038784703
0.0076948271172931
-1.6484549032157712
1.1632606369184790
-1.6289399584895070
1.3994091230192418
1.5583563384900871
-1.1393605149295427
1.3530130243998209
0.6980201036643493
0.9959614776091830
-1.1181507180893440
-0.9043125624326287
-0.7241779376339991
1.3127458651166064
0.9481304194072908
1.1264166641572111
1.2050800624113429
0.7874069493550970
0.7398005532435895
0.2597665458498091
-0.6788803483906773
0.4957922334750949
1.3900108399449527
1.2343078495584918
0.5125498575863267
1.8537237011709096
-1.5845183539894052
-0.3009140569315478
-0.4235487602221722
-0.5736460698144754
0.1832848164859486
-1.3872153920299803
-0.9378674449317905
-0.4808745034392114
0.5443214904583399
0.3337257175490810
-0.4249917437833085
0.2791135541383295
0.3908224675609328
0.0324481668907128
1.5018841126294791
-0.5089773360475901
0.5204459340133974
0.2688728865742226
-0.2628128405598035
-0.3865651105869454
-0.3826636898706751
-0.0456062785070447
0.4433271760402724
0.7601392010215563
-2.3685073152076472
0.4857852852851129
1.3101745449500242
1.8994443199131479
-1.1657340992449261
0.5303795157420008
0.1081567609763155
0.0073509291403227
-1.4392175509369405
-0.1004895133229911
-0.8018486293510063
1.0142128823742609
0.6933005593713770
-0.4551286342471715
-1.2472431161655764
0.9889844182973506
0.7348675651688270
0.6362845948231157
-0.2917374120812708
-0.8800202335785556
2.0456550843254675
0.7955526605864087
-0.5622453215587113
-1.5063789973364834
0.8646441350730513
2.2333413268377091
2.1506659530520951
3.5516640163149962
0.8872971891612764
0.0151870982152976
-0.1518696223395053
1.3135643743083307
-0.4825340078912838
0.8160308921286482
2.0171060268271113
-2.1503630076498013
-1.3070724443449646
1.3804927649668324
0.6951794057946948
-0.2160251719486720
0.2752578246615666
0.2488764423414944
-1.4717803402290097
-0.8095765007025960
0.3279626784646469
0.6840058904031883
0.4403886356163897
1.2908432130465013
-0.5691887087858013
0.3995425366874809
-1.1399473781523095
-0.4164922905744692
2.6466286919333228
-0.8510349442160259
-0.7458501601605234
-0.0876609191592237
1.2493379585966211
-1.4681506954963011
0.0567030412741244
2.5663038452284708
-0.4023370094698109
0.1634526281381046
-1.3003618058229771
-0.6234209369134698
1.0438153147333209
-0.6799425557731735
2.2792440543370849
-0.7331209830645928
0.5681036537442637
0.4804938639149199
0.4230514966351855
-0.9675989883929222
-0.0787114381397278
-0.2139562311305425
-0.9468350256740596
