-0.8827834241491045
-0.9398180187765810
-4.3553720158282001
0.5450646607258273
-3.6595177683786546
-0.5790570775833170
4.4344822743291727
-1.2973009416969463
-0.3917480849726281
1.0820345370193150
-1.4767352280688570
2.5177298317421646
-0.1393670264234905
3.3656883417877710
-3.4595271813555972
-3.6965749673999908
-3.8293116893714534
-8.1131285656886760
0.4021212579196488
-3.3287282340741946
-0.0441749106827373
-4.3798118110110078
-1.8031426207274583
-1.3279478769923516
-0.2656185028493104
-1.5134664655747949
0.6361332779699820
3.5332662594675290
-2.2557885011881686
-1.6328095361580413
4.3545174268422606
-3.1375676580288827
-2.2957298941233293
-0.4091392068312226
-2.3215935014780875
-4.1624282166884612
3.9884246063288091
-1.0564689327749111
-1.6635788570488781
4.3865254614653173
-5.4195995185317658
0.0666775771691248
-8.5458057899344730
-4.3599367468598240
-3.7908910933116209
-5.7419952749900833
0.0305474469909854
-2.4918903775813641
-3.9443277590697825
-3.6220341591654401
-0.6151463161450137
-3.4952159638893718
-4.0920403265652094
-0.1343552929837557
0.1082158449892326
-2.1544227653703141
1.2374931108460179
-2.9377027385382735
-2.0355410151023929
-0.8610588372367578
2.0191282960204173
-1.5679607923426087
-2.8255717487791365
-3.0826354629168597
-1.0756251023932426
-1.2215816633614427
-4.1286352965768440
-0.8178782858775652
-0.2814485012558501
-5.3228063802459085
-2.3980252984877355
-4.8891817485969717
-0.1715721106446152
-2.9764757092998368
4.6417150508621638
2.9217522626563537
-0.4687907042287919
-0.5522408248654800
-4.7559661697521971
-0.0933780634603220
-4.2014905059311083
-2.0748595593140462
-0.9168596562258469
-3.4583038622398203
-4.9377762131694567
-2.2664511105326053
-1.4834895802262540
-5.3273151316638296
-3.8281839507894171
-2.4939543340275998
-1.6420404404417464
-1.9666123370614159
-3.9285857182823967
2.5657549550235381
-1.0182815114397361
2.7725090009180327
-2.6525936535769405
2.1762649506034903
-3.4098409625920945
-7.8099648456458723
0.3557281461001734
-0.7941780657917409
2.8376793624305492
-3.3375145976094291
-0.9864205703716826
1.8295789833265936
3.9756777029134689
3.9583355092098222
-2.0053790858455849
-2.0499772787741044
0.3527317508343910
-2.1060352901819241
-0.1889346137722066
-6.0967414519418703
-4.1498191801897075
-1.8507281224598497
0.7810921179681463
-0.6928600227923395
-0.6386171297586430
-0.8626775447801464
-2.4984161701106240
-1.1227570793434292
-6.3616448822060905
-2.9472206560063103
-3.2270348950297372
2.0058052624061746
0.9804169550272924
-0.1540558136440756
-1.1720901574431655
-1.9660918757619643
1.4396291240758037
3.1027837477953919
2.7189415236738297
-0.6707757633429139
-3.3436795812732623
2.6426346094997766
-4.3067932399971811
-4.6804502865253363
-2.0788870059183009
-2.4653128129617619
-3.0472842969669678
4.6218521486852833
-2.5059050318982363
1.1380170056725873
-0.2636483816983093
-4.3817699254725611
-2.2282996519472644
-5.2822187216926508
-3.4845801153811662
-4.9665867979764000
-4.2425498641060706
-1.5302222063741771
-1.5356048973808030
-0.8422233507190600
-4.0315949552679973
0.0088445964230168
-3.6776952817115163
-1.0901313297606114
-0.3139003109715022
-1.4601594121696970
-5.1424210623292854
-6.7506031663570694
-0.5782138893939592
2.9932299974341188
1.0078489057147213
3.5665283074693277
-3.1836986491456867
-0.1655103960951089
6.5532741188623298
0.0408850791497346
-2.8970393424823992
-0.1816204897855308
-3.6446316814860413
-1.1835613591667318
-0.4318646865714246
-1.3547358781468897
0.0005445360270180
0.4294443707564297
0.0187628799613966
-1.0871818447549726
0.9033664734146528
-5.4325330615107728
-2.1649501099453214
-5.7006202500129639
-5.5240399388869150
-3.7880450251859212
0.1234698767949073
-2.6117458500498634
-2.7184427986857447
-4.0852586635003592
-1.0816988080377974
-2.9938305848199107
-5.8611633418377256
-1.7574787189176542
2.2307823332436150
-0.0900959511496849
-3.6509517131211684
-2.8718309260511079
-3.4130015763490329
5.3247962167666101
-1.9744889331464326
-2.9911463924522566
1.3848686548800013
2.3837096768324226
2.4273342071654671
-0.1805317578637315
-5.4582513315955765
-2.5825190849418629
1.8526406423224513
-2.5887968892932021
0.2472723647236494
2.4581558505897716
0.4817691306802705
-2.1614407721226088
-0.6059894265039792
-4.2944290737932063
-3.4451379257510530
-7.9847795176225480
-6.4704107986578210
-4.6934512520620970
-2.7028095853036835
3.6773048109590487
1.1595771069276670
-2.9200597523035849
-4.8225557438807272
-1.5030891950599370
-0.0259865429578537
-2.3253661743601191
-1.0190506080533503
-5.5081331734769972
-0.0633423180090211
-1.2466925295335625
0.0355011966813397
-1.3596759946412451
-0.0902591387469347
-0.4639952332251467
-3.9651106690889573
-0.2547252584322267
-0.8584483026736833
0.1142843985405323
-3.7131267713322615
-0.2675817315679717
-0.1326013008221250
-0.5374478315976069
-4.7690842855709290
2.9094886920797522
1.5339562344638786
-2.9585840288156540
-6.9673790788466938
-2.5929422647298890
-0.1891368260536506
-3.4068964524545109
-0.3232318279089748
-3.0693837144313370
-0.0303541365505250
7.6707967670199153
0.2453967940716379
-5.3725505533049445
2.5033871914570107
-1.6308574901771926
-3.5245961553873411
5.9256255854521429
-2.4067918622097184
-0.8861209335570116
-4.0594920074043097
-0.6658384075338497
-0.5242941969666520
-2.0575770543776328
-3.5948104280408621
-0.7039872395204143
-7.1771933289789951
-3.5093638421857380
0.3266113837631786
-2.1587842448462125
4.1694308910261801
-0.4310492659721166
-3.9592721524460788
-1.0002469854070424
-3.1994079037347634
-0.9250423719227050
-0.8646609040518981
-1.9865037245443105
-0.1105259894124965
-2.3173172902160886
2.9202419851123773
-1.1829234794505938
-2.1395983057247747
0.0666222601460997
-1.1350391741618551
0.2750038954829207
-1.2928031626152461
-2.2786689100881339
5.5893468851541677
1.9402841344216943
-0.0226210939880810
-0.7032603404451827
-2.9414060653984389
2.6630426038355890
1.4294395118564240
0.0545004094843299
-5.2808176212680458
-1.6697884406545620
-3.9213936455972598
-0.2183827206468040
-1.1204777369182821
-0.8679801739483369
-2.0225091795972272
-3.1155008171394631
4.8228954478004651
1.7254662403946102
-0.2765165772753672
-1.7402711412845071
-2.2434643680460074
-2.3510774168380908
-1.3267098089729965
3.5345730339642270
-2.6739690669423153
2.6563232312198455
-0.1361017381553447
-0.5196882903998419
-2.1263941526179120
-3.7125271179292283
-0.4992750775907244
-1.5218703542652998
-0.4305591918194774
-5.4091919961621162
-5.6331313571830375
-2.7717022394447657
-4.2818712050849062
-2.0953463723653840
-1.8742049623907224
-1.1676567299472367
-4.3628066517713497
-1.8112482837330093
5.7716379048865942
-3.5068822520020526
1.8609666111800720
-3.0842748092883556
-0.7563810309852107
-5.6550309540064445
-2.5716935337638618
-0.7288259550179915
-3.9064253177721886
-4.1272482429071378
5.4812087798843852
0.5217314522096302
-0.7478828711889087
-0.8858109246516817
3.9457557713982272
4.9398311035874043
-2.4070404646251546
-2.7490389096927408
-3.3667144501778918
0.9057913463356377
-2.0614620658046299
4.3107194456385471
-2.9028959598679918
-0.2053272776760495
-1.4938497224356162
-2.7395277068222077
0.4391048230635559
-1.2113394632810064
-1.2200535084374811
-0.5361838908407623
0.4920482349855104
-0.7442165075610817
-1.7971202989242316
-0.6986405947173977
-0.1016460357180893
1.7095158768204719
-1.2684058195434653
-1.8951268557856382
-0.0469050999220520
-1.6944635510822712
-0.3557683707103318
0.1011306799738884
-0.9102279629378371
3.9828515623735061
-5.2910476560516013
-4.2449141050756882
-3.5044491261620183
0.3265989280428205
-2.0315569822826580
-0.4406774151093055
1.0881500695099042
-0.4875627458210977
-1.6169077833530103
-0.4883894577456377
-0.5858367281251254
3.9382242009277126
-1.8404322584547284
-1.4470485586818707
-4.3638151539579138
-0.2703083165305094
-0.4591933274771394
1.5754348318428417
0.1300582245944366
-1.1677178717019929
1.9474423219439589
-2.7511268306720993
-2.6730984467913954
-6.2043128569140897
-3.3801174707057808
-5.9447977643432557
0.6258052015584473
0.1485845628843812
-6.6841632601224843
0.5211301424674104
-2.6406435445065179
-1.0624339298274164
-0.5085618828641806
-5.0442830659287550
1.3271968439860529
-1.7454587591569737
-3.7202209745228147
-5.5320355435824027
-1.6594193042906926
-3.6671211867078859
-1.4018354481037389
0.7855655536850126
-2.1359223764789110
-2.3164669167498477
0.2861759850810063
-0.0956331926480711
-6.4350488697446835
5.2679658520814838
0.8932902472685427
0.8085547874822491
-2.3261900930499499
-1.9326536533361494
-0.2293256982228300
8.9641499159854430
2.5123817364675274
-4.9427228047221448
2.6982212426829375
-0.1333238271794776
-3.1156692099965437
2.1142283148731971
-2.1239093995832641
2.2408062614011999
-6.3893347527835180
3.5791109597427782
-0.8454578032528552
1.7731568840062537
-2.5359990501605134
7.4153237125960825
-0.3915062746666068
-2.9234572697129848
0.2338324258329675
1.0731808546052584
-3.9917236197233592
-1.9611211211393182
0.7470901271278371
-0.3688842444307432
-4.8731281371546551
1.4750833090282094
-0.7317407592905554
1.6737618837827488
-0.3671334020648838
1.7652985299343855
-0.4636391080566896
-1.1423124718965740
-3.6934639932195412
-5.3448722692337878
0.4738694990834000
-3.6224069181933425
-1.3429964753671313
-2.0176236382311279
-0.7858269798200979
-1.5807844034291558
0.4920933230379981
-1.9575407328864818
-3.7056305453327965
-0.6328284634499934
-0.4086829623714614
-0.5075970088765830
-1.9156328463068966
3.4994451961487214
-3.6942287965335434
1.2914336209331538
2.7754053497321687
-2.2580764205144455
-2.4410952482383634
-1.0465656166703747
0.9926028351833134
-5.3587232622981613
-5.4141818899144365
3.3501846178556001
-1.9068166764500942
-1.0650899500686490
-3.3516390224279489
0.1063931446726380
-1.2446532755795137
0.5094801729208482
-5.1826923659816257
0.3528905098292776
-1.3067042420525308
-0.7420980853511844
-4.6936672651541240
-0.3941774307198697
-2.5329295375049075
-4.3621591936903226
1.4409741577887141
-1.2135435591616741
1.4674005899308094
-2.2004796098919415
-4.3228503206159949
-0.3877441475673355
-1.5153737231022935
10.7308026482675771
-1.2675441766680922
-5.0816422622577671
-2.6588073903442746
-1.0846304113389813
2.7177455845954581
-0.9253883650534800
-1.2269109072476549
-0.1474574875658272
-1.5548952623419821
0.0469976390413948
-0.2410834228258788
-3.4746040840567640
4.1206683328305518
5.3041545051760997
-5.4243820897543369
2.7334487599252384
-2.7240460572726408
-0.8938954001667951
-1.7844040628207087
-3.0403381474191513
2.2435692239332967
-2.6889409703416058
4.4401258566658131
0.1151842210851094
-0.3564832332479933
-2.1181656203730506
-5.1111346705489638
-3.7362456364478347
4.3398366121334719
-2.8500341189149068
-0.5109036874075259
6.1777915822349891
-3.8305474525684136
-0.8356871087214073
-4.4261891783075091
-0.2617367324617014
0.1804958224842463
-3.2329091254575690
-1.1860285514864715
-3.2350677277053670
-0.9825036266172448
-4.8322021781796733
1.0253667899471641
0.5775383268488991
-0.4133104193801045
4.4245607558101447
-0.9695805042840883
1.0479290089771682
-1.1537861316517348
-6.9856975083104604
0.4038352586025173
-0.2248111302361965
-1.9610708446950107
-0.7048139519801085
-1.3655135600162192
-0.9519253450199083
-0.4787194840518171
-1.5292866279092088
-0.1574207740371995
-0.9930925614487394
-4.3228979167156618
-1.3058074202455066
-1.3482777735037845
2.2191651055450143
0.4816886415499693
-4.0287903769886659
2.2937908599882935
0.5851555146090797
-2.8013674646234548
6.4376676579071388
0.5617897070047644
-1.0876598971757214
1.0145895826048863
-0.3867121019101319
-2.0772880413647763
-1.5943840169670636
-0.6649784748091563
-0.1005921609542512
-3.1868962747090364
-7.1986142099681496
-1.7456930930458605
-4.6256253120511515
-1.4311910245864485
0.7649022918355234
-6.6867287729956226
-3.7380922543275905
-0.2994779341641082
-2.1960058743378315
-1.9132524133378297
-6.6721413768708642
-0.0399149011996741
-4.0470884398267373
2.3604274527961975
1.2970068262437988
-1.5069861841616068
2.2513326687234434
-2.9672519016981980
-3.5273829162577361
0.2031261543112535
-1.2644198501890200
-0.1097895092897132
-3.7795668471261012
0.2085770313738150
-11.0427885659872267
-4.2565130434017941
0.1496535382188675
-2.0879545429139652
-4.7989685437322107
-1.2600237751430650
-4.8396167347161390
-2.4108542667319641
0.3034491705184618
1.5652382251325794
-3.2258901827144779
0.1504541328858036
-0.0046579554917481
-4.2730607096305757
-2.3320047500797019
-3.6183656599758449
-6.5552080664042318
-2.5061062725223326
2.2943348666294732
0.6075659349625880
4.6813521104207902
2.4803680814993578
-1.4705183833533120
-5.9564586950925316
-3.3172757646906215
2.5614942873024313
-4.7089072204381637
-6.2057845689119748
3.6454219100710370
-0.0143448393849360
0.0196377575395472
-3.7787911132227205
4.1779045982626695
-0.7430281116217806
-0.9279613539342397
-8.1788276418138910
2.4304778922709143
0.5970633754987024
-0.4183444523101280
-3.5626701936355305
0.3146056562910595
-4.6158407277923326
2.6324917383424440
6.8027654728337614
0.4439599183239764
-1.3176792691024615
0.3791372438091474
-1.0495285176930009
4.4760910161180227
-1.0626821100699715
0.1827844770760235
-0.3643148906474845
6.5531163393321767
-6.8836381568250591
3.2649358905392214
-4.3458215447368627
-6.4333279062508968
0.9394983971549087
1.5478338253776296
-0.2003402065155695
-1.3108864813042156
2.8705447417245482
-2.5864215922442733
4.4353774646703767
-2.3576361560522892
1.0372153517287197
3.1818569564964370
-0.0932553030353716
1.8334272987660341
3.4292655693097203
-0.5466696433678927
1.4461070273183676
0.4609298184122814
0.1169767452545494
0.1852119429293146
-0.7768144426465564
-3.7607095611667751
-2.3418829291990106
-0.1602729122471884
-4.0548429187878181
5.6535876466715065
1.4762794103795569
-1.2637868344611207
-1.7517584680540037
-0.7461919711771581
-0.3892350880316691
-1.2440512367048147
-7.4223143069502102
-2.2848210077104385
2.9924380934756973
-6.3658641741258046
-2.4377702338408160
0.9402871620080598
3.8287873632853335
0.0092858956655090
-0.0588436537033727
-2.5835591567558702
-3.4289252824338328
1.4117378936854137
-1.7572488576368954
0.4351934874129037
0.2921885942743675
-7.7688889242469958
-2.3622451160753632
3.4283112004282010
-0.8974853025608656
-0.8229283970176424
-2.3844158769777888
-6.3498739565385769
3.6760712788025560
2.6455658471645136
2.9461945288971920
5.7844010424619920
-1.7778245034566307
-0.2071774687101341
3.2445424388554502
-0.9135029198460636
-5.7202621331349803
-0.3745814962405873
0.3962978838680299
-0.9365571391229163
1.6421974734860618
0.8340778659836426
1.8917257845549456
-0.1942586980400975
-2.0376948910318116
0.0771646606275551
-2.6182813560560123
0.0400085910391140
-3.7784820341811920
-2.8827192442159308
-0.3204497622164982
0.2197993919876042
-1.8350861334658368
-1.9576030274650851
-1.1354680502841634
-0.3226047928581098
-2.8992163537051834
-5.4579539676707132
-1.9134692736747485
-8.1228912569206759
2.1614307334137144
1.1641857491332366
-1.6322640273615128
-4.1524285228268152
2.4248420029333717
0.4752352583088034
-2.6688128885673343
-3.4064015657088276
-1.1867120102675617
-2.5723670281831712
-5.5243604436418687
-0.2835853121914095
-2.4123768101466840
-0.9630291312189644
-2.2161815710354871
-4.2832187189456894
-1.1183136453356259
-0.3703604990112999
-4.4691538084357907
-1.9840705761840765
-0.9404380257232030
-0.5989627098630963
-0.6560984764206886
-0.6183652780095332
-0.8098938337359298
-0.4276076511790652
-2.3148528032443392
2.5084495684221491
-1.9181143756650774
-1.7091490523545301
-1.8525687297676536
-3.8977611201672255
-3.1568822860279679
1.6739244433742801
2.7060967101047866
-0.8588785540959940
-0.9986217331144472
-1.5347516123995377
-4.1427742187557612
-1.1826288896586143
0.0909883724597937
-2.3058596239256626
-4.3596606017210693
-1.3747310248837934
-2.5958032597499372
-5.3818405803753455
-0.1449061179045707
-0.6314745106382752
-2.4297863255285765
-3.1893921070772002
-2.2219556519543699
-0.9369043810014448
-3.0387966764032233
-4.9693857496419076
2.2041321124422657
-0.2218395142845740
-2.0110952849054691
0.0231221913804166
-3.1393160474022763
1.6165812957594419
-4.3216936836837450
0.2150636202598309
-0.3414752094595982
0.8020119645836177
-2.3729237895750530
3.9919496138617303
0.8846218535330816
-0.8537409340794954
-1.7212383999051346
-6.4704074564487195
-4.0624436732985059
-2.3402543451385038
-1.5886156973716157
-3.5984087595587528
-5.3162991314264341
-2.7524489661766114
-3.3014261179675390
-0.0901564226298841
-2.1823041006990671
-2.3157527632777288
-3.9371996573388488
-3.9432098707677410
2.0088452007759039
-2.2205487182010542
-1.8333590930043773
-2.5586467911538944
-0.4765175221075393
3.5989077312530373
0.4781222844880206
-2.7390288652461812
-2.5580807283244553
0.3765955650675796
-3.7927160482916760
-2.2534691830097868
-1.1282845621775484
-0.0035383394785398
1.0247647230490329
0.7534574929762831
-7.3561584523785868
1.4407023365935281
-0.4810644308051693
-4.5164620607575161
-3.6801930783052668
-0.1641012129238740
-2.1430040406148563
-1.3128355443022111
-3.1619260247614234
-2.7160930185640142
-1.1458270318019916
-0.8899047826934072
3.0396355406038764
-0.2181092156021200
1.5415125787906772
-1.5916249167533674
2.3593950221472970
3.9779483332696848
0.2770237460373858
0.4650199016649128
-0.8590390852876336
1.1130057726156073
-2.4347241959038870
-1.2975506005450970
-1.5572455560418426
-2.5667459140150757
-3.5133396578670295
4.5370641517034791
-2.8070878427760917
4.3629047726797001
0.5067530442722331
2.7110762960986956
-3.9067179253169857
-0.8769171795278958
1.5610277056161668
3.4582750299661309
-1.2910049214754360
-1.0335020845359730
3.0012047814474281
-0.4578893660595491
-7.3933048647340964
-0.7379926794720746
0.3712753532770306
-9.0575081002773423
-4.4938846945932012
-1.8895266352335989
-6.1179406329079100
-5.3826575526790812
-4.4992530562216748
-2.8843540065893545
-1.0544419025144718
-2.6417978326332197
-0.6270540374323066
-3.4569183071396985
-2.8431121002098712
-2.1185684833240424
-0.2324284982195338
-2.3729709324917767
-1.5535628856942003
1.2902586777988150
-2.2019902839606349
2.3267413497778313
-4.0978017941277765
1.2980637158273853
-3.1216382116160348
-3.8909023868270176
0.4744958878950450
-0.4683279381427715
3.6013871632102634
-1.6405262971174397
0.2252208991263366
-3.3080691316548334
3.2010629569600457
-7.7952532118778501
-2.1890361899133883
-3.9318348359558599
-7.5421665573650163
4.1115868682365120
-6.4837614163416637
-4.0860086472440189
4.9341231769831380
-3.3591036280523499
-2.4220908917642476
5.0337123918563655
-2.7175119370618885
-6.6096467079593539
-1.9193800954014129
1.8136780039411824
2.7859378640172996
-3.1776644086728485
1.0492329040778661
-0.4319976756626576
-2.7223903308862503
-3.2927274424285073
-1.7912310418568260
-0.8401360379424149
-3.2524293148257404
-0.5381942130341133
-0.8265483978727179
-0.8106247887985616
-3.0781145258824623
-2.1997923210078820
-1.1461187531875738
-4.8247250439443894
0.3221918443258876
-1.5160832411251919
-2.1369747768428433
1.5271024598252281
-1.1981758354542309
-5.5313847309083854
-1.8855703986791030
0.4918200587430078
-2.7343168821025632
-1.7614346478079541
3.8616707556024625
-1.3278190089756228
-2.5153625741788637
-1.8080537451499721
4.9017717099072460
-6.8644753291019009
0.2171295848343455
-1.7733558163066818
-2.8941254380215904
-1.4870359412477732
1.3165998832815458
2.6991863542484325
1.0038787476922220
5.4310381656534581
-3.8259159483427769
-2.8820441455588526
-4.6046774402957817
-0.8953993677892420
-4.4596071144430054
-3.8679937129873574
-1.4981019961965707
-2.1176913301670837
-1.8741096094156431
-0.8461938447251436
-2.0527993529864226
0.0356024226789206
-3.8307477655792956
-1.6624533199695166
2.1199828606004099
-0.4724952898997275
-4.1039749467223352
-2.4011032628508202
4.8517801209462519
-2.5770561938245482
