-4.3296293516696931
4.5191965044766063
-3.0422134237444896
3.2686213669754238
-5.9763749051882735
-1.7344857615888922
-1.6628310297510160
-0.0895411769115201
-0.8352257117766381
-2.6120352614720779
-0.9670969623288128
-1.3638799496537770
-0.9795949550496228
-0.0364761827664574
-4.4058786164449115
4.9500728596026962
-0.3477540504898310
-4.4259109931379008
-9.1924830676630211
-3.4755876417187821
5.8287468872943364
1.1300405175295065
-1.0485624916404530
0.5589550782438555
-4.1491424431027761
-1.0258524863786014
-1.3693853496730226
2.2778313719551337
-2.1015670602957242
-0.0332373455092803
-1.9224085433210014
-0.0468333142120019
1.8709593930418773
-4.4829629202971857
-1.8235621879825998
-2.8730711507058295
1.7967074129032998
2.0378351789681601
-0.9324797794223749
-7.2771130096249133
6.6403831238304480
-0.9694278011565693
-2.5492306216446532
-4.9729928487793078
1.0608631032804863
6.2750139192145991
-3.8191800282923971
-0.2962838994306404
0.2082214641025400
6.0986109325114093
-7.9972519625363434
-0.4932436913253213
1.2109300116096808
-5.9398780343867852
-3.3815374955226685
-1.3165238956263845
2.1044520571971321
-4.1760361894194107
-0.2793025176481556
-0.8892756871344134
2.2766899379163350
-5.3823754938613986
-0.2649494617395876
1.4102024146990448
-0.2768612621327937
1.8603961728562037
-0.7475336259003698
-4.5983140350410219
-2.5367210052905156
-3.7836555831828691
-3.0283602305330755
-3.1301988696525744
-2.3045655982905702
-1.8169193781532573
-5.6326742722313865
0.2671415286958748
0.6031787757723479
-2.3192616898880076
-4.9698301943654934
-1.6652442472800777
-3.9805533953345749
0.2741760891441075
6.1592413384195224
0.7729534915863285
-3.5162385785411017
-1.4196324075845954
1.3000106643825873
3.3745086374389368
1.2367579792050201
3.0515228072838267
-1.1723680724208463
2.8047617720904086
-3.3054226002621863
4.1793328162487295
2.7684922410146537
-2.1684778747400024
4.2261278377765672
-4.7291240126221146
-3.5764126488237853
-0.2953022580899295
-2.2072689494256168
1.2818658100635294
-7.1068588328350293
2.9797465124381102
2.3883054770684877
-3.3882704115201276
-1.4774276734146272
0.1335548381021889
-0.9443311378460619
1.5499547613722757
-1.8732864195372421
-2.0463926133941199
-0.2126833929410347
-0.5930938394440319
-2.8664800477395453
1.9496686685661062
2.2328515952446120
0.1157772742777164
-4.4180470354947960
1.1821262835410615
-3.4778372736458820
1.5731658642228048
3.5338882807812459
-0.8425022420416827
-2.3267002427233474
-6.1618160748101598
-1.2160107267314531
-1.6808189107084153
-1.0830408573529307
3.0891422206488461
0.1115754020241890
8.9137783132516351
0.3512263039275537
3.1885232562325694
-3.1831538518045890
-1.9171633066533578
-2.0765616293843667
0.6649177902700287
-2.8671458216230357
-1.2091824264354787
-1.3737286228074284
2.2454878916823318
-1.7182474250735003
-2.0508538984064328
-4.3165114685539647
1.5599640327005173
0.5815390777987131
-5.6604501473574702
-0.4023305736465069
-1.4813802355421750
-1.6948057845793869
-3.6161407015013287
-5.1351411299188188
2.6002387460070011
-4.2733597919185859
-1.6993088137567978
-1.7151225126672260
-4.3636937568217498
-5.1844332800612074
-1.3610937886082084
4.8859188227519841
4.9603196580613185
-1.1393589093172540
0.4273574817537280
-3.1609687917653742
-0.4400729878444788
-2.0429137050614909
-0.8890627428375375
-1.2523325343489706
-1.6776835661593881
-2.6693107712003115
-2.5818977778750569
-2.5471160100175552
-0.9753023962367542
-3.7215541869205770
-5.4006983237354156
-4.1541394475110911
-9.0811857085914180
-4.8422600350115559
0.4919883848438011
-2.3079713232659880
-6.6721694298025032
-0.1373384773936247
-1.2567073722146822
-1.6243464597098032
-8.7415345279222798
0.1379703613562130
10.3853538244375851
1.7050068787748158
-1.3437011388497211
-5.6566084044253708
0.4308117773776835
-3.6044834459208164
-3.5333143804310012
2.0166971661354460
-1.5061736257028591
-1.7428835286986748
-6.5074052805882259
-2.2324755827535396
2.1067719154145927
-1.4819406818685090
1.7654297975128808
-2.6688450089638018
-8.8892500376500188
2.9395781132408323
-3.3152201252840277
-4.7609394944860552
-5.0465521974540222
-0.1633649671104674
-7.6661361334191085
0.9523593092982749
-0.6008125890374270
-4.5305848764121510
-3.8115054468584435
-3.5636904711799251
-2.9667167004769150
-0.2851995555623967
0.7642119522050308
1.6377560750161129
-0.0012333614288957
7.1452311987304133
-0.6679708133287708
-0.6178882248571221
-2.3076403426334333
0.1142372085001538
-1.7487267907283841
5.5379837627201001
-4.1341763422961737
-0.7656398794226368
-4.2731407274463491
-1.2120186004286622
-1.0625335517993797
-2.4372476598619688
-2.1662348070767434
-1.5164691320581412
-0.0066091132659251
-0.1919503256477365
-1.0611131127675524
0.7371243352308847
0.2189088976503402
4.4921535699409585
0.5276359101521423
-1.4140013901797257
-7.0187439701949739
-1.7944997469831123
-5.9446548196608715
-3.6238097501244719
-0.9210536238607111
-0.4629316619946019
-4.5979853086054243
2.2239219110833379
0.9888159058701040
4.4481520417192826
2.6224702845163588
0.8022141542770910
-0.6883484849794452
-4.3964773708430105
-1.1563126198022042
-3.0122816938847574
-5.1766803739785843
-0.0873508536943996
-2.9287211134409179
2.7061281561759101
-3.9086789989432269
3.0981155416438342
-1.0292209037576048
0.0145858340601211
-2.7773445796673508
1.3016493677140888
-0.1878724209740807
1.6370191612922458
-2.9645574525088492
-3.2387837577873522
7.0426180994046970
-1.6623586991958523
1.3555320794477947
5.0800775861613303
-1.8582906960320715
-2.1227211519061076
-1.3142321095744671
-1.2529381536032336
-2.1131920554672194
-1.9318367039955111
-2.9856761391949762
0.1769008914453687
2.6781171916836417
-1.7534512422605522
-0.4842781510355521
-3.9237086260861189
2.7685225419217465
0.0088059964471975
-1.7957228003620374
-0.3981935603491983
-3.6590360841290037
4.0889209417498362
1.1496370685906980
-2.6018206792880938
-3.3246418378568467
-3.9520678653532322
-0.1815852111982856
4.4185297843414446
-2.0163083624791578
-2.3319453391329468
-3.4331018448164352
-4.1111860832233598
-1.8885655658779819
-5.0915727732228184
-0.5699630007819116
-4.4701831012773141
0.2820599680119423
-4.1734988893863463
-0.9579062241698548
-2.9705079280402593
-0.2006471488459164
-5.5450206124140085
4.2832976699276761
0.4214627187808905
-2.5191017111794212
-1.7366093875757336
-5.1389280289547834
-1.2821882574383681
-1.8427303736078513
-4.8049111015206840
-0.0883356409113117
-1.9534360138994502
-6.5361228734283152
5.9954462106112052
-2.8935843557661252
-5.7971613365264121
2.1161028598091085
-3.8117729179898707
-2.6257032160933642
-4.7557122385418911
-0.3182060415223386
-1.8221776435015242
-5.5946655383893003
-4.8507366956162281
-5.9878475173050116
-3.4030013048964474
-3.5255260595195530
-0.1491379238275991
4.5437513722936540
-2.1989191521570568
-5.4551636298169219
-5.6978607338429930
-2.9676832676878826
-4.5579841946993804
-3.8803368496224757
-2.7060548569218437
-5.2244592692392784
-1.6157103311574508
-0.4616496254315468
0.4813270268445126
-3.0129613915900180
-3.7774862987791575
4.0571352233972542
-4.8434425655086164
-11.4673906317768228
-3.0359011424997195
-0.7979495693322070
-2.2528681610417447
1.5978114487402726
-6.5654966578933269
-1.6206230475738108
-0.0737158006804807
-0.8051691121169489
-2.6237734950742229
2.8765057507219729
-4.7165411024719699
-0.3251352856694775
-0.4782838184211241
1.1961434725830096
-5.6314842252908370
-2.3733083455181321
-5.0757519494339789
-4.3841766771166508
0.1347814658284451
2.0932788570351977
-0.4116775878933039
-3.8220265665842557
-0.2737765441611748
-1.7586850137106140
-0.0058240875656714
0.6313321416958586
2.0031906352621882
-1.5159203288609513
-2.1831455614012203
-0.3935657886335543
-4.6030210576566972
-0.7795006464251535
0.0660772037183244
-0.8884798034022585
-0.2528774156451507
-3.8514311762180657
-6.4723809460288271
-0.3637125926692417
-0.2551919075878272
0.5732619035152002
-4.0990605913820524
4.0848703525869245
-2.7732533602575868
-1.7467692492419424
-2.8251860170233312
7.0557482066174106
3.1548562086242122
-0.5554534286889568
-4.2086315953878586
0.1336111777306034
3.2845324945099903
0.5976151811851943
7.3429375984266416
-0.3217884704480063
-1.6216489760626964
6.9261972185717440
-1.5085767306255415
1.3660086995700647
-1.2321734209511346
-1.7073990193904673
-0.9199224236730374
-1.4247138132773709
1.2700690097602667
4.6544796238061918
0.1711499672808229
-1.7276797553008256
4.8289894981361021
-5.3109910522593724
-2.9799264423499738
-0.5544415114295185
-6.2765144097258281
-2.1978379097354246
-2.7431092440835028
-3.5617819426833188
-4.9125834259362513
-6.5701720103896246
-0.6318601494552856
0.1197869178417940
-0.0376329057547380
-6.5484763664867867
3.7820405392316396
-2.1199375387945376
2.3344395731276841
-2.9583739889238738
2.2853595183509836
3.5544633262268519
-1.1813058386435717
-1.9105515197632685
-3.5376444001463194
-0.7186585788227170
-0.1425786311093935
6.3895310460202701
-3.1158189735212134
-0.1636952016805409
-0.3083434524784705
1.0937687335573354
-3.8306569233874126
-1.7678702868313132
-2.7486310332581008
-1.9349671604491676
-8.2621153562854666
-3.4100709605550277
-2.2311926791312113
4.3559112821786723
3.9151725315373320
5.6277134737730536
-2.2866029600358342
-2.0350210129265434
-3.5798850620390787
-1.5497744786993206
-4.6340853077015840
2.1625530120803824
-1.0670013596892949
-1.6449863144555168
-4.9905777756462024
-5.5994412471053288
-6.9743922708323325
3.5764938062816429
-1.6936304844182049
-2.0458934146074812
-2.8430827133473562
2.7351151245761560
-0.9943033570643366
1.9997793539228064
0.1405225210651513
-6.7549473707220793
-1.9469926561301858
-2.5808538996206494
-0.5512624625519036
-1.3617100472806325
-1.2338462278543232
0.0731287201862852
0.7290560389914859
6.0518058534092001
-0.4854798889703075
1.3995077143706456
-1.4025563152263603
-0.5820758565961552
-3.6839732164144259
-6.5795183426812027
-3.6621284637954274
-0.8070032433690759
3.5306932716636092
9.0600428709971066
-4.2198913385552057
-1.0848048219093325
0.9333477276040587
-1.3592359757598766
0.4796625175733188
-0.6143593264269948
-5.9384866216656285
-6.6433834807599172
-3.6142023662930725
-2.8849307100789923
-0.0462339912270108
4.3450358623552869
0.5947081034617141
-5.2338010254616707
-0.0701468447295076
-7.8586351655558149
3.7349316018274328
-4.2202081492056038
-0.1696159768276819
-1.0848787776042350
0.7236465964040137
0.3468788978230035
-4.6783440026675995
0.3316319106230524
2.2647642156751004
-2.1620539569646819
-4.2739260500777965
-2.7336132383833331
-4.5717934335555421
-0.3625037473116878
0.0090289101481907
-4.1214451073403806
-1.3737993789640002
1.8650579947058286
-0.1398951692315200
-3.4690688763870292
-1.3868992819715475
7.7969351221803356
-0.8103396731688088
-2.9303997623230376
-5.8819788964824573
0.4837591576072371
-1.2682618674738628
0.2007931062102472
-1.0273201994218040
-4.8347943065931656
0.2644032190179729
-2.3282051030976474
-2.7132653981809436
-2.2819103117950794
2.4797421211474178
0.4156703638006651
-2.2342635316195509
-2.2058815054397090
2.1692488532256688
-3.4658403171942322
-1.4597321006283734
-0.9245181166870299
2.6318938925683546
-2.0550569952318085
-2.8211554344493814
1.6608245283310117
-2.4275196408813646
1.0024441402538238
4.1904084580622412
3.8858122783515694
-7.7547497982283788
-5.4352721270172779
0.1613186801725643
-4.4729021175090837
-4.8703773137753164
-2.3747534970841944
0.8350324630814137
-2.1175960196922317
-2.3658889702552863
-4.6300812654733416
-0.9089717167253750
-3.5013886533178029
-4.4515566784332750
-4.4572861657295366
-1.2670977423782175
-0.8322353765417427
-4.4856402164733762
-1.8467984212508197
-0.2742121045208151
0.2406669630074203
2.0012129240260412
-6.4422576247947880
4.2004912466032742
-2.1470512491307736
-0.5712548795077085
-1.2742734336459258
-4.4649585434039114
1.2512106938670766
-6.0952844182660204
-3.5624788086845145
1.4257719863151621
-0.2452972831594426
-0.8356802524004602
-0.3065855939696884
-1.8723551578343205
4.2430034289638598
0.1974155499971609
4.5735389501053403
-7.6247707321879714
1.5694698842116765
-1.2238695701420310
-0.0259663936162186
-5.4860740063190825
-0.3230145666507324
2.3322954917330119
0.8484911636337630
-3.5409737060759254
-3.0765149055674943
-0.5138549383327732
-5.4632946540983243
2.6324720222558975
-2.9606240835450088
-2.4662790890920525
-2.1633950022038255
-0.1342717674348201
4.1239757902303502
-0.0887627822532211
4.3900411428823052
-2.9701695095987937
-1.6390744352736855
0.3307724558491233
0.1280788460308785
-2.1930995738427819
-1.3413931070473832
-2.1834330329143850
-0.7103437600714918
-2.3052504278010142
-1.5521615366897463
-5.3562266882095297
4.4201759286522311
-1.7761745045264550
-0.2466631648985960
-1.4297444562491339
-2.4394022188641262
-5.3729979987435552
-2.4812385489743427
5.0967049103715611
1.2635732982672077
-0.4436379659025200
0.5338498713527771
-1.2550654675703685
0.7136767382271620
0.3157223725382389
-6.7885357658949301
1.6150209698115172
-0.0881653496085732
-0.5142667331869581
-0.2402086278236324
-6.6178524046331155
-0.6132523287736817
-9.1118033731523767
-1.2076661312456916
1.5610129887378137
-6.6962451458468051
-1.4622673276335716
1.5686470138128505
-4.4210725014759484
0.3481327125507569
-4.2185724762157060
-2.0179607225289224
0.5346167937240445
-0.0574611415429600
-4.4624754533596533
-0.1302099511055277
-0.2859201397982133
1.8158389994570250
-2.8625050589247043
-0.2335184263670833
4.2596535359693952
-2.9623172762140695
0.3134247322960503
0.0699739888034834
0.3171924045300895
-0.3904589248767026
-0.7930040791992305
0.1579057133771649
-0.5079919699637423
0.1500150912001414
2.4430327933993499
-0.4344084810741073
-3.0896051923847665
-6.3980419241655175
1.2977056034944270
-0.4508292348576779
3.3321632459309938
-5.8505253514136895
-4.7758630538463347
-1.2147025761138979
-0.4177510019719580
-5.3880973122993838
0.1037617764757875
-0.0371618605089087
4.9939509706160479
2.0681721385383951
-1.4533998037201599
-0.9644276127983774
-4.6328174954378118
-2.4612861840777733
2.2404296293182364
-1.6701313337688644
-2.0541478878776442
2.7839800439122153
2.1937648367161096
1.2162258367662353
-0.4714094043201132
6.3092001343486031
1.3081197765498140
-2.0673411232755137
1.9763267901803760
-0.2611818623519444
2.5768348665547500
2.2702870469281820
0.6417949827287390
-4.2831203170678442
-8.5316322328257161
3.6591066115304152
-4.1752217284390403
-0.1051280713814467
-2.9983485093579731
0.0242060593400150
-0.2089667366303651
-0.3288170292950634
-3.4087861001935194
-6.4392041240969897
-5.8171071356986905
0.0296996998335086
-2.5643489289506576
3.9433394028252637
-3.0273875634335630
-4.5078476453627596
-1.7468356276157735
1.8105169497753899
1.9132948155526663
-1.3475059258244821
-3.4122019307488083
0.3074980358418455
-2.6290477233398182
-2.4617698821428928
1.1982180632978592
0.7025225496767658
-2.9046886198035975
-6.7689517430391914
-0.4068416197288977
-1.7904503185804028
-1.8156776556472072
2.4831002315233452
-3.6223206521810249
1.0326782776606578
-0.3375438544908225
-0.6129486680700762
-0.5503126162486985
-0.0463756671048765
-5.3454750136786000
3.0272628018135208
-2.3254965000757815
-5.3354959778257820
1.2302327284196930
-5.4095141712794304
-7.6131984824728560
-6.5095563665322143
-3.3313984175184577
-0.5544231750423314
-5.5373008744908976
-4.6651098100762400
0.9400997598112634
-3.5620343493878113
-3.5114669213283500
-0.5763721373565008
-5.5264224270919620
0.2324702703136230
1.1547488017673584
3.1292782222321676
-0.6395141894065909
-6.1406574301567662
-3.8212109131639145
2.2804262266204747
-5.0838131836896210
-0.5364451528984735
1.2347763668157512
-0.5330592441983747
-2.0476206348906190
-1.4237507976328132
-5.0726578653441443
-6.2285709759067762
1.7035844753325620
-4.1854026441985530
-2.2517890915056777
0.3220790639679972
-1.8452566187541564
3.4851195386157197
-4.8709678447848948
1.1664672762996711
-5.1926538690498631
-4.5809758283333659
2.0626635224475773
1.1865222838457423
-2.4662267594672675
0.3332712825043478
0.9122089039410701
0.9784448876337992
2.4075966942510645
-1.8682667737772052
0.4530942872003798
0.3973187375652240
-0.1948078780973304
-1.3161642276007925
-2.3464047827269585
-1.6014235803854904
-2.2312381678332773
3.8270759847909290
-2.4601147870403191
-2.0188486412711093
-3.3705953208554327
0.3625454522973082
-2.9908249912776319
0.4655543757993083
0.9739595906335163
3.5669513603934782
2.6554358011617163
-4.6993536702351308
0.0793303039154498
-3.4219419258080919
1.1380087590562185
-1.3345607350221260
-4.6667612964254435
-4.1223854277815004
-1.4448666619009183
-0.5623124623302493
-0.6234038995958819
3.4751898054316941
-2.3387005784715234
-9.7689973599119870
-4.0425902202150032
-1.7097068029431459
3.3812144710227723
-1.3410928645654989
-2.3439364039331108
2.9521780031472380
-5.9768632213612616
-0.1756325809122722
3.8062635702905623
3.0370230779024121
0.6192930605705227
-4.3562577261431814
-4.1832584420155259
-4.5396730722087542
-2.9628376376148329
-4.3200334236956444
0.7061893852697028
-6.3653106886269946
0.4454020718355458
-2.7785999514605368
2.0755819997541018
-4.2147241750198710
-2.2157055835302839
-0.2238455326500443
-0.7822288567502262
-1.4678219992232173
-1.7475288720258182
-1.1959199243761860
-1.2203096911190445
0.2169635745177569
4.3024820880725905
-6.9191717333607636
-0.3174907249319522
-0.2233098354981387
-0.5871462418559535
-1.2257787690304554
-0.5202695217536907
2.9595485419633500
-0.0436394745290641
-2.5710039189547089
-4.1401852969070401
0.1021906035253854
-0.5468468370789734
-5.4312880792083895
-5.3689385838128683
-3.5788215111170465
-3.7560104679267452
-4.5115646083664487
-4.0187035268749050
-3.0309422224589069
-1.0189195318866549
-8.7382789809834538
-0.7074536366876081
0.8623478359849549
-2.4470394388063190
-1.3472071367829161
10.3623071393657309
-3.0647643915554110
-4.4261770398615834
0.0842015708012546
-6.7678176159289221
-3.2254839499442576
2.6346648160478781
-1.6585200082119167
1.6368881888370606
-0.1213581522877998
-1.7729239024551031
-1.6905715200282954
-5.8805481704342277
5.4232773298872159
-5.1630645778156081
4.0710972596108856
-0.4664265391173862
-0.6835116789657422
-1.6167228414099746
-2.2552263906676937
0.4837988103239151
-2.0725263122453468
-5.8155839870654447
-2.5492512543977446
1.7422709029155192
1.5246758168338288
4.9399814988529078
0.2441305764612460
-2.4263436417032347
0.7753709992719973
-0.0208979116721977
-3.6340539733399346
1.3109446025695215
0.7275884518102351
-1.1568750290728194
-2.3433778387513837
-2.6668369347432987
-0.2201822000629935
-3.9319941893220309
4.3368017209738721
0.0838948085926000
2.1598573311969984
0.6205383517525513
-1.6517717311618889
0.7726325195221950
3.2578854605035819
-1.5549370024706999
-0.1246132951765551
-1.1586234183911994
-0.1120649516292954
-0.8238099969166142
-4.7584283821935252
0.5758111155490330
-0.9233808769191290
-1.7860861928453682
-2.7334940085094050
3.9441150383313577
5.8107739100269011
-3.2135998677936071
4.0574210696139339
-1.9353317677677104
-2.4346679887325462
3.6748804222312397
1.1527394155940049
-0.6349206719745334
-2.7231205476009044
-0.4271554129490467
3.1503573516845420
-1.8175005406222364
-0.7514412018639061
0.0382362754302633
1.2973200141824242
-2.2535290631217428
-4.1704583263390038
0.3015524849311183
-3.6297157067340433
-1.6365863318191718
-5.6735990165073398
-1.9597056821758740
0.6084290687517317
-3.4075881723423680
-0.4448782171580816
5.1346683658995911
1.1253982314987641
-4.7184074381908943
-0.8071720610148673
-0.9655284554935805
-0.4582430537518677
-0.6474799401920709
-4.2416989788694304
-0.8960383722366932
-2.2303729000862780
-8.2512376666357685
-2.1042022666947853
2.1091751347887291
-6.3374690693660520
-1.5470022810245128
-5.7123380387616063
-0.5012425660949139
0.0219447678965162
4.5978133968041064
0.0309142014182898
-1.7319900967356527
0.8600995887762066
