1.0865201465018874
1.0919759105159668
1.0732943121824770
1.0843590661397400
1.0782962134896350
1.0911201450645465
1.0965404100061529
1.0565538743406062
0.3120414728347964
1.0885383511999478
1.0956022295514551
1.0942997793470051
1.0896463369760192
0.8175886849449447
1.0885815319415306
1.0945028277408180
1.0701194368906730
1.0171596040773128
0.4341962516191797
1.0940496142319582
1.0920464996023145
1.0765191103432290
1.0906164243774448
1.0922654294333445
1.0789629040590001
1.0441170243714930
0.9005424248344066
1.0924172522771001
1.0542649169026763
1.0914495431831914
1.0841780853025680
0.9973484301887916
0.6579242306347723
1.0964514744325218
1.0802305514349144
1.0694841151391115
0.8784237647749543
1.0932762760979300
1.0930270333678127
1.0764716201887621
1.0836786335559061
1.0960917797167844
1.0136821229197714
1.0911992612401893
1.0697271668816302
1.0726611570706150
0.7287126579612427
1.0983815411175060
0.5036664025451831
1.0608425167390110
0.9475042357347861
1.0976129830802743
0.9425991336519208
0.9497946522544775
0.3197972260682336
0.7698391507351238
1.0790760186665280
0.9043200827148697
0.8608121213555086
0.8006103846446598
1.0930375436348618
1.0257821245599172
1.0972908354936952
1.0949783864868641
1.0857023570579996
0.3629565734521374
1.0930440173102089
1.0876670135745556
1.0797312018570451
1.0950539280022782
1.0142542709678017
0.9452510227543768
1.0982917516486674
1.0954781304659253
1.0883877862147655
1.0017252641760837
1.0908834998027359
1.0788103566747396
1.0876705173899146
1.0963576176088312
1.0975525804146051
1.0421197706466585
1.0933784346167468
1.0491367095420199
1.0830672611212924
0.8473412407375622
1.0493783818569526
1.0815499383469627
1.0963861167989384
1.0884763249453480
1.0932638640349699
1.0546013046850491
1.0767618464761075
1.0742000656649833
1.0863111149977567
1.0506954335897540
0.8563834852560758
1.0477704298072210
1.0888735033894714
1.0950937409326276
1.0679472933766090
1.0564249764450020
0.9739489665306467
1.0903329315595971
1.0427248024599820
1.0950043347732732
1.0438010822213462
0.2816265181227254
0.5138543316957166
1.0830369038539658
1.0774359181730813
1.0746434097110915
1.0756242689725908
1.0981720626785025
1.0712092491910628
1.0869244033180290
1.0936758653795238
1.0898380408599317
0.9743754440649552
1.0317287704176568
0.8995175462647823
0.5911968415883866
1.0729800260820450
1.0553445371619641
0.6215972429826104
1.0886581427791078
1.0925288177966663
1.0963108019522865
1.0925193546925551
1.0950326394739776
1.0785424530901560
1.0976881036206458
1.0961218952594953
1.0682955441327215
0.9557143803639850
0.8923537648427865
1.0137969008829362
1.0576419867302616
1.0783748077778059
1.0026276165599943
1.0960048327249843
0.5574442458799672
1.0821995556608117
0.8086400331911283
0.7893737731604152
1.0915661559652501
1.0973285506611461
1.0900114729543731
0.9852487281211554
1.0775097502209210
1.0963069644762711
1.0981692211477765
0.9608940965638872
1.0979177066502217
0.5837844748770633
1.0934817760431097
0.9345492002496204
1.0927836122018315
1.0962798569902821
0.8000413128317690
1.0702213514088990
1.0935726470287210
1.0733217576296457
1.0957063342825122
1.0904795677947692
1.0842856995503329
1.0928271407346353
0.9802666706491943
0.9807894727539117
1.0928815800468936
1.0682931355512852
1.0718440890491732
1.0691239434512747
1.0911125320437884
0.9273760070246502
0.9193391941151661
1.0963216166199128
1.0517102094046644
0.9619690313767695
1.0865024656604716
0.3895824523496230
1.0983135001884416
1.0870399660375603
1.0875166675200740
1.0523507748255112
1.0412618666701403
1.0869750368280249
1.0632454578945498
1.0906976599429006
1.0951769329472913
1.0666249312619394
1.0927025555305045
1.0977716594645206
1.0623947881800024
0.9461428456114037
1.0448987313685281
1.0945065659980087
1.0976886566235917
1.0820830044094931
1.0700514631328115
1.0955973984539640
1.0936290310375905
1.0894644369726147
1.0941779551816031
1.0941548779430399
1.0925177820149123
1.0989851422993346
1.0891864547913122
1.0441252012518276
1.0954976248477903
0.3493382615749802
1.0414901817236002
1.0692554263550453
1.0033136845464177
1.0930677352683964
1.0938839291834934
1.0120798851587998
1.0825321295202655
1.0980578152843892
1.0980785476047381
1.0376492931950168
1.0943002277217890
1.0926370731265393
1.0903785919316316
1.0768315900571994
1.0850613472077406
0.4555700377430941
1.0667373026297435
1.0955926723506779
0.9257985766223890
1.0866055260549243
1.0968926732813593
0.2816893604529644
1.0612397669709415
0.9671570617551336
1.0378122895418904
1.0981986140040019
1.0488453066007253
1.0845343697688825
1.0245180632870716
1.0860045597316548
1.0772558091986049
1.0937261107496699
1.0974621836496832
1.0957541914035709
1.0869290102394384
1.0967794658047547
1.0795136319693961
1.0874707299285491
1.0110151217302323
1.0758839819110848
1.0959677073364107
1.0915281310857803
0.9813023548727837
1.0947980963912634
0.9771888223640057
1.0952153475558772
1.0760013767186942
1.0831190835736544
1.0974712669742090
1.0907659037983399
0.9356108337460336
1.0976241718356348
1.0971201362018543
1.0799982438876909
1.0819441840804760
0.9666124643940527
1.0194681234917391
1.0716102116294737
1.0949600904369239
0.3884441504616618
1.0980685832996004
0.9476101784123092
1.0960872971245574
1.0951973284959775
1.0949232488505956
1.0778256057995437
0.4338883160899534
1.0044746832817437
1.0864307394480985
1.0742449687592450
1.0793230672389520
1.0873033875434606
1.0830673960551618
1.0611662016715433
0.9926419491503040
0.9835960094034880
1.0833211442290258
0.9956956214824020
1.0681727783272597
0.9516948065913504
1.0906864472266093
0.9585275593844351
1.0727879527787778
1.0930496088605326
1.0846683753083486
1.0959824167922210
1.0296885340818569
0.7192379484019034
1.0852736985344300
1.0221357586391273
1.0339316075461655
1.0793072056710120
1.0905317748976191
0.6467103571280740
0.6332541724522841
1.0912839496534665
0.9600780052250877
1.0868267713528212
1.0865944767993381
1.0949652101162313
1.0890431723712675
0.9541891927659906
1.0928629507515706
1.0364927096996401
0.8733694246390381
1.0884990032559576
1.0966222484029551
0.9967528943178445
1.0202858083812811
1.0633401946819023
1.0739097011031238
1.0578195449378707
1.0839301786979858
1.0904778111892641
1.0552028881312177
1.0757947801983661
1.0894407698239688
0.4156144137446864
1.0958076695986880
0.7698066012855604
1.0269324901439147
0.8208141332044623
1.0808737818575045
1.0970518070921489
0.7336485697692630
1.0975736566397178
1.0910865566590129
1.0926553618884367
1.0908775519576435
1.0522280775884734
1.0540714650851981
1.0937912739522875
0.9291164106347196
1.0209041292242229
1.0846174651762146
1.0917289776803658
1.0404650983826105
1.0926362686841300
1.0972631553769818
1.0477347112004376
0.5005218138455816
1.0972744709852242
0.9599559490502270
1.0987134276187513
1.0916857914310838
1.0954653793853026
1.0518428565642193
1.0884223046136146
1.0837641776001301
1.0292617770811672
1.0936092074795423
1.0039179308607826
1.0899978119659723
1.0896641368230151
1.0266795115334506
1.0964733596738605
0.8620982517359337
1.0952441247935583
0.5691797372805679
1.0840606753431499
1.0473991452966560
0.9961812359597312
1.0357697128295651
1.0820965938884939
1.0650458235325384
0.6287028151954703
1.0753884840409067
0.3511792815581167
0.8387632025540801
0.8743393995792264
1.0690007296582982
1.0141107636321116
1.0484380858428772
1.0638770204341703
1.0984639662274753
1.0689030540650992
1.0907095185178739
1.0975292328826656
1.0900238074268398
1.0777538885116891
1.0681376376199814
1.0535633603742509
1.0129078521940069
1.0833297631272407
1.0064802289622943
1.0964094961390685
1.0721382090959934
0.9230017943393045
1.0915001455695590
1.0977563312306937
1.0937315206763880
1.0904421066492447
1.0265052058134236
1.0865714230437427
1.0891854254131050
1.0891109046327641
1.0870512191976511
0.8508233846448143
0.2810320420048887
1.0957553236496609
0.9896958157097882
1.0898432278707753
0.8733525133259813
1.0951328133722911
1.0737736039598511
1.0820401473187751
1.0883873922427774
1.0884477061174542
1.0971593829755864
1.0780628524923601
0.6323821991554042
1.0876775109749637
1.0327186706595164
1.0888749815965628
0.8860463731718867
1.0985436152831114
1.0535090716754134
1.0484917366296453
1.0489697082504543
1.0901493440733991
1.0910514798509769
1.0951347466901329
0.7980892276326306
1.0953039077875324
1.0971048182957273
0.9099638128948528
1.0032793667746958
1.0873025375440724
1.0961509186973519
1.0900701334035219
1.0919091979631006
1.0360634072022992
1.0957165347269011
1.0887845444905289
1.0277706747290007
1.0909910682035042
1.0318416425837393
1.0844962341481121
0.6386441650207366
1.0971551474172070
1.0419033623297782
1.0928893166695122
1.0882719409949464
1.0727407026384714
1.0855973583485743
1.0902060463795087
1.0966584687574339
1.0765736976524947
1.0870769810091749
1.0980124693968867
1.0925732499954710
1.0949825819792698
1.0743242900836991
1.0305714771470886
1.0945620717474664
1.0970214596491634
1.0599108994197455
1.0395481170486576
1.0777392764735205
1.0908038003759004
1.0931190606272627
1.0486397570464654
1.0759794414912287
1.0689475117476999
1.0937026588304080
1.0941674209939560
1.0376552847452258
0.9783298380728632
1.0336174639115114
1.0827727825516167
1.0549884819195872
1.0961538661401524
1.0639133961881124
0.8012214926486763
0.7961329216095282
1.0954802562635499
1.0931852529202253
1.0796881181337139
1.0229788216810842
1.0748802652221745
1.0046815995915506
0.2861691670748506
1.0913886925062199
1.0764893155945219
0.9966290046756389
1.0589412870271766
1.0459490275582248
0.9820958215987723
1.0968940298217333
0.3377709462350403
1.0844109187808229
1.0647779906643018
1.0959616542081043
1.0947404492231547
1.0978899065125989
1.0911691374426247
1.0890975473215658
0.3012549539437069
0.7068322244719900
1.0793437480758401
1.0582575426304806
1.0983929182674921
1.0940238443393770
1.0870205355483271
1.0983613021214802
1.0958590730536284
1.0703605098065754
0.8944002683452923
1.0962151462385454
1.0855341861753418
1.0940825585728697
0.6351228165713630
1.0950461589181437
1.0074578369836535
1.0633118725725219
1.0898400041083982
1.0259619152764954
1.0944917990406462
1.0625833168548573
0.5979565147833250
1.0962888807544298
1.0893951705004408
0.4420151049096090
1.0818583237245882
1.0892279664128821
0.9701468408309646
0.9778340235782351
1.0953657888064330
0.7660956126507912
1.0809592565836228
0.4086214772761354
0.8625631935212463
1.0930015705764846
0.8591819908093170
1.0955130844660326
0.3741936206243908
1.0871568378522816
1.0699826056405701
1.0913169098126030
1.0639601061384185
1.0255996259876312
1.0758529951117122
1.0888354188501235
1.0327388360260872
0.7902707206549229
1.0042805389878748
1.0758686722637365
1.0951316299488190
1.0920073004696427
1.0818240646386983
1.0918580637243853
1.0906293099893678
1.0781218056221500
1.0983213785713666
1.0175003170901329
0.3242722546452279
1.0844693113425170
1.0517266121063902
1.0948720714284284
0.9128837023360510
1.0345483366849948
0.4464317248337103
1.0977189578033060
1.0312228848110061
1.0944298574249747
1.0960010979403076
1.0597273605276176
1.0734499182610977
1.0119335021998701
1.0895327304206845
1.0563159942330456
1.0842483143588750
1.0840423675142790
1.0942106760999950
0.8200793706825051
1.0919695851443312
0.4617920071797734
1.0211323522821456
1.0947278763087551
1.0970340421338047
1.0579177074673571
1.0982853039617375
0.3347157587438855
0.9765785943462790
1.0972342799802073
1.0686755194707371
0.8954775214401879
1.0863582732395094
0.8440902420100381
0.7786030076051327
1.0502666350924197
1.0651403127021710
1.0944970404836818
1.0788311526851326
1.0969169343495362
1.0915328835222360
0.3903525378039139
0.9595189070830132
1.0784194051300977
1.0440632111910968
1.0956933293523610
1.0157261231760113
1.0948184321983216
1.0395715332450566
0.9299089209184110
0.8596935589003730
1.0966823005836230
1.0832476856487649
1.0560333041343577
1.0900447796107053
0.3991628492359599
1.0820429778144984
1.0843076229180675
1.0969032372931815
1.0397640989533825
1.0908657366961350
1.0833657068811822
1.0882302691504115
1.0951761339755326
0.4648792885990300
1.0938386557021085
1.0304099078521858
0.6375937891384775
1.0976265081059224
1.0860675926921517
1.0907873724024180
1.0894221078001405
1.0968986751369392
0.7197178520897171
1.0519600565443521
0.5503673985479012
1.0837524796836449
1.0902926142880411
1.0674385595160150
1.0973250104376859
0.7905986600178498
1.0108723949540857
1.0943630516854166
1.0808773649990502
1.0535553297520410
1.0879639718444094
0.9333552481713774
1.0931141647180698
0.2950627734826009
1.0963283826264236
1.0713134541208187
0.9284673305317832
1.0913585802223711
1.0584836679362086
1.0460653732710263
1.0277487873604783
1.0744215007366074
0.5006857848361407
0.8072498865924053
0.9109807361338419
1.0866534350553860
1.0911307144635165
1.0945840926707382
1.0497677165669810
1.0934035675478868
1.0935749893317872
0.6173164875545550
1.0885705773629861
1.0783274215064875
0.7202569108918819
0.7040780395105617
1.0843597077542053
1.0923975194675537
1.0751338393086327
0.8589379073350480
1.0510376615511874
1.0930022107838979
0.7153490962055665
1.0532535677737687
0.2820468125681256
1.0840243583639328
1.0908441939208728
1.0963907236430552
1.0560931527422062
1.0894758909717071
1.0938941970048637
0.5937257541446291
1.0435481083805382
0.8708685470744078
1.0420430709519610
0.9765781065943075
1.0966231609476078
0.7284504197199387
1.0877878573731343
1.0016448786120846
1.0752141904557315
0.9828345329116713
1.0941016931933272
1.0370533524435095
1.0578623635512383
1.0720606137450317
1.0856692893435440
1.0819721002108948
0.5279970751842569
1.0974852950109821
1.0965530661276870
1.0816033227696749
1.0974301861564930
1.0984695494415782
0.7785834600556161
0.5707353404162042
1.0916567829567245
1.0361506839744228
1.0586452280110266
1.0786105583335377
1.0193575362369538
1.0966900657583130
1.0179263070565316
1.0967885043941286
0.4793375843899962
0.3676333637354546
1.0923616637585836
1.0967538144891678
1.0831768341266443
1.0602400547468689
0.2971394111023886
1.0943522653733282
0.9911822866423055
0.8614307681433643
1.0824462792425673
1.0968721460071231
1.0200689228042408
1.0948613783604100
1.0182044477429710
1.0085289365951842
0.9592428696888878
1.0977268239231059
1.0633028803698934
0.8096100333029144
0.8926859597898418
1.0948375863416058
1.0455911614751816
1.0602439286937231
1.0956013445062289
1.0671069004521729
1.0965775697170326
0.9638135693281579
0.7787669133604072
1.0415357774717002
1.0667143182540337
1.0819377407658142
0.9340809228884147
1.0932190297775468
0.6909532766742712
1.0944532536921525
1.0888961340456487
1.0936305508620403
1.0958296150263307
1.0811030383316163
0.8245859793382683
0.4868804099756177
0.9314157929846952
1.0861696329958288
1.0974775737596763
0.9617092290914222
1.0670321823923237
1.0938926412838179
0.9709312396649028
1.0361514429140490
1.0943522916825734
1.0881697836742974
1.0596984414274042
1.0108159584198870
1.0656727497451881
1.0836582378221546
1.0891989279014158
1.0904476609544986
0.5554986541760745
1.0862022577765085
0.3278956558140839
1.0641419536528454
0.9973151767569398
1.0961757222262534
1.0958540227828422
1.0976048141830272
1.0905007129469777
1.0676880880840083
1.0403118860971272
1.0844951622399748
0.6310924339609371
1.0035517514962811
1.0974665795681966
0.3654715735427657
1.0897179145325870
1.0903453953925910
1.0958311777878007
0.4237727394370984
1.0951833587417856
1.0794913110829363
1.0855970478541834
1.0461199043345719
1.0805721312661289
1.0923011609195477
1.0901183323701060
1.0449488369099693
1.0941382648495903
0.9408385981405869
1.0901156075894431
0.8290494614990895
1.0727746364419704
1.0891022466419520
1.0823858109826201
1.0950791673886868
0.2992911075692139
0.8852885698352949
1.0947950744607442
0.9250774938648894
1.0457575644670452
1.0917430059302895
0.3579946040278916
1.0881811477634895
1.0726436774198784
0.6782908292343858
1.0849375472084910
0.5367266048528941
1.0835850356955008
1.0912426996691984
1.0189958825748393
1.0617332157984631
1.0776399907063670
1.0929655013797683
1.0711935666740837
1.0923349727892699
0.2891350830143796
1.0911919350026562
1.0746360345694179
1.0890879105935973
0.7882315389334876
1.0964080230645057
1.0675794980794189
1.0657336463824667
1.0928675739977896
0.6999010657253294
1.0943410868650112
1.0948462235657874
1.0856949046912059
1.0946861363493472
1.0885895081385757
1.0623795217751393
1.0917012785651565
1.0887060195403497
0.9749765589858502
1.0941992687241153
0.9890041912205961
0.2812715843560404
1.0744319040287134
1.0877415480751034
1.0816719447293561
1.0794568994643283
1.0944004746874441
1.0837801715919202
0.9908975011778658
1.0969186566870723
1.0895484688647208
1.0938294888423394
1.0740710112287317
1.0075821399109148
1.0913327733885037
1.0953066479347966
0.5288798695620015
1.0901602095928611
0.3111954020134775
1.0833128569329065
0.8125351356495313
1.0959308016148714
0.5610531929736579
1.0872887508273736
1.0878783526431310
1.0914360565010650
1.0245239180482113
1.0598281879107723
0.8698553002684426
1.0666621307185196
0.9250238380255605
1.0963507321354604
0.9900307277099628
1.0736217970730237
1.0941266087509935
1.0199590960264899
1.0499802652913564
1.0965445035784398
1.0364728264010812
0.9551931444602969
0.5508800788895101
1.0517447854844728
1.0653085670260454
1.0885746684489170
0.8310400678322548
1.0874084069319878
0.6168567258618993
1.0946287414358176
0.9862711010883242
1.0936411263368846
1.0799843051759765
0.8626537806156980
1.0194805358859362
1.0752006208939298
1.0345496887293020
1.0917972855325533
1.0874232748330344
0.9528650993674680
0.9349407346601397
1.0871692135622775
0.7376735042264820
0.2826455490655312
1.0958608042117730
1.0720580129366952
0.4970844441743959
0.9996412920956275
1.0951228200922378
1.0696711390471660
1.0841331264737251
1.0812035290819562
0.7134014751954337
0.3259274664166381
1.0343958185447890
1.0979005898832919
0.7974371844438638
1.0714464024239647
0.9608785866152040
1.0858412203961654
0.5691237514581380
1.0751361076112269
1.0941217036147590
1.0960428162961273
1.0898443270576232
1.0861782144087961
1.0184297178796688
1.0883498626410428
1.0666848243008069
1.0577627319154714
1.0867754693275284
0.3102958224481917
1.0959277165391572
1.0820213829781657
0.9117183116406550
1.0901966357079986
1.0576214529381391
1.0845071274886560
0.8292947191416121
1.0692680932622105
1.0754759937543787
1.0390512590792227
1.0132387529749438
0.3978559331861793
1.0913981830537416
0.9981840190987661
1.0845313346162027
0.8812939004829340
1.0694810715504994
0.9455802645739422
0.8729260608089733
0.3431141214704890
1.0902366016098479
1.0463072232713260
1.0949231714030663
1.0897270655521456
1.0182388416873691
0.7753361071838971
1.0825568542535620
1.0940619095177897
0.4178010396931388
1.0892533850313522
1.0950025929428038
1.0713696058734739
1.0952832016161917
1.0963614856176045
1.0936360779868648
1.0956336031319627
0.4987378723981736
1.0288069686074750
1.0686541225054749
1.0627850670103292
0.9671603112051740
1.0647542121920119
1.0967302968888311
1.0823573203464747
1.0973518712187831
1.0293655198237248
1.0502988271226847
1.0925283275534348
1.0846521238025715
1.0898437561578551
1.0538442189726605
