-2.0625317131926875
0.9836586073145901
-0.5078405209429007
1.4493016442460793
1.5110138860823819
-0.6807082298705079
0.8943555502621032
-1.4369937633489311
0.0130508505615249
0.9046671549251337
-0.5418253275008099
-1.4089457600517721
-0.3651352158935191
-0.4789029018829226
1.2295725073118400
1.9682842658142383
1.0998815403048545
0.9754295042027697
-2.0090688004028352
-0.3935340047858599
-0.2913646800210495
0.1889134355040484
0.2601160836746259
0.8578718425798312
2.1309841785330952
-0.5365994967374458
0.6662119197937864
2.0158740062504856
-0.4709180577102359
0.3474510945631920
-0.4931570165053656
-0.5882548663018882
-1.6677648696343588
-1.4551912026186922
-0.4230648857748157
1.8136135553806041
0.8455021369158251
0.0484971882219929
-2.1109746277032984
-0.4158530014704004
-0.7832636323699901
0.0639812425365232
-1.2340153614881306
0.1225835044354957
0.7819346732880487
-0.0525894438799048
0.2451572153032555
-0.2115162267096742
-0.3407081384521277
-0.3396152143089111
-0.4688862642529458
-0.5601543374655987
0.1834443316421667
-0.4532722178989109
-0.3951910379499012
0.5819916753776574
0.1453031833454615
1.5479874500982043
-0.3255884220478418
-0.0322516718831398
-0.9827776914373058
0.1397191251144727
-0.0330296934441892
-1.7151081629027822
-1.0700356830855124
0.7187255680350727
1.5106446570627046
0.7987599827655610
-0.2428184986758424
0.7369799941975201
0.1667191641097696
1.0457488098014163
-0.2323408190534549
0.2842059956889228
-0.5495054789672043
-0.8168173220529193
0.2991005590194554
0.3214085427740700
-1.0004235387279392
1.5746717155854557
-0.7950292389784958
0.6544575462330122
-0.6006698746909485
0.5217272985493923
1.0763475123114539
0.7641171414125940
-1.1684032119658596
0.8984205387430694
-0.0104729140394862
-1.4625210426581812
-0.7291383495332755
-0.4272997726000637
-1.2773342428766730
0.5020903269287669
1.1115299457536243
-1.4985712737879768
1.0058027745735476
-0.1074809722280639
0.5489252936483622
-1.3156914008403553
0.5228188054820382
-0.7622605519233562
-0.2503425290408987
0.0700362747963881
-0.5433363995733100
0.5222673465192402
0.1120490831333043
-0.3012864857647722
-0.4389956980442429
2.0342062801368561
0.3117849428857473
-1.6976712178781623
-0.6977748784423969
-1.0229071588914680
-1.4537618818109694
1.1232930287287772
0.0495323702951668
0.7273332681132062
2.1026495068433402
0.3488854471795629
1.8556044466636448
-1.0208627712857332
-1.7094845737188440
-1.4009590870714967
-0.4240099345018950
0.3747260921689900
0.1367136903849008
-1.1803257939293066
0.4966289725395331
0.0156184365656567
0.8527470688806402
1.3613328659740418
-0.9235874091899108
0.6866303384728456
0.5916875775057284
0.5877507030146499
-1.0162747336029767
0.0313199690550523
-0.8363945675227848
-0.8074695348740172
-1.3142521458050289
0.6797096420303383
0.3503682687477041
0.3346543933021454
0.1649278221187273
-0.7357808393657203
0.9611353963258724
-1.2781776395937872
-0.7204551743443308
0.0451302972294678
0.1522698444701215
1.5335930062239496
0.5879570189519401
-0.5095965709322520
0.2815581842504346
0.0927833652125070
0.2152766439901858
-1.4326613691354806
0.4452807715387078
1.9298555853806181
-0.7511019229259788
0.0116001982097708
0.3890982943694725
-0.8945886513942489
0.9388982086469004
-1.4637872231660420
0.8375967406776381
1.9243482367346569
1.1155503212930182
1.0249092368628585
-0.0014077744997644
-0.2005981830127745
0.9582048219254780
-0.3466542492742271
1.1969809686271020
-0.3900119343943053
0.3878504515528335
0.8437641640058727
0.4301382421034668
1.1323642201908810
-1.5575916955371336
0.7238218422316360
-0.7106227973852476
-0.5800376256304010
-0.2402334000237299
-0.7867151151772194
-0.3361711561930081
0.8090896272191350
-0.2159817529885192
-0.8088716157829877
1.7512732444539942
0.0328248112511301
-0.8167533351345164
-0.6320423682062526
0.0786498259163817
-0.6005092132532627
0.0436739923871502
-0.4931085719533161
-0.7224035307515118
0.5321390958406915
-0.7198703553746097
0.4800702135952375
1.0346196307321991
0.0662495134406217
0.8418862353802966
-0.4157499143737340
-0.7623129666984866
-0.4219408268840487
-0.0100554975486818
0.1070859119732452
1.4090247965660117
2.1886101744144542
0.3876842394038958
0.1204427360807125
-1.6275079463983189
-0.1196239524941554
1.2795379106457552
-0.5178001489479098
0.4565878475314813
0.7719071722943622
-0.7368950088728861
-0.7107175617564643
-0.8124231168624623
0.3080864779973693
2.1561436076449736
0.5715530316357705
0.3761686983343358
1.2826148253549281
-1.2302661162187898
-0.9327216198243993
-1.5935246816830642
-1.6187738809190366
0.5340348217628389
-0.4023355101155352
0.1006352560304066
-0.6685600899190325
-0.4387518242595491
0.0370045396633053
0.7156946653141705
0.4429184665873583
0.3871277150150613
-0.4951377454058681
-0.7575276294479433
1.0280066683412927
0.9958813938713049
-0.3080372589086907
1.0125590580424035
-0.0062080924123535
1.4412724683640468
-0.2810646814276535
-0.4005837227054456
-0.7013643101551510
0.4743260061342306
-0.1937587403385197
-2.3498135252586914
-0.0471425084872031
-0.9491675342078132
1.2598504190825470
0.0797367560103257
1.3903860928713112
0.6662803093237821
-0.4531823387014279
-0.7212590685843600
-0.1586080255150110
-0.5565610746078028
1.1417300091098042
-0.3970275526960575
0.4579677537862132
-1.5870420254836968
-0.6367183710191046
-0.3318818521557832
0.5956051580346959
-0.5462787858071130
0.9253129801124383
0.0016960269756458
-0.6658271251793872
-0.7191157025162855
0.4717468054611267
1.0275503378098387
-0.2874986156682059
-0.1196405180993794
-0.3681347992155541
0.2773588315226538
-0.5325688906398095
0.8427233725124955
1.9456011453506739
0.1248839999253870
-1.0179663638542669
-0.5364265689011352
0.5879534647701358
0.7784643163552806
1.1880091865835836
-0.6252915146981303
-1.3901311039214961
-0.4396138852680060
0.2192912688722247
-0.0951392476586660
0.2633529127506442
1.5679401511087665
-1.7468639016557546
0.7502734688849991
1.3775971033681376
0.7365338871542677
-0.0867004285532675
2.1427012304793571
-0.7568172953781126
1.4768409005041212
1.1971616326582191
1.3300056786564116
2.1545220935720661
0.6874987860508196
-0.2955243406919918
0.0490365166101545
-0.6868315647974534
0.7130315817352375
0.5324183841706350
-0.2015036303237563
0.0050577526512429
-0.2774518778634942
-1.7181585961010379
0.9881495722176598
-1.3231704237423005
-0.1127351867802297
1.0790669618449820
-0.2910886086847996
-0.9807965741015966
0.8515555935039402
-0.1989507397919117
-0.3179355996600295
0.5337227331937460
1.8596490323377051
-1.2811008764619496
-2.0918874642025447
-0.4981784080481336
-0.1688381973787465
1.2933812835220819
-1.6685773559254677
1.6683617941052860
1.9580938268265307
0.0387424951988655
-1.6513816302005258
-2.2131191631053309
0.0212068959976603
-0.0834822604370104
-0.1368773509220079
1.1774920665596202
-0.6545013966522096
0.4831447704855967
-1.0768931115105629
-0.7309306487049617
-1.2595070806405866
1.3616412693592650
-0.2743347527299871
-0.0048242266679712
0.7207675635601744
-0.1781416177346635
-0.5305910141664580
1.0370954905772989
0.8094483016660114
-0.2561125046390076
0.8263620960272684
0.6494525868839336
1.7202508905514668
-0.5598986030159180
0.1227156442135273
0.1020324356794912
0.2710435433305272
1.1394143867277604
-0.6826166470732993
0.1074766401159065
0.2184036596995140
-0.6409915716542955
0.6894676124721958
0.1474485984806457
-0.5157971177979110
1.2017883599874901
-1.1165110288801161
-1.0871182136918194
0.9557357364349585
-0.3427512932797313
-0.4218808213945511
-0.5276063178639401
-1.1516996060802023
0.1294464418717671
0.9076789416164559
-0.3264263980026724
0.1077228196918835
-0.4108028960613479
-0.7989861364927276
-0.6910259950030420
-2.0926334366192010
-1.0794115379121212
1.5099947987106024
-1.5428552478749080
0.5458564038208362
0.0045303879287594
-0.2232351683687196
-0.1886554260979109
0.1306186328927695
0.9539788830066321
1.6699981026641384
1.2042444216615218
0.1173350190183475
-0.1726268758453111
1.0131703119457658
-1.2994180480685722
-0.5998809848923020
0.6201627877429232
-0.3279710377857527
1.1296816353346384
1.3037730948140329
-0.4089196919767252
0.3010848704365537
-0.6706300324669138
0.9288707144561849
0.5637904955504394
-0.9102890563010825
-0.2059846481235089
0.0800269346115779
-0.5850223972013509
1.3707297558094231
0.7393556794245737
-0.5855455967141189
-0.2053680918134278
0.6465266178943634
1.3933720605511273
1.9692165007541287
-0.6300337098224155
-1.2000998569847514
-0.7289758883114148
-0.4099599852192173
0.6448784773267482
-1.1315564688958351
-0.2364666322235374
1.5312722327953858
-1.2272089608752701
-0.8817488401363278
-1.0236983452886572
0.2321513841867784
0.8648633966240959
-0.4513208349630179
0.7324786285838163
0.1602715040757280
0.1665097320240151
0.6382016919878517
-1.4554524411766392
-1.9467836965823717
0.8134576815914478
0.1630260772649222
-0.3758976588854471
-1.0838062555567356
-0.7508608594356944
-0.3543609101355616
0.1460706463207311
1.0267811361150179
-0.9393699239111375
0.6165629958343571
-0.9631758495635221
1.3866973385827217
0.5155747676461609
1.2812588576555548
0.2757250330155269
-0.6041076914194408
0.8415974050153405
-0.0573878163726478
0.7615467148123929
0.6898089742272109
-0.8663477050489422
2.0911936795952957
-1.0306742062198753
1.5474207713863068
0.7261078526825084
0.0697664296802652
1.8962669399761707
1.0437010122956774
0.0026914786048889
0.4181332297254465
0.1692284120480231
-0.1938780176686943
-1.2011815152619378
-0.2933008929466372
-0.1215436031734592
-0.6257740056016340
-0.3851723517415097
2.0234335275345470
-0.5120491185862922
-1.5938428105493756
-1.1347300957394304
2.1138828333887196
1.3322534576857008
-0.5495368594142347
-0.3297785689137269
-0.8350361210172516
1.5167284617570456
-0.0312340621461862
1.3596789756787109
0.1557124648809595
1.1312329134704890
-1.1813446746005338
-1.6100638958630260
0.2269670811100766
0.5969392134636692
2.2637381143015016
0.6086601572070114
-0.8145089247040208
0.0615255400050383
0.6000386043749533
0.4941705066940941
-1.7421761665530853
-2.2113810541890047
0.6903271390443885
-0.3730788363862260
1.3989758272395356
-0.3780186417456266
0.7262778280839516
0.5856682115908952
1.6255068141436835
-1.9958157617051899
-2.8284836536220430
0.2056000763822962
-0.0379714495034092
0.0399309699591002
-0.1499232936778640
-0.9242782142150110
1.7888770300946835
-0.2746672653841313
0.2861685308096411
-0.9601268984371376
0.0898589363531811
-1.5292615030734280
-0.8692437254428562
-0.6029727784696836
1.1891677441616879
-0.2127063915535288
0.9276329515336953
-1.3048294162906853
-1.1469785153642567
-0.8231130922233730
0.4240259507099806
-0.3811384301785114
0.0574102647182446
-1.0648549770623896
0.3008368668280674
-1.4789362443308605
-0.2704703406053172
-1.7828310730924537
0.1407837737051981
1.3315774608499815
0.2202824851399135
1.3567720209715812
-0.1134830335129450
0.6038174089328991
-0.2314613606631941
-0.6721848610505297
0.0191892889286011
0.2549577253054847
0.4303033094708648
0.2195446972008041
-0.2725407439294172
0.2380361489337077
-1.0118663369195422
-0.0513254103233389
-2.2013187988917640
0.2877965873573198
1.4273094858714230
-0.2818640270524491
2.4864215711114412
1.2891449575363960
-0.9193226960812100
-0.2885218247104901
1.8398083175493702
-0.4603919915905297
0.7306673304900138
1.5003611410402833
0.3152664841440305
1.3079371121601526
1.8944156234669400
-0.9609819577757106
-0.7170921471473017
-0.5296983232383248
-0.5217162079094211
1.4384980773954492
-0.0575673932266247
0.7587588250502137
0.7255023866700763
0.1957759425295421
0.7128745769559353
2.0819676954596371
0.2290290864082726
0.6315180284073947
0.0797236378797802
-0.6049001547760413
0.1772364597673356
0.2776440402750653
-2.2801839377771946
-0.9771001470266143
0.3260710806249509
-1.1394974425298783
1.2907850070838263
-1.3471227013229026
-0.1056518922295933
0.1932713752535436
1.0076254877789987
-1.9434648763903732
0.5438933001050830
0.0730070991150700
-0.0003405332605346
-0.2549051319753123
-0.7252151046459990
-1.1008890108302976
0.7490028193498054
-0.0004825228783754
-0.5519085825171381
-0.2842687938442777
2.4975547271174223
-0.2786505431073578
0.2085954910958722
0.4532691635088027
-1.6981281157519579
-0.5776487714147154
0.0422478486444195
0.3880573716433380
0.3679470146343362
0.4847208341308464
0.5250328573134855
-0.1149690386896907
0.5905264750747328
0.9274830229262210
0.0153731492686428
-0.6404922527767711
1.0065910806868710
-1.2797171793462330
0.8906043182877387
-1.6152271976719554
-0.6173150108131533
1.4452663077606571
1.1352269153129242
0.0067013974633411
-0.0213706872218502
-0.8274105855880298
1.1176597880241976
-0.5624404576067319
-1.0557790786450032
-0.0121464975807799
1.2583886649167133
0.1914062666183298
0.4851764862226370
1.6172951251770371
-0.3158929640763966
-0.6847982025368636
-0.5569679493326881
-0.3970686914622894
-0.5036867295454464
-0.9575489561388427
0.6900092421102684
0.5388891137669319
0.9878809794603057
-1.1110121267781956
0.0190533612285965
1.5348460976049647
-1.9835646525190627
-1.1391556020236451
1.8677111235629655
-2.1814800379987189
-0.1302442407594429
-1.3538977141944832
-0.6432504551489856
0.2011135475647022
0.0071241537142450
-0.4244136151112279
0.0670482149389631
-0.4238582803898507
-0.4119356620152241
-1.6960030175705354
-0.3492158131289856
-0.4934307214056515
1.4019958632088576
0.3907958434835732
-0.6028213985035658
-0.6065718988866832
0.3163050212381833
0.2674509421848213
0.6603061331213974
-1.0693814763925149
0.2153000058430532
-0.5670608197199336
1.6427610494125806
-0.1580442762043934
1.8579903783348604
1.2622760751530107
-1.5670913201842973
-1.9903011686783010
1.4973938513251761
0.2742777877776227
-1.1323803688472782
-0.8262916788736575
0.2314772034128437
-0.7444198818631752
-0.1690214875027415
0.5058975609778580
-0.7241460828107756
-1.3178803515306035
-0.0719088084833030
0.3226336036451962
0.8472893370894073
2.2902930227083114
-1.1581876183341249
1.1574851708732601
-1.0882100511623054
0.5998950191142737
-0.9239655737779433
0.1785690237066275
-0.8110856874038437
1.8350211606850069
-0.3358880810830643
0.1997665905271578
0.2187325945211278
-1.6258730057430262
0.9382793271801787
0.5420133340576136
0.7844395114581533
1.6041099352735599
-0.5240668767992245
0.0112589971061212
-1.4572526521696449
-0.3780491543609259
0.4437382410888533
0.5228059498215041
-0.0863740920619117
-0.3877933848592454
-0.4370174854282335
-0.4216889297821206
2.0202675951347131
0.0101812730062705
1.0548144588693222
-0.2612919726137675
-1.4172056006519760
-0.8741854158710476
-2.2634131842352798
-0.3983398463586447
1.5971557531304619
0.8812051854653813
0.0827014980275497
-0.2109748284577816
-0.4898863586322525
-1.0808957008514697
-0.7821635839303195
1.5032441217816594
-0.7672292883439420
0.2518657047426423
-1.0975922613781872
-2.1029865243667176
0.7100745566288001
0.8749111153516803
-1.2084383148544622
1.0471065993089286
-0.3130476339494067
0.5508138784903179
-0.7620428760486144
1.5447705092741892
0.2824001017762129
-1.0786704340642361
-0.5681606249890960
0.6884667321717785
-0.6966850761702026
0.9977393467110984
-0.4338445710060834
-0.5130433167888179
0.3932017522957644
1.8843338954726203
1.2264148551394238
1.3029350048606232
-1.7819870457614551
-0.0877282081911270
-0.5792935223629141
0.4923534899249212
-0.2929274232946924
-1.4653347771001286
2.5670806902546119
0.2867653321435302
-1.0390940098314458
1.2165495751626583
0.2076011961081090
0.8172334835948317
0.0934501252131725
0.5821233800066867
-1.3510201954161494
-1.0418758113031272
2.0053750880094228
0.7995720361410343
0.4167400711450260
-1.0781027160800014
1.0179226377981985
-0.4627163610511255
-1.5538979960681716
-0.0763732587998485
1.5448614726964796
1.6044518592960109
-1.1871867381268224
0.7276446583988344
-0.9107848593968852
-0.8725872929366316
1.3712352901948992
1.0218540132462193
-0.5797914744986788
0.4005223757824777
0.8742489886375701
0.4347493919504351
0.8760851698774066
-0.7565685249870175
0.3009080392720591
-0.4332831915677261
0.8799404548386656
-1.7797297684234441
1.8313009737201609
-0.9856101769974799
0.2413130247144196
-0.6458761798443756
-1.5444881096941239
0.4798143520612135
0.4072814148621835
-1.3801406860366476
0.5935461375810358
-0.8692692830076409
0.5677899334705940
-1.7758267210395950
-0.3910232570713648
-0.3048866850079663
2.2694771258787583
-0.9358360020366983
1.9955883343634069
-0.7269497692062995
0.1749834898949783
0.0904426267887406
-0.5308352367226029
-0.0366194553599204
-0.7058978777290430
2.2338932667574616
1.7439420881026666
-0.5763134900525951
-0.2908755159611204
-1.1041766722187409
-0.0777621530565222
-1.6643274201562503
0.4329469243731506
0.1879724198428157
3.3384083358234071
-0.0937623111314176
0.0453246268516852
-0.0293273127219845
0.3803512256845129
-0.3475317807071616
-0.9685599924450551
-1.0792133756372371
1.5662479489185190
-1.9556185758180780
-2.1614805030181103
-0.7909045634438387
0.3569751309991441
-0.6374081911960322
-0.3709942944883426
-1.0814903486307861
0.3237674178388222
0.3157526731936882
0.7095805636007564
0.7991207791777301
0.0514905490920602
2.1465208058923713
0.5209726057738494
-1.6836046893907788
0.7166119208072665
1.1266170213108593
0.7330335263576512
-0.1469462133139804
-0.1540570736379109
-0.3407476639133165
0.3091500745163928
0.4304778388732095
-1.1654539761576883
-0.5678030236259448
1.9254577723419881
-0.7123044763092919
-0.7845873407134637
-0.4802171499087340
0.6630894981103669
0.7982101899198482
-0.8633038553414951
-0.2381484188577823
-1.9415421017938801
2.0639611252683330
0.7049319846452673
-0.6151388934528385
-0.9899469832104436
0.2545761908575597
-1.0524021764772253
-0.0582345243943484
0.7400156604084472
-0.5396897469416948
-3.4012957576591165
0.4807717820894093
-1.8639624058225823
0.0655328419478080
0.3509798990700217
2.5412478751575400
0.2268647837833643
-1.7376869796269219
0.4978730343862415
0.1315157347592059
-0.3332173639570647
-1.3656907611325246
1.0388328391223793
-0.2459783739805336
0.0349800967885859
-0.6253796682716556
-0.6773303526716307
-1.5446545858060037
-1.4260656853756428
0.7472980660278521
0.6781426207805530
0.3709740575518989
0.5644960252539765
-0.4598093751054156
1.3018069756408348
-0.9204881894414789
-0.3442706897661794
0.4413428017631029
-0.0385144409167159
-1.3704694889024140
0.3345603668472374
0.0583211410791925
-0.4243330545835823
0.8565113685140813
0.4995156322940616
-0.3423135527331906
0.0648501284842446
-0.4304932198557670
-0.6760091905770990
1.2303561301953831
-1.7432733428884535
-0.4853137981074344
-0.8001797616524948
0.9841598811770834
0.1288043105700200
-1.5248503992408933
1.1543566173327937
1.5971362267492240
-0.0780386287018263
0.7271283662635983
-0.2378674548126001
-0.5323661457882565
1.1995697287363145
-0.0593618074399377
0.9217326418133449
1.2235004040072650
1.6420127875893133
-0.8914058520879676
-0.1456708897277480
-1.9768370139961882
-0.2504731526188607
-1.7797505632457815
-1.3066986289338824
0.1650331979441454
-0.9965207397108530
0.5617819858250674
-1.0316310492106942
-1.0518140667388991
-0.2002762648544419
-1.0971625975572206
0.2814014551853998
0.2191153280736873
-0.0608421668480665
0.2139496338332069
1.9575137837660428
-0.6739048678176446
0.1474542347420195
-0.5121265494102361
1.8936585925018825
-0.9899116600150286
-1.0640153385182525
-0.0403575551493477
0.7127261101175193
1.1323327671883614
1.0309607872824866
0.9450080126520839
0.5673996778697046
1.3135631293374652
0.5702536408672193
0.2877908673477845
0.5621525287496252
0.6331851309020873
-1.0472215727098497
-0.1367266865605536
-0.5715872739538062
-0.3161309510078936
-0.1133069340456044
-0.4310682637199963
-2.2736024634216969
-0.2294527371808713
1.1346497536323328
0.8837663298458014
