-6.0170651686417562
-1.3144080699941463
-3.2581493249638314
-3.2146911183186986
2.6552640403131780
-0.4220730891797256
-0.2733673687246591
-0.8852123336902087
4.8768642962581632
-0.0897374930968076
7.0832545790783774
4.3113577850690472
-3.2528041104023764
-6.8856777861043152
-0.6747251255784770
-0.5069063382518563
3.5983789524572076
-3.3418676412709649
-0.0021023951648522
-0.9169666725796474
-4.6124591170320048
-1.4977932068504025
0.8238525586871212
-1.8403549132047270
5.5892565009495776
-0.9750341639704397
-0.0541321456573496
2.7817808423724588
2.4316285254479988
-4.4722150549943720
3.7959021830803463
1.0872751810644299
2.9238811558930076
0.0520394704752468
-4.0453041003324470
0.1053350990900652
-0.2813198157648064
5.2043717671679781
-8.1234391463890834
0.4464976967076533
-5.0969478232283176
-1.3186094900297871
-4.3532842882432989
2.3226632926331070
6.0708179441680228
-6.0561953490441018
-3.4840683034117159
-1.9187224470573483
-1.2002208607934519
-9.1037317606230133
-2.9099198139821905
-0.7918609346402224
-2.1366837112339150
-1.5936302558719306
-3.1173808270737311
-4.5325686582035178
1.0051886334430320
-1.0702171494650967
-2.3789110840142302
1.1636079639268020
-4.3603658621137642
0.8533812885731548
-4.9530850796253070
-2.2385996253659131
-2.5819233554666714
-6.0064905253760745
-2.5830729635203524
0.0724672657662656
-0.5875163173143189
-2.1416983059711701
-1.7134600373767492
-2.0732873763741062
3.8998374121270993
-4.5713464011443845
-5.7017749232150878
-4.9199276315296645
-0.2679914353913487
-4.7280639581432000
-4.5007890354500253
-8.2287848352705986
-2.1243203789141409
-2.8687682769848082
-1.8302024126730032
-4.3441306777176765
-6.5617930154176412
-0.4110949432076650
2.6538012837210596
1.4873587469713456
-2.0550251029902586
0.6605548518900157
7.5294615117695471
0.6479678330047509
-2.4296786503534968
-2.5172430443566189
-3.4080519345133653
5.2695783995381893
-1.0778830636940142
-5.8201538570777291
0.0365214960589553
-5.0857833803793406
0.0541673214532120
-4.7731505248118919
0.6270718010269122
-6.6378872929630122
-0.4757166282967304
-1.5867472408861643
-1.3199564321626056
2.6498834020423683
0.0457075459126434
-1.1288706132540680
-0.6211639146907861
-0.6674448306502279
-4.6445533080297077
9.2445537415788159
-2.0817974507053609
-0.0036119481285257
5.6170713065841671
-4.7776377196326880
-1.4620444404088762
-1.3376294440039733
0.6570030061422938
6.6007429114630582
2.2992092542473110
-1.0434843742625397
-0.4913201174923932
-3.5091174322859398
-2.1661577725484578
-3.5775724021245794
-0.4711461998846688
-1.4824048055248764
-2.7459552187741507
-0.6739686711412830
5.1931525427383312
-0.3954426449815551
6.0809656562250876
-0.8544023039969320
1.5900118215701868
-4.0100916254011993
-1.4551347699209241
-3.2414519168725127
2.6792943045579762
-2.7910874944463657
-2.7713983350195401
-1.7594213037759050
-4.7083393428590377
-7.6271574303705281
2.0555040333293677
-1.0119615559987316
-2.6403416785608509
-7.6025395749571967
-5.9071028815563880
-2.5358600426165565
-4.7610077004612412
-0.8065867874286189
-2.0243098818579921
-0.9435336753814327
-0.0479176554951545
-0.1644276244470058
-2.0666618963378593
2.0086586486599463
-3.6281831218072260
-2.8137988233415663
0.5196503402733117
-6.2072844131162208
-2.1036640035432201
-0.7129338327932490
5.6760932531720290
-1.6385862896874639
4.0270221159492676
-0.9582780448871293
-1.0817395041436582
-3.4132946264947521
0.9457556730188380
-4.7743630796506071
0.0773880255306130
-2.1195191156683633
-1.5383209448922464
-1.1410389307929567
-3.2963132944862199
5.8094043600105678
-2.0864894672741139
-4.7733811692863641
2.1847356424867939
-0.5317849246790052
-2.3131384262879164
-2.4945657510005166
2.1941237038881178
-0.7712430868860868
-3.2773908870026269
-1.7543535593263375
-1.4758230377485391
6.5498383380868068
-7.4612505112927092
-4.3052140909190211
-1.9132151511132416
-2.8298949513541243
-1.3953502364573238
0.7011633883880846
-0.7377706084573910
-2.9857724959401457
2.2085875798360997
-2.2860942958245296
-3.6492756153673707
-0.2077296375581237
-3.3536615518035418
-4.1656888370795233
0.1062277912703357
-4.2840228443317825
-1.9724592192855270
5.7190327352639878
-8.9705061857991364
-0.9386645607123519
2.6960595634844489
3.0937116455511098
0.2941899566893686
-1.0159466389753975
5.0328228918710884
-3.4749301064484879
-0.5906700329344103
-2.2102661121002334
1.0112282588004553
0.5137544878260500
-0.5560902127399244
-1.0580040065560197
2.8278900558051028
-2.2981829599423511
-2.3440008416729738
1.9579038275328542
-3.2890105471052222
2.8897151351566248
0.7937265029352494
-4.7561104572965212
-3.2444805515423685
-1.6930737404452720
-2.3059740384776166
-1.2486144179655625
-1.9659384188200475
-4.9464207571453258
-0.7463533277891234
-3.3910405185000370
1.4384346512751314
-2.0186113893175630
1.4889759355950376
-1.3705829793253228
-2.4429815519279705
-5.6140116422324446
-4.0938726320745120
1.6087305017664641
-0.6836682846141231
3.1718748530423295
0.0115733329912328
0.0751140980759792
0.3599135040164345
-0.2840558920392113
-2.1998236183083884
-0.5651521137107969
-1.2991286036340324
-0.4882861711026830
-7.0681712994135664
0.4196450735062381
-1.2135791205351552
4.5124022509895374
-1.4740902485229936
-3.6737892410362782
-5.3296569338621520
1.6617425975496629
-4.3781400772163188
-1.7568439826079769
0.6310910040473288
-2.9892635992202710
-4.6853586781196555
3.4598858495496985
6.1623879808507205
-4.0774760642795744
-3.0136398657232446
-4.2103735289389999
-4.9411930279545802
-0.0259488098573093
-1.8636574141762197
-0.6307524267757446
-0.8121161211014929
1.0509578713703593
3.4684480191838891
-0.2507340158074663
-3.7127288830270011
3.1365871427145180
5.6504027525206348
-6.4963811366304141
-6.5332174290318195
-1.4371110206454445
-4.9119592039640940
-6.3829182970897556
-0.2304657862161975
0.5193939522173686
1.2358243377792644
-7.4813376592716843
-2.8649826174719970
-1.6841645779748733
-7.9079319938244197
-5.0729799123972352
2.6113959278360155
0.4305486412403706
3.0340121857689004
-1.3173987135087726
-0.9174738850751003
-1.1314631512464111
-2.3516340047521100
-2.5366518680507535
-3.7826136055283710
-2.6726081591684343
-0.2399172603760708
2.9375448924704366
-3.2003045494673263
3.9701882966200897
0.2958490170789385
7.1915005827565688
6.6688474830462807
-1.7419855937617794
-0.4410539510290475
-2.9531420551191321
3.4393585009443566
-2.3995000548775911
-1.8601131658212160
-1.5739170136154823
-1.9554576620524187
-3.7450841121092306
0.1166521032843799
-8.0751414775891277
4.1306927398148403
-2.4317967977017099
1.7928024555362985
1.1612921492062385
1.0886236118803887
1.1149160246060053
-2.5249254879941834
-2.7623068023676924
-1.5860164618663619
0.1025363516622695
-0.4405827964169517
-1.3887388555054823
-0.9195152030558813
-3.9617013655237212
-0.2670435454647113
-3.7769851495086293
0.3688532352387222
0.9421889490393721
-3.9768242553419895
-0.5414387611753733
-2.4161866862439179
-2.1265033731400846
-1.6207664096309773
-0.5098369528585843
0.2428131206455550
-0.9317668650491757
-0.4349430832777643
3.2663211643386965
-1.3382295796418817
-1.8451447303403492
1.0141147017834993
-1.8612859398966797
-0.2558636536783147
-2.6929524402359766
-0.7680067318826826
-2.0122283013265760
2.7968209653559337
5.2846982425439029
1.9428005634668790
-2.1709194143834423
1.1571154399082826
3.0984640156118122
-3.1184210286253968
2.0939891319709134
-1.8015512320685678
-0.9133987760152468
-2.4318032195800252
4.7600775271035047
-0.7906645133337012
0.7960409080396443
0.9100120727787604
-2.8959299133073491
-3.9438259107748976
-0.4670128159959266
2.4976555580854192
-0.8606126685422215
-2.3986545309824288
1.7860920237652733
0.6915182801921684
-3.6566755917283991
2.8360081497788450
2.7949499873175117
-0.0541018575669163
-3.0920531417789392
-2.7838610494083236
2.1658613702368035
-2.3567081197134438
-3.0757219120345272
7.2348027882128818
-3.9952068795517488
-2.5171873056457525
0.3108854932820095
4.1749016425836327
1.5597681452041465
1.6973303970133156
2.1209661999859954
-2.2522852182374602
0.2261787964562487
-8.1406144046817577
-4.7075701839561503
-3.6185705859880954
-3.3078571045375171
-4.6743129213379060
-0.4913839160587943
0.1520497216649151
-0.3854406925923405
4.0429545702912364
-2.7472616248304114
1.1666970058474448
6.5095552395281517
3.8802002396318014
-0.4013545603036028
-0.6319594686997866
3.9358577554389278
-2.1814343482954301
1.7214441210602012
4.3345500966037749
-0.8972206586093501
1.8142779193737741
-2.0496228705748827
-3.2948510700602287
-0.7712106550593327
-5.8698739471127714
2.4050009747662577
5.2003346870352596
0.1505278210584821
-2.0023704391656310
4.4719051380318469
-2.9122536139886250
-5.7815511873934788
-0.7496252679461772
-6.3715930741991853
0.5210272958995875
-2.1822828960080609
1.8897983995659215
-10.7464610130800491
-1.6146735914751855
0.7266540324295068
-2.7618184332664697
-0.8405214410583711
1.3754202516786067
-3.0470504132454423
-0.2929254973187222
-4.6799284826318717
-2.8532727725458895
-3.4167201600855157
-2.9847745634163658
-0.8389948025844005
-2.7314219590342277
1.7034345420266233
-3.2285473271901770
-2.7374841703303749
-0.7415119358709715
-0.8549783831849178
1.8910786491966765
-1.9172059149900762
-2.6649743258240393
-2.5994448471298921
0.5887252402986584
1.0288793383898978
-0.9012355143408053
-1.0902690456845714
-6.7404517017499801
0.6823170333475137
-3.4991226676796865
-8.2050309346886561
-2.6794162844164497
-1.3972258575885212
-1.6236958841115914
-6.0250003603295639
4.4171134489072905
-0.1243886884070774
4.0674628507884583
-4.1261474811477168
0.0425968895754021
6.2346171257324947
-2.3926625099783170
0.5542225923549415
-1.5573007072848066
-2.9746958758754594
-0.6378735229350745
-2.5466608795985191
-1.1513777937488698
-7.9545232271489716
-3.9282481272572438
-0.6068937339873739
3.4879959236115621
-4.1742699535289063
3.8817142117162611
0.8175627980382170
-0.3381146603892567
-4.1771368898437666
-0.8047901032508018
8.2907189565784520
-1.2406007136828232
-6.9414684974571346
0.9657608250678251
-1.7120695347303825
0.3560445794045348
-3.3905867247107184
0.3451006471872634
-4.0878370844452867
1.6073903256041262
1.3117787018896487
0.9585510188083859
-0.4334495716027322
-1.0060753140386220
-1.6550748453646984
1.8150314018359426
-1.4599771137196726
-1.9034406529417720
-4.0291286677249269
-1.8211768511230506
-1.2906728526414255
-5.0512162859720284
-5.3795720711857156
2.3416444832976113
-0.4478694223803564
-2.2425537778298499
-5.9298524937207144
3.1121522347628474
-0.9003990623787150
-1.4853599886157538
1.2569878923963074
1.7392600745812847
-6.7715781274374427
-8.2018790469060061
-0.6476931735743379
-1.9801113799667096
-2.4826691080174630
-4.8034412247020422
-4.1405586290270886
2.0951187053760045
-1.5585241704191972
0.6221558967509204
-0.7761222589961556
-0.4118820780634601
1.9817695980053607
-2.0260227743820223
-0.8838291858476766
-0.5527874177635608
0.2578944280224248
0.6482849424775453
1.1144127706075690
-5.7493269060334438
3.6827978594540625
-1.6147560885078018
-0.1322154323614984
1.0793599501416891
-3.5725050173656840
-3.2448212850915463
-0.9650086128801518
0.5778714389012038
0.2490800122863919
-2.0674920311725975
-2.5046033083344783
-6.5957263578734473
-0.5092957767338215
5.1817516785084443
-1.1286939303743393
-1.2037527596801578
-0.9014356728820277
-2.7844740097135365
-0.8248451625779833
0.5868317852594289
1.8734284229442961
-5.8072326330641344
-2.1169394780122568
-3.9224520025117320
2.7322347002244780
4.3584753372360217
1.4342294581282833
-1.7194009797932752
2.1882672359928956
-3.6507208990863562
-4.1466365598547235
-3.1387152431167831
1.7772736857454579
0.7750167739996690
4.9215327280334167
-3.1397923059513642
-5.0060105902307681
-6.0888097242799324
-2.4362321497043644
-2.0366878066713099
0.4792664550182451
2.2658889847304002
-2.7345256327487211
-6.9190450391995153
9.2229837533836765
0.6824089715180545
0.9237022432932538
-1.7880773368319474
-0.3074691491159033
-1.3202709719275223
-4.3778525316863091
-1.1405705028674633
-5.9162367997553664
-6.9546988310381073
-1.3898249099587685
0.1836464269005424
0.3889696427605758
-0.1366982384652923
-4.6633750341443267
3.6997383427855794
-2.5813050702108340
-1.4785076596601912
1.8118455841568877
-10.3650572506341501
-3.8400722071853512
-4.4733814388180448
-0.8575324699639448
2.1940790429835748
-1.6936559437868008
-1.4464531273042687
-4.5003960534327687
0.5136556367757880
-1.9323174837051840
4.8399743546938270
-4.4085571567412485
-0.2645824124144152
-4.0875502389480536
7.6593102739344952
-0.7807150557795876
2.4160419834922604
-2.9517337651191027
0.3170050553644926
5.8628513526752064
0.2705065468442343
-4.0181015501023492
-4.6121348691450947
-0.6682945450943075
-4.2666936751155244
-0.8952683409102453
-4.7907425152617842
-3.3009720076699547
-1.3031281527704057
-1.6776424100363818
-1.8128642525742040
-0.3704763982609329
-5.1474809549907583
6.0683311818794872
-0.0662316637043615
-1.8744017936653961
-1.5408439841098907
-2.6428458099688572
-1.6231249214055470
-4.7972184286032515
-0.7679059262683399
0.8784026453506713
-0.8642358138267946
4.9413684909907243
-1.3739043132484874
-2.5275136788213732
2.5793869805945708
-1.5042168919693506
-1.9171782114694873
-5.7734411391582379
-1.2345041147029900
2.7408966432871495
-1.6075626108919474
6.2126690886920386
-0.6505209115935807
-2.6658571411951528
2.9958128775856427
-0.0705794332760397
2.6821246347186793
2.1170444770766315
-1.7812767552565560
-5.0253474882557452
-1.6460974840139735
0.4056725218906443
-2.6498041249702267
2.5269588618568184
-0.4524301335687720
-5.6176173837223722
-5.3700654157759473
0.3918122672805775
-7.0146487325968812
0.9850161407147444
-6.6815935417819157
1.7712747586832411
-0.7278845645042291
-0.3490567125072055
-1.6488225243832852
-1.5496884112781744
4.3104241648329635
-2.1668040633769028
3.0913433462212381
-2.4349588080906495
-3.2065807954937688
5.8336558022879395
3.5788181122349445
-0.0195838024817593
1.5131843097364865
-2.9698718767448082
-3.2173323274172088
-1.8001383950470049
3.2530592675395678
-3.0703174122345809
-7.1890438446010476
-0.9017092020070829
0.5588758838696286
-6.5226523227899538
-1.9613008746929987
3.2140985000841336
-1.8200470914273292
-4.7172343254775821
-1.0093284958188886
-4.1518133971406623
-3.8310969644483261
-2.7392080675088684
-5.3773223222053392
3.9200975149488766
1.2920331315729618
-1.0982171739909692
-0.1513239050630540
-8.8672562504772223
-0.4958547833092159
0.4693328904250569
0.1838186793912762
-1.4950079432220837
2.0175356827712583
-2.3188965490228215
-0.0888498027017017
-1.1915194358827983
-3.2143972799368532
0.2713621352853965
-3.5377662489426025
1.6155746860757820
-5.2357313940555184
-0.9253432608936329
-4.6453439617130066
2.5987440143528766
-3.7507017983716806
1.9315396570019723
4.9680869857952885
-3.9121403385865747
4.3017015139893653
-5.9357117678636007
-0.6528663662430629
-2.4686856101632340
0.7467930391359233
-1.5306153577711807
-1.9147960310798635
-2.6169857323137928
-0.4220050746286789
3.2985479161260565
-3.8527296181290787
-3.3060374018575298
-5.6979008899087695
2.1506158596545846
7.9587706206543141
-3.6826744959777393
0.8044887858648605
0.2792487742644915
-0.7547305711589014
-1.4025372146477051
-3.1892547482337199
0.7737114601194872
-1.3693935626021536
-1.4694295497583485
-1.1375245381376549
-5.3723334537974141
-2.5684958192038363
0.4168355479016168
3.8290229610190050
3.2588485360422150
-5.7065033829382452
5.5356197198651484
-1.2525695251420126
1.5071937029958042
-2.7609533826687231
-0.4524261133103870
-0.7705254164768006
-5.0572175148712208
-1.2701629980112152
-1.9082291596327066
8.5200196704888995
-5.4045964171950516
-3.5412897562213677
-1.4278730751528832
-5.7106260164833582
-3.1429756367738224
-0.1064437653158724
-0.3480371627650461
-3.8105266543016665
-1.0124043060709593
3.8371517717577990
0.8394979748757800
1.3513409808247232
0.9739813212999637
-1.3087888931668923
2.1061904424496767
0.1128231915331010
-5.5099950959247765
0.9139457892585335
-5.2932446307421186
-4.4595846687128216
-6.2776034161074739
-3.0772611061156248
-4.7958379372693001
-1.2119027850279496
0.7473692089765246
-3.7777864597692883
0.7358092475530063
-4.2428936918830757
-0.7468237520347452
-5.3531281786128755
-2.1250073393566278
2.8434485473796158
-1.1989068591596876
-0.4978059572818558
-1.2127569884334035
5.1206798715534063
-2.1478697352905196
6.2202541782522518
3.5528273402772941
0.2294054938176567
-2.0513210531958395
0.2705296088690632
-2.6103319628090595
-1.3789319376388851
-6.3554584014024709
-4.3537260906801425
-2.6869692365630891
0.6657258579194776
-1.3588264117059414
-3.6618275774299351
-2.4758368733946390
-4.9058371718986065
-3.2771692626995352
-1.4647930186945666
3.5491551795016236
3.1588276648649960
2.0079680875908728
0.2390412252383100
-5.7468291533742546
-3.7237143167210278
-3.2410112911999636
0.2783916139718671
-6.0153823850381407
-1.0355160977966835
-3.2356084152494540
-5.9355133087245209
-7.5090045326728454
-2.3900277993524446
-2.4921653577143377
0.6252583432498329
1.5277254501961459
-7.8213474698172565
4.0692802582639125
-4.2182226896859767
-0.6133419211421943
-0.9362262754961075
1.0174797101996731
-0.2874219851197466
-4.3454052418091189
1.4927621694649313
-7.2703987377160946
-2.9382927624515465
-0.6691259628777033
-9.8346540184308164
2.7316066236744043
3.2089558188164808
-0.6472981226520479
6.6558947884217927
-2.5618090370664097
-1.8050705472320254
3.0126520806476171
-3.4822911030085919
-1.6490232521059727
1.3854278363531951
-2.1268329919500513
-1.5831397540365677
-2.2921752206389878
-2.1696238913158927
-0.0848270173458071
-4.1259081492650322
3.2316950582672708
-1.1514550731496456
-1.4170338812090164
3.1566646203963025
2.7278216760441016
-1.1358978655091998
-1.5800152395914568
-0.8114399796027882
-4.4194708422337516
-0.0982361546903904
-1.1406855384171346
3.2974403261701437
4.4916059657752720
-3.8909756815635865
0.8115632490549561
-1.1021323847131517
-0.7708865742511930
-0.1214968275654462
-1.6096027021172854
0.3779690955130103
-1.9502024455542746
0.9313225542316551
-1.2199509804541657
0.2224245583560143
-3.5555790081021366
-2.3393456208899859
-1.0052259559402577
-4.9818996287470272
-2.8114842462605432
0.9130193685190660
0.5363428118933334
-3.4621089627807216
-1.0914411673145945
3.1094656237158231
3.0839092252335512
-2.6672813389205325
3.6961865259654365
-7.3983543433429313
-1.5090859712917695
-5.6236272026898257
-1.0239320500185849
5.6697908390346825
-3.8257615478692655
5.3892474132895529
-1.5302290957954794
-0.3609230330328269
-0.0132259060759027
-3.3896290168681427
-5.7807870061051174
0.3239319486630328
5.9278553189125791
-0.5852577963541249
-1.3651573839702813
2.9956809906451132
-0.0263622585485098
-0.2904663635896136
-1.8030750608574868
-3.4326031195721787
-0.8140101947036252
-1.5768647761336925
4.5633435940456444
-5.2616858381071978
-0.6110745248465991
-2.3229065561287361
-2.5005112477096936
2.0358096397226739
-0.8981830183383734
-6.4963524985573322
-2.3396482463202428
1.9939616722103439
-9.3693515186184531
0.1399511761201777
-1.0899185823877851
-3.0257955972267547
-3.0262792215463366
-3.2132190465294377
-3.3686029146597525
-3.7936974849971370
3.3107315785686655
-7.2055680618388571
-0.8449478167358181
-1.5384802969563169
-7.1877583707891919
-0.4143288669120056
1.4344656201106241
-0.0688236004862784
-3.6319574551275204
-3.9078493628819606
-2.0154444684656974
-0.2349228976850351
-2.2262125671495188
-1.3759349952473747
1.9603498681798561
0.2075073578794322
-0.3635255883271730
2.4190384349135696
0.1881846700922755
5.7523765977667924
-0.9770843515430642
-0.4339606344960590
0.2441929649504144
-1.4894817841694539
-1.8637771326377290
-0.4968676742365931
2.8443568469806206
-0.0526946309061700
0.4120409365360417
-1.8283874565092837
0.2146043212613709
-3.3301201688794322
3.8793279949428903
-2.8645985254007842
-0.2562876650813558
