1.2812238478868014
-0.0829306730201509
-0.9692745112040188
-0.0534888112296945
-0.3631124065825273
-1.9914518843617299
-0.6110135589533012
-1.2267107220590809
-2.1882468393718928
-0.4927643497911591
-0.3120369146783490
0.4429401138775800
-0.1505975255207034
1.0734172829031787
0.8704759408107327
0.7576944447951783
-0.4332972700080116
0.2915042455064215
0.3508155588783928
0.7483477225171162
1.1582837952263123
1.9235979533346588
-0.4356465365984735
0.6677220718255756
-1.6197676006772121
1.4837504602558140
-1.3959125523557612
0.2003954758289511
1.2292312720988321
-0.1004806687014616
-0.8177921037968737
-1.0017613540901409
0.7998241933773231
-1.9992813648013270
-0.0583878368324083
-1.8527785625357409
-3.2472054856269152
0.6445939586774808
2.6658513402746706
0.8637482249034210
0.5937163885099446
-1.0822710913684956
0.9221656061324206
1.4880711118726444
-0.0155054984358872
-0.2078440992686832
0.3858814260880069
-1.6288370506932799
0.9440643856033891
1.2474909283986140
0.2440287900401949
-0.7444190781319644
-0.1410791164025143
2.1394622851679501
0.1360004773410630
-0.2418845823828308
1.0178514060857797
-1.0301558681181429
1.2276389772674545
0.7674571076571952
-0.8125086278560754
0.5588908134231799
0.5369572515155676
1.2903393752463708
-0.1283156556440068
-0.3990476899551720
-0.7744072796755068
-1.0735569149982582
-0.3600002227874782
-0.4071554102044117
1.0593003549390865
-0.6970136786577935
0.4499785230632184
1.3715395650156637
-0.6368329912219769
0.9426219401304845
-1.2337301260286779
-0.5040639336528039
0.9382760265869764
1.6996980468160949
1.8020219738878736
-0.6789688410330859
1.2987555789557330
1.7600346149885175
-1.4262326592852030
0.6192550921964125
0.2569476988651187
-2.3448413470788760
0.2722456436670092
0.0187865872666250
0.2083518191393230
0.4627833740451418
-0.7940846642117000
-0.2539663299951391
-1.8257602090643523
-1.2196223213002806
0.6313571808159221
-1.1028715062470218
-1.3587171273764458
-0.1368470696304447
1.9353840492843690
-1.2402909284475958
-0.6327252791166496
1.4257608463278004
1.1732544654937922
-0.7059665343138030
1.5717181126774364
0.8456371785368026
0.0296991547543973
1.4238752394513217
0.6830269433831851
0.7663011791305768
0.8507429150689317
-1.2063385194730325
0.6702339232188051
-1.5278536359402672
1.6790079112548171
1.4803944428254141
0.4439713753726253
1.8527742589611220
-1.0500916842183308
0.8763212526488391
-0.1281584866372260
-0.3377417256809526
-0.8907693844086001
0.0424554697508727
-0.4537540691822900
0.5687721006310738
0.8426221403223155
0.4133612102594938
2.2156438103969354
1.2090114121665283
0.1797370735561948
-0.5861686965301358
-0.4432937354404013
0.3824537829533005
-0.7235129274683528
0.3760256495624035
-0.6532091913817863
0.0298762159752670
-0.4088766591835823
-0.1162631518497458
2.1576364730780919
-1.2220610921843358
1.4790598061505218
-1.0598206038497990
-0.1841286910608844
0.0076753321814568
-0.8853461089054221
-0.9070843032192093
-0.1788717214161087
1.4292637538544228
0.0730459160001013
-0.7513284819957915
1.1980408779718297
0.6994816086196111
-0.6841536966809115
0.2553527395523063
1.1727941455752160
-0.6785471127081324
0.1712471964263803
-0.3563180905630273
-1.5287484480220104
0.7335181328561193
0.1395549897006321
-0.7198258306640196
-0.1815600292742829
-0.8613396650374252
-0.2268823259263352
1.0824496631165759
0.9940493805949717
-0.1386500942570640
1.8256756284867117
0.7312696325686043
0.9858298147072693
-0.3625333373505705
-0.2976654077725235
0.0691803277061004
1.1633655610598335
-1.6576352524331721
1.2371442850389991
-0.2466870452018737
0.9829569192868445
1.5164653580567315
0.6692834735374155
-0.3358671191291993
0.2312692448513516
-0.7065756627520794
0.9515781237595857
-0.2118306803084379
-0.7460077167277148
0.4381706897800151
0.6493063078294312
-0.4460585084301442
-0.5991792040185665
-0.1383309313957062
-0.8748227093463157
2.0016589297728569
-0.0272950696909359
0.1085470225889184
-0.1952533884452818
-0.2511547929262919
0.3623588386488469
0.3076900902901596
-0.4471164207700589
0.9544071232688155
0.3311977592936247
-0.5467480250093284
-1.1669446661454599
1.6455215608909046
-0.7784849086975258
-0.2126049375594486
0.2471518570937107
0.5974601741233156
0.8702900799294720
0.5355141850715267
-0.6194760370428987
1.2970513607513650
0.1214123863296157
0.1247659915684843
0.5118132226670459
-0.0102270390472943
-2.0869125048644004
-1.5353297840108202
0.3712777404860930
-1.1706195153930790
-1.3673479677117977
1.0103264201011952
-1.5028661393036939
0.4456191385493122
-0.7233386080631589
-3.2542306715214386
-0.0227090102911899
0.9996492925415079
0.4748885507612933
-1.2078449817510075
0.4549510709417581
0.8248474070167465
0.5104327528351386
-0.3712226275073073
0.4043457791292248
0.0166383192188495
-0.4488596769744757
0.2676159206252780
-0.0119864090646325
0.5095481915660566
-1.4158900020683620
-0.3661421273114425
-0.6415478519909866
1.2444906279039805
-0.5662055446914186
0.0475356261352909
-0.5477241229784471
0.1313196309739743
-1.9658725697775390
0.2224072890441689
-0.7146792344410413
0.7025775512651189
1.1280593965227661
-1.5263818426609774
0.5455453685009355
0.1982495069638884
-0.0609146678412464
1.6969725324074911
-1.2282665956713434
-0.5710632394346926
1.0497545977057059
0.2491092005074571
-1.8183335420288964
-1.7501942338437959
0.5225136670541678
-0.0219934798589778
-1.4815520086116334
-0.7219505867729489
0.6076346537740139
-0.0820943564379168
0.6033758886361504
0.9886858690807210
1.3586991766968222
0.1313716940759324
-0.9357082466359485
-1.8253565219345678
2.3375438085513545
-0.5186651335693463
0.3660176056008814
-0.9354026273330944
-0.6458203781803078
-1.8079544848234126
2.9152797720949675
0.8990365611353944
-1.2848348982534850
0.6996615348128545
-1.6544517935151295
1.1817453471072483
0.3716514366534117
-0.1946230934791641
-1.5953213505858099
-0.5225561731025687
-0.2256686819467892
-0.5105270673659069
0.2454993179203532
1.0724781664504202
-2.6247088689401301
-0.6321651147595757
2.6329237309189768
1.5752882103764561
1.4981012195230634
-0.3252060002400133
0.3127018632658972
0.3655513156371722
0.7076455264441265
0.7754816428642942
0.4735027849107695
0.4837295599982439
-1.6973374856522914
-0.9019570906857353
-0.7008552306467204
2.6895762471896982
2.0318529651970647
1.7587787925002589
0.7439434407655355
0.7092486518766516
0.2218599373877049
1.0384474939696937
-1.4638927983311529
-1.3866256157103678
-0.9404110342225547
0.1039311512936612
-1.0298155641757283
-0.3919290899751144
0.8604312339035464
0.7060851312349455
1.2590240395313985
0.2376264047450410
-0.3662844614905024
1.0500250304769634
-0.0137551822001427
1.1559386501733924
-1.8529034393514774
0.4815577690687741
-1.0293164931362642
-0.1821338518931803
0.6139139273279973
-0.6703509522635617
-0.1437911655859955
-0.1272942140777011
0.2227137822456025
0.0180602022845677
-0.9660560188478493
-0.0712765806896808
0.2087661557809861
-0.5303099335693494
-1.3080478525396582
1.9697322162000828
0.0300953285009693
-1.0451945575899786
-0.9041676890232124
0.9411105585699970
2.5385114819985652
0.2504163182670786
0.9618961868907854
-0.3692730958760128
0.4704447816106534
-0.7457593931203594
0.1827919183855697
0.2236529503094130
0.8708234148914378
-1.1610039475184857
0.3416705809498621
-1.0138954946665368
0.4687759110237869
-0.0081389465041836
1.8304198444885118
1.9612487825542606
1.1865014848340805
0.2390730560946155
0.3511618878323517
1.1290727666256846
1.6370224383637262
0.9192175488312562
-0.3541612820295447
0.7990791661138467
0.3954532626996148
0.5195560402438895
0.0906405439231410
2.6554893919479290
0.2174040321312447
2.6588273047160431
-1.1942381180706239
-0.0343446119928036
1.6473973055655977
0.0392768008905343
-1.8819508144687809
1.1094529030234521
0.6635329325599539
-0.0276307624170616
-0.4221012061170857
-1.5094696459913570
-0.5502534371172153
-1.2080535421733178
-0.2553240171869178
-0.5858288362548094
-0.6081142874244133
-0.0264847151755951
0.8312286824585160
0.5510154780442880
1.4365566993412691
1.2864546920611946
-0.6958621909371313
0.7844537413979099
-0.0144729384442456
-0.4033040557480813
-0.0295407323245048
0.2278065633532431
-1.1851577139984217
-1.6760504718334395
0.2832690495363169
0.2513465850138669
0.7781484349951213
1.3275982305985177
0.7937256983564717
-0.9627289169875475
-0.8160444113019226
-0.0294613700430467
-0.1940421379632959
-0.6345902553349106
-0.9461973266845682
-0.9485339010060589
0.4117499203803552
-0.7643118058409532
-1.3536866913738983
-1.0299094735701257
-1.2616963852717036
-0.7339098318000216
-0.8406080488730996
1.4090733694936977
-1.1222180556493002
-0.0472711510453321
0.6687161012583935
-1.9084196597069201
2.1987389945912206
-0.6689105643043828
1.1379996736152382
-0.7275602024657164
0.2976268994596780
0.5683598090095883
-0.8746535185651397
-0.9562132941732921
-1.0202886514242107
0.5436433762446753
0.0611355788756285
1.2800725176459649
-0.3560466615297985
-0.6438347693967320
-0.7256367596916227
0.4808337359747000
-0.1147868410237923
0.3529234924906872
1.2455536832324474
1.2419911060949931
-0.7312815694530408
-0.0632688726213062
-0.8692429151348249
1.6342164645540087
-0.1069124531980622
2.2798212178187089
-0.0819878083968005
0.6116323166762845
2.0248195853466386
0.8248325466663168
-0.3999044699855225
-0.0622148600291201
0.2645289251632622
-0.1165588187629535
-0.1289364212589602
-1.3463906948443636
1.4773716681670035
0.4507804913697584
-0.7916212122828165
-0.4124253365198004
-0.6863467441751401
0.1796102585140408
0.7312045740361955
0.1690810022551035
-0.0363787559447476
-0.7714409158105868
1.9438979541845218
-0.8178975784507349
-0.6448084527277242
1.0226055313840823
-0.4087468912998440
-0.5081098704133666
1.1700382225929828
-0.0907980818271228
-0.1660922983743107
0.2015120914511898
2.3291882740291721
0.9873339022801011
-0.9208237432690830
1.8379334308619579
-0.7516983758127975
-0.9976791594102030
0.4803736638944333
-1.0568076890950227
1.0415760536099707
1.2422835592990147
0.5171078088590736
0.1742084866428218
0.5550596661267299
1.4716149340876312
2.2783341236572965
0.1770846486319019
-0.1267255677117387
0.4317742699533601
1.4138725404110586
0.4547690100635526
-1.1437475313916339
-2.5497326315218731
-1.3272609542221598
0.0382651317556882
-2.2678565866624103
0.5434801233272420
-0.7294119796708155
-0.2063719578431547
0.4354525011477045
-0.5629610115515719
0.6259611442615821
-0.5543505363760683
0.7854576449834928
-0.0158281640689128
-0.7326658859654762
0.1165480195907125
1.7454406209964368
0.2807105059539317
-1.2303784849438937
-0.1853251668550326
0.0351619986604189
-0.4684415172157804
1.2482753993120774
-2.4135060918669344
0.3529777083966831
0.7528086580170150
0.9577802328621947
-1.0122135805544370
-0.4511533203702682
1.2676900933338777
0.3089749263438315
1.2353564759349107
0.7245963684642278
0.4522139049440340
-0.0661891849903712
-0.8012441757531146
0.7180927175864277
0.7353927340385560
-0.9740635772291215
-0.3646898511683281
-0.8103606307227132
-0.1767472292226485
0.8654448857247105
-0.0799094231856013
0.1462014594196804
1.5898710644983336
0.5223179908218227
-0.5365768979102326
-0.1238333372661185
-0.0926018071281213
-0.2938235234818845
0.0699777227261646
0.3124285841866632
1.0410159110482711
0.8729203557875622
2.3343305731752304
-0.3442413694392038
-0.0312463012414394
-1.3300615883433835
-0.2295244290643642
0.4538803678371881
-1.8483203372912214
1.0637529431810084
0.7136995742560920
0.6984670464274106
-0.5206633038332776
-0.8931875396566917
-0.3231610803473465
-1.0413739193479921
-0.1959161441981528
-0.9341329357627157
-1.2924335863052911
1.7123986263038515
-0.2182724842361654
-1.2565221249896164
-0.6893924616139770
1.0737130443065164
-0.0734457540427920
-0.7258406610101795
-0.2577163047869110
1.7281263775249145
1.6959805868411355
-0.2829825813028154
0.2972931954578747
0.3330748988606582
0.2103692951680028
0.4853727254553887
0.1646921426615971
-0.4702598950610091
0.6640836879917476
0.9537200888571717
0.2338950170825588
0.8877079314015280
-0.3347322578724884
-0.4029839223084147
-0.5489039858788161
-1.5055722273445524
-0.0800409427558261
0.7813537199465446
2.4418852076088031
-0.4393509958009723
0.6292867222456979
0.4100510228451444
0.9968253578808814
-0.8652550283293200
-0.9477621839533026
-0.0738375256143193
0.0095533571342423
-0.0534062414330191
0.2802416318984311
-0.8987695113631721
0.6709825978730607
1.4881092022475746
-0.7248745255112221
0.0042204853179639
-0.1312893402717409
1.6005286371814613
-0.0145694616888038
-0.7198973239212977
-0.3542399480272985
0.2135645388610731
0.5590672437379354
0.2993137408800566
-0.6197773813517690
-2.2378426385233920
1.1719046262192889
-0.2005355789101746
1.3346821999415885
0.3764000170739550
-0.0065361133073941
0.2016029611157467
-2.5968996810858522
0.2187559816606857
1.2544520769707861
-0.0374335742186643
-1.5636235090843205
-0.5041795721502997
-1.4483563555146521
-0.0516078064745863
-1.0971372072171712
-0.4372810472704687
-0.2664173493944647
-0.0710617409418781
-0.2099542623291379
-0.8462392817246389
0.0089405597693168
-0.0042688171668144
0.7746201653265549
-0.7224664959854528
0.4743846560601426
-0.9660416706163312
0.3159181120041774
-1.9171675867508873
0.5617670480963485
-0.5464394135888402
1.5740037994870628
0.5282541032259550
1.6952813903053405
0.5280163445872693
1.8049965280846640
1.2054175006232206
-0.7497530354795796
0.1859772504390104
-0.9508874203320353
-0.3102901403175263
-0.6126366304296579
0.4083664958679049
0.1540202661025649
-0.1249100162089357
0.8280851532842231
1.2780044128727703
-2.2677683358905445
0.3871875834788085
-1.1388732590302442
-0.5480679482992228
0.8749292958096347
-0.8452654401099342
-1.6269574863699714
0.0202459726982231
-0.7704234248225895
1.1659940486642937
-0.4789413454987899
0.2186746377593818
0.5130334490086007
0.1032700060718507
-0.3895538102941308
-0.0696836379531465
-1.2067366918184250
0.6158596423263518
-0.9161877683920847
1.0647791225664778
0.5317084924569906
0.1460903740670447
0.4579696257671558
-0.9862896180305436
0.5683843672050255
-1.8044658814988370
-0.4142085089766447
1.4284739104172932
-1.6470157562405205
-0.1607160770237002
-0.3285148251373879
-1.5365738681258965
-0.2010698943947155
0.2863216196474024
-0.7360890493118070
1.6278835163856540
-0.2087606642711010
-1.5301329842843114
-0.4063245018771894
0.0559837286997016
1.6542025057371632
0.4939768394373212
0.8904020052928343
1.2975276271606402
-0.3787566733825258
-0.8963947239879322
0.1738340018167353
-0.2886622853962879
-0.8416097941437957
0.6363577684970726
0.2693914565995944
0.0748083346473851
-0.5359848856983962
-1.2930382823744146
-1.2165506094877512
-0.0731213806538738
-0.0945179903718360
-2.0257370454233747
0.4690673468180428
-0.2207986469123046
0.5741946856971563
0.8959438724498719
-0.7681896129027745
0.1055460084689944
-1.3465713736241411
0.1280453394281732
-1.3888487664527616
0.6729458582100450
0.0475777974477393
0.7202948845532010
-0.2187037221837133
0.7439687133330681
-0.4151725829229171
0.8154623945611985
-0.8990431335745288
-1.2586425289588330
1.5903750467482982
0.9008412246049481
-1.2192827018607917
1.2123435556807824
1.3648365675700596
0.7510307246663785
1.1809294247856572
1.2995774965170290
0.0966354933108626
-1.4457133886709885
-0.7763533558765947
-0.2978025340812123
-0.9404262187335026
1.1218731320848792
-0.8375551643810641
0.8446770082344629
0.2864301297033085
-1.3459396424899914
-0.2851446785247162
0.3125901421947461
-1.0991282219509488
-0.6774453189073817
-0.0174543573172756
-0.6342076300463378
0.4846170586620850
-0.6906936224357827
1.7668277908259999
-1.2323630230324265
-1.3908320661568470
-0.1095727795796952
0.8253008136693050
0.6055118821385320
0.5224247057341770
1.5725475876100548
-1.3799906614799025
1.5739813254866377
2.2894859474662339
0.2818155089573368
0.7192200132701515
1.6491935755476805
-1.6382460943170778
1.4436850020963794
0.4004624044361922
-0.9873229749449638
1.6822610460527974
-2.6469507009869937
-0.3207631079449978
-0.3056944111135146
-1.4412388627047050
0.6076786091733158
0.1495659532848445
0.1082286706425852
1.3377650370102012
-0.6226288337596390
0.5984133407582791
0.6584997953000797
1.3684831950055556
-0.1968580387930862
-0.0234821193911845
0.4504474371106517
0.3176896581340677
-0.2126114390805934
1.3133018757621457
-0.5431074759021666
2.1038726830854850
1.4112655249135764
0.9462411233633334
-0.7072383464026388
-1.5277165645742130
0.0728651374958026
0.6900044409506645
0.0547487099492655
-1.0153312704323576
-0.8112566978255272
-0.8740345216590852
-0.8014115444116557
1.4752137548185695
-1.3021162033668745
1.3128755552003690
0.2601603903738592
0.4279528973374712
1.1887128724776610
0.7563717746512543
0.0260272432366035
0.8395836838177893
0.2027455586440646
-3.1886019702353154
-1.3698029208304037
0.3486071607559956
0.6767023178740434
-0.4330619792863378
0.3576618492748080
-1.2934242092621993
0.7094445498530302
0.3346721662184946
0.1356294799780916
0.4284493910940678
-1.1652679962330328
0.4212720987736926
0.9701320521047941
-0.1083851934594323
-1.2263022283415619
-0.2488633030792107
0.9517309408925729
0.1798518195280654
-0.5780670029243763
-0.3698361373064247
-1.3958855924591089
0.4537315599934805
0.1177484856177659
-0.5198368306685364
-0.7499013844502818
0.1832659483253687
-0.0943830408948028
-0.8589853963563289
0.1891840466248372
0.8610074284972723
-0.9161932737845395
1.6358979885541516
0.3130801726723917
0.1412812875710063
1.5269709482651512
0.0582363194641089
-0.5109976018024932
1.0948919187351458
0.9258423382738431
0.1000489033858737
0.4913242630555644
0.2324914886709811
1.0062213847643287
-0.7408791017098367
-0.5684033044481763
0.9388748181308201
0.8071641254083054
-0.4704326995924883
0.2668245987110048
0.2776742454923888
0.8628464869446234
-0.1658223725671293
1.8002717353996223
0.3667933339792251
0.8689369587721938
-0.2517003208049529
-0.8295683957982349
1.4881071650116635
0.9948035652677966
1.0201928996224179
0.2799181131312561
-0.0529683559568056
0.1292401345103449
1.5255346689467975
-0.5804826500166962
0.5285723290774839
-0.1961749827958841
0.7825007132171651
0.2497389772554887
-0.8378409317033589
0.3332894446902044
-0.5116829358280132
-0.6578997767994268
-1.0780628982025049
-0.9344752178160731
0.9054482346387380
-0.5344251421681266
-0.6038015847970027
0.9593080557765925
0.7650049438089578
0.7270004177533907
1.4090567253558182
-1.0042438646551157
0.3285918843567697
-0.0886139038011737
0.1773687544966270
-1.7468924304277234
0.0048496055990262
0.7158134642077107
0.4340868318067942
0.9203249286260836
0.2706074837979346
0.7856526893361558
-1.5751241572110837
-1.0311536630810547
1.0651918412087686
0.1648653998188195
2.4705646349334365
1.4045049783894652
-0.0536851489777056
0.5464396877117884
0.0849237332255324
-1.2654061588098315
0.2238662906278612
-2.0714772466341773
-0.9426465333000030
-1.5442532379548672
-0.4970595032644440
0.6530173068113012
0.0400502389657437
-0.7384917634457863
0.0403609843248355
-2.0823619803523057
-0.8334758779777862
0.5509267048375696
0.1305748671526484
-0.3147666339051905
0.4920063435478965
1.3995462349963284
0.9498001685930438
-0.8567986456660741
1.6222496322444826
1.5937708671625086
0.8730895411839900
-0.8572324376979928
-1.4483779759748090
-0.5364744154342072
-0.7093200815942183
-2.1138684530031622
0.7688003223482858
-0.2064366170764154
0.3874386675150068
0.7665097178547984
-0.3342969764326513
0.2508635083354337
0.4252266917818198
0.5422280673100648
1.2610981923364639
0.2887939834009179
-1.2165525425518111
1.5302056312389860
0.8018473261110530
0.7646793041719855
1.1140874006497841
1.8334933425964657
0.9492606617257178
0.8177295522829897
0.7798606046774433
0.0001527393820665
-1.4574720637782443
