1.0384439942583721
0.7302099217357634
1.0132000858034942
1.0296012078586063
1.0821559254293052
0.9748648388077700
0.8568088567755224
0.2829622783684619
1.0946740550045999
1.0723276358269322
0.9623370875599493
0.7684768311400354
1.0517271572872970
1.0881377044394733
1.0889189828647023
1.0934879896823904
1.0958983084351877
0.8484549293059552
1.0984977533532021
0.9511284107463464
1.0967889411241167
1.0454437712885809
1.0961021699516333
1.0824909192490078
1.0853052180591329
1.0348761565936109
0.9290145568655763
1.0892220622915576
1.0859963963033341
1.0966887123525926
1.0824167925083137
0.6978488923123091
1.0916018933631857
0.8963145717562078
1.0739661352257028
1.0897050671900772
1.0784385217185632
1.0764182572155712
1.0398906407117801
1.0657066704309983
1.0719780197832309
1.0957019791153173
0.2821669465405318
0.5937171605331147
1.0892464815818834
1.0932816550928461
1.0161287507788590
0.2808811563828761
1.0753005058731762
1.0887000465052079
1.0791161041794906
1.0384631369524711
0.9888013363922462
1.0761404550771496
0.9586061793372732
1.0410476887894391
1.0920190696340026
0.5153062698439707
1.0817992177498299
1.0561636116282496
1.0697674862186344
1.0882559734703505
1.0911952392899653
1.0560444700781488
1.0596124848794750
0.9848142598677340
1.0788108694109093
1.0934783085051003
1.0977044217566989
1.0938303339246427
0.5392960214184828
0.2814635116221558
1.0964524704277572
1.0424748213362580
1.0887594178183080
0.9255784985862870
1.0918758163693905
0.3238692508387082
0.7800766683482049
1.0084127779943401
1.0798114982718561
1.0892946398517982
1.0741853428627390
0.3468409864865381
0.2904786901261874
0.5383017268624930
1.0968336598454012
0.9762113511021591
1.0988373891444445
1.0074640672381552
1.0973786601872906
1.0667133580994783
1.0657297642239723
1.0970306734549500
1.0929005924246618
1.0932774207837053
1.0720311684262727
0.3187957645234451
0.5789570186728219
1.0906282741004409
1.0503801742846155
1.0785905480534899
1.0199885110872950
1.0875876459737590
1.0968828958492944
0.6850015048258010
1.0801455340409536
1.0843392115137134
1.0764570125732513
1.0329886403895363
1.0908567163151586
1.0899234980893131
0.4824336334639160
1.0876787991858723
1.0867782991167112
1.0895622435852574
0.7707408529199317
1.0948808664617733
1.0439899010686930
1.0781058577064000
1.0946075206920693
1.0513263675862803
1.0599241961127361
1.0929949672403672
1.0861274320630867
1.0943931881064168
0.3061544752191513
1.0766029169033073
1.0918823757070235
1.0936515420030497
1.0791354999988116
1.0824946902557986
1.0972087801279216
1.0905207013542859
0.2829058734471998
0.2818510560447712
1.0163722920440237
0.9627640825075628
1.0906405585245946
1.0970964795312426
0.6090150348193051
1.0919399319976542
0.9335663887787746
1.0440178978711852
1.0755368100085561
1.0927998553157159
1.0957868084896645
1.0082449119051986
1.0210615425347389
0.7717560770331853
1.0902445639583780
1.0926382236763172
0.4819337331397054
0.5924142090370738
0.8931105337735230
0.2878078440228766
1.0953351714187483
0.2930299407551878
1.0765375367936687
1.0972897604170226
1.0896555318271672
1.0580861814800930
1.0733619946432296
1.0743825863131056
1.0820524177123674
0.8299906074460252
1.0963719986600742
1.0947629949667914
0.9294892309774992
0.3384248204781548
1.0610266233201702
1.0476679132296256
1.0905109986947403
1.0050575941551494
1.0830774755385877
1.0751886017541830
1.0910186533579960
0.2865011629415229
1.0940387984213542
1.0397993688845326
0.4617381411137239
0.9884157225223643
1.0943548685742537
1.0980790105656464
1.0626632225863206
1.0913568062734331
0.9617826961408031
1.0974702248697659
1.0764925422592369
1.0787531086067428
0.9963775057552515
1.0743197517348126
0.9765519578976968
0.9921543731000685
1.0208540794849330
1.0848496231149301
0.3375483087915381
1.0648273206632239
1.0962094368380295
1.0829358086158150
1.0850053491952425
1.0735063566627341
1.0945790668984789
1.0443114921882544
0.4619262739154018
1.0970475571364329
1.0563657849520065
0.9090609333614397
1.0959596988996210
1.0869887658058104
1.0814622515331964
1.0929713373948640
1.0961592537629321
0.9201742162143519
1.0725176131672425
1.0400371416703285
1.0958258962516154
0.8926902191997749
1.0839232306468549
1.0879201759765755
1.0968884117922908
1.0936198921574523
0.9269502046142686
1.0966271572993458
0.8605682561434715
1.0570934959750506
1.0094377465615143
1.0516321071970132
1.0567503140558836
1.0724074271532631
1.0556868113159479
1.0322606401962839
0.4327407839497129
0.9322929687170234
1.0799413727983869
0.8885992860146966
1.0742695100542257
1.0410276549742612
1.0899076363508393
1.0729084237807265
1.0889997526401194
1.0974089124034179
1.0967530295890924
1.0957643031562856
1.0878693464367888
1.0978557941770637
1.0866376052973228
1.0827321481536623
1.0643821376256655
1.0979632501942764
1.0701144621761158
0.6457489361430462
1.0487905593680882
1.0900835971419434
1.0865905256134170
1.0879491173538118
0.5036441181991130
1.0599246445272954
1.0653384016159899
1.0737191902777907
1.0513049751682813
0.8457870835001524
1.0710902977549164
1.0478105337345203
0.3381710678257340
1.0967130782120034
0.9370041297267429
1.0936011054885773
0.9973278786342523
1.0752089503954401
0.8848170346777621
1.0800341252135048
1.0315080772566383
1.0636045725433763
1.0979391506542557
0.8443725622613280
1.0459332171233431
1.0477080594404724
1.0933219500334774
1.0894635241358184
0.6540491018301237
1.0433964651879575
0.9237765970118511
1.0754503258604027
1.0924859509108251
0.6429926865391150
0.3429846985405863
1.0771182336631622
1.0928986766366495
1.0888414776351507
1.0960772794956963
0.5537537200233400
1.0408333882381096
1.0104611329263384
1.0834616788759708
1.0976690552835291
1.0662437152215087
1.0983416866178242
1.0117688596786203
0.5826667575243903
0.7593830477321111
0.4595105806624953
1.0953568964714515
1.0940384596781056
1.0862674871718758
1.0905131458611645
1.0157014967874112
1.0888148949149019
1.0962892505847985
1.0911086203425524
0.9887170576099488
1.0403243362422481
0.9964296827584680
1.0882818111259207
1.0776258098552407
1.0704636202202118
1.0390182761466582
1.0899616720988838
1.0526122795794579
0.9920731634431944
1.0963314931141710
1.0960045137205028
1.0591228533834123
1.0977099808552480
1.0866642883570732
1.0828078804575019
0.5040944522115957
1.0741750369701861
1.0586085634818099
1.0638484014753604
1.0539158362515666
1.0870376086244105
0.4565712744591402
1.0664302103075116
1.0840070445140029
1.0896781148697712
1.0878662751357513
1.0969574235372390
0.9850942898932008
1.0117088943606904
0.7316911151926058
1.0268680928384293
1.0902749726090288
1.0879968455321170
1.0775129394713909
1.0806483502295556
0.9253096992885830
0.9573834712840965
0.2848924385613878
1.0360927966654256
1.0518207660949890
0.2866151922479870
1.0969832632094638
1.0789254258195169
1.0631198613886914
0.6991922229518970
1.0330738799326136
1.0651960159610034
0.4163997873301115
1.0937948835127163
1.0896852685930400
1.0812823559652363
1.0631212495981781
0.7894359535764135
1.0931898901311410
0.9542743004706929
1.0512989132837767
1.0968208234798438
1.0377062669687649
1.0688963652206864
1.0972960094162052
0.8855434377627242
1.0536825596985120
1.0707769885898173
1.0887126758695234
0.8824159697267940
1.0949187032919032
0.8572497812432325
1.0301018547051288
1.0522805371660933
0.7272745122236357
1.0942769276669460
1.0190779029950874
1.0726366253079209
1.0931158001092252
1.0603449597074104
1.0883270658946167
1.0939662930916998
1.0948209419966399
1.0787950229443086
0.7384752969308649
1.0931327022288788
1.0517996229032973
0.9824633461930693
0.5966847544512385
1.0982397902428009
1.0973379305052575
1.0795194844591829
1.0508461013693471
1.0975310501575080
1.0175226777075015
1.0933518031858052
1.0412279840569723
1.0787341900410177
1.0885449082493692
0.9795458905368725
0.5154857506675010
1.0868701944224775
1.0164639652326453
1.0881267152150029
1.0921242449059461
1.0828687432313930
1.0864072435000502
1.0875610239794467
0.6961772374318673
0.9416356499435016
1.0375827335597605
1.0582185083901787
1.0960476557776309
1.0981320423643215
1.0977156950884299
1.0649775350784247
0.9151609441470486
1.0378148108367180
1.0968150307585729
1.0125779991389710
1.0777345775915241
0.4631617435672929
1.0847084410542305
0.7489858698645872
0.2970352537996197
1.0585929792186857
1.0775609314433474
0.6368797778852635
1.0200192333591580
1.0885997128910223
1.0949872491140498
0.9656031853043776
1.0767415929208146
1.0805379577210230
1.0220473646066965
0.9746469297840014
0.5815023301240471
1.0952506396548560
1.0893938126536766
1.0955935367888763
1.0905602489851371
1.0450726431516051
1.0847356190159110
1.0502365390014625
0.6577055426484767
0.7807362305336591
1.0779013920447489
1.0862466437864464
1.0958127570252865
1.0733526261121933
1.0567480440349686
1.0807430497240169
1.0065338603491512
1.0947935368040007
1.0939811722061481
0.6726806547474279
1.0627047689411913
1.0940557922286047
1.0823437654677006
1.0297589583471107
1.0390432532134244
1.0836967337610159
1.0859756787270889
0.5836157144003034
1.0881729053101252
1.0969443116497015
0.6459042092266155
1.0796607325049015
1.0885459430011308
0.9678016910135998
1.0935637870643051
1.0573692798169669
1.0853394337992930
1.0964054251213744
1.0959949223267953
1.0891247579843040
1.0946254829711559
1.0917098337559605
1.0850891342917444
0.9807361203512243
1.0853067837283343
1.0309967255523791
1.0984287570168449
1.0712208251495257
1.0895076036843563
1.0908382480516816
1.0680388460251147
1.0477195519437210
1.0916248818919168
1.0266283440473112
0.8266538007426688
0.8078416715589980
1.0156573908747890
1.0765371161758406
1.0939738709069380
0.2912882066661667
0.8942376495100236
1.0660327819872186
1.0369143417945179
1.0707326409213065
0.9904042569247188
1.0959557169493337
1.0827227591118478
0.9527731540810463
1.0721798276504253
1.0811988366991461
1.0937302140253786
0.8649816760456730
1.0988724608505023
1.0678052139480714
0.3660082554383525
1.0772484253013692
1.0859677143877937
1.0878782387911781
0.9864230044723502
1.0969803770977988
1.0758280816698134
1.0672692165356186
0.8869793447288818
1.0774429458823280
1.0053890699885397
0.3216298085952625
0.8208709006207356
1.0738448560738116
1.0955024462478509
1.0680519686561925
1.0551723667596880
0.4919328549520063
1.0859000483612704
1.0859254222592827
1.0748629039229567
1.0179150143431073
1.0434130350754367
1.0922626802585593
1.0691679940187073
0.8962901619528817
1.0579459973437573
1.0988690318972145
1.0924645208796662
0.9912490873686327
1.0912227155325802
1.0554763222418515
1.0932263102482846
1.0942979093569698
0.5976919327749052
1.0888160109436626
1.0767642422187285
1.0844626380686984
1.0963631206675655
0.7454548014678709
1.0978432978299559
1.0918994853983024
1.0841696821034539
1.0396047185131252
1.0487699483272122
1.0835980065991233
1.0957599099363495
0.4223845383731074
1.0374537211344783
1.0946793630656491
1.0790574709662499
1.0855162601391521
1.0972585230010248
1.0884363932726149
1.0953875360803209
1.0957748202446178
0.4914422470869659
0.3340932716988036
1.0923613242623187
0.2924388543373397
0.9931637798117744
1.0351741585376142
0.9960516434114688
1.0209452702937261
1.0898704439210503
1.0755204511717240
1.0931553666445064
1.0586688339941417
1.0976970011620601
1.0890552231329882
1.0861155101105855
1.0429782627270263
1.0773732369096223
1.0946010912397677
1.0824917455446548
1.0799532816377257
1.0912496709763990
1.0136740538827842
1.0964096069882314
1.0388912804333938
0.3781151225780431
0.3717156538399447
1.0959708866686317
1.0844201437179368
1.0895942484294399
1.0560751486617783
1.0667805445601741
1.0722392635923308
1.0815288507594705
1.0882646272884833
1.0960702995126881
1.0771657407519795
1.0598673953423432
1.0835701638896422
1.0733571868508467
0.5487299406957047
1.0836027864628850
0.9494406356464573
1.0543442124659415
1.0961703090875046
0.9488877072531091
1.0948811798657323
1.0900203152693686
1.0908548440711108
0.3549304588280645
0.3814402283636045
1.0667705470313784
1.0872226713442286
0.7584689499042501
1.0843801481441862
1.0887311868428844
0.8867996910472095
0.6885711642982782
1.0730731232804851
1.0361335599118204
1.0898650329700137
1.0948803620151477
0.5898189131686430
1.0857757074378855
1.0912744871161291
1.0959350571372568
0.7133916689085721
1.0796048984970923
1.0717969123921682
1.0811094353215531
1.0689769813577195
1.0961701483524089
0.7267748785188008
1.0914692821753880
1.0246395843069172
0.8497154096795326
0.5395029398958761
1.0773691418367572
1.0903174488896346
1.0922237839377489
1.0614326071305917
1.0905484178142175
1.0924957427805806
1.0944490553518971
1.0875822607684382
1.0893574484066626
1.0907906735433051
0.7836287567657346
1.0984366750486809
1.0699508968166649
1.0844536852279894
1.0925013293574624
1.0779395647954488
1.0968070986648579
1.0891668943902097
0.2950730206144211
1.0931017050408329
1.0866034345973721
1.0912754330257808
1.0957821643053363
0.9699107672854552
0.6290207667064524
0.9619406674785007
1.0716133028458903
0.7044631032417428
1.0287193870746856
1.0988096542329295
1.0730399589063950
1.0368447162649710
1.0916886857583639
0.9816393124138042
1.0803169018296888
1.0199607626455554
0.8012197072419855
1.0282100330709145
1.0771357323181303
1.0835601025134991
1.0883736798672636
1.0675773018980865
1.0904631062606169
0.8558508968279673
0.8747262050824969
0.3029679653907525
0.2913213742647426
1.0943834679922411
0.9377515863282730
1.0971843160241532
1.0976498381075743
1.0427924166698830
1.0965734385840871
1.0677108113724845
1.0846932150054218
1.0765861151193625
0.9942134242778731
1.0280543420548183
1.0983893297090450
1.0331469252060528
0.3052771876836967
0.9963598677003837
1.0382108476086025
1.0277503219784958
1.0000099179072499
1.0955590261721750
0.3805348625229760
1.0874495589937194
0.6265109045553450
0.9745503008202460
1.0963037652500149
0.5364420830147255
0.3069305268596417
1.0863294249513222
1.0230664021828646
1.0973291930809983
0.9666161703145135
1.0458636164932740
1.0974187737154932
1.0780447061982998
1.0334970972431659
1.0952140125221332
1.0707478980142200
1.0791920575473335
1.0751250744210448
1.0723413935242354
1.0868200663447181
1.0842354063944226
1.0475363993435305
1.0613084415649259
1.0900494920018411
0.8918835713556721
1.0969821590629887
1.0851213299385594
1.0394524549827182
1.0411640381588003
0.5047255075094159
1.0340507515610755
1.0842552900805011
1.0917366261150945
1.0966616578020263
1.0754127202318251
1.0744105778132591
1.0934702857090879
1.0827891203683342
0.6883132805574751
1.0912424405743781
0.9935885072450790
1.0470430994499571
1.0791361195580453
0.9703456505806571
1.0330028530903128
1.0711371613652616
1.0692137465761347
1.0951280240070411
1.0937237301009568
0.8861271587526720
1.0740695224543082
1.0847855530972306
0.2946155990198084
1.0837040946545082
0.7042173107604327
0.9860178134427590
1.0851893598224782
1.0909826459117866
1.0980983117076968
1.0834574840725530
1.0288516656378677
1.0307442921385468
1.0550227195523301
1.0971507977186228
0.5830908178198672
0.8723730033493532
1.0956711446650007
1.0483778705099014
1.0950279931889233
1.0890041317793382
1.0780561938056534
1.0897519586440936
1.0943583391533647
0.9985273186322876
1.0713752675833597
0.9495897764544015
1.0949880127758864
1.0586801470909943
1.0922017478957804
0.9399311431143238
1.0690164642163915
1.0652572266129534
1.0929716834528493
1.0842132281918955
1.0509884998428747
0.9936656523390488
1.0927373422127049
1.0864852236228255
0.8865161431654308
0.7448418862972482
1.0926617993971994
1.0971785801510336
1.0813331140008648
0.2821933880022467
0.3266780806664561
1.0730897052351940
1.0824298702192265
1.0911587637396778
1.0815924876330136
1.0971530335190802
1.0971971673780376
1.0929439409406141
1.0721969029483749
1.0389527728621248
1.0926830678097881
0.6946083867731911
1.0904107058777661
0.8404131889864248
1.0864354669914948
1.0695262383501767
1.0148650430944952
1.0900685433216193
0.2871171743483775
1.0568189872150582
1.0965366538416312
1.0956846837103951
1.0907154235262129
1.0961442015427261
1.0969765753386429
1.0778879142297930
1.0893167639437675
1.0856996423927598
1.0746648509542447
0.2825376730319442
1.0955083462055801
1.0844833714827595
1.0973636345802045
1.0928247616646334
1.0851399279642473
0.9793457526302792
1.0968840916318552
0.9428765560050753
1.0807769475157072
1.0259727908218708
0.8314148986514184
1.0883826279870763
0.9741151542438754
1.0721243471718296
1.0415025583717248
1.0696019642872630
1.0931050260734316
1.0647447599046653
1.0943130205706857
1.0633502801799513
1.0918052441485604
1.0404655176969397
1.0884345727000009
1.0967646822150743
0.7287438329421796
1.0693141795182579
1.0954120387067312
1.0439375298770806
0.9562460890575958
1.0840530361027734
1.0949537299297085
1.0072639402868426
1.0978887346257407
0.2854490654543477
0.7195664568516605
1.0889551562206328
0.9997658106025260
1.0944067877326442
1.0348005099178870
1.0537431755394711
1.0576790428472347
1.0973170513129398
0.9917499922746607
1.0908129025202762
1.0957187223501661
1.0881226594139466
1.0986477105243044
1.0231359455042208
1.0757004632862495
1.0988527220330904
1.0436593260340725
1.0940510306955191
1.0943508282508272
0.3418285565574057
0.3096571523413918
1.0945827891534787
1.0917013497888928
1.0876643655543068
1.0837754294030941
1.0080217028127123
1.0740025778271693
1.0505531643706836
1.0975589568265443
1.0928307905196732
1.0334643625911988
0.8908942022907808
1.0523324492632662
0.8784108264217214
1.0961220474396305
0.5623044854713174
0.9387669583239829
0.9660099536809424
0.9402829320394890
1.0956784376176043
1.0383366223549155
1.0610344339981763
0.3737668235539000
1.0984018795326336
1.0837165398816693
0.8251067756481181
1.0978851331700321
0.7014965417722429
0.8410055045645553
1.0656988742456175
1.0802248709950635
1.0848982515694567
0.8617040597935589
0.3188088961089935
1.0914122907296673
1.0512176642000353
1.0773037003471326
1.0970501607750316
1.0795491137973219
1.0781049531095763
1.0940559642766947
0.9650013744969126
0.7326713649089406
1.0916221515006017
0.8419347996351464
1.0780155484215186
0.3344855021298995
0.5105928751074004
1.0710809037080318
1.0047327700739546
0.3311865115643634
1.0511224742135175
1.0869576557042582
1.0309951109280286
1.0784296011395227
1.0967357581189878
1.0958254187455447
1.0958010931211120
1.0928525912075195
1.0401288596646181
1.0096088157737981
0.8631468017114697
1.0343804979777622
1.0930773987539535
1.0975522976556344
1.0922261691609223
1.0948155127984831
0.3181409191477758
1.0925584338244227
1.0791675184266554
1.0862110076202547
1.0659815274091493
1.0470039857962767
0.9853108900598350
1.0958218260518364
1.0911473320896670
0.9682864896153287
0.4409236173593823
1.0917233137116868
1.0865254292488655
1.0817147031414691
0.7456240297974130
1.0769324146266355
1.0893526296959424
1.0495741002985299
1.0525624000874867
0.8609645623404548
0.7063660741977652
0.6639604417324171
1.0946965245669753
0.6307040544846265
1.0643036768597576
1.0949760704088578
0.9050903701498300
0.2906270414139923
1.0349295854802054
1.0936471852020369
1.0954931893157307
1.0921148023689389
1.0823477327902207
0.2914546245578265
1.0530861331709416
1.0037267116988773
1.0948975152071707
1.0793768289320116
1.0983478330644387
1.0983855560366771
