-2.8942983576085304
-1.7462201077173245
-4.3782067219569383
-4.6582335314899996
-0.1879621596341390
-2.7508311821997506
0.1193829234625541
4.1555483268761799
-1.9329476739291924
-2.3313423023552913
0.2501667106513886
-4.9898120900641807
-4.3370871757808374
-3.2521478702707753
1.8527569877512959
1.2802882590310978
-0.7358317598068809
-2.2800764708948305
-0.4059671708538601
-8.6023575485843953
-1.4384613703456259
-2.0561755937404422
-0.4131247370929567
-0.5304060458038224
-4.5135205249886488
-3.0356704005618251
-1.7495081333296820
-2.2628074547104222
-0.5560983724597253
-2.2408988551568370
0.9335396894606209
-3.0167476051282964
1.3272292897354019
-2.6810192751708559
-4.7731212956951818
-0.8803736257441874
-2.2346622519711983
0.3145371028604453
-4.3425520693485007
-0.8520948032471576
0.3251396804156302
1.2562735156509388
-0.9215937345596429
2.5736790644885437
-0.3222081939042185
-2.8793814619783098
-7.1029185622909425
-7.3722715591563057
0.0254821418042361
-1.5592691527751044
-0.6726222061903768
4.9683119736551902
-0.5977451275859496
-0.0936183940999014
0.6024369554343108
-6.3247137921184304
-2.4561236823992179
-1.0597433458284788
5.1000712005417084
2.3384409700727451
-3.6258596562908236
-4.8701438457432671
-0.7941351855930130
-4.5613035598156726
-0.8653877228646806
-6.6582957505425604
-2.4095799979642778
0.6364546035365315
-0.6566407684579891
-2.9078416906714684
0.0725889013910526
-0.9760290295842805
-1.7435112288554899
1.9610879423106193
-1.8642780114784308
-3.8822539804913512
-2.7393189315999651
-2.2077707789278955
4.5663078398394807
0.2330094185926421
-0.6204586545632438
-2.4475086959251735
-2.1168299703063185
2.6410997852028371
-2.2735072586760339
1.6525810672423580
-1.7672898495990554
-1.6102273983467414
-0.3023839572018909
1.6255110425816093
-0.2181062318247927
-2.9928524661188209
0.0877387427130977
0.8169776604767078
-1.3832982565977061
-0.6866873548263284
-0.1395554301995642
-0.3642093757857907
-1.0115328825539720
-3.9824694938770424
-6.9408926899248149
-0.7186342878772215
0.3519432630808925
-6.9260475793190297
0.1883586442019061
1.2581709186075414
-0.5399931552446509
-2.8606921999088604
5.1214438131778062
-2.5381500957887368
-0.1513771066708425
4.1877305985986668
-5.6082423762241200
0.1009489864630829
-1.7073185571423883
0.2901265405687954
-1.2142213377505715
5.4266048776531868
6.4462422393310002
-1.3802185034896750
-2.7606860993870721
-2.5712768604418792
-1.2862991645719726
-2.4456579562875866
9.9918944297234464
-3.3823336364144536
-1.9502588811620036
-2.9496358941794836
-1.1598147548539055
5.9114857238610190
-1.0110101849596695
0.3103564839399741
-0.7554378584976341
3.7549763628417576
0.1619261000516132
-2.7199052471840464
-0.0620189199687997
1.3536895042167307
-0.8901606561166334
-1.6783012554279733
-4.1144536501522797
-1.3132902370144279
-4.3753511559901206
-1.6440502725221091
-2.4798039631879365
-0.0149728646460503
0.9393127474911347
-7.3176457378777355
3.1294252433569190
-0.3100986251247618
-3.2343322922336482
0.1879490935512572
2.0023658127331623
-2.1650912903307376
-2.4800474365849725
-2.6120551472212288
0.2657833943988811
-6.1908577599854260
-4.1153461620441130
1.0919820426392137
0.2497970914741313
5.4416204991539621
0.2391703517459616
-2.4794352490669125
-0.9835202892234628
0.9729394742096464
-3.4745516979760778
2.0284725751144093
4.8980764058178448
-3.3684404140593491
-4.1432610448893037
-3.5631093349515988
2.0323779264282988
-0.6478554257021546
-0.9642852519051476
-1.5060263586809022
0.1051792912015949
-2.0122262416595578
-4.0558336635365215
-0.3650739033693274
-0.6668164367842618
-3.4011187059023742
4.2859553166154569
2.5242626796090457
2.0865654038758095
-1.9845172532016839
-1.5907638253231418
-0.6668886551713140
-4.3112723898524417
-2.8490191138676186
-1.6369860890609935
-3.8481823881492048
0.3007383415242424
-1.2534075228053287
-5.8977963298625271
-0.9532418409773362
-2.4688441110641994
0.4343332915804380
-2.6043163181556985
-3.9597551017044901
-3.4785844562474413
-2.0287124652495923
-0.1477373616312987
0.1852922887398011
-0.2633940579214348
0.3099480392530278
-0.1925337726598211
-2.3742211295060756
-1.0794936608480641
-7.2407924215290507
-1.0009121885931280
-1.5488529975946763
-3.4407545856822876
-0.0577596042236754
-2.1682448227312148
-0.3260174583383151
2.5735886297226371
-5.5629774738830324
-0.3135596474911535
-3.5736374738410497
0.0310833886848758
-3.0405414173671099
0.0579488524331346
-4.1433451818231788
-0.8963824009291034
-2.5548198598423570
-3.1642923664801881
-2.8728769191500092
-1.9652950244676435
-2.9211308740280182
-0.3863334444757972
-0.4366441891921622
-1.5187594774234128
1.1668591186689010
-2.5723571754119972
1.1661235575577256
-1.5232611574629324
-0.4956661831151246
-2.6394762753571412
-4.3958823553796060
6.7689815024188409
-1.9462570106503077
-0.9659982098258127
-6.2305921386094552
-1.6999832437332765
1.1799600611517460
-3.9207221515572908
0.1809661101821756
3.2011350054116079
-2.5811230486244270
-5.8853660429865329
-4.5002868386574555
-1.5525083410297331
3.2224417126622233
-3.0730222807391820
-4.5907608627912024
-4.3892928084887224
-1.1544881631790997
-4.3592640572335730
-5.5724549565327015
3.9329012442782769
-0.7536787290642475
-3.0911125984372791
-0.2778306476838699
7.1381624217880129
-1.6987791030845905
0.3993630505215329
-3.1047716720123959
-4.3823811599281983
0.7927977485866098
-1.0702232856498126
-1.6159918113250773
-0.6324713406761842
-0.6670593396106951
-0.6438233944075838
4.2316509297742160
4.0032838500529468
-1.1776771250766533
-0.2435985452796955
-1.8796550091153463
-2.1526055112061835
-2.5829198559102950
-3.1502313586913466
0.3366074656917156
-3.9285960367410584
-0.9059126761889736
-7.0679091236227372
-4.0060850454381178
1.1224122264410303
-5.3937157308839945
-0.9305998317517309
-1.7688520453161529
-3.6635490770372621
-1.5948842916514667
0.1026585449575595
-2.4969887760770972
-0.1839090643357863
1.4466013894861729
-2.6614902400898801
-1.4410733194860053
-0.5939766464909264
-3.2097536294323019
-4.9264293680774287
4.9902713178179727
-1.6586180197641680
-3.0593753376644099
0.2147774857439395
-1.1036203260901474
4.0601274673641194
-3.1391520886604733
2.8516207586564826
-1.8132113094437092
-2.7347593227822364
-0.4182394259433942
-3.9546510609755945
-5.4338907573687454
-1.5295631987484235
-3.5870042276854415
0.2224277967958481
-1.7138221320296847
3.4013412701879253
2.2910928807478146
-7.3324258263408710
0.2774720347903751
-3.7513650821125748
-3.7760219125497505
-1.4780608490780831
-0.6051011268599504
-0.3270944469694649
-5.1323967095999805
-1.5416403669227787
-2.3051277022076739
0.7408337241023213
1.7105700203360119
-2.4510620041303204
-6.3176583167721345
-5.7086796924875571
-2.1536749138480116
-0.7842700342725114
-6.2727510075246720
-0.8831849828634801
-5.2351484381144751
0.5436552730305485
2.5176136849504593
2.6753775373645512
-1.5668828970091981
0.3425093264287462
3.9112897664984314
-3.3997323084651940
-1.2208620376757537
2.6999458648113577
-0.5270019352466294
4.9139647781862230
-3.7779945303220579
-0.0738475545341120
-5.0037991615921342
-6.6058791916770003
-0.2635663814190287
0.0231787313791237
-2.4345404333476286
-6.6899312465124368
0.9404588977860512
-4.1504724436866933
-7.0647218996799488
-2.4299857559920492
5.4118746889820679
0.2074316757020951
2.5265786397443022
1.6285239111442642
-2.3695283135197402
0.1662955585936137
-0.9220960403612524
-3.2996873564506730
-2.3657811278513843
-2.4678045542624023
3.5786241796910385
2.4504751631439952
-0.7416594060651709
-2.9803440751885431
-2.1118245431160894
1.6101135804410498
-6.3298744560554487
-1.4291192784071869
-3.7757879261758593
-0.8641791733310793
-0.6579824022038874
-2.1996579758598283
-4.7954251591203265
-2.0833541918894793
-1.2983212679000244
-2.8120451345082502
-2.3162283504838843
0.0042303433445418
-1.2215899691901233
-1.8527149285723767
-7.7448807489519309
-5.3723478859323039
-2.5343294393812603
-5.6650167674683924
-0.5423145642106205
-0.4615553574185937
-3.3486363823802199
-2.0995838404066163
-5.0959355904919796
-4.3657716109494746
-0.8247720184969052
-0.5206136330235793
-4.6102913582942087
-5.2734961914660889
-0.0824182704159911
-3.7514200459731040
0.1315278789328707
-1.9744821769165288
7.1386336295540440
-0.4556896641798107
-1.8350510327656142
0.1617932998442794
-5.9815326844656589
3.8266095181981568
-2.8303042144811190
4.8268820253032239
3.1362660291546964
-1.4215174005502602
1.9810264578413141
-0.4705262696797183
-0.9429027835927053
0.1222984120850697
-0.6357130963894398
7.8247674270275764
0.4890064204707517
-1.5957814329607181
1.9751914358981923
7.1834190678661010
-1.3430820540889206
-1.7760158380857720
-2.4190112903194900
-3.1685058727701838
-0.3534576450975667
-5.4760055065388835
-0.4891099902728406
-0.0313829172761872
-6.7806697261273818
-4.7335368991945233
-2.8242843219629137
-1.3728036388585840
0.1479077278828832
-5.4591143712255654
-3.2488407676247411
-1.1187107289981959
6.7409035971794777
-6.6436047611098843
-4.0002728958438709
-1.2129549869315503
-0.2512442975511826
-1.4261594115463403
-0.6104319465870464
-2.0079555736287742
-0.7802269933148717
-1.3539535513748746
-3.8463397852698287
-0.5543719226676666
-5.0485468065399255
-0.5764686869561215
-1.8142520390524601
-0.7984794009691804
3.3408172279795996
9.1838608478762733
-1.3421334763815773
-4.9257878537308937
0.6047786311835401
-0.5863517745622997
2.3532310498065621
-0.7680421487989071
-2.9399963929421711
-1.6113680554967900
-0.0369368115163361
-0.1101186924262038
0.4273003178117040
1.7900989915741550
-2.4510544253853972
-3.1908878586971805
-1.6660514526546113
-0.0950508323520578
-3.2309491060233446
-0.6668998483725477
2.8899193613312897
-5.1286743587149690
1.1855823726289727
-2.3052702940007941
-3.4314916201495764
0.9958632516772005
-0.2603285719823675
-3.8589659973712260
-1.6489637110736328
-2.4361094467372704
-4.0423771669897235
-1.8552008761045420
-1.4614273395222741
1.9953961545619980
2.8770384306664605
-0.6184546262695381
-1.3650890404102380
-2.3748554231832966
-0.7946372655574463
-1.5848873634829819
0.2706875816289790
-1.0604927531085653
-2.8435950486453643
2.4738655805066272
-2.3067930079972663
-2.4240239553773271
-0.7651949968677646
-0.4403211081447475
-6.0561631357154697
2.2549955260164181
-3.9263674285133030
6.6251752985403929
-0.4114809093221972
-0.4639205052940193
0.8219494615568108
-0.9003247202218737
-0.3104483798900100
-2.2518754986459353
-0.5489051992729327
-4.8280297606469960
-4.2789531338566853
-1.0104880684734301
-3.5569529473707231
3.3765127567853606
-2.5729871155583366
-0.5613100547489589
-1.6675116331191706
6.1096372168482791
-0.9288914656795753
3.1789507615037196
-1.3581402678200105
-1.9740630668964869
-4.4544214560926951
-5.3881052871446737
-7.3701642327442309
-0.1574642901223529
-1.3922012178374288
-3.4654479464965169
-0.2836647455140105
-3.8950972866180984
-2.0442490925062011
0.3873504072111903
-1.1901487219864511
-4.7504313356116583
-1.1882067456339369
-3.3925689077679442
-0.8546705409550600
0.7011809720029012
-4.9949818862907929
1.5510336342947764
0.9572714616691789
-5.3971985203665405
1.3389322932754466
-1.4138630928649789
-0.7401252474983453
-5.5942115185291712
-3.3515433603185008
0.1977787783974264
-4.0471675732836889
-0.8473231711715222
3.9048978230056837
-1.1497285229844942
-0.6149151796906747
-0.2255144846834474
-1.4765800744728259
-2.6952343398574126
-3.4617297793699189
0.6906556145097960
-4.2925272886090085
3.8774830206777713
-0.3659170965868090
-4.0365631857452344
2.4824939062071580
0.1868131118427948
-3.9683426101894406
-3.0014265330843233
-1.2881430345153382
0.6784294369361187
0.2902461813005935
0.9065981785654852
3.3281436289152042
0.8055953963513681
-4.4935980916306484
-4.8410132267824730
-2.7803062002998225
-2.7605886599662450
3.5772629762021841
2.5624717290997476
-0.5827650636095741
-1.6699586969643940
2.3865978220595818
-3.0515472846842271
-1.9277187461096079
-0.5034441564560928
1.8830433232112076
-3.3130056015420819
-4.9635300981554193
-1.9658214192216845
-0.4496349309378029
-1.4769184846072514
-4.7874670679800202
0.1523787983054254
-0.1786954905431567
-1.8278439625017449
-1.4840809647899809
-0.0296362369509614
0.2991197521282556
2.2983378872955962
4.9369500660054157
1.2585651811418619
-3.7643506175810399
0.6524678805579549
-0.6450985687958083
0.2505340801412312
-1.3285376094169989
0.0381023215920898
-2.5870555342780599
2.5029506295765338
-0.0485072143038954
-8.3345353154511681
1.6391675171790132
-1.7751954513443666
0.2556424342768752
2.6586624930734044
5.3738552159806261
0.1984605693762846
-0.8387041595176332
-0.6754100511770647
-0.8026435555685764
1.4913627563803200
-4.4174505726452029
0.8539508224528901
2.3963854055412215
-1.9834542000971569
-1.5122547193645319
3.5219543261802344
-3.3493394089449096
-3.4397707962060298
-0.5688849385831201
2.1632109575838863
-5.0688972908353831
-5.1960424861716552
2.1674550455552413
-1.0529033402197991
4.3425441161008997
-1.5591068792834060
-0.7384142584624758
-3.7741061158327414
7.3157030190631200
-4.7079121547492067
-1.4061563959486525
3.4885901733826494
3.1789558188973976
-2.7626414636437566
-4.4063133381437893
-5.7356238546210356
2.4796725606445831
-7.6983467851229559
-2.9235879991275420
5.0395655619101936
0.3611234434523909
0.4184274287630071
-3.5826906681083788
0.0603612853922123
-1.0869279159009180
-6.5079145117185195
-0.9536785225102432
-0.0315348716614747
-2.3019196134133288
-4.2347158227027730
-3.6959542220262298
-7.6859928043287535
-0.3884269131346980
3.1920044787030508
-5.0128005149782116
-2.7742693065958370
-0.3771195644643171
-2.8782184249429501
3.5548771230383895
-1.9926825852589931
-2.5337990584659456
-1.7675275846717322
-1.9678892165530353
-2.1099376147553626
-1.3549393871181632
-4.0617727626249387
0.2150318776438092
-0.1014761649525550
3.8568360118048153
-7.2122014128438190
-1.7438432502573087
-2.8040662065968105
-0.8192262169217667
-1.3428212131168216
-7.0753427837084226
-1.1104970666354368
3.6562914988923869
3.1822119408352254
-1.7226072623946687
6.8930303370895061
-0.4350796758201723
-1.2401814104996853
-0.9477788517218680
1.9051341514437492
-5.0837108751728612
0.2048447772580996
-4.1313174495316831
-0.1156756101273269
-4.4897057136684744
-3.5964037344046043
2.5501139969723741
6.1049295624157480
-1.6910954868236516
-2.8252963508871018
0.5764218387942986
-2.2052753282166542
-2.7163293631425112
-0.9075115481096659
-1.4430437021523930
-7.6808819701597777
-4.2583579455544260
-4.2867945658800837
4.2056797666463224
-1.3913727300670389
1.3307841576901795
-5.1227694513954534
11.8971745183907416
0.6425920801450400
-1.7135693879175014
-4.0783251105235871
-0.3744361910709607
7.5494656482831335
-1.7247302763420076
-4.8269128869067961
-0.7083393629185494
-1.9751951099869829
2.6222624794210980
-0.7397282967876859
-2.2100061584232660
-2.9169869266788875
-0.5851064851852315
-6.4393192766663079
-2.2530979531679076
0.0902393496285915
0.1819866357172203
-3.8712977267328994
-2.3870222283854718
-0.2250434975022446
-5.3821225660867213
-1.2879049224768013
4.4724313948632171
0.1885189255278829
-4.2626199486188394
-0.7364756817309400
1.4812791406099290
-0.6930581564966301
-1.1365420437994485
-0.8537837106253419
-1.4715121821250601
-2.5024787851715371
-9.8586793350686364
1.2708129086145712
-0.0141962119129257
0.5383613730859805
2.7792156770544896
-7.1479960777470470
-3.9364007548687963
-2.8169268567684100
0.3708658778029755
0.7301981274577160
-0.5095151705593828
-3.8177241657106804
-2.2698213914572678
-1.3871833626608785
4.4631488032369715
-0.6543091288583660
-2.3094025587194391
-1.6101993279894240
-2.9778786986531616
-3.8398602702951727
-5.6195344298023615
-3.1729706868238896
-1.1738548253867029
-3.8303576435515052
-1.4429038043860025
-0.3860385540823107
-3.5376402690600561
-0.1437572282659956
0.0408763602386323
-2.7455512481679838
-1.0030105119498780
1.6591127637006702
1.2700683543071349
-6.2010797768965933
-5.2191692912740777
1.9608101618943716
0.6237731760849144
1.1596615421685472
-2.2130916711550883
-3.7890240175982739
-5.7236571453615674
-1.0548871344113722
-0.2423029393158326
1.8178336228209602
4.8073457193223348
-3.7418846737085003
2.7388003085915420
-1.6751243674551874
-0.7041882705968182
3.1129632452585261
-4.2592139401609455
-1.8285733953459964
-5.4419236224703385
2.3173880840370238
-1.7860130120960633
-4.5443686538034340
4.1727774633462067
1.0185852965124504
-5.9864437248640208
-2.5702122409579711
-1.9513057273840479
5.6062736239769464
2.8873542438223203
-6.2511135924371661
0.2621485288299219
0.2051790929240604
-3.2511610497347707
0.6817721901016816
2.1085258763677994
0.0123387511865005
5.9680110925087062
-0.8062452477551979
-3.6622510092292249
0.0695783719895992
0.5680153697674732
1.3927265284720964
-0.1237841766900950
0.2172041574915488
1.7998357630373394
-9.6038543000284982
-2.3026170492984681
-2.5255367196279246
4.0259167506461440
-6.4807688552281348
-0.2834812368518528
-0.3688092569080946
-3.3460460934815952
-4.6358983959873763
-0.3893348965055380
-0.4036254036628510
0.4192490867314482
-1.7866867250744138
4.6022901768054290
-4.8322826723657357
-4.0572381258017707
-2.8006521114211527
-1.0430808116290460
-2.0449912698740689
-2.6445539092739758
-5.4985797194595065
0.6444850978308396
3.4596251140159002
0.0854890943562210
4.9388160486843011
-1.1002484907473857
0.5163431083262371
0.0984259039184505
-2.5386127831804708
3.7462926249907582
-3.9451764899789632
-2.0341778459561413
0.0848098522873307
-4.1099627135212105
-3.3230706265228953
-3.5541482469499490
-0.3497610529999257
-2.6243488735413170
-1.1627063297851077
-2.1005232206510018
-0.8097783614320727
-0.5595663268472127
-2.1643126555512455
-1.0684419824787690
-7.5765177790923310
-3.6319889675648369
-1.9523375228103332
-0.7332205206257527
-0.9525565901753416
-3.3908095274641386
9.2752358174585279
-0.7799768256262881
-1.0955999047936518
-0.1381500515674562
-2.7511814557855594
-0.8504586994537335
-1.4854962567328414
-1.2846079089054809
-3.7434744473668111
-4.8467612013326216
-3.5103761767636468
-4.9637148763593810
-1.1071819768774809
-0.3655946344311259
-0.7388728850414799
3.0689716089078019
-0.5565129744960920
-0.3886258346857208
1.7546279009313410
-3.1784736646905261
3.8498481728022371
-5.8306375197642923
-1.2615491003745076
-1.5481979168516249
-3.7072784579341795
-1.6201110686615849
-6.0962966046530571
0.1191949066228795
0.4258167081704547
-0.2913201856059329
-0.2380707072440016
-0.2720612623854581
3.6334139008298680
-3.1043087305789734
-2.4228953051238036
0.3266616465936604
-3.6321302221708396
-3.8103532188812528
2.4152774558905268
-2.6561841609687340
-5.9167344148697225
-4.0665515371766050
-2.8802686776909532
-5.7456584220873621
-4.1131121229562204
-3.0676243844266677
-2.0960750567053155
-4.2765281968686981
0.1389719205877895
3.1431236616320239
-0.9048264392249695
-0.2238650613217399
2.4367991114693832
-5.6030640257798554
-1.4550848090257411
0.5958035849911532
0.8868266593534251
2.2433188563238584
3.9799936642017393
7.8554717010354258
-4.2013239069161754
-4.5152175323638088
-0.6934502013900634
-3.7239891802040859
-0.1499530125012905
-1.4843054555159905
3.3059025834175189
-2.0673225223776450
-0.0978092811049766
-2.7177219089462339
-4.1959897146512368
1.3943324967118378
0.6355189094934854
4.5177420005995135
-2.5387072713914622
-2.6034360357484321
0.5333165125500859
-1.8522631045645945
-1.5614229684832024
2.8373249972233379
-1.1809600703025662
0.7695039181681791
-4.8518467709753725
0.2903510612857783
0.4596556006954028
-3.2210106405396703
1.6013968744483145
-2.6206647352404624
-0.6769936442640956
-2.5145393629134749
-1.0183907137670984
-4.4760618177633784
-5.0624827479324965
0.0303077906621489
-1.5451550068797482
-1.4319058708766761
-2.9738801985385006
-0.2233432955503981
-3.5885239856636852
-0.7148313205617112
1.1590912491310157
-4.3141676991476707
-3.6913966295386524
-0.8930871626567035
-3.3071623396875744
-2.1719343138044751
