1.0970972997977948
0.9958597213701740
0.6666422184294593
1.0897539467607260
1.0738032671018016
1.0841322570689951
1.0966222677849462
1.0481457292220964
1.0831029944435349
1.0664745705299479
0.8879948660741936
0.9637507043595736
1.0877394674970693
0.6493239333567126
0.9810912097159160
1.0894256311085933
1.0929762617637364
1.0878831948635135
0.7844051287169668
1.0890771971666919
1.0873839149118538
0.9919013674717804
1.0895950368006244
0.9034874098423041
1.0363143832061688
1.0942390236840609
1.0840483398286112
1.0974831483145513
1.0959258663753970
1.0961805673468987
1.0881840262068940
1.0823947439433925
1.0320780376142562
1.0865246896594620
0.5580277227478012
1.0709978317760287
1.0181861340607512
1.0811304932566259
1.0666242825440386
1.0970377559710451
0.8760841401310047
0.6571162737143460
1.0713044839015573
0.4702641639791516
1.0643215187644901
1.0937793065654928
1.0651043597538792
1.0832289333152758
1.0941302131508115
1.0951906672350569
0.7644257105429052
1.0889180288992719
1.0935415404126900
1.0956624059481592
1.0453159128388874
1.0889191794784661
1.0211680812493915
0.4475377208885946
1.0698012123499037
1.0331871128369807
1.0652526645552389
1.0901507918604085
1.0764146182077550
1.0863726651975785
0.6901599755158672
0.7587254260125630
0.7723551099758406
1.0968994788367374
0.9414232869974536
0.4457540898958220
0.8900031874350559
1.0719889386554666
1.0962000715850191
1.0965686045253586
0.6830402351288851
0.2975540052620487
1.0881658294529146
1.0897464206015728
0.9584482832786980
1.0913641904566822
1.0311691198280988
1.0928996191961677
1.0974819834043652
1.0958306444665731
1.0918519764776247
1.0979973605738640
1.0950966041490855
1.0001267360868442
1.0929051802988490
1.0760968003619318
1.0778819881494424
1.0483906954942082
1.0958694368623401
0.7185047067017925
1.0853272148943502
1.0954086217114078
1.0917582736648477
0.5039159797853479
1.0538825267431347
0.2963302098448256
1.0798991734613466
1.0138273166474912
1.0324487118960530
0.4941892086266853
1.0931871965889735
1.0669715000958955
1.0884489971145987
0.7946320627545788
1.0788891045352620
1.0885329240498893
1.0921727226467293
1.0350977310468621
1.0924141510629717
1.0972620379941909
0.2934026865057001
1.0456592778177785
1.0165700555173731
1.0773880380721874
1.0492813824622322
0.9582652040516312
1.0945914442511029
1.0925848929036921
0.4944385261942451
1.0961459316630913
1.0967506798021174
0.2824086205727022
0.9107981878989686
1.0916165310477857
0.2832467385434062
1.0074201467296555
1.0812663310492707
1.0200904888646283
1.0981005381091884
1.0473242482570100
1.0945084866230890
1.0716535381105894
1.0901685454358938
1.0746911557334555
0.9391188653080097
1.0896236719086325
1.0735307302199522
1.0858905789585154
1.0607741756615185
1.0764788508989724
1.0381072715059867
1.0866349570562197
1.0821621858314840
1.0922354068114217
0.9638570579225711
1.0926427927368059
1.0804141050805720
1.0821132972177663
1.0498790307420651
0.8703815275016383
1.0820008781903794
1.0910671069401341
1.0913118567658222
0.8766692077519993
1.0979939452909275
1.0825455618901136
1.0775629748608466
0.9115282363097910
1.0925609812312043
0.8782336712510874
1.0783440534931383
0.7520562435489437
1.0969391478562314
1.0983546564525513
1.0963396101708764
0.9630189348744195
1.0216938152210036
1.0962773395839041
1.0964073624361539
1.0606572882763066
0.8500439294676280
1.0921762942842970
0.6432344777420891
0.8171575180481347
1.0893713569701287
1.0906513657374790
1.0962461885055899
1.0627190491478309
1.0915826858622086
1.0943545253051767
1.0914831641586764
1.0974221777731221
1.0630356662414995
1.0918950998549399
1.0742717083938951
0.3638285527005478
0.8371353974516744
1.0898106925198885
1.0945069010590145
1.0451895122106178
1.0958680591029220
1.0527915743392267
1.0938013530561106
1.0957589079757073
1.0726180925353188
1.0940638325341459
0.8329114735913533
1.0006807863115694
1.0872261586225884
0.3577079238634319
1.0953949656406285
0.8588410126745833
1.0236144109797012
1.0904211749729043
0.3453502472494716
1.0861225769828324
1.0980204284672987
1.0871653873668927
1.0965589672983349
0.8823505349572481
1.0974735690913051
1.0960106818914246
1.0955576165344505
1.0594607894012071
1.0743091560577902
1.0965570189301399
0.6185700690637926
1.0848360569579196
0.5821523212877823
0.3012818544513264
0.2858186700908142
1.0344078821663232
1.0874936414746654
1.0521857463875977
1.0886091893096879
1.0936780591763278
1.0884352176346801
1.0817357364594609
1.0937299036135129
0.8228415328982855
0.9580265895953909
1.0320654781494241
1.0316655691445415
1.0324005870231823
0.8652747770217578
1.0363885045450261
1.0977977718058087
1.0745158089678082
1.0875583131901883
1.0767596759889613
1.0943936755173627
0.7255050713071686
1.0912886787604641
1.0975679140254466
1.0878542286628772
0.4831491577402141
1.0788066307064197
0.3436167728341810
1.0505137177566835
1.0251331921298124
1.0849942396720389
1.0354406282568485
0.9384566856370188
1.0974045056760919
1.0788512042284966
1.0196812168830325
1.0148592234306859
1.0848148006011420
0.3262114529973320
0.8428203300855747
0.5508529115403087
1.0983184503169943
1.0903550497163064
1.0844798740775736
1.0916890319654968
1.0634382510861471
1.0352110004794894
1.0402805297627058
1.0710655234108346
1.0855519572514747
1.0711168200886927
1.0703633101508299
1.0964795492220685
0.8860353842196357
1.0738901729579651
1.0366752906269108
0.5687961261293458
1.0922339891940056
1.0840198429245633
1.0400847763604566
1.0524999952922136
1.0852583998225835
0.3764615541301835
1.0912967736483934
1.0619412898489151
1.0566473779416219
1.0916456296718084
1.0351801846919835
1.0951622674117572
1.0954135420586140
1.0837585677750710
0.9124189454653121
1.0143676274371283
1.0026965892824984
0.9924238801027259
1.0642956586274188
1.0459823676928561
1.0876556052635173
1.0357780585755485
0.9484361706328511
1.0686350379609517
0.5516612224441960
1.0932538072706721
1.0888479432422802
1.0882756622988448
0.5661495981378999
0.9187574216626501
1.0479270938827829
0.8170610437040210
0.6871554889206729
1.0918696948944837
1.0912976120765774
0.9273615657188359
0.8585593659848072
1.0976136338715479
1.0979491167060169
1.0009443421717781
0.9442631341135761
1.0794619960078156
1.0237882489768806
1.0258450607897949
1.0917096864759808
0.9173175126590135
1.0817236654122948
1.0698377519676285
0.8643383444496088
1.0834137988607950
1.0924063177054109
1.0953194513202569
1.0933881410013673
0.8091148892367289
1.0848678498172073
1.0718967896647624
1.0788180681761717
1.0458534768310597
1.0950385764010695
1.0919574637936997
1.0481099690222360
1.0899543580436832
1.0986024377915773
1.0274689491511313
1.0890016744501301
0.8888357956913737
1.0686527137180508
1.0874470238909297
1.0735369833008546
1.0936036696873701
0.3979460900420597
0.6295896949632247
1.0905361069878314
0.5435105851350532
0.4773183164174259
1.0946172626959885
1.0944742131126977
0.9916249575005435
1.0967891035793049
1.0958278274618081
1.0872551652894795
1.0837907907214808
1.0972660614734731
1.0135123011872980
0.8737956758341027
1.0737427639222641
1.0384820599600055
1.0959805125733635
0.9919523969911695
1.0489268033749342
1.0847369643139719
0.9887020504402876
1.0882220241097251
1.0973920561384971
1.0854824130557743
1.0659847929606932
0.2855199230880252
1.0931568188973202
1.0947193321239674
0.7303939628151396
0.9584326190290402
1.0652298119879855
1.0171928736657239
1.0973714669519232
0.8085564678143793
0.9673881671916457
1.0947276463065940
1.0963600143190211
0.4212646387918434
1.0197920450164717
1.0935791807322002
1.0913905973589721
0.5876630708989025
0.9151901079173320
1.0979829793642535
1.0873724493059205
1.0959181563171942
1.0952541172111192
1.0591584772496965
1.0191209015128349
1.0745338609947106
1.0897462564179337
1.0950665203987571
1.0951383713320257
1.0952353526774623
0.6297541473132049
1.0752109427955714
1.0794919450670653
1.0930472229062682
0.9660136573966313
1.0854042711720566
1.0983549142636189
1.0911034817613328
1.0929732455520302
1.0945110246786109
1.0948417346208650
0.3801984562471643
1.0920468254597904
0.9415448659678641
1.0958980601172374
1.0959992984519293
1.0702959665047176
0.5217181487953131
1.0571461962037496
1.0953680812989730
1.0662227411245921
1.0696511714114612
1.0948376748716455
0.3801135960644829
1.0910657881240746
1.0930036810498647
1.0902598217392416
1.0980839473974007
1.0400426425403821
1.0886963944637762
1.0943894968254027
1.0961052938818265
0.9133619828877095
1.0837843330375367
1.0912896058847956
1.0788860554516118
0.9933337970244297
1.0803686104012129
1.0883840640765270
1.0905103672808463
1.0925863145161940
0.7033499376918501
1.0669864637125785
1.0769656408024577
1.0114948365662431
1.0937355955872932
1.0612189494356288
0.9629182142286520
0.3007249382374549
0.7918163956921869
1.0509787135858994
1.0432539351812309
1.0953532303004558
1.0106048880861074
0.9304006408672911
1.0894748803947036
0.7901910222622653
1.0260360622978932
0.9202139327059142
1.0690454197203325
0.5736011381422574
0.3354298090559991
1.0146668120587208
1.0751413143531710
1.0370867163461623
0.8212311141095421
1.0911130399044500
1.0883962650388204
0.4175176988865025
0.8884956644674380
1.0817997062223017
0.8607491901259734
1.0969887280911368
1.0858435019631560
0.9464999930942587
1.0885041281802046
1.0848396857689864
1.0937173561618398
0.7769441453923279
1.0807821405489750
0.9472352617202655
1.0846494596212222
1.0871840898686700
0.9816384584441421
1.0952418248302167
1.0966072151785937
1.0947495839989605
1.0949322729969344
1.0953319530910643
0.4830918601879653
1.0885646578964032
1.0970400597727277
1.0823131960433983
1.0945864609191687
1.0642442845012317
0.9486246580706132
1.0798628158133965
1.0965147645476272
1.0194588001216975
1.0966144148997194
0.7606727829995629
1.0733294158998807
1.0811840191346211
0.7338079836913489
1.0952900130969414
1.0677082701593474
1.0866239232038346
1.0804523903541319
1.0620802596130914
1.0811826572652077
0.7699046789770486
1.0810043661060393
1.0750071492260975
1.0887656585662142
1.0591040223841712
1.0471787290240333
0.8598220821619710
1.0858316135606978
1.0906402510173654
1.0842574501424116
0.9529412146649601
1.0902485175158183
1.0560980485977440
1.0930211392352223
1.0857770820959323
1.0591280537211352
1.0959059561267697
1.0924105059724600
1.0683047716192975
1.0980149493122697
1.0913565952176423
1.0981828577604331
0.7118856565444072
1.0865323474824302
1.0837925780232576
1.0956129805942063
0.9331504748539334
0.9360642140507788
1.0949929024984202
1.0945906614113703
1.0962094210234929
1.0903126611189262
1.0942714523145149
0.9941305525209415
1.0947151308532894
1.0704277321615734
1.0953947912061612
1.0980617351589965
0.9902743189804610
1.0843094896890271
1.0840027935953940
1.0951401570068944
1.0870877446671969
1.0877801883741169
1.0829774187843222
1.0939870565956262
1.0752141458029734
1.0732383699702071
1.0055887835974480
0.9775553181987588
0.9657991516008153
1.0520836582388047
1.0905603581957590
1.0972902013705750
1.0975713812477126
1.0827006559393295
0.7517957070645990
1.0204152975876903
1.0752580349655800
1.0863610831807085
1.0455127249809038
1.0892143514456127
1.0960624473410043
1.0881618447151671
1.0823354784440149
1.0959412834628737
0.8723732100652982
1.0901053219956394
1.0750364896008331
0.6189693011114263
1.0910008337904096
1.0976181977053894
1.0952592384320023
0.9174752243657674
1.0918631176311682
1.0922928095667743
1.0677804030924378
1.0564229334978412
1.0977250822588205
0.9806211171631420
1.0936428870448895
1.0179766458738921
1.0916937822731902
1.0975769383136336
1.0429480305624979
1.0562977646183924
1.0718818969368080
1.0924836767493000
1.0913664671749681
1.0751277798048791
1.0940455226922945
1.0825377493264223
1.0989361866438483
1.0892446275282923
0.9312416640068453
0.4141510654157572
1.0893857921091754
0.7921320987212382
1.0942159689740740
1.0799230557571844
1.0657906300829849
0.9601366464376362
1.0984469716505614
1.0876151913757497
1.0803093759715394
1.0983917380415591
1.0848589701407056
0.2900878461598411
1.0561479693044697
1.0961924407852095
1.0823547917113028
1.0917946827683247
1.0949140254118641
0.9867856817028069
1.0930527846753026
1.0743679014151315
1.0824148764751700
0.9829283146402839
1.0982636876427974
1.0577178614919480
1.0937402522017905
1.0891956970780985
0.7276356858333035
1.0974767052846506
1.0710178573464728
1.0939587889472193
1.0044279067546380
1.0945170174033074
1.0915171712716540
1.0171659839127651
1.0969334306181435
1.0862927520123102
0.7319851848895940
1.0936124415731612
1.0693396061136569
0.9860748846327141
1.0229137193058393
1.0918195514970075
1.0759216288776581
0.7315786036556590
1.0922677098597973
1.0884286914593957
1.0900528815525918
1.0827766559876761
0.9746091869902888
0.8513968552452129
1.0681039177703215
1.0877534138523950
1.0916748547563215
1.0872388638383459
1.0946912780877618
1.0559383362750567
1.0975775485707566
1.0855379397051435
1.0944239028976306
0.3033000696070912
1.0957137714941634
1.0540602762905018
1.0940756112925507
1.0934237306010051
1.0961779319847722
1.0598557498571097
1.0971916420811991
1.0674408263704360
1.0931924806467765
1.0723348826994519
1.0717847093891659
1.0846917860910021
0.9404339643203588
1.0889361990867501
1.0951234952043205
1.0860013541306419
1.0967707485760085
1.0897094817863939
1.0763534759717395
1.0712358015149539
1.0119615211167690
0.9756731008148332
1.0909279269088537
1.0854731203779535
0.2931722801911921
1.0659602708430318
0.8830938143992888
1.0574036695529501
1.0622688814505270
0.8653054863657474
0.3408949805530371
1.0969845320471365
1.0841394623677074
1.0974607200455115
1.0570497372410994
1.0818544423175165
1.0890924945111631
0.9992030414450060
1.0787342096268320
1.0884887520355764
1.0942980356613417
1.0533521897845481
1.0879742591479928
1.0747557727254067
1.0277348281756362
1.0725100165357704
1.0931140949218450
1.0537640427092434
1.0947641838098676
1.0939228379995558
1.0956496802070173
1.0990070162142926
0.5627110442379090
1.0352030472115548
0.3587804609689363
0.8760042232948019
1.0985159056496683
1.0815323820164575
1.0705264831468142
0.8457827834536257
1.0971633511912058
1.0783366709373168
1.0419233350806256
1.0028100016640427
1.0981570756424175
1.0945336239242209
1.0849486179139738
0.9954864702812575
1.0328424473592293
0.5799060739938273
1.0804622919063869
1.0746696596188188
1.0912186257567191
1.0969729955280021
0.9030997243304668
1.0170571525126970
1.0963615916361904
1.0927186114134952
0.6303164496984963
1.0677628969330031
1.0750106634626875
1.0726875411997323
1.0887046678242764
1.0754147736027611
1.0985814335214117
1.0787233506669505
0.7586851312411271
1.0671983414471844
1.0870502500937909
0.7035282986144284
1.0887864789083639
0.7095587807326955
1.0944237784839683
1.0549531355972772
1.0091234093204093
1.0634803797968391
0.9418421599096246
1.0905133839200736
1.0787097170086946
0.4590823223223609
1.0798049996744921
0.7575525324253465
1.0644939594584621
1.0223529461937753
1.0893667249947288
1.0714293529446381
1.0653671845257049
1.0248260579423625
1.0904221466543627
1.0910028110909593
0.6851149220938769
0.6272034105222045
1.0700236262890028
1.0937936872412681
0.7260055695940825
1.0682736974863420
1.0935927010582009
1.0488688822270080
1.0840741414038577
1.0776221880187418
1.0924535775280657
1.0786865787481703
1.0873329265672751
1.0783670768911913
1.0975590061095011
0.3808067181564742
1.0921577803767168
0.8862288936200283
1.0822198552379501
1.0855812585896412
1.0577562528414481
1.0627962297600364
1.0764488385175672
1.0943591381212874
1.0591900545152344
1.0716846430080240
0.3032945553230947
1.0878145662856289
1.0824029826849508
1.0181277674338733
1.0270847025655241
1.0823372353822511
1.0689986062754437
0.2944836534663598
1.0940885899638710
1.0495540817160822
0.9454142304159502
1.0039994426582812
1.0320390019196040
0.7933689064440466
0.3282433173159428
1.0890605272820528
1.0954912626266566
1.0665375784297972
1.0037698254295799
1.0895372076051359
1.0969148280548044
1.0694742543107736
1.0817223122558506
0.8559107653112304
1.0890630898880911
0.3271828512387584
1.0898957231231639
1.0759757167805915
0.5972286406030891
1.0790797878833336
1.0970579384114896
0.8558178548158623
0.8055041597616718
1.0667101127389589
1.0261200475689349
1.0889049915505995
1.0574129940100447
1.0370335203688801
1.0966393580152374
1.0543252791457960
1.0875646375595531
1.0936301245722146
1.0746662000021376
1.0086059816134505
1.0663469371433776
0.8769018077404895
1.0941005137766546
1.0921228609387237
1.0886095289252475
1.0966712561863885
0.9749626914350140
1.0571582690903538
1.0955488424976556
1.0879347819706418
0.9729612677364443
1.0521652068399143
1.0895514009150891
0.6532076596204061
0.9557989563656617
1.0872808127706410
1.0824155566943212
1.0712956755241709
1.0905417174883099
1.0578831825605406
1.0923421862217140
0.8078125100459231
1.0911841335300319
1.0752847708217859
1.0941321017234018
0.3340630516636015
1.0826175222648318
1.0969368644672755
0.9727893278863406
0.7092610889797298
0.7516201110405094
1.0924953469582213
1.0815170210266998
1.0670469393594233
1.0217964471601415
1.0918469766903336
1.0608688444988088
1.0962443031892968
0.9888448683333503
1.0576991844954775
1.0795842792529302
0.3359289531349378
0.3550075333708749
1.0905747211471921
0.5384819956004543
1.0908303228020548
1.0874837988832411
1.0207206687723553
0.5714425908246593
1.0778453084309279
1.0926329727894495
1.0476167074271094
1.0980696659823701
1.0910673591436397
1.0954792512325739
0.8772286963589826
1.0952660290825775
0.7201267753202565
0.8413348297406518
1.0951845093307022
0.3941628155555111
0.5827588629834985
1.0828544951865691
1.0891232480390396
0.9397551026209259
1.0969988271557638
0.9186030194917341
1.0941094930883750
1.0779590875853613
1.0844151333599843
1.0929184260016154
0.4224346468341820
1.0755358465880160
1.0978260682174568
1.0802441411901902
1.0838440115127275
0.8735731065809876
1.0713490642107633
0.9848337299895566
1.0090115943301392
0.9525623486695745
1.0640496407279203
1.0353243164446515
1.0253474306469532
1.0908494114032645
1.0930735166260996
1.0909214262544840
0.8008649268426286
0.8202910205404378
1.0482244673706296
1.0648258205305545
1.0887293459249030
1.0909508863638682
1.0564248247881796
1.0880474794617983
1.0954767689063953
1.0761168553475826
0.8819696628927680
1.0971036843804873
0.8785373451981532
0.3007435018384685
1.0916632132993502
0.9992936106479954
1.0515031104472397
1.0797494191302477
1.0839114675086214
1.0922262374547929
1.0962679307058369
1.0967622402398696
1.0938205070028235
1.0941454060366456
1.0800295650532243
0.4268313394054853
0.5683801106623533
1.0806932862095935
1.0939629314818571
1.0667419267851217
0.5422780303535508
1.0947159224151193
1.0164211996500025
0.9333046329679479
1.0974546422317184
0.9056777274918527
0.9822877709483367
1.0967971479941279
1.0539574600486299
1.0391252548012861
1.0812562275673927
1.0871295941301289
1.0545842911209373
1.0922751030452345
1.0468296915239561
0.9974120423570239
1.0800246037807726
1.0323026247683782
1.0620733206578794
1.0970828943028588
1.0324586183621962
1.0953270675511997
1.0361176004153156
1.0690198141158322
1.0907830222872361
1.0972531099028167
1.0950329109417274
1.0806336539610790
1.0825028800822800
1.0872073566798242
0.8134294220856814
