-3.6958132206366350
-1.4227565383897709
0.1568801965653631
-5.0813535513523709
-0.7056533557744533
-3.1273581237772747
-0.9695465972942958
-4.1369637504638943
0.8373718782442474
-3.8475137183574488
-1.9884497500535565
2.3667818102108926
-1.7732019273286590
-3.5839304953216193
-0.2275765602589532
-1.0306380798411854
2.9026621866179640
-3.4097361015508501
-2.0593754643670268
2.5554798719711642
6.2527448711888463
-1.8980059869097046
-7.7279414770326902
2.8486197715639432
2.1556873407743509
-0.2304249236910509
-1.6349539280572827
2.9111297684052402
2.7906047730520585
1.5019421701105740
-3.6239936358395699
-1.1311892343188403
-2.3992434749272888
-1.3137541281465153
-4.7447807872699599
-2.7464133423963153
-3.8295385408548945
0.3304336288713919
1.4469392471618054
-0.6845394354040344
-2.2498240828979883
-2.7418989604873905
-2.6982972793949420
-3.3369141341436928
2.1089218680043897
-1.4388052880283466
2.8584694017997054
-2.6831802248833476
2.2864277304458844
0.5677805282077262
5.9083335643855266
-0.9250164922616219
-2.9697700501625603
-2.2154366657930913
-5.5362935531267832
-10.8919715695859942
-2.5553938591132157
0.8621714119282684
-1.0044764417544370
-1.8877084389115488
-4.0268809144742974
-2.4984433489621538
0.0184686109309705
-2.7319451888888850
-1.5703240268175553
-1.1562698056403660
-2.7262638942867303
-2.3432619035030235
-1.5374407127945324
-2.9702885150120140
-3.1078539135770558
-1.0650454242344622
-2.5251708703447218
-2.4626747962695408
-0.2947131794105747
4.5416699827829596
-0.1949011408126692
-0.9738756650550743
-5.9640170341107659
-1.5366822756214298
-0.6161314886646135
0.3723592177514511
-5.2865332920303620
-4.1479660140586478
0.5459888455375138
-0.6479375957266675
-3.4215803488233725
-2.8524588321832347
3.6577181099298777
-1.8448749263163471
0.2835209722499254
2.3192060672046360
-4.9436501171338598
0.4017977179863283
-0.1272504131157410
-2.4744527817492239
-0.0701933913692936
-5.9116617074785305
0.3253611246347137
-2.7770622565004679
3.5362771320005932
-2.2359920284754762
-0.3107434762057917
-8.2586088863593528
2.9709347244523450
5.9590677246973458
-1.9242724810724585
-2.2870056916500823
-1.4126255475568359
-1.2671085046932062
-1.5620485957303420
-4.3958517219343545
-2.9385322616821927
-4.6947815309917820
-1.6071558430817314
-1.5361233468726168
-2.7662624473859934
-1.5715101362052710
-1.2979729832567308
-3.6102319725597223
2.1151843820523788
-4.8645274185390015
-3.9498717467768221
-2.6863582466829876
-2.0510309598763046
-3.9601260390066151
-4.4468112506332220
-0.6415360546203770
0.3825108037992384
-1.7512260201055483
0.1515016534523470
-0.3838411228219640
-1.9282773343366695
-0.4933954054375332
-0.5916301372994983
2.1503780370476981
3.6375741773828092
2.0976022644065830
-2.1898225615171820
-1.9287111334902891
-5.5307436565082497
-5.2027065344113455
-1.5275508978868573
-0.0418876281270693
-0.0483743632305882
-7.8417640113203220
-0.0398391542306048
2.2535821977475985
-3.3855325440523623
-5.5473282632255545
-3.2384937920598498
-5.9892392411461222
-2.4212881297401720
-1.7064759455409080
3.0925296198795289
-2.8168203264582528
-1.3703688650051689
-0.0678119882218223
-1.1378815837477094
0.4292524903854891
1.9832878393230231
-0.2911759449307028
-2.5150296263458940
-1.1840752503632674
-1.3019510465852286
-3.7125382466459476
-0.7407424578804536
-3.6633921070602100
-2.1608724265654145
4.9207094831007927
4.4046291604058778
0.2130841319529090
-1.2047999703127503
-4.5674715591000083
-2.4861468797717441
2.1818232754103937
-8.2262577686363052
-1.9105201979757374
-4.1263919341055315
0.1135245126177186
3.9807795500797862
-0.7912997532195060
-12.7801835741470082
6.1864871563274324
6.9206718326859029
-2.4938584294517008
-2.0042152602653824
-3.1350188276450561
-1.8954978201348354
7.5526615381471238
0.2172624289768074
-1.7708026714778304
-3.5705932195724279
-5.0466540230084451
4.1323204618871880
4.9960926380417545
-4.5260219502029457
-2.7139165522846764
0.5984982349183687
-0.9868038882940711
8.4442949239240868
-4.0294525254217817
-1.0555658591355088
-2.9728535121172550
-0.4658503460927788
-0.1420123404250009
-0.5778592302203657
-0.0233436266010972
-4.3074951946629509
-5.8864058554395671
-2.8606596683685575
0.0765618816975914
-4.0944556210694083
5.7184859255711915
-2.9429165953190757
-3.5402548141579078
0.0736389653020573
5.2211715700533494
0.3762065849114110
-0.8651585978318996
1.2613493801226598
-0.3734653085599277
-0.4891707539074505
-2.1921602959176258
0.1993666477400884
2.2198447095260798
-2.7134813783988885
0.4335782438457192
-0.3994145942114123
3.9031324545694597
-1.7978842482902941
2.1555081781914374
-3.6978258907194679
-1.2510636638949051
-3.4235710849251362
-0.5259867542848116
-0.9647862524832808
-1.3040104825530143
0.2931819777510211
2.7828162182258609
-5.7262915142953412
0.3358724746065943
-1.8425822115942598
1.0417876713516119
-1.9959663978705464
-2.7782774615722374
3.7584975589835770
3.7433223264030415
-4.2235633771563323
-0.4149134284504897
-0.4928890240830228
5.7833344555281716
-4.9339870196221858
-5.3313849982516119
-6.1363538423086510
-1.2283286967043143
-1.3250258766588798
0.1285657058705029
2.0109580279721522
2.1555900236602517
-1.3681054176044074
-7.5865732562563997
-3.7485700940896338
-5.9094009226662125
-4.9449542709251029
1.8716079343650467
-3.2881737302548677
-3.5659570575036303
2.7540037282633398
-1.9035828751375226
-1.8649569032844340
-0.5972695821023001
-1.5721503117364635
-0.7104449480285819
-1.2133969755035805
-1.3586362559895300
-0.6482253930851400
-1.5560824506926247
-1.9461936627961718
-2.6007093999714890
-0.4420300155641795
-3.6299552241464657
5.3640932673924944
0.6598266279720328
-0.3573480681881608
-3.8027618715745426
-2.2190103817485274
-5.1759587157613707
-2.5351581639719405
-0.6656031937591808
2.2975686055273945
-5.9612798574459900
-3.3316909767381326
0.2872976597873632
2.0609054828916191
1.1719048678808246
-2.8906541548489320
-1.6161499550651992
-2.4763645141222437
-2.6214871077088127
0.5826741532580657
-0.9279383287294143
3.9950767474414035
1.3189527538556998
-3.3567452790754664
-1.3785338074672158
-2.4313902724737222
-0.8280112134983093
-3.7086546847632946
-0.0510962663043001
-1.9536454658229143
-1.0854403373730137
0.7526833573518562
2.7583952708048782
-8.9166043156453778
4.1878812768034779
0.9318188729291860
-1.8991473411712083
5.6343100880492241
1.0061539514373932
-5.2993078745689965
-2.8512686292091498
-2.2025723504340711
5.0649008642081492
-5.4974793540412366
1.2020273413778173
-1.2109322929826107
-0.9419958061756881
-2.8859693538633859
0.4145625603757740
0.1050725415840358
-3.4319276252457240
-5.1053538503589948
-1.5240899594268946
-1.8516512083568402
-2.3771757149050652
-0.4171828884693668
-4.5716610855998239
-1.5073029191777367
-1.7823216166722773
-0.7621442217962547
-5.8188622873369997
-0.6878214381917451
-2.3924318820488102
-4.7826410146088429
-2.0795499144500664
6.5287410899853997
-2.8741008773964154
-0.3061434519527864
2.2867551721509631
-3.8308981395267652
1.4247954670306520
-0.1308209611224734
-1.5727524552796897
2.4405531441626271
-3.8076600156286373
2.2135542408278290
-1.5546056614110899
-2.3295538475015269
-10.1085596890531306
-5.3968418279513894
1.3898000028693245
0.2906095455567869
3.6238465983166410
-4.9505364234785514
-1.4934750543224373
-1.3100752149159185
1.0653401759262235
-0.8772140530734848
-0.0415408860316220
-0.1991056060747858
-1.7381856201497889
-2.8421429634422095
-0.0818211701965838
-2.6637708225656040
-2.2912568304423440
-2.1268470196516431
-1.0194324299114994
-1.8855872583921072
-6.0948036606820732
-2.6679756144958597
-6.2900940158306682
0.0773336400098789
0.3051383476877533
-0.8690958583428043
-3.4017605220050822
-0.7316107885473782
-4.6326322691660495
-2.7754879121383071
-3.7959156999126211
0.9721110425666041
1.6932781116821660
3.7593931745253815
7.5804698131924857
7.6521157397077966
-0.0281216232019711
-0.3720271558409559
0.6365723120919201
-0.5829968359880889
-0.1726128842518603
-0.4138742398525647
-3.9533559793610760
-1.9726624735302798
-3.8657024998701321
-4.2235700275480195
-3.1230282607873319
-0.1691343076881837
0.3680272891435682
-0.3614308630812474
-3.1258661352918780
2.1528731134299011
3.3120545025275678
-1.8705977135074481
-4.3703909604846363
-2.4429467443890394
-4.3460165946719860
-0.2622236022592519
-1.1649400591033869
-4.6510776473971029
-5.2296704555842384
0.2600987603878050
-0.0779289986529403
-2.5445610604867470
-4.1702320246203977
-4.4953426228278355
-2.8925044038808791
0.4031270967346935
2.6800514766822765
-3.2732851861455456
-2.9422150827137079
-1.6161014745244591
-4.1615157423061246
3.0913485195339052
0.5275296219757060
-1.6283347272275772
-3.5125200204850029
0.9746466390058611
-0.3964665407976031
0.0935340284822550
-3.5185498940121849
-2.5165655180089122
-0.9504384570733109
-4.0926658577167734
-2.2673438171788471
5.0679987952538088
-1.4616594053430387
-3.4478789924850100
-5.7201057961437698
-2.3503649517256076
-2.2888551359030860
-2.2981937837926383
-1.1137610055144445
-0.5041387196475776
-5.0214333567642626
3.4301089353068810
0.3277737390474689
0.1331330046380934
1.7028695292228533
6.6274046711700167
-0.2896846871621915
-1.5781003208531275
-2.3681378701591216
-6.0625290173644730
0.6407515905880643
0.5173742333737547
-0.4806295825810168
-0.0154575478616636
-1.1835282451206823
-0.8792103540406201
2.1480964242352067
-0.0495954481214944
0.5459795548097957
-3.0614421418400442
-2.5289298755908258
-1.5362652978511866
-1.0455894184277315
5.3094386977447048
-0.0313157208588531
-2.0551266602948077
-1.0671790372030598
-4.5863149894664410
-0.5623097331215324
-0.3306839417514672
4.7809246390443052
-0.6331721527204890
-0.1468328720263786
-0.9754570955375312
0.6123376508108791
3.0749652594042955
-1.5721720517752276
1.0742767022787298
-5.0325236836249241
-5.2672640451700206
-7.6705204566480303
-2.8931005314177720
-5.7580166595773816
-6.8850837408888079
-3.2427945964020735
-5.3787042971800032
0.3649282278830843
-1.6913752151051065
2.0686266089062544
-5.5446689870932557
-0.8253141004539852
-1.6138694959497120
-1.8257786628079455
-3.3367180225799915
0.8910099598896392
-7.0736176895026741
5.1174294068625752
9.4171635583749236
-0.2276708087698795
-0.5772999453498747
-3.6602433562667493
-2.3178387573938952
-1.9239351780492158
-4.1338492670726286
-1.1131770246060815
-4.6093914131580762
-1.3905276387935785
-0.9202188028074868
-0.2130729055358457
-1.5452572141255949
-0.0749752117680607
-0.0430036833653865
-4.2662090124934675
2.2975487656297897
0.9632022429204485
0.3420874554973964
-1.8286617048261198
-2.5248075614752388
-5.2286467402466821
-4.9987361412275684
1.6855364774509607
2.9356777564664549
2.5438871607783269
-1.2617431139093873
-0.9928278863077868
-4.1358919157714871
-4.0202906929371816
0.5827961858773119
-0.1694348079284147
0.0386727267542808
4.8133249124612094
1.8141772183296141
3.6903056083262440
7.1246851225840988
-1.0656925537061186
-1.7566133072134611
8.1480211897345534
-1.2316869698583275
-1.7089035226479730
3.4718594613211384
-0.4490172291071393
-4.4894025535381585
-0.9046342734313547
2.1645064841976764
-1.1649861444768899
4.2929617531337554
-3.3849311996877911
-0.4958796950825493
-0.5965295222031596
-0.1170128415918883
3.3696594323961859
-3.5679411763037296
0.5990526302880174
0.4926851151731823
2.8610862918797477
-2.3183944841200979
-1.7169730152198814
3.1079645249506096
-4.7051667573791205
-1.5345123562206480
-4.8091186167714843
2.1564967955880570
-1.6967668134252072
7.0363486250810672
-5.2689991444156314
-2.4162426004477937
-1.8077269583418136
1.6688866799684638
1.0822143238743880
-12.2800054638872211
-6.6592912354710236
-3.5590885322946928
-6.9971953362709769
-1.4541615088564619
0.3984933686696350
-0.2659447711782043
-3.6985114606422522
1.4434989306850892
2.2042788031161153
-1.2063757356782001
4.8681373004086579
4.2369537705234741
-6.6365733784424039
-2.1144873919168288
-3.7905180746566001
-0.9283616180760318
-0.9520151677676304
-2.4503956743677717
-1.8572881051178642
0.0183755246296282
6.5314112606057133
-5.2229563091989597
1.2428048670072700
-4.7825254846080156
3.9836538247514679
-2.3332877364068394
1.3885065141243784
-3.8107699052470867
5.0233038473874974
-0.8539214047058785
-1.9183083851211788
-0.9609769035821015
1.3672102621252891
4.1119461113653193
-4.1829052745036144
-0.1011123875694363
0.1456210534827956
-3.7978890967756316
1.5407356921352906
-1.7303803148521806
0.2299010434833955
-0.6474423545829526
-3.0805848334174515
-2.2528152902817742
2.4828824941621024
-3.5414454246338547
-3.3362303879635853
0.6144891025418169
2.0132465851273134
-5.9461691383516122
-2.5230308519712734
-1.3960198280137543
-6.5508796585998619
-2.3887085077852674
-0.9523509593647453
5.7882678827227219
-0.6809754061016252
7.4257095370015671
-1.9220926618526082
-1.8187852726769360
-1.8486980649818228
-5.4625123588512627
2.8045792986762987
2.7968372675921165
2.3654957038397151
2.6710458673616380
-0.2703491001685533
-0.0665221258895694
-5.2372800320124195
-0.8116457452471141
-0.3234895649336347
-2.8611247326237974
-1.0225886422095960
-3.0213396854502372
-0.8781226608723249
0.5075520328165266
-1.9512466028126547
-5.4719335165362528
3.7271892294741749
1.3649790233797072
-0.8926453405964108
-7.1295899342753124
-3.6761268048363371
-0.7523103843333301
-2.0483974523359718
1.1577670728952958
-0.0058409562827720
-3.5033971532168282
2.9707036843933325
0.3587133331325050
3.7126171844383671
-2.9278210216038905
-2.8481457835753075
2.7470001933857140
5.0396990440228819
-1.7837452995907674
-2.4382831520912447
-1.5259168990293743
-4.5698917031232735
-1.6612053504565816
-6.8889438033333263
-1.1373926729772439
-1.5908563605818786
-0.3537935996698927
-4.1413379294315167
-0.9815599129465684
7.4843026847257068
-7.5097834725164132
-0.3695232878482768
-3.1101872119570380
3.2663605681523360
-0.7681063175442059
-0.1907387907716440
-3.0450660489490740
-2.3946759537214950
-2.9988449756493614
-3.5820324970059563
-5.9841113954919480
-1.3988077045989333
-11.4458942143304441
1.2908584386719479
-0.1980935195499061
-2.7029477464075664
-3.9819888994642749
-3.2062809007714730
-4.2774617472066572
-1.2888394969525787
-4.4924952107055072
-2.4751604747568399
2.1282548562915538
0.6063712285886702
-2.5308909286393551
0.5523786372172249
-2.7213763756211558
1.1174023026911546
-4.3727256254713591
0.8356962596974493
-0.4149266802042461
0.1819229785915860
0.8345522648512290
-4.9904469153047035
1.3514677429204329
0.2437325504906911
-1.3073986692872339
1.6501118709485081
-0.2314316152091322
-7.6340620601967544
-0.7858285552354840
-0.9351923597047714
-1.9912945090223000
2.4011188965888941
-0.6933162816970272
-6.7585616126856349
-1.0424730224099892
-3.7305265927731877
4.6316949668943508
2.7756403419485896
-3.8779585402728691
-1.8634586246032647
-1.8272261219824835
-3.8838435780315956
2.4748235337486548
-3.8131070998221959
-2.5401139931324717
-0.6831285626408308
-3.5125556932932707
-1.7266828207551903
3.0429852193015114
4.0083519118430475
-2.1000923004614349
-4.6577998395043734
-5.2357098568232425
-1.9004592121370800
0.7595769627258109
-3.2111161950144838
1.9322248739144043
-2.2003387756075732
8.0079695206472614
-0.1582011811251711
2.9915479642785305
-2.2005102342924494
-2.2912116668009039
-4.4093653207870833
-0.2361660048548366
-2.4571460857290779
-0.0885646589510717
-3.4333888877521677
-1.5274644297147864
-0.1621266465655125
0.9998681258707366
4.2885901770993717
6.3623918252922040
0.1890046973019633
-0.2470420565555201
-1.5091182926328133
0.5312954131545135
-1.1896853789084652
-4.5945135462897877
-2.2731194733199160
0.7524407524529662
-0.5380241561970834
2.2077317463095887
6.2602786385128706
3.2902966095259982
-1.8965546883827655
-2.8238231257794815
0.4042826962098066
2.6686205604368047
-1.2542464447995763
2.2654702304538983
0.2079585688514352
-1.3444750211475833
-0.3266335063964049
-0.1042136791958294
-0.1011863358682528
-0.7837069337320507
0.1914090556293972
-4.3040517050654632
-3.3879365309088212
-4.6526609633751272
-2.8222039768742055
-3.7601350696841864
-2.2467181116670512
-3.8493595394178866
-0.6269606054553475
-6.0184918609705615
-0.2050507489440283
-1.2911176379133027
0.5372496411092864
-1.1565912465070998
-0.8237904073572798
-0.2802292062976591
0.8351458572680310
-4.5043782040098783
-1.7714935093963682
-1.8552719082064160
-1.6300966486539732
-0.8913239080229797
-2.7107132964457374
-3.6524623221006220
0.5253816333690060
-3.5262352669552746
4.0269926099634050
1.4042138514931015
-4.1008096213503160
-0.3901613690677012
-0.2015023712706615
-2.0885852016823425
-1.2765522987297078
2.7868072741181837
0.4695813294526274
0.0365609366684852
-3.5968228136771723
0.1460147389440958
-5.2749535404911381
-0.9536804473784588
-2.9239807507155677
-2.4808269077427672
-0.1917728271991649
0.7869522783794412
-5.9349628535619185
1.8821630986303957
-4.4943912526889394
0.2105827142859396
-4.3095445084860140
-4.5002844122181935
-3.4194482603611074
-1.3669297852078688
1.9730764316331619
-3.2044531450683080
-2.3422313213012012
-6.1841776686867247
2.7066782550365818
-2.8866921455156720
-3.8925615227810839
-0.7110754897715893
-5.3734936564994005
-4.9690519625021725
-3.3814481209999387
-3.0330769203062045
1.6615320689656154
0.4787689254530867
1.5257521567336230
0.9594332152145107
1.0454709774661013
-3.9393214758856590
-0.1055951973507255
-1.8025210736936070
-2.0934912413447453
-1.5422642776849007
-4.0019215125924612
-2.4834086803791133
0.3133799109973407
-1.8782778431747202
1.2468749713174645
-3.5977973507225709
-5.2546206446554429
8.1618468011592409
-5.0048759307587272
-4.3709448817240055
-0.1792283851494722
-6.5194205568441301
-2.3472266022656623
-2.3373475573395441
0.2468353100311184
-1.5830331615185076
-3.8543921459003436
6.5204868374245155
-0.2335513746048797
0.4281045169799833
-1.4968573909501053
0.2649612664594978
4.3258329593986362
-4.1054382504653022
-0.1919622719109473
-1.9526319371195358
7.8102040864289091
-3.9922713343199674
-4.2437407143484513
1.8588061333340218
3.0813927063184128
-2.8175794554125617
-1.0036761151344442
-4.4598713414394933
-3.7142279281818311
4.1399609772005173
-0.2489126250190058
6.6769503020227665
0.6778463353618325
-5.5652225738511172
-2.6131735020321143
-4.9130395896173367
1.2525281682691110
5.4796057060475611
-2.1921571245871272
3.7703434955616624
-5.6741152371671069
-0.2452696221477059
-3.1513607023556198
-5.6591310941443353
-1.7252606488593576
-0.0129819135370095
-0.7440753846351631
-0.4855580079546956
-2.0668118864764806
5.2453078963139239
-1.4726493981217674
-2.6961525715570041
-3.2743375202253628
0.3097227585629081
-2.2347737609848091
-1.7858110456097909
-3.7974929994263236
0.8134086645846070
0.1628030884661893
0.6794608028089790
0.1651348534577033
-0.0903588552285417
0.8145970820832878
2.4987551162304551
-0.6413933920984426
-1.1163588921802368
-2.0181157600631745
-5.7908567646112479
-3.5840192276872331
-2.4901420708118041
-2.6621427427773741
-0.7134914339525059
1.3364218237295820
-0.6929276851114601
-1.9421071707679469
-3.5323216782692368
-1.7290167714683204
2.4385416133143973
-2.3004371440403837
-3.3611510274614367
-1.3154219805740186
2.9570359332133616
-0.4452423853460626
-0.8035442711484810
-1.0026102077062513
0.1831066552160294
-0.5229991161651130
-3.8678727040920822
4.6684984719767746
-1.4868404375941455
-1.4783761099409203
0.5277237665094259
0.1876204227925103
-1.1203949647083493
-2.6789024979247364
-0.7593672738964073
2.4071327302955177
0.0641613336036813
1.8503193683240424
-1.1909939134005985
1.0930003884922597
0.1215140166503800
-3.6484529335326248
-0.4223489636498056
-3.1463383035203161
-5.8214849514131295
-0.8230681123399468
-3.6842009910639542
-2.5631788532947546
-0.0800713679200382
-1.1059126832343695
0.0569435097741613
-1.1368140268738198
-0.0653597877232007
-0.3109319748164815
1.0140618751701207
-2.3271255452809991
3.2022463093297810
-0.3259490496446629
0.0091957891281295
-0.8902585939713462
