0.8815350831267202
0.3930778961258279
1.0513243656749494
1.0220688018665363
0.2955980235179366
1.0888987253340432
0.3696095698676806
0.8318393885122117
1.0930216829976798
1.0829362849764008
1.0746612159279469
1.0604447854542995
0.2810115969138309
1.0824520035688734
0.8776942987103159
1.0952682808407657
1.0791954207674948
0.3619851592905789
1.0956595213673581
1.0909792824945765
0.6338654795436036
1.0742994509766481
1.0917401378885614
1.0926620259865865
1.0487320089630794
1.0908110676063167
1.0970200503328316
0.9341299048497502
0.5143674213239458
1.0893458271923806
1.0762853530158725
1.0927481959079346
1.0301143785758669
1.0094920997419108
0.9040116036025985
1.0816870072065690
1.0025625803611440
1.0935848562694590
1.0772028199492916
1.0065620238508555
1.0652760935607348
1.0838280310008253
1.0671332958305302
1.0975832134152177
1.0658876932426686
1.0083639344064261
1.0714962453889207
0.8221382780943174
1.0960158783717719
1.0559542694143886
1.0731854772045761
1.0965866640391571
1.0650272426902216
0.6699162240138067
1.0792265198760531
1.0773261448776863
1.0843767754302200
1.0855558320718008
1.0889040532937988
1.0884305258755087
0.2812031464908623
1.0940971327192872
0.9580754034402486
1.0346934545274900
0.3536836166740424
1.0965643585459315
1.0897964419099195
1.0955052377004075
1.0826340274489885
0.9281739865754964
1.0939753231133278
1.0868441525113246
1.0764240342656206
1.0971347738606245
1.0359480856882051
1.0490414138179243
1.0928395461028053
1.0640320051156276
0.4715837332772500
1.0949204706977123
1.0789696519358212
0.8445618881530926
1.0894598372634769
0.7168060585594951
1.0973492544821584
1.0852586711597327
1.0561277626724079
1.0246327058902815
1.0081613251582586
1.0917129165287796
1.0956991234752675
0.5011084422422796
1.0849602434230605
1.0929277664081385
1.0966368348384659
1.0893585368413323
0.7256022277621710
1.0599509073438718
1.0612694038914192
1.0722812627130869
0.3974481560448423
1.0652070888908463
1.0750158251637913
1.0818802779260925
1.0975800631910704
1.0720984416197887
1.0445054383992454
1.0946111033443224
1.0978289205933041
1.0961103442312532
1.0566422652913785
1.0677113151748190
1.0978927980016611
1.0040931586101554
1.0978839243021565
0.9538077199842729
1.0865979769533698
1.0542696398118068
1.0811199507359586
0.9216020453008053
0.8995053801427532
0.9071352159350827
1.0954871910108093
0.8593731436320799
0.3344824368953083
1.0704899936268928
1.0979894715381076
1.0764938187773698
1.0792481331983015
1.0609686463410255
1.0752819472317936
1.0870348989523708
1.0815000228521470
0.9782265788468130
0.9003814053379260
1.0305807153243280
1.0853870012076379
0.8238536378361068
1.0786074907131951
0.9466942803643722
1.0757263657710263
1.0909492582013418
1.0743194916245773
1.0781452336633108
1.0937198300184836
0.9449682150158463
1.0824959321610104
0.5594298064304715
1.0543188725276675
1.0750903538637819
1.0888687314232834
0.8373009408712937
1.0905597143908576
1.0299052287391413
1.0899079491339350
1.0942651714700318
1.0947439148921752
1.0821160427283412
1.0838932073402101
1.0871085154423148
0.8553601545747078
0.9927618142142436
0.8899355428710567
1.0680173873360652
1.0845682343184415
1.0957824799300766
0.2808489220903808
1.0595180975297274
1.0847689069904833
1.0724964217402919
1.0910397866584318
0.9084203251043813
1.0957524008913957
1.0955060963389436
1.0712729095847826
1.0494388714568723
0.6075656396418003
1.0439575733021351
0.9373970560878323
1.0644718777167648
0.8604769272371363
1.0893775197942308
1.0762355788443168
0.6599371250997674
1.0876897798161602
1.0944090340076622
1.0943690127022021
1.0924025502158119
1.0890462344041629
0.6079759715793359
1.0919367526121277
1.0040930434921183
1.0672234527873894
1.0910001196888404
0.8893620764736835
1.0964129745544726
0.8489879964161990
0.9998956299336732
1.0700458795817476
0.9504705292318314
1.0898193333815829
1.0733366883879889
1.0814502246291617
1.0941713857076676
0.5097002593863662
0.9222532987275490
1.0541284567987355
1.0925416615471470
1.0248569453934699
1.0708977294428803
0.3100080215127463
1.0951235479079136
1.0930242821079914
0.7509131532845518
1.0736567394399830
1.0970963005478525
1.0759504649799776
0.9592979024593535
0.9005435846110683
0.8942315275248520
1.0500181017920143
1.0954883645512390
1.0902059114589644
0.2983337198409844
1.0664803374467213
1.0980426031287791
1.0531634359290816
1.0605867823627442
0.3254121540722238
0.9801483899739818
0.8903083182970976
1.0689137146371321
0.9191696952688806
1.0967725933276751
1.0552142139099501
1.0928849011872896
1.0813861595879750
1.0938695467263913
1.0467967396969309
0.3160880101052197
1.0965365983085913
1.0727000297328715
1.0579635333481721
1.0575178568705099
0.3940630925082413
1.0948499794342443
1.0667524671103954
0.8324384186442528
1.0353155695167602
1.0700537333095432
1.0935227758814909
1.0065840655429794
1.0940493090793919
1.0836375219267032
1.0844441948012797
1.0834768436608833
0.5254535142267855
0.6783954047547380
1.0938719576313578
1.0729447944140289
1.0941465152042011
1.0242993463038366
0.8396679984395404
1.0965182563476950
1.0932843270136505
0.7678214067905894
1.0938015809772774
0.8686244217467841
1.0301838080041505
1.0985336558447647
1.0945936287870899
1.0793907010346282
1.0144580844517170
0.3302345013978695
1.0979356243316625
1.0883679590743522
1.0932636708494232
1.0875105089723134
1.0850811281146642
1.0977396330546030
1.0564086672851367
0.9272987287611194
1.0837380469995186
1.0919607867970331
1.0459002557911345
1.0940091161137859
1.0769032768650864
1.0796884012571657
0.7663636569455708
0.3975905384627477
1.0253485450407696
1.0977938531482136
1.0949703309003034
0.2967796245106733
0.5004152031061284
1.0942670831311676
1.0257424963842476
1.0628511009795658
0.2894776080967457
0.3989555076133064
1.0306689470097667
1.0862345766355115
1.0596369859327686
1.0931398966300609
1.0856472625277522
1.0904581360753700
1.0892584338581608
1.0372798913677841
1.0967552917999155
0.2810362781935383
1.0739218944213906
0.4020209360362550
1.0624512852764534
0.9815526458757541
1.0991360856862604
1.0711023784456295
1.0874055809340748
1.0924859927573303
0.8682418538038619
1.0746054336141908
1.0410232939985573
0.8058286640110265
1.0956150672230101
1.0683319813684509
1.0410628258476422
1.0922387188595755
1.0948771705610496
1.0794519083683833
1.0826303385437746
1.0800925047997221
1.0491997683431831
1.0900314204858490
1.0979769203215448
0.4407930806140294
1.0715574549233351
1.0828409240387082
1.0890697537682386
1.0596796261930339
1.0676572079915940
0.3879395580901265
0.9785476567282110
1.0182750666508009
1.0926606254704079
1.0848951915211660
0.3853777663519479
1.0967684474877861
1.0948326811096873
1.0976878813304640
1.0761928355124413
1.0981092847894076
1.0836861810110865
0.8364881218518919
0.9385235184745306
1.0884089366657486
1.0306094826913266
0.7764472794441462
1.0934266958536645
0.2858064666037228
1.0965241214934838
1.0670854771506328
1.0127259575357703
1.0687519839084787
1.0292142271324998
1.0989856820171304
1.0584220989948061
1.0887700839382750
1.0931676736938354
1.0799576684032632
0.3648377247843223
1.0907885480274746
0.8810338916198220
1.0892941259362967
1.0957813868062498
1.0402872688636837
1.0897821486753070
1.0791741559110930
1.0805351544034298
1.0060689073529039
0.8661761920692632
1.0936451799218694
1.0878801119638626
0.7474289065746089
1.0946512172319300
0.4773420867383758
1.0981293907953942
0.9650825759466799
1.0634049017917047
1.0933576226006581
1.0052713294781819
1.0914174400087762
1.0866284471098944
1.0943078934871460
1.0530929397660058
1.0908186053914901
0.2823712059170371
0.6178157947310252
1.0927648160331165
0.8053730210629595
1.0279325494043368
1.0637217767484684
1.0932828555166523
1.0910191430402996
1.0749322425533754
0.7399889262229642
1.0777887261580545
1.0261068205907105
1.0242639611876470
1.0807602570280546
0.9996309022377919
1.0980538907066151
0.8609218577186942
1.0695457581455319
1.0730587340433306
1.0789249958612841
1.0895714365363680
1.0613661154766394
1.0973859873615524
0.6892605567897495
0.3065711992393551
1.0865999320603186
1.0941616512422176
1.0929680074561201
1.0580794752717322
1.0097733451343440
1.0666278005962930
1.0722910655372337
1.0979224885561938
0.3046497179736292
1.0033826919466498
1.0977300174833107
0.8664419810244359
1.0848413474950500
1.0965884297077524
0.3035157932654268
1.0974105051129075
1.0922272347257183
0.9812640864224070
0.7278651822177614
0.9771478151385720
1.0457720360317364
1.0954778901139799
0.9705611069993983
1.0911103181616444
1.0936011033015085
1.0860306884595401
1.0860353740392701
1.0968999356994591
1.0973867269852040
1.0892660269299070
0.9971369728787648
1.0640091327742145
1.0831240368175417
0.2808605750508590
1.0557844983880178
0.8836584887489609
0.2959441873214588
1.0571316783333675
1.0609415810354903
1.0892244748349138
1.0826101735204503
0.9750691073732382
1.0974681507661284
1.0923333392409558
1.0959944778730737
1.0440073382814254
0.9317761615840892
1.0787433827363497
0.9054960961650443
1.0955360570938584
1.0880554262422313
1.0835800322365969
1.0179534451698835
1.0663795492705601
1.0950291726427264
1.0042738897388570
1.0977856773370298
1.0941568908236932
0.3983285941038730
0.8518794879410363
1.0335703737963047
1.0809917692136548
1.0407097888278858
1.0838031182267986
1.0981791693852982
1.0779150935291859
1.0902233961623569
1.0964134171609152
1.0292480210218851
0.9317548715281508
1.0160751157838563
1.0911671450777405
0.5637434508615256
1.0961099100977807
1.0545706045688197
0.9335856931241456
1.0821827941319011
1.0944105704469103
1.0952012186907130
1.0815729166594439
0.9918468728347860
1.0800186704801609
1.0957297100015659
1.0098415593765997
0.5607254881845560
1.0660478106249902
1.0866698718939753
0.3956683776631915
1.0853417064325899
1.0840989131149483
0.7509489896851935
1.0869338651556297
1.0271558326697650
1.0860115855131667
1.0495375255841028
1.0916776096308176
0.9535161376151298
0.9701458645512946
1.0871862741000442
1.0901555424556220
1.0640879519307826
1.0931236297418030
1.0934399069396621
1.0824465676870110
0.2813025649292066
1.0946906443826554
0.2931960496271399
0.5543865049080664
1.0967269421991970
1.0990242690946672
1.0885896802186918
1.0910520336891039
1.0637120951711603
1.0876825259326333
1.0405980382067348
1.0666257590464410
1.0674107193364755
1.0840911601804768
0.6037258573899756
1.0894687577903790
0.3065439982177654
1.0855611811771211
1.0900952218400088
0.9919242934323821
0.3666648585209684
0.4205555822407246
1.0960611632337292
1.0862135870077989
1.0940098115668691
1.0859651681614522
1.0587244155593483
1.0899293748409087
1.0470107351502005
1.0877179875099092
1.0755098107283769
1.0979055906570472
0.9751058686445065
1.0777406578100119
1.0662140615521396
0.6917828866029151
1.0313506685070348
1.0116933335226055
0.7799652985788692
1.0401102097004911
1.0279320378187768
1.0891839914365877
1.0918046298765096
1.0616221472769751
1.0896560186446971
1.0214322984662108
0.9241006333813662
1.0951467154368142
1.0805012233389348
1.0883315403116580
1.0146308041406820
1.0489225290583291
1.0986791312380471
0.7085286641398510
1.0942915749409374
1.0942217614061558
1.0912516944745916
0.6343402647791515
0.8871263048638309
1.0648730954660761
1.0830396079598021
1.0671052625540429
1.0498454329470166
1.0973862063887636
0.9689459650191217
1.0971125975046534
1.0339599363255518
0.9671511244610003
1.0948951839566929
1.0602233719633396
1.0942504477655719
1.0786821150713852
1.0926941680347495
0.9841046243723001
1.0556312248481512
1.0414125838067556
1.0933018056140174
1.0696063341767101
1.0936523204773034
1.0946930180895735
0.9863482559403567
1.0912639594053903
1.0825812955480560
1.0969641923595783
0.8597205662486790
0.3339299143649522
0.3082421515978501
0.9773783285412199
1.0746259285302828
1.0876408408211953
1.0223017934711531
1.0987748431928519
0.9066784008381328
1.0977216632534972
1.0874093654586063
1.0962843817431129
0.6477800205162929
1.0932172480552134
1.0768665704404250
1.0708755280960918
1.0840447830526523
1.0958473111224527
0.7497147538288421
1.0931380368209720
0.9383547118790907
0.9904589988843715
0.9582098685319244
1.0119374407499802
0.4295687357611008
1.0868126378230183
1.0979798907328395
1.0115219903106574
1.0872430302791212
1.0526742635233828
1.0980307188136829
1.0581518532340359
1.0378537685956470
0.9111519225738937
1.0831160550295662
1.0965320735634605
1.0839060321944707
0.6500835698438753
0.9632863842542591
1.0780471983275350
1.0938308046450884
1.0867262428319659
0.5392799241248968
0.3071901492173966
1.0849534299530021
0.9793309817965109
0.9984788998194475
1.0690075618852926
1.0848863297864075
1.0724214523434095
0.6143743473897115
1.0814939970790514
1.0286676416306550
0.6830051265463647
1.0849144723800266
1.0768347257606814
1.0887850839231468
1.0569463722024401
1.0982467027992926
1.0496424507993365
1.0414049520976609
1.0873495644974074
1.0875355475078570
1.0806721184667096
1.0927661413743930
1.0882541785592326
1.0856800400883475
0.9011591654294580
1.0929913154402793
1.0869241650055459
0.9116782587354747
1.0934688720504124
0.9281417375752420
1.0972803828256734
1.0668604853129875
1.0917415217555775
1.0969770381663091
1.0308389636776669
1.0828796452796088
1.0457582340558051
0.9689997875599655
0.8431492304036317
1.0960592513419500
1.0569537231114705
1.0935874125050340
1.0246419384216541
1.0841758956588923
1.0898096606789771
1.0663974710971331
1.0914870877545182
1.0812686217023326
1.0903453381228678
1.0911304733839020
1.0697318423677566
1.0937314307228958
1.0921826325679136
1.0927105796398719
1.0873314165286903
1.0915034121529612
0.8037650735936833
1.0901693563132149
1.0974297687212897
1.0946655339808908
1.0679430479887433
1.0048423578847658
1.0259340867454838
1.0853732955417383
1.0786081923473434
1.0704805588102972
1.0377007976885277
0.3981755300936800
0.3088036459192139
1.0587976730443447
1.0952302954631874
1.0983083556299538
1.0982591568607789
1.0773733888698063
1.0823424582336192
1.0967709988967858
1.0824166766965106
1.0797163941041921
1.0876277229496476
1.0927090455651132
1.0732495241849376
1.0679060158037004
1.0721286374734798
1.0871203287122861
1.0816677512437205
1.0950981676037801
1.0883463634676620
1.0548934238771985
0.6933993081822497
1.0912271002833445
0.7902360529400613
1.0814478283520474
1.0379133801222402
0.8211955971849927
0.8209516528512711
0.9869452979807265
1.0161194885564901
0.9884230910171036
0.5257828792679006
0.8621500097736668
1.0982567290402674
1.0980427627234999
1.0500989056834940
1.0983360328955871
1.0607338620932234
1.0248752020585847
0.7398366062864992
1.0891325707963293
1.0292205362386559
1.0891309955224882
1.0966337464611120
1.0948816401588204
1.0919948575934999
1.0774371905572078
1.0878804115974936
1.0845471050041144
1.0967246863237028
1.0920732416216039
1.0941387146179389
1.0602138356829092
1.0893826087202951
1.0970954168689870
0.9280183906389036
0.5916130830339493
1.0538072475454148
1.0042520431019024
1.0675205298354629
1.0851847550126590
1.0426439665253364
1.0668377140104133
1.0953433621926889
0.8177304782486322
1.0796373645107631
0.5040863147201017
0.2819625460483630
1.0782511716991763
1.0819082019345703
1.0811380202378846
1.0024062940049911
1.0923218538857198
1.0941903336360417
0.5782088111178061
1.0944996309115946
1.0775838542072824
1.0830517001217050
1.0910371062312418
1.0899682110723155
1.0917994459751399
1.0921412600799938
1.0783857636307717
1.0671132327178621
1.0901555898092550
1.0984606214587633
1.0845468271526004
1.0801628789538644
1.0809301191832921
0.8338703862001222
1.0953357777131327
0.8086243994829974
1.0771547438009734
1.0966034652170145
1.0795325043864283
0.8513534268676742
0.9782038202891432
0.3374911224612709
1.0693010208147828
1.0932655063028616
1.0562728947214213
1.0197991157062960
1.0922235404968574
1.0870748499221945
0.4234728090630066
1.0604358813638421
0.9104869250378972
1.0933238954683466
1.0937744546176320
1.0931393431202026
1.0763558948285201
1.0042067965671371
1.0767291374359262
0.4192594121622538
0.7270817233863812
1.0914003929135456
0.8638231291390492
1.0980320298655757
1.0911071950832767
1.0857548828021717
0.9710819701102643
1.0827925803421796
1.0949296137023550
1.0908073350248930
1.0189602693968738
0.9425978602279339
1.0689328767277007
1.0963595431244766
0.8907028515085946
1.0061636469979680
1.0801315032846448
1.0619682103967987
1.0958367984062993
1.0971128558064147
1.0978948329308793
1.0965741683492607
0.7832637178266163
0.7959974023347767
1.0629776284811536
1.0922451876764634
1.0953387887318675
1.0739680524030226
0.6865377006534775
0.3977237400027179
1.0872186624276534
1.0963601586402778
1.0948253540525488
1.0517055963021607
0.5280436746686292
1.0812983635234754
1.0902879203196563
1.0948976753435105
1.0776515407970682
1.0664849151956719
1.0901190305620141
1.0914121018238117
1.0907928225020886
1.0387354581824659
0.3745558305503051
1.0951900465426898
1.0713843828520604
1.0930767055197776
1.0667502457480855
0.9541362746440905
1.0701722847836159
1.0241792999994597
0.9531013149304662
1.0859964244637319
1.0814435520924264
1.0951386163967272
1.0924094013101286
1.0898465500093075
0.9625678234154121
1.0977169196871137
1.0439075053339051
1.0843613130072973
0.9460288781572674
1.0859119789483569
1.0617161160179689
1.0925900491145732
1.0073599035330534
1.0941988431063423
1.0978521023483230
1.0882190611763578
1.0614992801978629
1.0934112509050247
1.0884491999242718
1.0778052055616203
0.8408087720382552
1.0255553716226860
0.8501871337909328
0.7645804712187630
0.9857221551139325
1.0986468977617283
0.4862662204169058
0.4026257514032667
1.0680977914006258
1.0935178290385636
1.0395403489573569
1.0832798587297574
0.8924242195684000
1.0876994416752039
1.0846614377783386
1.0903803783632486
0.8511032914694560
1.0952927191754704
0.7289430280620322
1.0891470352719770
1.0906247247915786
1.0335514902896068
1.0887522870871844
1.0068463055415571
1.0954513460883222
1.0915813886349348
1.0983428136139455
0.9777082050094340
0.5417760443121568
1.0970671951389865
1.0496433058501020
1.0964144847200672
1.0860218257236929
1.0348549317613893
1.0983407641562961
1.0131201888789798
1.0901743696682875
0.9889768326494451
1.0807642173651979
1.0917837357575422
1.0677599592895437
0.8819448448529302
0.8640705198700706
1.0641713344530548
1.0878172501285754
1.0920227195682972
1.0836668626658366
1.0844381297666073
1.0963720108063260
1.0946670111805266
1.0469080240955488
1.0260514825515212
1.0925682234594063
1.0969063801294463
1.0458632496876812
0.8505150575616032
1.0841395004622219
1.0559851493350760
0.9847649636615987
1.0680538738096839
0.8156302648282803
1.0970958801911044
1.0966984254772554
0.6965627892790508
1.0297439184042916
1.0978175357033053
1.0868723187771303
1.0244739076522962
1.0945921709641089
0.9579650540895700
1.0954386834926810
0.2878338915679316
0.5127598881246445
1.0876512345070726
1.0728614636359024
1.0893360477191985
0.7576988918090942
1.0891532840871512
0.9367658804875220
1.0978557885543914
0.9247336342836371
1.0545925863616772
1.0874951041403274
1.0823667963185566
1.0906854798675620
1.0922411430350467
1.0788812502247609
0.8364578925523133
1.0910803438233470
1.0765546256098479
1.0842395140571628
1.0967798580041457
0.8837770413565054
1.0724959725591934
1.0272861860768001
