-3.1866134692814541
-1.3616218885243736
3.7524585256169196
-2.3749263576749295
0.9550465596106552
-1.6346467162119633
-1.5793033117640516
1.2349970672749362
-0.7627987646486764
-9.5715211173691745
-2.5042695998713072
-4.4226659229964138
-0.0729661507028646
-4.7307282600291192
4.7985488327092520
-3.8551571987565691
-0.8327860489272851
-0.9379841967252278
1.6080066239751654
-2.2188984579623865
-4.4462077997554799
-4.0068362603612497
0.2276423243602955
3.7509402591399033
1.1484053913507768
-0.1108435763216205
-4.2863556835334133
0.2034483897210085
-2.5265756080710675
-1.9058323541770972
-0.5640445243111842
-6.7161728852398364
0.0840141359968179
-1.4021560703264717
-3.4946584968844174
-0.3016873353244139
-1.1571000881388316
5.2216333546319831
-2.2360052140734443
-1.0184833372636559
-4.2262098760433675
3.2324048716608402
-0.3315036429805601
-1.4853852270973240
-1.3146012660571089
-1.8044832215339486
-2.3609874600335146
3.8280138363768037
-2.3331486684950660
0.1874412711587609
-1.8753372064076959
0.2783596155644412
-0.0233594538470445
-0.1119781816465751
0.3061594164693400
-2.0321480173016226
0.0789740910409674
-0.4545384452371528
-2.7228689816998362
3.6319923987572320
6.1166555337816853
-2.3742919459983542
-3.1285718269454197
3.6817736554092275
-3.1287824698212523
-0.8018522417596042
-3.2053303853023603
0.3076610633664893
-0.7955016876037885
3.0190858968116832
-5.0695760747191168
-2.5132072558833300
-2.0477456455781957
0.0128235844791373
-4.7492900099983579
-0.8646298658377587
7.9900421338572283
5.1568314262722588
-0.8339433259538813
-0.2465433205494938
-4.2370801456146374
-4.2103927998435742
-0.8239989059004964
-3.2628418614641803
-3.5331136763465114
-1.2023138217294207
0.2634393803183283
-1.7900406280316941
-2.0560485531124422
-0.6743161973850075
-3.7808638893043200
-3.3460489859385318
3.5774874221202815
1.5250612755529500
-2.3669790071856860
-4.4172288328553524
-0.0657492174074538
1.7222089473994078
-3.5226929796070250
-0.8644753458960044
-2.8000251966259264
-1.1199941144664203
-0.6309441233178783
-7.6881276907705791
-3.0866594314495357
1.8032272084794023
-1.9731126026811616
-2.7952932243358890
0.0273599429879601
-5.3102974531529750
-2.0352037329516444
-0.1142012189354646
-0.5027385373148737
-4.3962544730683657
-1.6446505769504411
-2.9113024852271945
0.3958704658937242
0.3729059983718434
-1.9435513406783202
-1.7910983251005355
3.8797438928432579
-1.2560830292062186
-0.4988512908272607
0.3334490882821060
-0.8096183960004841
-2.6554777900954667
-2.4456528424894244
-2.0108509247632260
3.2358940873753776
-0.7674732030535975
-0.6323824763434280
-1.9093380893454688
-0.4372436537844185
0.6353426700989622
-1.1856484618461398
-1.2083650609824013
-1.8437065364899550
-2.7453536077389482
0.2718078043049202
-1.4148165243861048
-0.9546420644448150
-0.6335732871793733
-5.5899886171220299
-2.2334594958585074
-5.1989997943483939
-4.6061486868276997
-3.0145647556940474
-4.2424278551388044
0.1633848116192788
1.3441998186973352
4.3660326200697437
0.3720447740934465
-6.3094459381873129
-4.2329154637457842
-0.3875294869153277
-5.8180350339553044
-2.8587421565969326
-4.4655614032151307
-5.2650901618460475
-7.4647322020565845
-2.1622776615035670
-4.4466817294649905
-2.3644131357010876
1.5225840188904340
-3.8573599666831244
-1.0213094467436945
-6.6622165380010951
-2.5694575361458707
-8.5071319727829522
-0.8765981432945091
-0.0349546447326006
0.5206072123320069
-4.8507839856990405
-2.9421374949401851
-0.5757040399113508
-3.3653644265354408
0.3154938340583681
2.9443259024482802
-2.7366446975638916
-1.5516064163123169
6.6066666647713674
-0.8729238887930686
-3.3411275231667550
-5.3014796369035890
-0.0881714344078502
2.9662625147682902
-4.9492205163124909
-2.1151261436730788
-5.2588451310051356
-1.4423253754853678
-2.5992973084571367
3.6296783992618185
0.6638766333528580
-2.3374752896260924
-0.3759195043494609
-0.2508745314554786
-0.1159496558761677
-0.0783044591456747
-4.5149738932486212
7.1513021232451042
-0.9650010997685338
1.0917233511766977
1.2865309177821769
-0.3729442691904891
0.3383703894144832
-1.6090249442011788
-3.0698588158926112
-3.9184797502856372
-2.6988875928632887
-5.2376699118502783
-4.5642840764854418
0.7945098407033686
3.3667692677716037
0.4432574924975193
-3.3151740455308025
4.2733891189160822
2.9721980270740382
-4.6439935434461352
-2.9801400570055754
0.7654483889199739
-0.2411620066556939
-0.1360332552513945
-4.4626368970764210
-3.4290655694057346
-4.4356650351861360
0.4637429952891693
-0.0593080343176150
-1.1670579420748157
0.9338250005908578
-5.3024897513137326
-0.5432401340676928
-2.4817724491342879
0.2590550029332475
3.3124079936321751
0.3958541798621403
0.4454154990005305
0.4897993106096828
-2.0708807027953116
-2.4545814514873254
-1.6937434781423288
-5.2036089556515899
-1.5843564294677352
1.5389849646349765
-5.8004925147253328
2.1830743584791730
-1.7581047737898083
3.9863643703427831
-1.6203205012963886
2.6091009950585651
-1.8624225476922311
-4.9890492677346936
-1.5238053150827560
-1.6006178633756074
-1.6186210337940508
3.2603213452002007
-0.0206396995634284
-4.4904904648045543
-5.6607906226999454
-2.4182431621764677
-6.8651776958235864
0.4615629310097977
5.4406122115458473
-1.5819259693849128
-6.7993654561473269
-3.0626000050527433
0.2669696741047318
3.1481662711793419
-0.4065260025186821
-2.3697228143466829
-4.2122536810983435
3.2871605142587828
-0.1828119467185817
3.7646544545034364
-4.3543531484469034
2.6737415123680530
4.8160477883039636
2.0995204197889583
-1.8537894513806159
1.9083089117320433
-2.1350520947375298
-0.1118843503020483
-3.1396814970955997
-6.8724942211070701
-4.1606684348714591
-2.1245756057638219
0.0924953253588769
-4.2481255774686719
-2.3003541146434476
0.5344293082577353
-1.8672679018120240
1.5518191311878735
-0.7291765638441451
-4.8427879866406220
-0.3225339803574578
-8.8555756261278109
-11.4525590365692960
-0.3357019715288491
-0.7779100398029181
-5.8250958122865555
-6.2706647075743200
-2.4236777783417489
2.4927430235109207
-0.9989243640401707
-2.0701158159157504
3.8448577278560743
-2.6144377099772131
-2.6128025660366387
-2.2762423273057104
3.0394066890290801
4.6803636652297138
1.6653609690579820
0.1474055280729952
-3.2367854954071262
-3.1987632095670304
-0.8366362128108173
-0.1796992349797754
-2.0318590055425236
-0.3297721876553003
-0.7069087501571494
0.0591957254570346
-5.5910350356832961
-4.6884327914924953
-3.0038900962239374
-2.8259124353963747
0.0740399119080363
-1.0108265494330158
-0.8812926740106559
0.4843543821978989
-4.7443677535821145
-1.1552409709782190
0.0710901515415300
-4.2658100419509548
-2.1475967807290877
-1.0698611080412512
0.1065999793240257
-0.7672053861163464
-2.4173932938203850
6.5469613188599745
-6.4375629979206463
0.9427354985182659
0.2064247297135473
-0.6061605314668561
-6.1981966883756936
-0.1732063547132443
-3.4669509367430993
-3.4124776585484180
3.1034553398175664
-6.5352346480923789
6.8249443666067648
0.7110414349602862
-0.5505780919973406
-0.8227726215154163
-0.2102472146239635
4.7558228251773809
-1.5709043168427046
-2.5028576704669012
-0.8909487668417987
1.8186787913757185
-0.1425016325782908
-4.6021665486685537
-0.4682434389818069
-4.2399819346333985
2.6480600747235794
-0.6997139918684265
-2.7400148092540522
-3.1753387867661029
-1.1619549469923944
-0.6002782682720281
-2.1495824251528233
-0.3197049615556421
0.2335350583041843
-1.5016898840023973
-2.0243450954121180
2.6001440626661676
-2.4594120226032210
-1.9501366765383681
-0.9992785358630530
0.1057793240829299
-0.8123985937174860
-2.7329299535539375
-5.2187752085495056
-3.0171810138197515
-5.4584743456944551
-6.2395206806685373
-1.4702688382905822
1.5863253940145015
-0.9921384667900566
-1.9600874689346444
5.4188975624301410
-2.0395439618400251
-3.9988487010573182
-2.5960578736394537
-1.3706595813122056
-0.1692486934327944
-0.4506232121523390
-2.2735344320860804
-1.8689348133494157
1.0884991376578923
-2.7735710135241756
-1.5368895048257838
-2.4017315717294068
-4.4506690245637444
-2.7899263145926207
-1.6989545789228520
-3.0022270211216133
0.4435998919068264
-2.0463299298166304
-2.4911797945075618
2.9725356827195966
-5.7900454579467304
-3.8733132894188218
-1.4636194592266691
-2.1687445279019464
3.8457955834281048
-1.6932070590241606
-4.3919364071039890
-2.0478245783365074
-3.9175266633521395
0.4188830624091678
-3.2047739853648354
0.0761261540909001
-0.6282090784442307
-1.9372238034181721
-3.8750446613867635
-1.8405106735983114
-3.5802096239841368
2.4699865376911023
-2.8434871038906184
-2.5524719009741523
3.0239326148151524
-2.0570271492153398
-1.6289334052348581
-4.2982698690057299
-0.9312805515733280
-2.3760822273205786
1.4501809900448719
2.8548298449627891
-0.1079528430884897
-2.6458501586539209
5.6228314137235778
-0.3381472001207927
0.0511455168369198
2.6195853521752617
-1.1550822950810071
-0.1804533094643976
-4.1280389785944713
-8.6690011820073831
-5.4732740550251613
5.1722305216199231
-0.0872107477714454
-4.0415088008356621
-3.1530879343015497
-3.5942265402205718
-4.9550533010106212
-1.8402379865574310
-2.5526558351948592
0.1035518578943278
-2.8279350850403731
-1.9186068878539859
-2.7690929944685592
-0.1299766716153392
2.7867067164130690
-1.0195756056854117
1.7621442230505397
-2.1957970496704382
-0.8172348442400351
-0.9683056719303593
-7.3363531852973622
-4.9949486426044896
1.7906593215430027
-5.9659683566853010
1.1135199500317883
-1.3247956620554220
-0.8522503846523539
-0.4183525430190237
-4.1092899007752939
-3.7879400299429897
0.9160675625072321
-4.1411809167607281
3.9958504738349334
-2.5225519697810808
0.9089771609214270
-0.1443175535635589
-1.9186189092176800
-1.3071876944284495
-1.7553682822750498
2.2713385079635082
-0.9376232523635956
0.3688507842106882
-0.2687948131465538
-0.6839172226536919
0.2505256108342336
-2.0655103261963199
3.5125876127465361
-5.9711394276369925
5.8599911001163392
-0.3773165374491795
1.4278844058628579
-0.2515952093782454
0.3444104736261194
-3.9624986181481257
-1.0691511139178711
-0.2956133482167893
6.5425007257647829
-3.0674897279376951
-4.2895954898259205
-2.3211025100527274
0.3803955368378041
-3.6404248486861994
6.5898330036657704
-0.7577352880778548
-1.9188683552510288
-2.9833348152463408
1.2460844675528815
1.1249274389463584
0.1043218724197932
1.3681058279528748
-2.5523515378387813
-0.9648244454930169
-2.4694213035327395
-3.5006944114624434
-3.0337097897094587
1.0519632978144533
-2.0436316792110354
0.5620395689099105
2.8501513055890513
-5.6057720248860443
-1.7152268072909673
-1.8895277964682775
-2.1005531305567988
0.5889574493926335
-2.9472100495134108
-7.3109197904956078
-2.4930689467806544
-6.9841845352020515
0.7521721804837815
-2.7783185512696362
-2.5696769851535217
-7.5117174438525023
2.4046422819165869
1.3353869117956074
5.4232294065607993
-6.8193177162405831
2.4929227008749808
-1.3494002359135804
7.1834231860414990
3.6052896579086910
-3.8308870404477098
-1.9189384230771622
1.1335599277111252
-1.4065540486542427
-0.2735616837502189
3.9496997027527310
3.5484890376947318
-2.8168709101638885
4.6531243644429514
-2.9353033105172588
1.5420238270539945
-3.7583256926261024
-1.9870386090061525
4.5183398823985872
-8.0652766688476589
1.6535605959509649
-3.8668837751141627
-2.9130308936952987
0.6412664457804291
2.0323228876528785
-1.4949497531190725
-1.5708982928680462
-0.9308792443480305
-3.1043041980952282
-3.8777719480620152
0.0280249860573608
-3.2273423563534838
-2.2944352194738387
-1.2790361596787347
-3.1449527617319797
-2.0987723993893597
2.0757358671633126
-1.0197618962863504
2.9594499579628502
0.3562571983907260
-3.9832685234559055
7.3148845547744639
-0.8860362421830583
-3.8378050935552372
-2.6384805600709216
-1.0721255117548787
-1.7496664276284806
-0.3486508172773921
-0.2858837385902213
0.0624769201538131
-3.0366646686481213
-6.1351331695867612
-0.3414337131018232
1.5936857086894629
-1.0291339249866405
-0.8577125959925659
-7.2518981635499919
0.0204741880014012
-3.9774797560477952
-2.9325928022932617
0.1536755042089426
-0.6301230526548365
0.2625407367078230
1.0509793862024863
-3.9355074058812303
0.3006987111839116
-4.1393574758993985
-0.2742867443148820
1.6534429348144160
-3.0047796545311187
0.3123092778692574
-3.6908299345518927
0.3074050198878648
-3.8371839303954052
0.6173794697356139
-2.0890906509515825
-0.6316957057541619
-1.9340136485866271
-1.5829261667675520
-3.4637633481547168
-0.2686256111440511
-3.3374242570798760
-8.1055795471369407
1.0934633080398208
-2.8716468800286634
-0.1204385235238833
-0.4673202697309194
-2.4741926211781573
-4.7184380388515956
-2.9885249942468168
-2.2851885437725512
2.7325358785899279
-1.3874186912603854
1.0801412499306002
0.3095648065760438
-2.3855418657585554
-1.7597826241251706
0.2710213161295449
-0.1813952560469760
-3.5220517595986687
1.1616475394449297
-1.3682708510341874
1.1445595450573245
-0.6744994313987107
-4.2739384065805828
-5.5432197215003560
-0.1262421690510377
0.3424417681196406
-3.3548724420053313
-1.2495375779207214
-5.4955570909764342
-1.6745162665128572
4.2579755872879419
-0.1659010426892172
-1.6204935580610880
0.1896934375122310
9.5343696981150803
-0.2919718296719233
-1.9947616399428536
0.1324673398822222
-3.0333569439482320
2.6918084949336745
-3.1885567892805855
-3.0831334837577122
2.3554543823717844
-0.3851783644270187
0.5019349527037681
0.3815419051341899
-0.9670904388696633
-3.1734404340726456
-0.8113876481166433
-3.8518367620775926
-4.5316521881063050
-0.7149525186483193
-4.9365926735233003
-1.2100326203858656
2.5032794223970298
2.1874245486292194
-2.0334981336674809
1.9810186814369382
-4.2960835139126452
-5.2543826916621619
-0.0405269787993056
-1.8385923216237205
3.7451620836419872
-4.1914191646884538
2.2783888363803695
-3.0364546402067085
4.0367578599302689
2.2075053807371510
-3.9129574556978928
-2.9147114458861880
-0.9165436083140952
-0.3413899347569455
-2.4046826642915868
-0.0049690505705295
-0.6539689779426487
-3.4637016896644468
-2.3696608554396157
-5.0606931646549924
-0.7145001879729516
-0.1548078271478075
3.4763230753714893
-0.5210559688529707
-5.5699975939924045
-5.6838496633747875
-0.5801442322996616
-6.5312418917184436
0.3569169293924905
-0.0447821941008918
-1.2951532610094389
-4.4958812755392241
-0.9519002332048103
-0.8022330011132524
7.9060853802840247
-2.8778026541999031
-0.5772479165468585
-0.0111172876492930
-1.7006375947229764
-3.4261629215054619
-3.7712119528156829
0.2901092754633201
-0.2476895093046508
-1.6192606481560992
-0.9184673202937780
-3.4825950567945791
1.0189256251018435
-3.6504118241924788
0.9735680184077452
-6.1176414720047116
-2.6559176404093860
-3.8357255073018952
-3.6561148463265885
-2.3048615106546029
5.7634238068620363
-5.3188545557209785
0.4233952014223483
-0.1039804272105889
3.0010406693643015
-1.8425036026851314
-0.7090877407497991
-1.3076260468046546
-0.7202708146172327
-0.6657952337654757
-9.8715387062678168
-1.2691489284414714
-1.7633356386268519
5.5140201492128575
-3.1381852207221015
0.0212142830070980
6.5349321045641133
-2.9553488134453354
-3.1218911739039203
-3.0946171291472417
-1.6391071007930622
-3.3193610445725588
2.3272407385151106
0.1158148186321273
-2.5760893522134078
-2.6730720637345913
-5.3749219242268875
-1.2999902021475580
-1.3770471807264839
0.0177253608616928
-1.1334074266970857
-1.0124722612662977
-2.6718300208975965
2.9749444889113024
-1.3316214941248350
-3.4358721467308451
-1.8757212182641307
-4.3219929675927062
-4.8903009770455714
-3.6658450595322689
-5.6030435879322837
-4.9894664952756100
-3.0680229098714222
-3.2089502991306076
-2.4324073240990183
-4.1584737559624383
4.2680886104342779
-0.4010451363415567
0.0474344776901086
0.7096298403385903
-2.6457100272638887
4.1533898390108321
3.6236965579019178
0.6263176429208344
-0.3181082385108577
0.3539740297673915
-2.6149391016290662
4.2263684939097725
-0.9410221944224030
-3.3331439603348509
0.0800955194924818
-2.7279724519038098
-0.6675301162565384
-3.3834876117242971
-4.7668124687586007
0.4108261461305827
-1.0477678664041354
-0.2015292165030383
-2.7930886623206370
5.6465553213305597
-1.2270856401891554
-2.8007268044964988
-2.2959109463731098
-3.5154728243279996
-2.1526703826336426
-2.8095598448740930
-1.7458093512295412
2.4523018440794084
2.2660688867405732
0.2456452239078758
-3.2480379052125912
-2.4559294442598043
-5.5300308700490381
3.6040798100753735
-2.8641103869192368
-0.7604269129606641
-1.5225198877116539
4.8530113787194225
-3.7153321168904498
-2.1521671454037747
0.5056047020105786
-5.9922978357908985
-2.8284508271578530
-1.7801127334896911
-1.8638774667544875
-0.6274958452291985
-1.9114012831448930
0.2512697693587800
4.9593186210350959
-2.8242906213317873
0.0383718135094038
1.6614318247353239
0.6154320893383760
-0.2237386345730716
-2.1839386088400694
-3.0050451187528839
-3.1120595727460545
0.0526738635403764
-2.2810972011593802
3.2480853068820053
4.1439921558238222
-1.1569287895660842
-1.8178114161178325
-3.2886123649836656
-3.1609990112210680
1.5589696999916893
-6.5867728421054874
-0.4668884238129735
3.5372998903602539
-1.4490918063303924
-0.6898029304084299
-2.6095285651119919
6.1847323908748901
0.3738908113481949
-2.6735860595169463
-1.7089803945560682
1.0458677411895332
-0.4494688310898425
-2.9091504260620042
0.3060205768084353
-1.4547409750556413
0.0888124986859574
-5.1295983474423315
0.4093577356198751
0.3952960913439159
-3.1893092860707939
-0.3323993716985628
-0.1235500579490210
-5.2771982453775408
2.6771179481009058
-3.3155018241728151
-0.5312266791532525
0.0507892564998187
4.4889703198338600
-1.7075260413670932
-3.9574598408792432
4.2325486602164641
-1.2572805503039437
-1.7200801806782466
0.6315027102923747
0.2702218101750914
0.5817927645170377
6.5044691877698542
0.9104015731835546
3.3473190625861249
-2.4132566526691566
-2.9671234609061226
-0.4940946814835450
2.1691024864906172
-1.1437767025448777
0.9635788730734595
-4.4655449001598937
0.8759576080417634
-4.0422384217990084
-1.3650559440570798
-0.6083813920453296
-2.5285791599713154
-1.6139895009743404
-1.9581167947584639
-3.3670042805513538
-1.5110863373586827
-3.0839484834421920
6.6013811461911560
-5.5439404398549739
-2.1925522686986767
0.0353676278896875
-1.5631738114717866
0.9903185468840516
-1.6428462810034876
0.3568134121656849
-5.4933564460254596
0.5142787269413972
-4.6131082812193753
-2.6527563022574636
-5.6698930367877853
2.4096386453111993
-4.8466639058224938
2.1566636743193710
-3.4981302754594861
-2.2127089786631235
2.4785788914227305
-3.7305584143014041
-2.0802031012143058
2.1383505074379752
-1.8873157727960594
1.2020872986422693
-1.8702463339992161
2.7674801113725755
-3.0645354529713815
-6.9612066067457770
5.5562335674882171
-1.2370128730895400
4.6192501740154288
-5.9618744524824905
0.7375224617071221
-1.9175480838719370
-3.9565705176099804
-1.4430221271378652
-0.6253468951002072
-2.2107150364217594
-4.1499417313983376
-0.4138229474508120
-0.5218693529448193
3.8473347030778995
-1.1090123895617661
0.5495547352988949
5.6569947449867994
2.9126734760295676
-1.9060115490353611
-2.2277662785258876
6.5913499283252683
-3.4892394030364717
-1.4468366823740990
2.6966897569530501
5.7676543132935514
0.1457290630257568
-3.3259239395593623
4.7346174364669196
-0.5478193480515772
-0.3387873363262714
0.0279900773954683
-0.6259487369419906
-1.5897824276331520
-0.6809640634373201
-6.4885145119667342
-1.5258997329212867
1.6439294286012036
-2.1297940571708462
-0.2146880704109634
-1.3519318899129684
0.4606170685496578
1.2615509691836646
1.5467849601565140
0.9324205788774441
-0.8984039826351864
-2.0510023347331763
-3.8135763939456582
-1.4139863429894217
-0.3286451765666588
-5.2182135482685137
4.2402936641874840
0.4527274455649402
-8.6884141613310746
-0.2393731412774088
-3.0135488478314576
-2.7667562135365227
4.9497738756752874
-0.0913322070191811
-2.4799443816920852
0.2476559050610800
2.0178867855017786
-2.0487617884187403
1.8775374170043813
-3.0566200434430177
-5.4235120746956085
-4.2173453281395155
-1.3427131914164057
4.5265634568876374
-2.3469080318102939
5.4922004818191077
4.1162173274631284
-3.4286166445202886
-0.8574708752341315
-1.2843838642371141
-1.5353584619300233
-8.4096706382685671
-4.4087274592766352
0.2060432919792642
-3.7258448870574745
0.2104345251379860
-0.8055782331543367
-2.5311168972397642
-1.8047864323102449
-0.3917156063630016
-5.0315579283987253
-3.2112690717110892
-4.6743153265111657
-0.6194074108193928
-1.4556151363260343
-6.4665188581124289
-0.2565434843704225
1.3954660442084577
4.7115914562390007
0.4440497997947461
-3.5549550650454771
-4.3147124964207606
-0.6070313099751850
0.1206217650691028
0.0878261380776539
0.7208971462495972
-0.1640810739133949
-3.6903197250546436
-6.3596343195488902
-3.1680084993330206
-2.2377810783009240
-2.6151428693249144
3.7784294683600477
-4.3324629841959394
-0.9018599694896329
3.4444297267970159
-0.1709295614434690
-1.1313261146705897
-3.0038735619176995
-0.0485559128830457
-0.4981568925226620
-1.9053927300054527
-2.8714352028369348
-1.7857203443964667
-3.9548778689585160
-3.7783775535116861
3.9630334254597859
-3.1920297453550850
-6.3158273596415144
-4.5047010808075774
-0.6123500120596572
2.7972373669163542
-2.2749066695900444
0.2392740457859976
1.7888271588421965
-2.8051829648527291
-2.5483974607172031
-3.7849009880903770
-3.9680801178722369
-1.3629155128895409
0.7194803831515294
5.3350302341487099
-1.0582384853720910
-2.7703519178734153
-5.6635016464917856
-5.3672608893306721
-0.1274643541607535
0.1407298687452908
-2.1514564474440969
-3.7016985206501989
-2.5546472020452802
-3.2348450784462122
-0.9519379089098555
2.3282269701279072
-1.4630548608134870
-1.8526044272737732
-0.3843154921984063
5.4149811728834552
-3.8362868027267494
-4.1702221120195162
1.1784365106680581
-1.5580963395075840
-4.1529435893008042
-2.2568882426904153
-1.0651796336709081
-0.0581857489824400
0.3024175305899636
0.8158610137617314
-1.4826898756783125
0.8409537294117979
-2.2731090917603360
0.3570755216755497
-0.8126309651669987
-3.8509741272398856
-3.2210054599833802
-5.8487591567469952
2.4190613684698459
-0.1545062204382787
0.1890335281137706
1.3261098753256952
1.0152493941149363
-2.0786992039262411
5.8000646651142675
-1.6529481825195460
4.0118879108063528
-5.6791818332333390
-1.1254870627730431
-1.1405269813736250
-6.4532345610289124
0.4913206515281788
-1.0802567160855356
1.6177445793756784
-2.7030644508750123
2.5479673225199666
-1.3441480345946659
-2.9027518145177802
-3.0872507262834148
-2.6347543797966093
-3.9292216139808174
-1.2028564534921855
-2.1060223965232328
-0.4007354590326822
-2.3892801774768038
-4.4791052276121857
0.2927497630339630
-8.4967472054852937
4.0923333622729761
0.1942620027625338
1.9642238108185124
-3.2597628533876524
1.7801687602088800
-1.5187115848288744
0.0315215954007227
-2.2999658059994110
-0.3754630728209911
-7.7866582806196538
1.7495400110747799
-2.8278071200176833
-0.6846763291102100
-1.9825832695362520
8.1372052301920714
1.4327606757374536
-2.4660369035093122
-0.6936107103321018
-4.2391964110733005
1.3816732757221155
-1.4627743700122184
0.4730823553115604
-1.3036224950853694
-3.3392700349204012
-1.5121591508560266
-6.9465011570822437
-2.4126686443818310
-1.1784572320327948
-0.2641358789076631
-1.4414702117423221
3.4942062004828154
1.1714171820385693
-3.4990893888411319
-2.5237957951735184
-0.3612123234745463
0.6365393034075917
0.6559577408027499
-3.4481538168527264
-1.4562910692109892
-3.7070609204840062
0.3546237052106261
-6.0557770574509355
-0.0590700480796528
-0.0268120171782024
-1.2169702060314107
-2.4683719990575823
-2.2696877541218736
-1.6535670878913729
-0.6308495209524949
1.7720424602292557
-2.5771939792105378
-1.0319849978723588
-0.4013238841627639
-2.7611680802958896
-1.9646576049988278
-3.8340827927896641
-1.6306161547802067
-5.8285345667310029
0.9542941003177527
-0.8517556824636178
-0.8479693857847174
-0.3866758575560388
-0.6214471767996740
-0.1544401136653872
-2.1272247079481250
-4.0407223380758399
-1.7098327822595745
-2.7001493719555980
-4.0179973039448882
0.8828994157557070
-3.8669552343694451
0.1566540225897318
-2.4688211049133351
-0.7593784153153229
-1.0691140251293698
-2.4973149156086403
-3.7279020843618751
-1.4594587010288849
-2.9171233779224783
-4.6516236900705881
-3.8491532699118163
-0.5879044292748912
-1.4898224218442029
-1.6390935880544222
-9.8923813661615867
-0.2556495074381278
-9.1272678867519907
0.5569479833499921
2.9563500391445019
-2.5649863926216039
3.9756867618862124
-5.4523682096052353
-0.7731616804048909
-4.4674701549650147
-1.7940819964695474
2.6139056525102715
-3.6095485037010375
-1.1538433275244575
-0.4035745031422078
1.0362346214166598
-0.9173793679044017
3.3501399873048041
-3.1538295916120611
3.4533170358722574
-0.1500937689100892
-2.6315010685895976
-4.4732439771469945
0.7540055694912785
-2.2447641187613336
-3.1705029728142478
-0.6395008840513350
0.0308321050587170
-1.8771078923792763
-0.6398120179292283
0.0557947668704904
-5.2238106891014464
-5.8287419027926290
-0.7998342494653276
0.0560910481667235
-4.7072350559731770
0.3920462286826547
-1.8087797070462548
-3.5330600760152922
-0.5523630110983575
1.3714810371408122
0.3629879527793877
3.5507343385496384
-1.8758649021849580
-1.0345963887060223
-6.6717324260816282
0.4948022618246627
-4.2207108320759597
-1.4005587684690792
3.6274712659145778
-2.6946700434359778
-1.0735725112478032
2.3075279201079857
-1.3612382824749096
-0.4007546147271506
-0.4965128872930419
-0.1329000212228494
-4.2489469756498774
-5.1533870021953243
-0.0229717755611243
0.7922621406932553
-1.1277696181840491
3.6241258182311999
-4.8187748209463965
-2.2196209522760948
-2.1542354966389605
-2.1217283336067414
-2.4069636698056254
-0.2508548068510026
-5.1230958753404385
6.4653899228190737
-5.3764632971102841
-0.1047608659157425
3.4198003994736741
-3.4848887246568050
0.0427772215767240
-2.6325896529557413
-3.9043736615746081
-5.1650763883725768
-4.3210802649621938
6.6135448765797431
-1.9199199542950574
0.2068654311244163
-1.8391727563832050
-1.7076798110214539
-3.3818556124170245
-1.0443838434663673
6.3377833148657494
0.4050721141757379
-1.9529615078796392
-1.3493106013949108
-0.1572566350067689
0.2018858354936858
0.2725515995005852
-2.3223923069605767
-5.3918707888401070
-1.9567154763572230
0.6482464248504791
0.0459384123695622
0.3166112663476535
-4.9029026482534750
-0.1725651041913367
-4.5950385696956726
-0.5409768769613789
-2.4487326575060320
-0.6112582677197809
-0.4747319643664200
-2.2457875593068097
-2.6780092247478122
0.3333753862050094
-2.0258160104874503
-1.7215016552807008
0.2418871109961874
-1.2475727418630977
-3.3048927863819983
-1.1737134927159500
0.3818826366257971
-3.3052747834211664
-4.8311988790762141
-3.1188971516182962
-0.8855415295395748
-1.6300980351081420
-4.2499618011980633
-0.7951532107532651
-0.0644705580365428
-4.8364105943212152
1.0687015666478961
-1.6718518007697292
-0.1330624097560557
-1.7520007791634564
-0.5658250851281720
-3.8560584666085931
0.0480014844916473
-1.0045332224706103
-1.9537460634759245
-1.0282600556938302
0.2863983940313335
-2.3440625827203130
-0.9204770307788622
0.3537742077564917
-3.1184417306091468
-1.9068665567485164
-1.5925231451456736
-0.9315866862552264
0.0158751191553287
-0.6113429221645887
-3.4747928035134805
-2.4839917258068440
-5.2467352862559489
-2.1065299803131827
1.3341139001367770
-0.5893691970888287
-2.7775468382735022
-5.4985096748032705
-0.1364649266619463
-2.1845413679644770
-0.6142295586767592
-4.8379535748913796
-0.6473234891341573
-2.5824728434114430
-0.0867735136882633
-1.7322125412935345
-4.0841093490509124
-3.9703633005196095
-1.9111559327737475
4.9265238071209447
-1.3555492036302446
0.4274314458512228
0.2533977939761045
1.1030770244206773
-1.6728353507794020
-4.7656537477562431
-1.1813851828740958
0.3775606623886307
-0.6250197052266886
-1.4739403370551445
2.2309281075636256
-5.3251757060561289
-5.5621398644008186
-1.2678909552695334
-1.1030510994856644
-3.2892422535074926
5.3001157385451219
-1.2484784353226697
5.4169626759716660
1.4010234456739081
1.4921715794858779
1.0367907771504066
-4.4207965339527036
1.5520312467947250
0.0640794911444972
-2.5822575106767647
5.7196426829436779
-5.2011355109721196
-1.8317681410509170
5.1438386414184887
-3.0292717639929347
1.7494518730338817
-3.9071304265375955
-5.4565242154052651
-1.6504044324264240
-1.9006706641226081
0.4483127574891509
-3.4119236131214850
-1.5153139399799871
-1.2266349846469591
-0.5312117871594655
-1.7305453409258014
-2.2782689653049939
0.7024292027159412
-2.2852867952068308
-1.4574997563838137
4.0226041744497163
-1.8762704916717221
-0.0823156666688263
-5.1815647237705811
-4.3282063824090811
4.2249771947214860
-0.3324727301252398
-3.1608003834829477
-0.1245880214257979
-1.9055806948155933
6.2527232390703871
0.3388610200105380
-3.8285199482550527
-0.7310958332687147
5.2748300592065895
-1.1199964057479950
0.3588659220634571
-0.4902298269405071
0.3145520471293397
-2.1378763175035251
-2.4722496981922042
4.2997166815035142
-0.4721320915148968
-2.5051907166335905
-1.3332039283035675
-1.0236558668253957
0.8589788803475720
0.1051074369249640
2.1187655820045745
-1.9754475820723680
-0.1708058783618054
-6.9555162059278981
1.4730506049924310
-2.0136420019890431
4.3399264428817323
-5.9411117400047164
0.3673847851261068
-1.2807579514664502
-4.8792685305835661
-2.3103645695776067
2.1863302043435198
0.2483863427004611
-4.9716866399483797
-0.6235512552697883
0.4319496396230754
-1.9951215675635046
-3.9493111380593535
-0.2482254452006289
-6.6017614578266848
0.1871303251398334
-1.1350148847683097
-5.0580003570569403
-3.7200089052309138
-4.2185505361268811
-4.4051188645687276
1.2961250500076182
-5.4340899768540742
-2.5324898216885954
-3.9762949003413386
2.6721276712659332
-2.2456586818702977
1.6724744713954269
-2.8969812560864705
0.3634389135050003
-1.6105178858904690
0.2369799769499170
-2.3127735155906399
0.8938346711728395
-5.6062321278731631
0.2902710273387868
2.0253750683898519
-5.5679004940638697
-3.7252465204724206
0.2974716466605634
0.1592663879804514
1.4575802532812188
0.2348986784539313
2.2741029477526284
-4.6276663192826550
-4.9295326209493684
-1.1755090186342674
2.0675310184127862
4.2699041392689940
-3.0797393725623601
-0.5437737598667363
3.3894033251219184
-3.3661939814569322
0.0080074263510712
3.1155033741742861
1.9904571947403862
-2.1620988328060706
3.9121792379685041
-0.2784605966106727
-0.9568619127622171
-0.3129237303627150
-6.7932574260647121
-0.6594457641536274
3.1730567618990260
4.1960610432354049
1.1677442015033375
-5.7756203924652141
-1.3668563355780607
-2.2022249520171879
0.1067042185799911
-0.0117855311148333
-0.0272540903393836
-1.2575775909531961
-1.0421564686162539
-1.9136787782824798
-1.3986026385922989
-1.0343268688628966
-0.7636937155891680
3.9511083752700893
-8.4781041288583001
-0.6748984646939243
-1.3883905721655370
-1.6953294531987153
2.3285758908700336
-0.4353355434553653
-8.4849913703696931
-1.7016762389890030
11.6148797070985523
0.0536878256364717
-0.2551781490100066
-2.0910428429357579
2.6491030611380117
-1.8152390841276302
-2.7319936858725145
0.1675463815978627
-7.3411727769518569
0.3391308356878128
-3.1464475030175443
-2.9711166073043898
-0.7818859960166847
-2.4163253291531408
-9.6977090948548934
5.5022957796832355
-0.4086072392994324
-3.2332026913701739
0.1902969882433552
-1.4698905833463776
-2.4308274046328284
-0.8474774832502872
-1.7855660320217019
7.4767701971769966
-6.1974120758857127
0.2558570008104113
-2.3691729269835111
-1.4547585448324392
-2.8763867953072961
-7.0290957815323543
1.5370379600658568
-3.9423751582404072
7.0322844861629008
-1.5514845620816193
0.2873875568230419
-1.9626656806390053
0.0548824745149554
-0.4021502136082749
-6.4405389004231983
3.1855929198600115
-2.4308055143041951
-1.8619691787914256
-5.4595525901569371
-0.2334579960902856
0.1068599569096374
-0.1229942633856238
-2.9733105524217294
4.1629358224211677
-5.3026277469067109
-1.4953023008336079
-2.9013992136007780
-0.5778885261542502
-0.5456325954644469
-2.2645941905748179
-0.7378719561083127
-0.4638503659960147
-1.7872684303580333
5.3705281637625388
2.2171102460516368
-1.6075223801139265
3.2563644649619881
-1.9495877103046244
-1.2025016460443165
-1.6258165689140429
-1.2422713708280524
-1.7465020332114023
-1.5605928142146686
-2.6311846339245499
0.7870798519199831
-1.2328137044950407
-0.0719790567038511
-5.3242461521627407
0.9644946408962076
2.6987796502353230
1.0479599598454641
-2.0866819751620636
-0.9637196520721270
0.8446499673607724
3.3423612135835947
-0.9483595607458455
-1.4231570479096551
-0.8106546885564625
-1.4121887720392183
0.1735424677826368
0.4151881332089229
-0.0060916824743077
5.4668497988227882
1.5608023541816960
-0.4834703285517712
-3.8296817786224251
-2.8984845166671507
0.2391375947657294
-2.3461183814124564
-1.9635938360894456
7.7273977345914124
-5.6457963205786132
0.8695054288377960
4.3687414043282589
1.4409343973547386
3.1871602011823925
1.3759414014569173
0.1783316020758754
1.7680887400426319
-0.3607876132826018
1.0032326969451382
1.9847706202141391
-1.9433762609357756
-0.4678779450434712
-1.2288037154023335
-0.6172944249295631
-0.9286893899757503
-0.9064296987368181
0.6234775496547024
2.3219213714455420
0.0273240620158915
-11.1963031823605306
-1.5322544993315388
-1.3484817765894219
-2.4889986769724533
-2.6491113041983145
-0.7285311546991688
-4.7392514759425071
-0.9703061079043205
6.5075389921083513
-3.3413128578218561
-1.1269711360884569
-1.0422266348956253
0.4687227430613238
-6.5765319509747879
-0.5726148080557135
-2.0685902758458048
-6.2480492614754439
-2.1499240344851316
0.5427471428907957
-0.9429708065016812
4.6579245937918552
-1.2488087799805636
-2.2757490524605291
1.1942235245171189
0.5364398309612932
0.4638776902967705
-3.0294091970261179
-0.6573798473749720
-1.0941608078515372
-1.9195251927784083
-2.7405255407891120
-2.6280383246884367
-1.8381376487092993
-1.3422694442293990
-1.1752705518926532
-3.3557050516194145
-0.9176821150220801
-4.0725267750791057
-0.3062691726154648
-4.0566431392576154
-3.8481942699207075
-0.2071282958771632
-0.1809967609112851
-4.0181126061590060
-2.0548897259958472
-1.3303376047305020
-4.6577293136695985
0.1151425095917131
4.2311192264113160
-3.6190724651661839
-3.7435662277019475
-1.4868800142257192
-3.3853978634203981
-1.7897447416919325
-2.7214043878989966
-1.7156346103908866
-3.3051698185534275
-2.0144289005520331
-1.5785333534551009
-0.2778830626623328
-0.3722224937919509
-0.2111851870038375
8.6782585043481983
0.8168239328269300
1.5871159968390067
-0.3850200709968474
1.6271109919364384
-1.4782822482788736
-2.1067483416328496
-0.0208695090565321
-1.9158484266515541
-2.4372541891470418
-5.9746731990318702
-0.0498675584511051
-3.1187470855516137
-0.1529712007770958
-0.9637682118945182
2.8918949083165795
-5.0253572470397039
1.4166169635479684
-1.7274623159137752
-1.1344507448167747
0.1453468258132292
-1.5024962464485272
-5.3114077058511189
0.4522685206265824
-3.0787217156951772
-5.2596204516291598
-0.5261404955323876
-3.7388586864795372
-2.4950242571117061
-4.2164418327314053
0.3592801965750091
4.6583186499664899
1.1068505666396637
-1.0781507902832348
-1.2476230493961680
-2.1392801676359476
2.5675680989002378
-1.7849905601800491
0.0071440911605238
-3.7932689861126816
-3.5408158041411659
-2.9504153754192655
1.8041355146366420
-6.3915481034177599
0.5464439384429555
-2.0556101613549718
-0.2860796920913143
-2.2611623676252730
-2.2799043739063882
-4.0753401243069378
-8.0450689307543968
-3.9099033035888060
1.4153392315541302
5.5029479287570613
-2.6819432172277149
-1.1130810703718226
2.1987150987108990
-4.0275994611214330
0.0483594833902272
-1.7499435003474173
-2.9307021448572041
-0.9747756788491226
1.6129877201474323
0.3648981220924832
-1.0812624190510378
0.1651045226721085
-4.8434627024562049
-0.0689536359199464
-0.2349209586844003
-1.0611314308847202
-2.5177298206735226
-0.9061958297670493
4.5950946385034799
-0.3857027687416155
5.0132378499462753
-1.6888898291930414
-2.8772839388329685
-3.2523312614113991
0.6380867922098400
0.1044686704623465
1.5844684674393235
-0.9200351142081324
-0.4039612953708648
2.5494921864785463
-1.7000535999432014
1.9286644732580061
-1.0075327365660005
-0.9413807440331374
-3.2224598404839537
-2.9990131457415470
-4.1593224074596487
-4.7770394245340491
-3.2956222513808782
-3.4927473293602240
6.2576694629996927
-2.9437469339137881
5.7633290670491144
-1.5036945725275366
0.1306597057730488
0.2509063184108693
-3.3759799735828331
-5.1169278785510475
-6.2044087097603615
-0.6242172939690428
-1.4924351737943531
-2.9385317901335646
2.7669159132618040
-0.1712123929062164
-0.4255750909507082
-2.9609572530835369
-2.0916871432104611
-3.1448151439737360
-2.2566852581933339
1.7490131210356183
-5.2376538769638117
-1.9039245481061247
-2.3021773815726827
2.1563490574979149
4.5937899778009861
0.9605046849748979
-4.1817564969128931
-3.4881732545958215
-2.2885230967680830
-6.6230200623714035
3.2062981453977053
-0.3953767194812489
-3.8511943117130398
-4.0296711041450974
-0.3480731055644370
-1.3161334801533888
-2.5038847447211641
-3.1152468776597346
-2.1867058846756797
-0.5291479859049248
-2.7690780674121060
-2.1168436555703138
-5.1594517259435362
1.0360148491581691
-2.1857342503355301
8.4686718552507827
3.3678627557029137
-1.0294175469719151
0.4147987803069781
-2.3648308570134260
-2.6549573341053940
-3.7767162032476231
-2.7924637179943050
-2.5163360187729786
-2.0193327220069466
0.4066580624253881
-3.5769182817276546
-1.2330359134169684
-3.1644226926430363
-3.1741862598000763
-0.8257129564227564
4.5593612081781298
-2.6162181246873311
-3.6007707686226986
-2.9650102066596435
-1.7661758473310292
0.5718104545896381
-4.5238267261925511
-4.5664101203138339
-1.7943266837361331
0.6394807510077272
-6.8486743733695610
0.0631464647862141
-0.9747697286253562
-2.3608810004836522
-1.2570770911311067
-0.5374372028734253
-4.6676665452315422
4.7027866217456618
-1.2365389694734352
4.4128976638445732
-0.2385268719992480
-3.4339273814658862
-1.8687837780522913
-4.6954308997883736
5.5188952291846514
-0.1193271980461850
-1.0030545093816698
-0.0963281668154336
-0.1696754695869665
-5.2816560401524439
0.1647385023445549
4.5462564771131122
-0.2161433966312960
-6.0738007845362194
-5.0788701036195860
-2.0714495673366962
1.7705993597293912
0.6808869591354316
-0.3279258633762148
-1.8531174132832602
-3.4700866164565465
-3.3470632635398050
-3.9467981045151559
-0.9617944612742927
-0.8149597323659620
-3.4739157105366072
-0.3238855741425662
0.2760531873407375
4.8928159582654072
-0.9003506806752769
-3.7505959332051133
-0.6836655585917604
-0.3081301699039602
0.0303444928895965
-4.4072946011808538
-1.4296224035320111
-1.0519490536664859
-0.4835527368878763
3.2585914481080733
1.5036350324853820
0.1892748666333502
-2.0673311913157559
-3.0470048334835118
-1.8821386576432184
0.2841465840301990
4.2943192601521734
-0.6182300295121815
-0.1503944553970166
-5.8637582135599136
-2.7251337921591197
-1.5247229517461818
-2.5645929604247919
-1.2393005057904083
-2.8852122021177413
-1.2272256414337193
0.0346293751701792
-4.8869987028271868
5.3548713887926152
-2.4822884045653058
-0.4407493805355013
-1.2763430393185802
-1.6523606281278107
3.8015062376584119
-1.8365519607151983
1.5396548682229216
-1.7728861744226332
-2.8318195195743270
0.4099084842219010
-6.2762585387060188
-0.5225523993022229
-2.0136162196919041
-1.0959021913246945
0.8172106724677249
-4.9640453338144139
-1.5955570953636151
-4.1816748199245133
-2.6002752763332020
-4.2100825460030791
-2.9230513271238050
-5.0024616033849068
-3.0911862125480045
-0.8459640631525833
-1.0572923589819399
-4.4663377182204957
-0.2080760671189381
-4.9515024748317487
-2.2884366553537565
-4.7018571948484187
5.7539587915851049
-0.1451939297803246
0.2646108038526919
0.1540187679542322
-2.0281630835653597
-1.3891848081182383
-2.9385501363329682
-1.8932708225933055
-0.1722712731431080
-2.9070163353380267
-1.3946747380152942
-2.4517089513100094
-2.0081507724419119
-4.8604547295898497
-5.4008304726459002
-1.2324364209181198
-1.3147890054075027
1.9584795491765292
-1.3099871911417320
-3.8182721491030915
-1.0005670620962628
-0.5269913111657020
-3.2763400004781649
-1.1645817513621863
-2.8620248308706437
-0.3126290612578031
-2.3111331674519082
2.7265416512063054
-1.4442812169293577
-2.4457708826087092
4.7773576297047775
-0.0968237223174752
0.3827932892839512
-1.9752643480810852
-3.1705439218244078
-9.0157323893370620
4.3133454390003356
-0.1845285976516894
-3.0149815134074975
-1.0123357583586854
-3.2006541452608168
-0.5111337712435513
-0.7788400056204412
0.2152289334236168
3.9366458768712205
-1.9460146494670409
-1.5544464180378423
-2.5280510105970877
-1.0891989534479620
-0.6320656960043779
-9.2532613678921187
1.0628470511736299
0.3646843801533245
-1.8111531985543152
-0.1095029022697389
-0.4021370350632630
-6.0785220226485039
-3.7284510171013006
-2.1985296140488568
-0.5118573714763267
-2.7075344770312761
-1.8351572247794099
-1.2367399774570593
1.6675785128584297
0.6254443141902657
-6.6461457912727306
-1.6928679973495979
0.3184552136787285
-0.0826585492009929
5.0959458441511352
0.0072284340067418
-2.7855955434049413
-5.2074931142284866
-1.8299800423636801
-1.3776103497815528
-2.3690383817045326
-1.6597242688166638
-0.4862658960580292
-3.7052410875814759
-1.2688182177661489
-5.8912051773387368
3.6723434929246253
2.1674416192318571
1.1926565977569528
-4.9040504278236163
-1.8863114127669318
-0.9966172243322741
-3.8161451283741310
-5.5406326590923287
-2.9197636233090853
-2.0389532014202296
-4.4181947345620145
0.3493114550396205
-1.8788212094534051
0.3191233435308307
2.8669912498337262
-7.5269598659574894
-3.3722975326324498
-2.2224608615408661
-0.3240433283638624
-3.7965785665644507
-0.1611736523076207
-2.7310542084214937
-0.9712148667216259
3.5691646662922736
-5.3902197801925338
-1.6788603735777834
-2.9358188974757651
-3.7433620991512284
-4.6680280711654838
-2.2387892577218977
2.6123319885549474
-4.1713264734807920
-4.0147404520580272
-3.2277004181176432
-4.3025782496104688
-1.1098455449439997
-2.1729883161461934
-1.2500619792661203
-0.9795692147809222
-2.6828722374823970
5.6351495646100735
-3.8572794733342550
-4.9554054708827220
-2.7606443841925961
-0.5863229304852835
-0.1612069763786757
2.5148617249787000
-3.7412308255499465
-9.2006760098744795
-2.7194652962236630
4.0214667572806846
-2.9892555173931581
-1.1283835520427794
-0.7317531346163388
-6.1649206401043708
-0.7130857425596426
-1.1876722894066560
-3.3218983682154812
-5.4405702462996937
-3.4049795963697456
-0.4266046410049536
-0.1508994003717545
2.3940225401303361
2.3049746808557523
-3.9038320663927277
-0.9778384102044225
-5.1075194729350626
-2.9827146432828178
-0.4370037930736618
0.5744907733590320
1.8685137705066359
-2.1481296461176704
-0.8418614223337241
2.6908749327714361
-0.6398709756654315
-1.3363642652314180
-1.9381948938792499
-1.1032493949994091
3.7720103153813671
-1.0161998049850072
-1.1112789534958856
-1.8267320614030453
-2.6898292380895352
-5.0829955661510908
-1.6704054711369170
0.3863064144117379
-2.2631044296624525
-2.2304275595376200
-5.1670375520525349
-4.3827602049830601
-4.4711480061422986
5.5196792428045223
-1.3917648723768774
-0.0270748041539308
-3.6766299319792797
0.0765700708205354
-4.4200412078729236
0.6887279922588917
-0.6211218325008119
-6.0250144248310322
-5.0202884033243649
-1.7823610796796190
-0.4650493790748605
-0.0650024488655659
-4.0267575311024260
4.7222559430576370
-0.3100181769122139
-0.0940960337328474
-0.9025664000243577
-1.5594616003252213
0.2396041552593900
-2.8759793463415724
-5.4063209635009351
-2.6061928909677996
0.3705699713939695
-4.9870955165725688
-0.7805306045514718
-2.6785071154249049
0.0041415387645683
-0.2588851560581665
-2.4843636948305066
0.0704390660828739
-2.9721601700435181
-2.4754603573188207
3.4282964375032194
-6.8976987072521112
-4.3906833062637718
-3.5798939396917699
-2.4204503633182179
-5.0095849279141671
0.1931365157516309
-1.7315180792709641
-0.1099173291128923
-1.9053070076087277
-1.0239560579091262
-0.8647128058251140
-0.3512133330068978
-2.3760956806105482
-4.5242260084111230
-0.3187364531419964
2.1405318243933404
2.8101853913856694
1.0020750937281435
5.3600633330439855
1.9152939689288841
0.1100504167747876
4.3045477622741180
-0.6172860447538183
-3.8912277599379714
-2.9111620856984426
-0.4896426379403963
-1.0949716639447107
0.2514050275547318
-1.4439141071538277
-0.9812024897167247
0.4328780002956510
-1.6917869405172166
4.1985478019573499
-9.8932145451607241
-0.4290544347060553
-2.1435264842699424
-0.4998008298920665
1.7797142395414944
-0.2015049881435711
6.2963102300614748
-3.6183019851437548
0.6948367141775008
0.8886359055680664
-4.3441033316580411
-6.5065612408354552
-1.4588823930961410
-0.0147762040931676
-1.5594516504383622
-3.6361298931196506
-3.9806134976596703
-1.9021170358435500
-4.0515458635443489
2.0770982880262827
-6.1530143302368048
0.3487208271595417
-1.6093666455191580
2.7354704178948746
-1.7937681416506905
-4.0118678905328036
-4.9163424767014892
-3.0238251048593967
0.5597919546900603
1.7084688463441180
-0.3027393829419477
-2.0436888295773969
0.3420846128928226
-0.3167029409487776
-2.8823201176581770
3.0625992139332818
0.1702848556824091
-0.4860516226961847
3.6574553171758364
-1.6200237092091596
-1.3472860411453438
1.7770847537986141
-2.1532831046070302
-2.1631931378959188
-0.4064496784633957
1.5454882660575036
2.1153520864250819
3.1070437808369467
-0.5784720608330405
3.2549718316617344
-1.8835420618056293
-3.1855122090065908
-0.2769256347018005
-3.1260627042290388
0.9681849813002024
-1.4040174736600088
-1.3580862808045160
-0.6263887585420514
-0.0658349973450921
-1.2217832053891531
1.6799901799472494
2.5707789808213937
6.1374087807421853
-4.8964134132450656
1.7873655512513209
-0.3487995041984340
0.6031957058127800
-3.9173630293010993
-0.0188896951328020
-5.7508446591827216
-0.8417063213698585
-4.1111902264282438
4.7548779206113601
-2.8600844732215567
0.4388883646098955
-3.5362454292875118
9.1730658329704333
-0.6427292085538366
-2.4264452080167001
-1.1724282348258446
-3.4769314941765335
-0.9289330245726546
-3.4164480102294603
-1.5264653642503805
-0.0515858391569902
-2.4082077150003127
-3.7445737722536241
0.0862191639384566
1.1176773112031191
-3.1206018921171723
4.5295758130136239
-1.8187890828807607
-1.0225484346927398
-0.3497762714265918
-2.7480846703356465
-5.6652324686075497
-3.8560771725348908
-1.6840205831862840
-2.1460271077675355
-2.8991899192583119
-3.5655022592624670
-0.8208729600228335
-4.5400113087383724
-2.9027357776013565
-3.0757192275608958
-2.4122761248188631
-3.2469898331232954
-1.7548450355145488
2.1428452746790247
0.0927681812176629
-4.9694259120296280
-0.4156924190536013
0.6147832186160318
-1.9577212279805585
0.6703532035825788
-0.5770350052319065
-1.7235901744307736
-2.5647589435614924
-2.2695795624203656
-2.2476520069914541
-1.8416153062374263
-3.1297637703541232
-3.6997453561112938
-0.0684498311379108
-3.1159864676871973
-2.8025864185458382
0.3688106163167218
-0.2492319528008655
0.5119425605050792
4.9624784008086369
-2.0713601039367613
0.0107233252434649
-1.8658378541365650
0.4444034310456844
-0.2646826517725486
3.8827624031671979
-2.7739466683093665
-1.6701261014322053
-0.0602380248430513
-2.6530793475430974
0.3345880507752920
-1.3620137230327649
-0.3574282310988385
-0.2938786826968740
-0.7461065844681083
-0.4442942547855648
-0.7173128667165263
-0.3154051997161986
0.1044210819083354
2.1093042758435891
-1.1811698366159014
-1.5050036784731067
-1.1525213114954744
-0.4512080901776302
4.4951470384706624
-2.8320383552231609
-2.2873628620355730
-6.1429927717709809
2.1635376452294230
-1.9765245510607561
-0.1995238806220138
-0.8801955884644058
-0.0505146705398149
-1.2413904626606880
1.7756108871951564
-4.9589605382643578
0.0933987488822244
4.7553990579752909
-4.0558371635889454
-4.7425859559764776
-4.2286597464203357
0.6228781079950096
-0.6798280502987987
-2.4549451191446630
-4.0809290446930655
-2.8438573610231943
-4.5831521633395615
-2.7528935558634111
0.8111901667157033
3.6446573883450881
-0.3540307319358862
-2.9442435988116573
-2.3910324058075885
-0.1791455700193632
0.2486426682021606
0.1714986228494907
-2.6363137354426902
-3.0655355672527715
-2.1634927220464206
-0.4674167313951867
-0.0003255266571469
1.0158389454727643
-0.9635932711481019
-3.7921266610026203
0.0951487205157060
-1.0149619702387602
-3.2220775733672671
1.1010195272139356
-3.8930966684657036
-1.4178059479670253
-0.4414285860656784
-9.5375091748600678
-1.7902229164475112
-4.2659229764661211
-1.4528650465048898
1.3750061931918971
-1.0923469089313651
-2.6949780688693536
-3.4302883207375605
3.1016844375437524
-3.3951752761878971
-3.4656211773249330
3.3001646643755218
-3.5702160805403320
0.3759405593323900
-0.8711428327298094
-0.4116946016610158
1.0497457374836663
2.6954432161034836
-10.4502764317810524
0.5345585211008953
-4.6800738683301732
0.1444655338188448
-0.0949455098975078
0.3124041596058140
-1.1582391198124669
-1.8523579048346370
-1.8672155107243156
-2.5669125404755504
-2.0995961151505877
-1.2433114027306429
-4.2337838337455143
0.6787553565137895
-4.4482507362015182
-3.5550187719933506
-5.0725148757072267
-2.9684610077703817
-3.8036791560464454
4.1086081474884244
-2.0934002599112427
-5.7863954803648987
0.3765101309827114
-2.2903382215114179
1.0472961743254472
1.7569587366933290
-2.0026109416839355
-2.2071158142159151
1.0563890408133236
-3.0073917305601792
-4.7506019342815069
0.2363137969267290
-3.3489992164114901
0.3641632816761243
-2.1856680923417455
-2.1498302363369506
-1.6835756395873129
3.3330142219082641
-1.1217680692095027
-2.0880000678247401
4.1297321618842195
-6.3866402834736009
2.9338820465239155
-0.7027865515911547
2.7873932471488270
0.1158246798850424
-3.1711163829583624
-2.2071722804058234
0.4718727280246643
0.2387000292698434
2.0795744569889854
-1.9259476245711689
1.7181470515447770
-0.9262224726374313
-1.5073482527500446
-0.3600023375016743
-5.6159050623307527
6.4872763663830373
0.2995478206106781
-4.0478373158154275
-0.3232694417106742
-2.5060758170940658
-3.8019530374758372
-1.4275573299250481
-1.4145902583988907
-5.2885253798433247
-5.3196169074552611
-1.5034321444235810
-4.2908372665429990
2.8746276998428293
-3.9087311524242834
-0.0124902883289410
-7.7898056996336473
-5.6187857450184531
-1.0319834525544782
-1.9529928633240106
7.0182947173808561
-1.8546530223025197
-1.4606440477143448
-3.8650420357451418
1.5895309700539304
-4.2522219413347671
0.0280380903057637
-1.1256301294256010
0.2060128610414783
-5.9219092086425000
2.4415223741746925
-4.1327896674863167
-2.4698649664204164
-0.8833745364117025
-3.6322808496921604
-1.6685768191907764
-1.9320895656610246
-3.1136698341321591
-1.0001526842372674
-9.0661009953058844
-0.5136645561507512
-0.7413797981444962
-2.7491090889252621
-2.7682531683199176
0.3563681858059739
-0.6736685564578553
-0.3800437287558133
9.2587718407483734
2.1206174278765939
0.2248913638654192
-0.7579585808418670
-0.4135049114447782
2.0745844416296593
-3.2431929102348027
-1.3741788092134684
-0.4244055175467666
-2.3822572171130836
-1.7778170504036652
-2.5548604006847992
-1.7109137669869718
-1.8793215706425022
-4.8355276364590507
-2.8968000349622574
-2.6595620465107759
-5.2936650263739313
1.5733889732963202
1.3169878752102293
1.7380769578425654
0.9310215535818840
-1.0186185249173696
7.3300780508544108
-2.3817931881896848
-1.2199813026732689
0.4339735979079267
-2.0238560688986831
-5.0070487101225449
6.2265350756154438
-4.3219357056995218
3.1544516597203693
-0.2004138719355368
-1.4732463114514378
0.1664112180553748
5.5493114195245745
0.2960409302533645
-4.5643656798249976
-0.2462593333748099
0.5639975181191734
4.3966835576442955
-2.6198886004743502
-4.6404202364134131
-2.3719433604865316
-2.1019417067743085
-2.1276481348488270
0.2772645762193486
4.3954628938513158
-4.1178307264403600
0.0329739504321854
-2.0007655113298819
-3.1102880083302500
-0.9462377543942511
-2.6729129643215837
-2.8665736711334664
1.8692665836243985
0.0436903170492373
-2.2782530522970679
-2.4584957124826965
-0.5375627388268476
-0.8529015107335344
-1.5216414526412487
7.0529108610659383
1.4439501598423052
5.7074837785122261
-6.9594416282869771
-3.2718058649361628
-2.3731133243838709
3.6835129034196616
-3.4422700731478733
-4.3862270923823106
-3.0787573874359921
-2.3089114672914319
-2.3963420004219995
-3.6285753853859082
-1.1249979584891368
-0.2091502685895135
-0.8847682522645905
-4.3456869335917743
-6.3743442977069362
-0.2076771426656984
-6.0034545342917367
-2.0506276725008412
-3.3432854644109575
0.0003311742646278
-2.4270807668557954
3.5303390680412376
-0.3853320986942267
-4.1212943523868182
-5.6433415388696124
-0.1858081825872927
-2.5725980919067259
-5.4492148509661531
-2.3186488137152499
-1.9311412600850411
2.0340978621931183
-4.1477721791300146
-2.8824260266136785
-0.1499530958453652
-1.2179775224457803
0.7908706485032849
1.8188891549421995
-6.4635363334547948
-3.9689532526476161
-2.9686070002281704
-2.5356599836344156
-0.6780160012945847
0.7773821895101585
2.0348647281640599
-0.6943183102900579
-2.4637423384192187
-3.3624066732325386
0.1751289698410197
-0.3429663001721741
-0.7131172091386189
2.8977180972293914
-5.0517772259211844
-2.3401329874760814
-3.1014250263752943
-2.6155142921408117
-1.0932437660991494
1.7960891761566082
-0.3701310314068829
1.4293170153488719
-8.3951822828830718
-0.1458869991910570
0.2681157630494498
3.6660747931257642
-0.3322944408916965
-9.2886647417367278
3.8038812162022020
2.3880984214418883
2.8794555490985259
-0.6041588165826748
1.2611281815975364
-1.3076201702158901
-2.0219524858163074
0.9697939801708526
-0.0977278986053084
-2.2593179479326087
-1.4277390960942975
-3.6601407185961654
0.1674400994537120
-0.3013580262985296
-4.7916621756410320
-0.5140973535667595
-1.1154674104280620
4.6473301826009497
-3.0554395847233011
1.8560869329346272
-3.0281244921042934
-0.7153569078375152
1.7958502052081489
-1.0621854788425773
-3.3691055520712929
-0.0249256222422460
2.4634656637785577
-0.4993041267491074
1.1843420380637131
-0.0187819545488623
-0.2174760192679679
-2.2964317790130711
-0.5879292850725456
0.3980035555605438
-2.0279848113019403
-3.2029660513141001
-1.8934569789368378
-2.2944349441761998
7.7989273468208413
-3.0172633392339412
0.2293144110494445
1.2671399425750753
-1.9546418278971309
-0.2973606371509900
-1.6036897604616782
-5.4232977466398022
-1.8264718658922698
-1.8732233181021167
-0.4784136246238996
5.1484040584537816
-0.6590691871312662
-2.3846602021647003
2.8251088057997125
-4.9745918772332534
-1.2028304938378849
-1.2099614939752301
0.1813736620271968
-3.3193945225633170
-2.2381107933236581
-4.5751449169832927
1.9773216528430597
1.9983018764983462
-5.8655475798563730
-5.3440027672498047
0.0447687175900062
-1.0941076041812163
-5.9054100819194550
-2.8318257286988580
-2.3738350983562357
-4.0797198176930101
-6.7868107454378297
0.2291624132012007
-0.2925845141970604
-3.2047645050014921
-0.8031214696866533
-3.3758857915406195
-2.2180747531568175
-0.5532888558560605
-1.1858376081135513
3.2905438904196402
-1.1360589614133356
-1.3529388056939609
-1.5220147284714536
-0.9234867397349664
5.3611500767795945
-0.9238012463813075
5.1915992640474435
-1.5670712256151820
-5.5819618606932062
0.4522181623576507
7.2179487003207097
-0.6225841893976500
0.1295794153063718
-5.1534131703793085
-2.3826676557741568
-2.2649276307290624
-1.0785159671721167
1.1331220250320446
-1.3259645597166658
-2.4050019947544583
1.4659528431494007
-3.3211809477678567
-1.0600308321324308
-0.8571400264499208
-4.3176605767982812
-6.2717356134049762
3.1775298016969842
-4.3870931020430017
2.1648464802115051
-8.5331580145270749
-5.2443138462908818
1.2032178123872281
-0.0433218584289160
-0.2684725546191857
-2.7361001225863739
-0.5293055821270555
-5.3570002376653818
-1.8647096561307381
0.0232486325923508
-1.1490477583529386
-0.7231253634885806
-0.8455560513934305
4.1126522967725885
4.3429186199137115
0.2846584885674204
-5.1217972394456339
-0.5254082166532800
3.2242688407890028
0.3429020000249901
0.5726800537247642
2.3871379696237951
-1.4859858516170625
0.4556137421435406
-2.0447574346676900
0.6512068177280997
1.5929861226728061
-2.3286013337930767
-2.4182793789259702
-2.7588797149794129
-1.4041825723555017
2.2232865164745057
-4.3166386242048160
-3.8390004324434632
-3.5668575663410786
-4.6376705519607695
1.9970786589425784
-4.2485698967562602
-1.8843352591015365
0.2810487179599335
3.6296294649471474
-3.0026788630665178
-3.3203040295041570
0.3576576931552067
2.8389359555678109
-5.8739790563137628
-9.1845484536691622
-1.8136629616840005
-2.9242124795984177
-0.0129414563561166
-0.3820083821606436
-8.5336144283624087
0.7829889919767405
1.8981757350211534
-2.8943061754513928
-2.2166210948167135
-2.4557964064787936
-0.1007635308264228
0.2481654268141270
2.2835498570789170
6.8699552903734080
-1.6935594547172923
-2.8507840464396912
-1.7986348010690612
-0.4265506598739953
-2.0446033857697503
-3.1599605395399530
-2.5672335302159555
-7.8819773481444741
-4.4983992028059632
-0.9389265986225419
-0.5092051173936616
4.6780278222976639
0.1330547171913665
7.2164624634555485
-2.3164710859928457
-0.7158614745643908
-3.1421762201533832
0.1063950845741075
-1.2885985957319568
0.2669427743907015
-0.3679640012502523
0.9900998269251411
-1.5580111128003020
0.2666951656887752
0.7464510694741396
10.3813970732318221
5.0077348108810220
-6.0024095022426360
-0.5868893890225395
-3.2620153886994996
-2.6199657403212799
-0.8839464357817314
-2.9374435211148686
0.1355068062664138
-4.8180301870568618
-1.0189549017376121
-0.6315312852028852
4.2283370267479166
-2.2634180407950115
-7.0468925367703434
-1.2171701620132305
-0.8772892559111247
-2.6566620694594727
0.9112328125997100
-0.4283507082464404
0.4139899737794329
-0.4533624442173418
-3.0721925494738072
-10.8018354313305913
-0.6782517884870223
-1.3590308577228485
-4.8775386696631875
-2.3614643579562493
-0.3102165876215875
0.5680705094837484
0.3986861264655531
-4.2105859472927474
-3.0170869382259227
-1.5767183331938626
-0.9820768477941442
-2.7516484374395636
-6.3670895083095091
0.0573396314765655
-3.8579315296745325
-4.7484260379754000
0.3906672492975585
0.5934119105356023
0.3590011666269862
0.2591565752593978
-4.5860601149472986
-3.3979541645551183
2.5126745578773124
-1.1439516426051322
-2.4533290896309863
-1.1934749310324095
-6.5232258091500279
0.3859954242641441
-2.7107271784726281
-1.3611060315033932
-1.3155557832379980
-0.1824523285031371
-4.1849001224421052
-3.8220211792609033
-3.1438498349159412
3.5474235630456024
-4.5658863130610436
-0.9719439142830298
-2.1071186734622001
0.4013461847800983
-3.1149410472917465
4.2055638172073913
-2.5021158496915690
2.9739607845380589
0.7565797633819549
-1.3163479381366601
-4.7238532120518180
-4.5931191355550691
-3.3617971572403338
-3.7532224413300304
-0.2135736785221431
-1.7434040562255475
-6.2714387587765961
-6.6840182314019678
-1.0497626409265965
0.2412650861288362
1.5508928665537216
-1.1420083446457949
-3.0923606208844538
-0.9249990190855403
-0.2008454948255005
1.3650658564466900
-0.7318993431181470
0.8424363315808364
-5.1052102370675270
0.4500205337026971
-0.8026671480478742
-0.5147144770314045
0.7966318899169289
0.0211322232547957
0.4983705741460581
-1.4233626748047776
3.5309805141274189
-2.1062317850117798
-3.3030274131460979
-2.8051562928350702
-6.0420020438561526
-0.3731611432191986
-1.5328704595305220
-1.5114673718126743
-2.4727211371462245
-0.2861911882869553
5.1198972028149976
5.4804432664772715
4.6372884312174065
-1.7637592940607185
-4.4109937248310018
-1.9087158821280803
-3.8070474862624053
-3.2793855554406934
0.2127373955470987
0.2863566044103845
-1.0773808580032067
-0.9578651857933695
0.4856828936974101
-3.6824346212193326
-5.5343153469861814
-1.0943660248023268
-1.7158318576789944
-4.5553838341168920
-3.2876003520780324
-7.1951006034363534
0.2611445930900028
-1.9959693140788575
0.3290376870959281
4.7511759436136858
-0.9685941212474054
3.3075723847631142
-2.5514314115038594
-5.1378438131448192
3.5808301049434474
-3.1284375139648510
2.2116977648188216
0.4056864495409018
-2.3277249147297430
-1.5278043548838816
-4.5157999169668086
-2.4717670907362028
0.0711025526285430
-1.2529261557227067
0.6434310576014186
-9.3001574637942213
0.2323229663281758
2.9230483939275422
-0.0463901204630315
-2.3525352123725369
-6.1859626280923097
-6.0355870047129763
-4.8746060343334561
2.7691703776851080
-0.1493214998091790
-2.1033175141511453
-6.7610784293115769
5.5861755213622857
0.1832011591204939
-4.6633497551565890
0.2886437087367005
-3.6295403997181159
-0.1633030793920489
2.4438257171038966
-4.1431555200560837
-0.4048107747316420
-1.3006031945093424
-6.6581986701169651
-5.2061396578652728
-0.5763647945249389
-3.4050970892802406
0.3005530161468186
-3.4053581950201175
0.1199447627130789
-1.9473163982333062
-0.7864429259343348
-1.5437512751636213
-0.6137090508223590
-1.7202228663113197
-3.7077140558754680
-0.4709919099599770
-6.3222887753350490
-2.2151707475096392
-6.3263468159792158
-2.2232109588872841
2.3720635039127518
-1.2812850419297996
0.5434287616502479
-2.3922204412908386
-1.4322093813434122
-1.4339999592114678
3.7082988420009633
-4.9448451280716750
-2.9664551548357116
0.2005915627689602
-1.9832297022871335
2.1211537794771966
-4.4178095924896512
-0.2473239963203872
1.8337547946471662
-2.0294909296623826
-1.9892837341385876
-4.4267646778285954
-0.7152164804459884
0.3964848248254810
-2.0849355714136473
-2.7016636081911249
-4.4817967051152721
3.2717061611322724
-2.1784400568507256
3.0125252156535689
-4.4875937367024212
-0.9554464957192861
1.0605440948574105
-5.5092852263298520
2.0794407941489230
-6.5429528666333381
0.7840313138441761
-0.2210022671870109
-0.0026258227193046
-2.4438055831360384
0.3252168807289553
-2.2069367329649618
2.1089830833562431
-2.2607019208829020
-3.6888438374470929
-1.1965951187236088
-5.4803194650486144
-0.7053194641648681
-3.4473779102288908
0.6136661039184834
-2.3598131363412165
-1.9021701577652688
-6.2249488167846767
-3.8012674156973221
0.0917616035550017
-0.7720186488222681
-2.4816753726384331
-0.9557267660882730
-1.6726299733043402
-0.0699803479579607
-1.9255710364285428
0.1296115754813223
-2.8763478445464701
-0.2337461833319917
-0.2550744536395648
-0.8693010975762314
-0.4561064817407426
-2.2871959108034972
-8.4177784988919662
0.0391343065834546
-2.6270195603994213
-0.0005334639319220
0.0188227579786523
-5.1833032136068979
1.3505347138572956
3.8479112067376691
-0.1311516831127073
-1.6712041092366827
-2.1306854098706154
-2.8532890642634205
-2.6019273016882360
-4.5673146503962725
-3.3041086778505422
-3.7883050689312170
1.1122125866509756
-5.5831995627025606
-5.1968962042977633
-1.6294215618562533
3.8546136384958207
1.4049984364766912
-0.2384671011177530
3.6522382884134701
0.8565847152571102
-4.2620530348572414
-0.5444348668598237
-1.0754696941401831
-4.0394254582357503
-0.8057855535562568
-2.5267002622146344
-0.1311483143499288
-0.5454744258077305
-2.5790740520220599
-0.8946870211171867
1.8507996672545930
0.3582999254694633
-0.9084693794094856
-5.0268914635914976
4.7857037169463990
-3.8338312575924149
-1.1380291833552283
0.4539958458558862
-1.2314902473407559
-1.1514216590136863
-1.5440815082030703
-3.2531807492805029
-0.0319158239199413
-0.1719044384462910
-3.2679571454224909
-1.4677827097872291
-3.6726493048534747
-3.0774272158338536
-2.8492675512743602
0.5792545346706670
-1.8194318341864346
-0.3410103775893836
0.2224036131128958
2.5735857120429526
-4.3410469698310612
-1.2429692192955342
6.0178146048625178
2.4846271308584145
-0.0558019211884685
-7.2779862757510614
0.2470660900193013
0.6393431761857242
4.8209623292594106
-5.0006363486851306
1.1581677063777154
0.1156094461909483
-2.3936437232520138
-1.0615178941674785
-1.5921144090087067
-0.1219626901932338
0.0471931018604692
0.1982697004225053
-1.2700608400679845
0.0617343914323364
-0.1085350004823407
-1.6896461212183416
-0.2149590924163782
-2.7503256473715281
3.7176408632287750
2.2838154172384133
-3.2325688333789921
-1.4762163690048755
-0.3586230252658715
-3.7965316987370343
-0.5210214252302038
-4.4428250138749661
-1.4891581000686553
-0.8528098254831518
0.5015342909843564
-3.4240067247420320
-0.4617841425723323
-1.5910027448192783
-1.6670275017301941
-5.3210716105492608
0.1678399886941506
0.9451153354498142
-4.9634485523911973
-5.9074323781659830
-2.2170050385673843
-3.6008888113228714
-3.9811772867393658
-0.5912578776599264
2.2370821527914697
-4.8912149074837616
-4.4551932788303041
-2.7281075307304801
-6.2576535487066467
-1.3180487926602071
1.6654958151986226
-6.8684137894035198
-4.0154471117241108
0.7047980047022383
-3.8137321709515040
-2.1293087753896711
-1.2816383738450359
-2.9618624887456164
0.3977033768498561
-0.8697577234879902
7.7941888993867874
-1.5910549561315326
-4.4147657540353409
3.9279362168451692
-2.5026715302273672
-1.1551266719229325
0.1884198087568895
0.4495143063265323
-3.9168912978488777
-2.3071553025465974
-3.7391358044824083
-1.5192241767236663
-4.6600143597612060
-0.8605178226887288
-2.1604554798574234
-0.1897700896491962
2.8378794230195874
4.3296728737812273
-1.0617620630281315
-0.0720595500782679
-0.6897819910907014
-2.4201950874024685
-0.5401363508389323
-4.1435441305576868
0.3632355388365076
1.8177840765376723
-0.0758995319012185
-2.5354069513646480
0.3195841755650091
-0.0780491256269124
-0.8906320772497411
3.0742123921987474
-1.8896270692233486
-0.4509346383130194
2.6286001133476740
-3.4102453877757655
8.0541776851335971
-3.8701820191121867
-0.6886076713740361
-0.3543606520675565
-0.7910187065416064
1.6520480983464940
4.2926941316548533
-3.6886283499093970
2.4096858974948288
6.1450889055666273
0.4457184823027219
-0.2102548356471843
4.4779907865596398
-3.6255740799847445
-7.8418959135731345
0.0689012195178295
-0.1076437853274504
0.0968096211828423
-2.9895176953006346
-4.1563177880441415
-1.9362229189864839
-2.7644808944682979
-2.2934811901302972
-2.5226264283377855
0.0281727598288900
-4.5068195974405931
-2.1865980498006290
0.4123628266073858
-2.2249673144128965
-2.4296721674379502
6.9871753239305026
-0.6372452858800565
-0.8196359550719549
-7.5945779801467683
0.1999522397428667
0.0634194533354499
4.7593813294058354
-5.1137002903300441
-5.1734716869079262
-0.3808397218668890
-1.6015696173094094
0.1125157821579576
-0.5356324363865548
-2.4045503126248704
2.2256414294494498
-4.4955665152066029
-3.5572633224014885
0.4568997635139504
-0.9655623961214980
-4.1888830850562231
3.5105254960548433
-4.8224091630198487
0.2467797829750934
0.7515365305970967
-0.8539921063422276
4.6742475634774214
4.2946895911993375
4.9481174073087537
-0.2709152083416673
-5.1192798369030106
-1.8588091365905430
-2.3833383332920581
-2.1504492413472849
0.6338087247832010
8.0151808453291977
2.0113219957032498
-0.7926536457130958
-2.7163127548811365
-2.0890226734767237
-6.8787331415092847
-0.6337700779937152
-6.0391590102718258
-6.3488756162968434
0.4382938154886999
-3.4642815272138385
-5.4023128294387588
-2.9467284495301804
-3.4028419768913620
-1.9392936812762944
0.1329600362650846
-3.7162627147518639
5.2625474168869477
0.1210237802094308
-5.9679785014899451
-3.4131957937302269
-2.6811427445408529
0.2535736407124332
-0.2193202863039762
-0.5996057520009265
-5.5440347160323666
-2.0419751535433610
-1.4337841876732869
2.3551610831335750
-0.3629127782881292
-0.5162069047897690
-4.8548369604422872
-3.5398627451211109
1.0240018064796519
-0.8144732101382847
2.2820418665429512
-1.6512895544682111
-3.4070134169100519
-0.5286362548785247
0.0334949722769340
-2.7573705184687141
0.1002990924824402
0.0514170673965899
-1.3114696569634787
-2.7580301249661332
-4.7966040755470498
0.3638674332581531
4.1051801654162130
0.2267127171342714
0.8747417373251937
2.6171498365892574
-10.2477768467619406
2.9397944066442814
1.4121751762089809
-2.6035584917754062
0.1797009857557451
5.9763103843058234
-2.3313239755681501
0.3625665042020060
-2.0281495791384496
-6.3754441744338290
-0.6516811145943905
0.3410810622266099
-0.7099058243302179
-0.6155785849044477
-1.8884363600427843
-1.8804235437261070
-2.2753794469178970
7.8176525175204761
-8.0103693053726932
-1.1945956560491191
-0.6216504833477539
-0.4311302667238189
-3.0143633418640974
0.8715063623002552
-0.3697059022896033
-1.4270751498386693
-0.6545668784761710
1.3796304859364861
-1.0638392059622379
-4.0427991118272235
1.5928833861519713
-2.6461604530944265
6.0462726886336693
0.8472784975239925
-5.1673662155540212
0.9596650042402752
-0.2262094392575007
-1.8344669365997881
-0.2154078877178085
4.6640260897218582
0.1952713882435140
-0.5662703220477435
-0.4697247647013412
-1.5402592066952143
0.6438226484498221
-1.4715958739608408
-0.6254294252894238
-1.9258910725506535
-6.0562556614783318
-1.0474920427108305
2.1762311091347053
-0.1562463341327031
-0.0639842198155833
0.2744928277319179
0.6416645593871702
-1.7446201838398347
0.0741193014722677
0.3321243484278852
-1.9277547132962900
-2.0941623393904116
2.9340420754981458
-0.4017343917431931
-0.6822316463884198
-4.7386268904227791
-1.3691934734885900
-3.5929388322481541
2.2527746434117248
-1.3019400642765158
-1.3421820209606807
-3.5441753372939875
2.5239314658040981
-2.7064681155536641
-4.5796579620980635
-1.2574156529429350
0.4383560266579266
-0.9318336797949169
-1.9028958068077781
-5.7910564884083708
-3.8123177058033058
4.9933243008925468
-7.2688366698626306
-1.2910131437057897
-3.1328237890024098
-0.1704099547614154
-0.9123939996766458
-0.1486956222146248
-2.9493133735058747
-2.4989023401607788
-2.3730809110907609
-1.8997045559959416
-0.6155668069241385
-2.7176525904778197
-6.3730022770496788
-1.4212049495888079
2.9842007883090687
-1.1341124781198271
-0.5818711245641226
-0.7839022475783068
-2.5061477523498561
-0.8377532787864856
1.9166713544728033
-1.4625108680243213
-0.0997942663791004
-1.1139720076788036
-2.0502078049738768
-7.1745618337334172
-0.7568627229185753
-4.1628282125591198
-0.9888422331395117
-2.4221406081277572
-0.5736949556739626
-0.1792475473104108
-2.1412188837072024
-5.2935624393670144
-9.2496153577621865
-0.8164196265143165
0.2547280197795491
-1.2151333461797245
1.8687233727104160
-1.5014219452177855
-3.4732433574838124
-2.1514895451241762
-0.3969810884859271
-6.4500907101960916
-2.8718524861572758
3.3419359646914057
1.2470603510796749
-4.6842663897143657
3.0197092435716897
-0.1588625625015957
-1.0951895343067590
-1.7500138263610681
-4.0524667380031891
-1.7184060445729170
-0.9488315098806339
-2.7569453476957295
-1.5745849020079303
-0.1386515268010953
0.5522391824598160
-4.6564899623496201
0.1297954917584703
-3.2478677971146750
-2.5206841977167227
-4.4821282217324532
-0.6328840785800407
-1.6432999528662768
0.1500177297833926
0.1065079306443630
-2.9962180322104746
-3.3391172479637414
0.3749090748753808
-2.0496144136268715
-5.6244938132081117
1.2045298540528229
0.1147524706183556
-3.6801985628320448
-2.1982625500547468
8.1490637521446523
6.0811613411680012
-2.5908824309036484
0.2224121463106589
-4.9107247801277154
3.2589384620012707
-2.4282810763225915
-1.4068089337494942
-0.3005770490850415
-3.2266498345729602
-2.7043918253512369
0.5112453039058847
1.9010376118970591
-1.3944432502966753
-0.9278581418654677
-0.1168219609783933
-1.7244777910317624
0.8967227407547209
-0.1569267691941562
-7.1540024261875201
0.1838988195786403
2.4005942487842562
-3.3411677871749652
-4.0649591416487842
-0.0261482775757247
-7.1718845764535875
-4.5942191391886595
-5.2746606915249927
-0.3486925007199723
-2.3184218495858082
3.3139557616083253
5.1923537117548753
-5.2329318679456183
5.6640619979065185
-3.5440135095860974
-1.1789035262320138
-3.3270457754513165
-1.5450898482721129
-0.3389800805029410
-4.9555226892222510
-0.8820409123361025
-0.9797455510008293
-0.7705383121896467
-1.6378961447155844
2.2087639027128141
1.7270991541058771
-4.1710995750992446
-2.5960742761819873
-0.7008226196797163
-0.9211853683604450
-2.0935661341644023
-2.0023435086931736
2.9357993773851510
-6.3166986338354292
1.9413679929804566
-2.6244348916405360
-2.0929554755478410
-0.8001750293619589
0.2874464569364105
-0.2872465012695557
-0.2283959776830073
-0.0922365221205523
-2.5106706455286432
3.9419929082295875
6.0605891291975471
1.0805873548719214
-5.1740778487936883
-0.0884834241205709
-3.6708902349704449
-7.0072293167161961
2.6118176326496334
-3.1621391287331813
-3.5419648891120801
0.0873729555071041
2.4587943270498336
-1.8969564269295645
-1.5645040944138873
-2.2419630481340285
0.0845919250251106
-0.8421641431705715
-0.7509411592898670
-1.2199412884305401
0.0537108383565747
-5.8425166060909817
2.4453004828331713
-3.7139517953379135
-1.0475553394348975
-3.9415963632157580
-3.0489984761473155
1.3311733846844451
-0.4096771774582481
3.2283099724895377
0.5268482667985465
-1.2733945756125153
-2.3318643570300459
0.2605719051160909
-5.0534443838200440
-4.0761664359411522
5.1804994851143666
-0.8602568921116884
-1.5371227120861322
-5.2069470901173300
-1.1663462114411642
-0.3364868121888634
-3.0399007896497574
-0.1701688330290588
-2.2699513903034552
-0.5753236175841812
-0.4875306304649432
1.8260686173194949
3.4453115312501272
-3.7786848517320606
2.1204283577788297
-0.3934754609123534
-4.9933570896184873
-4.0036547209648026
1.9017523677095929
-0.1579200535047028
0.5225723327949265
-3.8916237892959442
-0.1176821889746329
2.8689204336686029
-8.0559947847911548
-1.2143139389082913
-1.8535815493047787
-0.2653543198453123
-1.5012676779530401
1.0228807121085559
-4.4761857906128526
-0.3184217727427783
0.4516601525374861
-0.0075895830525322
-0.4896546677940760
-1.5381245961482004
-0.6206163881688326
3.5303488242965928
-0.1116512768278591
5.4947792417908152
0.2800841982727643
-6.0330940619870752
-3.8172219240350840
-4.7028079354723111
-7.9846371274113546
-2.4701023502139501
4.5960591599355487
-5.4254012108696319
3.3963434805949437
0.8264103343555167
1.1614693137274126
-2.4628697470225229
1.9287986693368118
-3.2142120237636296
-1.9151152678276291
-3.4675106147139334
3.2225478355674548
-0.1042791039581825
-1.8109627424021613
-0.5041449166005094
-3.0199457637420193
-0.0316475687302959
0.1898289894440292
-2.4059346719913828
-1.1895614037621076
-0.5921657237698581
-3.8716535634812597
1.8579274603609250
-3.5284247778554394
-0.5065163545692619
-2.6279948551898591
-3.7554331755043240
-0.8836766606422719
-0.5172941929788045
3.1651466386630460
-3.1678429628063016
-3.5938111219467701
-1.5184333199295188
-4.9040416455719509
-6.5486970945229306
-5.2190396284382174
-4.0954949375661842
-9.2913691404863616
-3.8130620875205272
-0.1073391720503959
-4.0146847408029487
-1.8688973076256661
-2.2308566486824337
-0.7469066510053638
-4.3398766273415488
0.2676704632991713
0.4645641560941240
-1.0175943415235524
-2.6516427008812151
-1.0151233741453829
-0.1730857935637856
-1.1434216699998341
1.8602281966956808
-2.6542272713973309
-4.9530021659001893
-1.1524726198105448
0.5718699114042168
-3.9403881444487698
5.4012040674434738
-3.1149379316053523
-0.4640014030215145
-1.1763497126216447
-0.9890934663863032
0.3174140017594806
-3.8699374813922076
0.0989404480068287
-1.9100404099125758
1.1785920022077290
-0.9645549620997509
2.3217500913752507
-2.2827327980164269
-4.9719172897549706
-1.7149772586253789
-2.3018895740633121
-3.7603011197462863
-4.4606145698038651
2.9367779198856923
5.1853453145743638
-3.1460413393476485
-2.5278331811421864
3.8041232114547041
-3.4500146415284139
-1.0486206761673971
-1.4002354210577557
-1.3226844431887830
2.6148407067090140
0.1810293639467624
2.5769950996188720
-3.6648164197865527
-3.0019177503419967
-4.3262945299343718
3.7426876283678365
5.2419845510591756
-0.2622927257261465
0.0250776292305214
-5.0617710358910735
-1.5527320975598895
-2.5525028376747425
-0.5822486911779369
-1.0106525384802512
4.0794468367225125
3.1272395484456577
-4.7562827818817635
-2.0588040194559594
-1.0506281274135949
-4.1814013906689906
-0.7930786971041157
-1.7535222161399173
-3.4821555529528765
-5.1305527994810465
4.8773013346397303
-1.9673956617400159
-2.7580385421110725
0.0554877234670674
2.2855963860088853
-1.5601495624810764
-0.9983170523437319
-4.9495163156619686
0.8052476191455309
-6.2691898548845444
-4.4855057160878182
-2.2014516196895704
4.7865240642569455
-1.4533768240879339
-1.0381607526524692
-4.0666999512691602
-4.6015414981080216
-2.5194074884975226
-0.1413647876363645
-0.6047257373876278
-2.5624029135905451
-1.4403962395346526
-7.3145913030815572
-3.7793068328977109
-4.4387941473190491
-4.5206819284703625
-5.4776326027335287
-1.8928640739258040
-3.0735424205078772
-1.9300485025620349
-3.3238069648383810
-2.0923909303854891
-4.2837011265200617
-5.4081995350635124
-0.8878337633535084
3.7998237906557311
2.4244134788393108
-1.0199389547709101
-1.1955974606314288
0.9644089281867786
0.5336330040348412
-2.0464863170616310
-6.3295361585291232
5.3609638195341605
-1.5405138485618994
-0.4501884586188295
1.3787764345858982
-1.0600035689196385
-1.3213041298776107
-4.2661062149744460
-1.1044500732870897
1.5257766518089868
-1.7738370339334477
-0.7701378221573812
-4.0639859878262001
-5.7199201275084883
-3.2016046426315263
-0.3039296556401451
-1.1499483638229051
0.8273504131390510
-2.2173129307389194
0.4931412925879708
1.8945951301516031
-0.1476275960998983
-5.4628149848255143
-1.9138770934126306
-2.9506537790212275
-3.4097604132683328
-4.4729489137693381
-1.8622557329068037
0.6711292305389127
0.1244089373292607
-0.1233685721650466
-2.6275949434345445
-0.6766977322748533
-6.6427483715227114
2.0836696751738852
-3.7995694990635451
-1.1779039161875455
-0.5820021822310264
-2.1321232789580007
-0.1558860229807574
-5.6166251588387031
-0.1787466785872420
0.1439152153997952
-1.2825232076343331
0.9274533140643306
-2.1847113752966365
-0.4455930054297119
-2.9390563620911214
-0.0486522680782660
-4.8630793760984661
-0.6789917099377323
-0.8228407825948973
-1.1152580132932637
4.6424984085418375
-3.7527216172395326
-4.5897453021297654
-3.8523451824532318
-2.1620157292819755
1.8688634150558456
-0.0679707350585777
-0.4858280556916229
-3.3152125600641034
-1.8926387259539106
0.3729787277000347
1.4088539749442979
-0.8639873488993900
-5.6164824171628602
-0.1139059297265653
-2.1452162874939691
0.6387056795532524
-0.4259296637292954
-1.0265110304183545
-4.9457147678285400
1.0086489346391381
-1.1143968396099790
-1.7958441336271851
-0.7205635400293645
-0.8518216963798393
0.5374629924128838
-1.9205265291487763
-3.0605674692535940
-1.5744284581519725
-4.3032038818576552
-0.6489816106209521
0.3274372006930593
0.7642291308554274
-1.7444864198538177
-3.3473481987141613
-0.0152586120495774
-2.8239659216451760
2.3541486476741751
7.9814828728997158
-0.6305681931457170
1.8465935870069938
9.0943683138637521
-2.1297400011423293
-2.4098841132616364
-1.6307574324769860
-1.3255750881433643
-3.2324618142520070
-3.6360851282084221
0.0916887967408884
-2.8547944969906096
-3.6619141834400897
4.9831731808249140
-0.5432658975116544
-0.5782868821101947
-2.1141801765497004
2.5425551510601263
4.6503031745799221
-0.6709351324954830
-6.9063555312722764
0.0410676647923945
-2.9178306521368071
-6.1427203297006292
-2.4424768334654745
-4.9205834777868924
-0.8829000072378022
-5.1242247018633478
0.1735752491924556
-1.5601609269357908
-4.6300707782450958
0.5580785095923975
-0.3914155333733396
-6.4911013614380488
2.0324926695989887
1.9527729119822983
-6.1958389102979172
-2.3837298556260791
0.9571769281511124
1.6519047863246221
4.8408316321472986
-2.1041578169216679
0.1241092001051569
5.7533977962616509
-4.1981137227066911
-1.5577179682472195
-0.7259065131570051
-0.1475009698428923
0.0286727951872752
-5.7813991314197883
-1.5426735027502692
4.2070338390954962
-7.9860044761828748
-3.1324390076565765
1.4570441106172975
2.0961790013179833
-4.5232426571485433
0.4507114068846406
1.6265265696046733
-0.7653807001271418
1.0156606524404035
-5.9826540898769958
-2.5150322144378521
0.7383295079228075
-6.0510673291775881
-8.7398699454149416
-5.4132306031412529
4.4789972765872488
-4.6115706970557113
-5.2781567871358881
-2.9682949220787371
0.3116555606495343
-0.3139078429802692
-2.2916808897470990
-4.2772420636486146
3.3173339649254499
-2.9822887910953071
-0.0679811584117488
-1.9073962092203172
5.1770206484841967
0.1446140876675888
-2.4183136227146087
-0.1694075091815935
-0.8557511969773997
-3.9284185224395460
-2.1827458674948867
-2.7587648856588531
-2.0030910734765479
-0.4056378422467107
-2.2740648367328196
-2.2889114487437610
-4.3333503202341275
2.3549626216327399
0.6007523944752863
-0.0393139291599632
-2.4540262398689339
-2.2972652219426948
-3.0841769018942964
-1.0442530802786922
-3.3308093571659900
-1.5558241342754655
0.0342381148119921
-0.9023967000976090
2.3222783004425964
-2.9399213966848459
-0.7528312687257830
-2.2773978258789183
-0.0242739556354496
-2.1992528280139796
-2.9904272282589415
-1.1288067346594111
-5.3100851352821525
5.0551480946673788
-3.1617830331699048
-2.4155679270899948
0.0615484458030762
-4.0218650259486983
-5.1499216874596208
-0.9506513585460319
7.2459675695038959
-7.2347636003712497
-2.2839370165349280
-3.0798292716864148
-1.8905757096445701
-5.2862219487951752
-1.9805818946259961
0.2027540758801471
-2.9909027206838714
-1.6027911384345659
-2.4968623992094461
-3.6642880702900431
-1.1686169305463046
0.5683191337670467
0.0892478083165144
0.6911732973108626
-3.2276853094570161
0.4034365857719059
-0.8048685607784144
-2.3708271672933496
-2.0363063939451789
-4.2481809609533148
-5.2319064324302396
-0.5940627932144442
-4.5962061129570593
1.2528079387136106
-4.9293381524034068
-1.3424045803356930
-1.7130754694700674
-5.9821221996767449
-0.0191854484092267
-2.6939944011941210
-2.3580584863796057
1.7974951223655586
-1.5814222280603207
1.4838849415055038
-0.1463156034413910
-6.9210128270966704
0.5569078679514194
-2.1858377743061519
-0.4402761305074407
-1.7733317659564782
2.6753438273277834
-0.2153310808627913
0.4789954631209447
-2.8161176226163778
-2.7429673985667087
0.0386629097230841
-5.6244925076063774
-5.0946276419793382
-2.0403888537653132
-1.4686096936774860
-5.6857986905143960
-1.1107480282007638
2.3062851858355553
-5.4634546378679607
0.0909489076738524
5.2118982851674511
-1.6870181920406164
-0.7641196118095231
-0.0718782820190203
-2.5934027268046167
-2.9491862230414174
-1.9117824712256863
0.3682956585322634
-5.6561468418461383
0.3873451987253930
-4.8952399442294805
-1.0536329236369195
3.7239473676345458
-3.3871152092271237
-2.5073375800090485
-2.0892250945766384
1.6285846176033862
-5.4344390335047024
-2.3406354255985260
4.6500237597335925
-2.5159398728317171
0.0563062842458749
-0.2975830084286312
3.4992997981072289
-4.7736173318450561
-2.7231815929676091
-4.5140113271795155
-1.8516622229261199
-4.6816387820058880
-2.0745921890406565
-0.9298332979636448
-3.8112799974570430
-5.4025946693065201
-2.4547204814874948
-4.7451370389824588
-2.8440829541416188
2.1161136275719508
-3.0266580940931660
0.8539926807897155
0.3207563096713196
-0.5719332214404286
-2.2561763195917801
-11.6988196234712341
-1.1995776020936963
-2.9050514006631780
6.1746930488279315
-5.6241001723610289
1.6179080527253669
-2.2776013004903759
-0.1155346146519638
-1.9938301478328999
0.4708570219122262
-0.6754946099712354
-1.7205200718396267
-0.7549902618680123
-1.3613004153769066
-3.6178404616018369
0.5619426448490399
-7.4865837942706692
-1.5556940683755081
-4.5486803649264367
-2.7654403213024015
-3.1343131105459427
-3.6401352048511955
2.4313604253730006
0.4537015712921256
-3.5106335739472629
-3.4885446676836311
-0.0527146825713969
-0.5091750956098063
-3.1443757659072102
-4.3456258247330730
2.8679276241915206
3.9121319093194695
-5.0231730715662160
-1.3643952085211359
-1.5510923505950516
-0.0357848610428781
-7.5155048242934344
-2.1104973470736397
0.5116126362637710
2.9455746438877650
-0.8300981594866275
-1.7888549789551318
-5.7569409064609500
0.4559997960572114
-3.4942339779446003
-1.2885379097129943
-2.6624617338624326
-3.4902446674387777
-4.0428147033616773
-1.8153732655975170
-7.0149646440099298
-3.1201828934077915
-4.5229351518737184
-0.9339119414709178
-3.2868196880929612
-1.0797551097780849
0.0714038907881426
-2.0565907310791043
-2.6362780248485831
-0.2352501459196943
-0.1204591133191941
-3.8001032199450400
-4.7753487417623868
-2.8462875149640383
0.6163164730558984
0.1972334614262035
-3.8425573201578134
-0.1505144318507765
-1.2015830973063661
9.3316169573479950
1.9004010840168786
0.1936947021559697
3.5898479667970835
1.5988853608236420
-5.1879348557828626
-0.3407403757269869
6.3800622817073434
-2.9738428896465203
0.6080906204861352
3.8333137123281049
-2.3442678532350949
-3.2016656296749622
0.4130628045127048
2.9059642656298417
-1.9583922904303170
2.5257684056082494
-1.4157938451089731
0.7081191107831162
-7.7073614016105036
-4.7865566713017733
1.3336491000665864
-2.5187149816010987
-3.2200952240137815
-3.5668209852112280
0.9315015534143782
3.9346449856062971
-2.1143801814090777
0.1556905626171336
-4.0246866527319805
-1.7853953014469952
-3.1352373217985972
0.7580043073473863
4.1034155099535994
-0.3476433700115237
-4.4817632618299221
-1.0673769926687624
-1.7208706970502701
-0.2053281123744302
0.0406249953226883
-0.7107217243907625
-0.2142271700408138
0.2034692714872748
-1.0442303163873099
-4.8282969021448228
1.8194788141132576
0.9945578961271828
-1.7128164779715622
0.4560149744746175
-2.3190284552995957
-4.1675986726951235
-1.4466497666545373
0.0470901625336046
1.2671738498811844
-2.5370935710274631
1.1615969172099074
7.5132599670557045
-2.2785994316399640
-2.4485571347899171
4.6880743178084368
-1.3660480421292645
-7.1876988918185543
5.2349663947534433
-1.2636498870936430
0.9412415153498032
-4.9946768774564365
-0.1483885736263796
-1.3868545718720633
-1.9269677360392967
5.0289351559868667
-5.4878537263805205
-2.2272112826430650
4.2360438747522142
-5.8144108351663970
0.6725115358312520
-0.5100183659306262
-1.7387890264465327
-1.1564388350120229
-0.5885349339429096
-0.0482338756905738
0.3569651391320686
-0.9578063297946514
0.2934392837623895
-3.9263913860914292
0.9569215715745334
-0.8224377331144013
-1.2850255471715730
-3.7489916103942122
-2.3210247819920831
0.0878366747660827
0.9448538827165551
-0.6796149973331250
-3.2019650699833893
-4.2368490985509464
-0.8335674210793041
-0.6202958732525168
0.1843824601908786
5.1295146383892183
-2.4371391101065605
-4.4681128711095006
2.1095179346466124
-0.5168198653812572
3.1111042948353873
-3.5861417832722893
-0.4491778744410425
-3.1719006867441943
-0.8969077855273313
2.6613302238183625
-5.1713179793326169
-1.5048254153023688
-2.5631956407489613
-0.1843030422874029
-7.2294459716956654
-0.7414493208856647
-1.3089542425373519
-2.2808587084820218
1.7183799765468619
-2.1171709747530367
-4.3225355424852623
2.8233113667427610
-3.1278921758521991
0.1587359257066763
-0.0350847709338385
2.3839082008565691
-3.6285290069732659
-2.5911730421767150
-5.9256663174126247
0.0361745142971342
6.5343086094563443
-0.2135459691917187
4.6111179340105393
4.5058209891623688
-2.5115934605552335
0.5811699541753196
0.2748997185834303
0.7813366961014921
-0.6538089249967459
-5.8342986970300252
-1.6248702472149577
5.0512145315896131
-5.4785140284740192
-2.0126177344269620
-7.3309726632328012
0.1989550142688909
0.4088157260660118
2.8482645109169376
-1.1949905875467528
-0.9543642362467785
-1.0290871896948490
-6.4104469127484887
-0.8744215681502305
-2.8433612061547939
0.1166254237076445
-3.3277258339986369
-0.8676322390896064
-2.4731091338105391
-4.6798778593308059
2.3219876581536800
3.1995782385844547
-1.8218796623378504
-0.6628674650905082
-0.4049513024871841
4.8041283527785419
10.5820978248218474
3.0486259754967424
-2.7860444819898116
2.6326025982880843
-2.1614210903256921
-1.0939743392419308
0.4261285927378715
0.5914204509081034
0.4959248981748028
-2.2197582775257887
0.3489152272936762
-4.0220074919671625
-0.4595999438334578
1.5355510753353214
-1.9732195712386769
6.4585319101864673
-0.2682413836128644
-0.3079449866304040
4.9330730820629842
-1.4116290813725636
-1.2133892950309979
-3.6062223324923037
-2.1205473661459355
-4.7083415147866585
0.4856618553161496
-0.1635588030190941
0.1617051885970684
-8.2033295035816014
0.3356917922643370
-3.0262120269079880
-2.8273302964543889
-2.3292103359337828
-0.9585999229393511
-2.4963752302648508
-4.7048056539674716
-1.3196556501137220
-3.1286006193653364
-5.5268593789630964
4.9225949043937849
-3.6238092477751866
4.5948069580307687
-4.2815033821089532
-1.1949698456854312
-3.2797440937579232
-0.1042477814728189
-8.3891517285366373
0.3890369313896941
-0.9154040236861898
-6.4778082035943019
-0.4885622404849318
-1.2694613483517814
-6.9064663130078738
-0.5414641277816863
-0.7447170543255633
-2.1922546146378585
-0.2954187153228471
0.9741481905971450
1.1504281265118861
5.7802277801075261
0.3221107395697369
0.9753224542852935
-0.0591190095782881
-3.9584269297206531
0.3590564212219782
2.0876884433638354
-2.9101373679316573
-6.2103180329398588
4.8738150688693551
-3.9708074802837827
0.4427802181889687
-3.4876434000056142
-3.3244624677833863
2.2852864438253260
-1.9156770531364857
-0.5527768434722143
3.6875946647273667
-1.0729265212175920
-1.8003926047163801
-3.5204454340906723
-0.7264019667449559
-1.9611180452571439
1.1672648661385543
0.4473976595016785
-2.8403792552400131
0.0738217870653644
0.4337399327293228
1.1182311149289577
6.9765011677357061
0.8887503455034782
-3.2669744454723846
-2.3257469863157656
1.3470688623486324
-0.9012794181246985
2.6897808244333010
-3.4231032724220412
-0.9494732056565381
2.3529111276338770
0.0157846459330370
-6.7031497873340777
0.3802089482415736
-6.5284716627569672
3.4178656383358219
2.7097520825234227
-4.4175363723499972
-1.8666603704897895
-0.4470068860813495
-2.1727738033816784
-0.5663250742475456
-5.6320773073572399
0.2338502963528198
-3.0877398236897609
-6.2762183573068810
-5.5246389303326797
2.7079734056434974
-1.9093970037622972
0.5718462477831087
-1.3039681060270720
4.6616149806012706
-2.1889808136357258
-1.5280834706380253
-2.1163493928619315
1.7219835916228463
-1.7382462184385457
-5.1636038530552630
-5.0985206963834218
-7.0340852166505270
0.2130639056279812
-2.7312185133150306
-3.0752955814519827
-2.9856543837953819
-2.5282005148458429
0.2061197248293092
0.0954208597539143
0.7838070235141271
-1.8709443658817937
-1.6950107006926181
-4.1637642198610783
0.4114505591984346
-1.7592519874673267
6.3548457494590194
-1.1373953497280991
4.3740685600956093
-4.7161716193573211
-2.6049826167048904
-7.0957664237398363
3.0672962751778878
-3.5132405611125659
-2.9243923476892726
-0.3179275380355336
2.0332748563677723
0.1181786214375765
0.5842829675476858
-1.7037882084505629
1.7922432244468705
4.2600611889510063
-1.6706373408414588
0.3221714226158620
-3.5643852324667491
-4.1872683176164989
1.3980312621595736
-1.0211188528870030
-0.8572639730901590
0.6176873365781530
-1.8638652535867559
2.1211397573878030
2.5035994891465760
-2.1843758719639119
-3.0749838838844918
0.1225619251553182
-1.8190770780067766
2.1461408783435361
-1.6468855362965451
0.2202321287451776
-0.9439952766733229
0.2250092426847791
5.2915626479216495
-7.5641201294114531
2.1639988377167341
-0.8718582964452092
0.9931807061990672
-1.3585012359311801
0.4042168452275151
-1.0462783600855183
-0.6623132039359881
-4.2829120327840560
-1.7204541845721519
2.5520045269224636
-2.6854844530161346
-2.1178686784734944
-5.1074848744619583
-2.2912044011334376
-2.2019156860184728
1.6944405325096608
-0.5150707148317706
-2.8484557767442924
-1.2739344397207470
-1.1023087048398861
1.7969236394178143
1.2051626541424540
-0.2343471656570445
-4.5308975212379581
-1.8313088586426631
-1.0252355746678179
1.0144643310810073
-3.8468430689174751
0.7050881565500506
-4.1740679149823121
-0.3734993901798019
-4.7368432873390365
-1.9139508074211258
-1.8933419017313342
0.1215699044867313
3.4644874919094590
-3.0464559267735916
-1.4740095220465610
-0.9411185816066044
-1.5907139274865816
-0.7874252079611178
-1.0249717925895401
-0.1338445606374098
0.4399987692882711
-0.7302854550966522
-2.2081219971455526
-0.8422781399976906
1.0989455143650679
-2.0622827143621194
-1.5740515967700295
-2.4432163885896707
-1.4705783610699064
-2.9058967455307907
-4.1553503698487679
0.0288459453110269
-6.7341460722826225
2.0091888056182321
-1.7555522204520866
-1.1767843622542697
-2.4658038806751144
1.9280318465615918
-4.0185781137698378
-2.4225324735140212
-2.9927715583105217
3.4527588886654725
-4.6459547333187388
-0.6437615359592426
-2.0569691795269374
-4.3250588946786515
1.0581789785256586
-1.6206981699880079
-4.9844751687176343
-5.8134106426585843
-0.6095512594748143
0.9232596987658740
0.3152516843750168
-4.5243843248715470
1.3475511715649959
1.3460586582626151
0.1668333432401363
-0.1837594926303459
-0.7148463792059374
-1.2121640991987523
-0.3134617638514337
1.3246482903368257
-2.3173111740089594
-1.1363905838578541
-1.2006075385995427
-0.6100330048439387
-1.9150640805331693
-4.0768612249904557
-3.4578716363399047
0.5073064738413097
-1.2475846050554940
-4.5684726279517580
-3.3844250561979550
-0.3489895374451084
-1.4161016156547235
-2.2555823924076064
-0.3087219615904920
-6.9306960609799129
-0.0552893834394356
-5.3791597841779479
0.5450397144280019
2.6422042998252668
-2.6735598019589917
-5.8665798500169775
-1.9574980869695158
5.4021704524664473
-2.1346233638511687
-1.4855365732419223
-3.0649673689117560
2.1061277307166231
6.2595009050521213
-0.0265513092818338
-3.7915915440924737
-1.0379799408851282
-1.4408949992803677
-1.5045740872957234
-8.6970723894072357
4.2529344467545620
1.7763384761902812
-2.7246577538564987
0.9839910643426302
-1.7329737130797289
-0.5612359415793090
-1.1939811337696247
-0.2799605509024522
-0.7356506863186666
-2.1730309576911662
-10.2810276345813651
-3.4287524861971939
4.4848518500266108
-1.3397311240201981
-0.5736052034784260
-4.7401164168289451
-3.5295807770586700
-1.8825784758082695
-8.4793753296624299
0.2103478103403407
1.0030270847962752
-8.5624595911074746
-3.8558464167581423
1.3345868549191451
-3.0549332873375055
-1.8466074936354249
-1.5269567446996382
-5.1737708217360980
-0.9003188259807774
0.4722788994933327
7.6621282393364849
0.3479935766698269
-2.0078046194279691
1.7903967993273282
4.3484066734576592
0.0673248381371000
-4.7002634069298050
-5.1492615120940171
1.7650213435136048
-0.3717104222669173
-4.3773357201608549
-1.7701871060476748
-3.5742737380623746
-3.5389159036701501
-5.3206154295785488
0.5685116599966503
-4.7562786399891142
3.6368437039285091
2.3657888897219141
-2.8889833214135350
-0.6718483676662863
-3.3653791682724545
-3.8024322781970961
-1.7933702655700512
0.4329968488262225
-1.8112435273563623
4.4296236742172646
1.1074999555514631
-1.4499476409786338
-1.0587541898278416
-2.8894652602150694
-0.0542955080401106
1.7195388965088236
-2.9547745246378461
-2.0687525685395958
0.2402666111382969
-3.4290998687481515
0.0755904953308650
-4.6034417030053927
-0.3077556059875292
-5.6500331691036267
-5.1253374241515974
-0.1670675764266139
1.9564329021151809
-2.1286596266447191
0.9837993014925110
-1.0467894566759945
-0.2422706631319791
2.6987824159780556
4.2635707395775624
-1.6294338216047219
-6.1954685445812174
2.4182485574986270
-4.0266209284351921
-0.3374595019156689
-0.4787939136612271
-2.6262042785375543
-1.7875392582698340
-4.1768821070253948
0.1666720593744434
-0.1217264345508598
-1.1720225616519291
4.8838424022261755
-1.6985098275967647
-3.4449564971763924
-0.9865145894594857
4.5389480145719867
-3.0513900841681316
5.6488661347604401
-4.3770275082007002
0.0263530698959746
0.3662546141171157
0.3452527595534892
-2.0657627914117640
2.4264929068250618
3.4860993813302881
-0.9175176727423879
-0.4460067922526970
-0.3504455478984395
0.1955560981559057
-3.7349527220125109
-1.3081550442856953
-5.9566900551477930
0.8104749143061198
-0.1274865417219003
-0.4544030326924083
1.4225387711661233
-2.8788797490079623
-1.0771279184269604
-4.4029539517968663
0.2233200279139038
2.3135105136944034
6.3158517965487775
-2.0798193368107487
-1.8631762299050902
-4.0191920913380761
-0.6383883016842078
1.3754596888545978
-2.7881799318570355
-0.6167321076689170
-3.4986808267093652
-2.6895832014272072
0.1380817892013652
-6.1420737141808956
-1.6503806476386977
-0.8929728490897465
-0.2948985000785350
-0.2927707223122129
-1.4968451666459981
-4.0915360034357287
4.6746296670048446
-3.8914773813912693
-1.2274892392483676
1.4618060479830444
-5.0376740617761255
-0.9639299583796435
1.5846242968627453
-3.8559363518132428
-4.6062314398767876
1.8781209176991569
1.3833558842072806
-5.5432143029769270
-1.7100423825321103
-2.8331868302544958
-1.7331738663522698
0.4275577870465379
-0.6326289138495451
-2.3225227690533372
-3.4636787620072997
3.0276438571441768
5.9729559892532365
-1.8418525352913258
3.1404723023467254
2.6191857314263687
-4.0609478646010162
-2.6531433743491508
-0.7699760536103619
0.1040436568404376
-1.8306088714059996
-0.8431026048745713
0.9625450720178147
-4.1783491955212719
-1.9282874423616696
3.1468630960559647
-0.6912879011966357
-4.0538411802029160
-4.5518835849499251
-7.0873456129819452
-1.1474080141321681
-3.9651585526380284
2.7713866941254817
-3.6499779131850123
4.2099579639755715
-2.5852481277175130
1.9878606590285663
-1.0861072297861807
-1.4222932389772254
0.2728753522796963
0.8522957361625301
0.4083959551401605
-1.2259587187027237
-6.3993115207588467
0.5030506165463700
-3.7690623421934766
-4.2536238932348160
-0.5722097233601457
-3.6541761260435277
3.6137066949847854
-2.1165529028903509
-0.4750068313360401
-3.3302727675737951
-3.2316123712113511
0.5787554154013540
-7.5142371082927637
-4.3915033015912055
0.1041485814222216
0.4710294585759696
-3.4577704442415809
-5.6924443294302680
-0.4645787722801976
3.0614557377350331
2.4774380022549178
-0.5289374055178844
-0.2592860358410458
-3.5345991735029414
1.0041257378944559
-4.1759871764060348
-3.2396390326678874
-0.3901128355482404
-3.2595590109488688
-0.6738557795932323
-5.1137697373424409
1.0602952263523786
-5.0430137750879478
-7.8794985156383692
-0.0066034387939368
-2.2527369409311930
-1.8746271799206173
-0.7727127716115715
-4.0785299400103003
-1.9409169678570304
0.0965664865710344
-2.1819008262434370
-1.9352789158801915
-1.4447732298606017
-1.4383757554074093
-1.2582709656069915
-0.7939111546486558
0.1900986118321535
-4.2107919730055263
-4.7510392829516954
6.7288721305083321
3.4943771836245920
0.3954678237993536
-0.9402435015554926
1.1028351763103172
-1.2164154492777433
-5.5248305233645345
-4.1659071350967425
-1.2516378348225035
0.0102670568572446
-1.2461235996043496
4.3668698296156734
-3.2204095042427445
-4.6943564165246654
3.9780459362626353
0.7207797081578776
-0.9629089449782195
0.4905342849915098
-1.6910735031487434
-2.3242105635879518
2.1306822032035155
0.0775777124637821
2.9632339286054288
-5.2638264611986223
-4.4252861354022093
-0.0759030911436911
-2.4777636163631676
4.9191044549361083
-1.1043665956503843
-3.6460978064297485
-1.6719790328530859
-0.7707225837364536
0.4946206685965703
-5.6878962779128885
-1.6335995515761406
-1.0787714612341157
-1.3999785136874072
-1.5269037216588917
2.2379524349388475
-3.8520587859446853
-0.4251165826493737
-0.9472941920693627
-0.9780436828172590
0.0722063800270728
-3.1610834695214223
-1.3702721457725811
-2.9140929404200002
0.1494664010651359
-8.8617132498767042
-3.3104031389549844
-1.8969062025986767
-1.9670765215757853
-1.6271351662287112
-1.1566875513337478
-4.8828321895512339
0.8930608397047982
0.1553691224343718
0.9060314921068607
0.1868317434757659
0.8780358315729241
-0.5720203275784664
-0.2106820982441312
0.8560055558884909
-1.9781504167827477
-6.6198060985519200
-1.2703025416672504
-1.0445213107996854
