1.3921959935591905
1.4150884351184512
0.7521803909342052
1.1511682940294921
1.1665847101346882
1.0615010242973826
1.0392553794518844
0.7342099591783083
1.3625049586082290
1.3785007521888231
0.4436901416565696
1.4568382689603256
1.4782028255395256
1.3763386621402911
1.2493861991805228
0.4084992476118459
1.2132891423658405
1.4235242270233806
1.3826545164885264
1.3162163864268233
1.4057577390039380
0.3335349435043011
0.7817566690990477
1.3608709110467061
0.6361379019136468
1.4278646860772630
1.2919699428669895
1.4177663305713561
1.4155251270806146
1.2729154880642464
1.3014328344341359
1.3986248107640087
1.4400035118867760
1.3224394932849470
1.3155592682617034
1.1596392531303903
1.3743311790512567
0.3860263859263218
1.4743599458677252
1.4320979067187074
1.4320643614956032
1.2777606792412641
1.3975478900069735
1.2422341597169979
1.3742178151938480
0.8845484824197843
1.3368245052530601
0.7697273115727312
0.7995402651890237
0.9799738494084312
1.2812995928582915
1.1589508983179675
1.2386706463577473
1.3828087552111661
1.1997273750839406
1.0010107003167652
0.7063034427655289
1.4275444169003999
1.0941193062591494
0.7511131711793110
1.3618850040027914
1.4309050239193515
0.6449989554045004
0.9492486666149481
0.9751312357890485
1.3271792784492999
1.4604338792067582
1.4761369449694923
1.3940686939083418
0.9170046791471828
1.2761708248531853
1.1635221204493422
1.3911406167407039
1.2043762924004811
0.4975596684470647
1.3325158361904716
1.3490531313086869
1.3665083379950893
1.1825527150665887
0.3471502877123330
1.2601333468124736
1.2791296820981037
1.4079992688856693
1.4678868020272544
1.3831898488439875
1.3506007375624307
1.1607387371194380
1.1604615365134974
0.9236344957783972
1.2901316349312799
1.2820696330309691
1.1703026245607522
1.4111029492546820
1.2428689546556511
1.3643069627078221
1.2956232073777385
1.4025004705271449
1.4468375494911405
0.6006259596169757
0.8131200624604974
1.3429074468601159
0.3107845428950482
1.1035357643495995
1.3316414364261371
1.4384539990679273
1.0561247977621464
1.3945542235776531
1.0167496532071010
0.9798913851216523
1.4322421566189643
1.0666053390453494
1.1391445352383025
1.3844265877472273
1.3815743380427081
0.8373103172609649
0.9397948188029595
0.9880962089123027
1.2673515816369672
1.4243939399411094
0.6803282205802244
1.4394479792598214
1.4172376296775557
1.2448803929286776
1.3745157512436219
1.4400618519946322
0.4295435801790585
1.4417009384238098
1.0295068211998084
1.3459621000900257
0.7913433211629129
0.9573274405211553
1.3561396603001887
1.4151068833978315
1.3939582759938298
0.7680210651242138
0.8108332226890583
1.3620159909808074
0.5547565894535597
1.4060230455472489
1.4292702281980481
1.3847267044235969
1.4416410402673940
1.4140906061240774
1.2604922549040549
1.3184025834313780
1.4616179273547016
1.3510237980755009
0.6057020935817119
1.2777970626859552
1.3087733963387098
1.4438668107947203
1.3972995768657490
1.3291595294787006
0.9633179241832622
0.8715413466068723
1.4335243159429401
1.0225959982176578
0.9949097549107425
1.1143087763648076
1.2546144344352181
0.6349487598694156
0.5618542048272873
1.3105301958043480
1.3632206209241446
1.4105413710502059
1.4299644049082583
1.4443749957609202
1.3377812427474842
1.4606344875779880
1.1163940368824161
1.1688355494132698
1.2038266228686578
1.4686184488129503
1.4577545773232818
1.4700648236214890
0.7300273654931827
1.2743276776373762
1.1895339993147260
1.4190303561058619
1.3075282061133116
1.3645586058176042
1.3192465046146979
1.3064257825683179
0.9694905762602399
1.0976538738214947
1.1707976192573040
1.4212510998431012
1.3708877667384038
1.4199544339397343
0.9579693323314931
1.4659295228200082
1.3997787470308203
0.6837094717323485
1.3972849091236448
1.4097873469553976
0.9805111965568399
1.4562492570512715
1.3946473762775238
1.4557152165623366
1.2032104092756208
1.3740940809138920
1.2556029019398094
1.4227556799685392
1.2718909672402470
1.3989777178718672
1.4072913696206915
1.3861701859049931
1.0171043603812577
1.0821183469193782
0.7329881271120182
1.1507486323304597
1.4270677500593090
1.0647995616448698
1.4604251191903757
1.3686690359409603
1.4728301554742222
1.4188528612792279
1.1019237914651832
1.3821538285510080
1.3230550485712655
1.3690561635013030
1.1259709179241855
1.4737229372753791
1.4484589674109067
1.2974898619600914
1.4230994590812394
1.4185052765692612
1.4263332659854702
1.4441153870361896
1.3595419134302096
1.4338121616663622
0.9175339360874958
1.2946719674550262
1.3472998683063195
1.4305009136161342
1.1320838611568229
1.2510102481966185
0.7388505673494488
0.9448522331338807
1.4719834230683870
1.4372381214008645
0.3274755981859548
1.4482104173770891
0.6541779727063621
0.4640640036138386
1.3772979486633314
0.4059932377641111
1.3288771155871451
1.3338592832900491
1.3000156637756903
0.8390575388696316
0.5111369354695979
1.3953908631524121
1.3475927877300045
0.8343994642997590
1.0601192435047628
1.3837925378435099
1.4619873485083550
1.4389697629306177
1.0229566219740518
1.3611947184753137
0.4830976504964833
1.4730958747495848
0.9673529925433161
1.4185434478030026
1.3412626174585607
1.4423432934391138
1.3766483941935554
1.4455270062796410
1.4094225800951155
0.5084853887505117
1.4089125073673496
1.2316720511863195
1.2592586280406022
1.4524275835001246
1.3391278178021200
1.1025220264707842
1.3951198976719092
0.9481123758784562
1.4168896073004740
1.1814468445113635
0.8234411054054617
1.3598889460860704
0.9221981070151977
1.3210917505239688
1.4529765177088412
1.4518632709054275
1.4501227730387940
1.4031233544266575
1.3899504552814550
0.5476033093947859
1.2969235312002265
1.4105144725058432
0.8689335225405145
1.0539422200529471
1.4525256767245762
1.4227332842321192
1.2620386666027996
1.3786205936202143
1.4630079973183368
1.4221031425864410
1.4490271375163946
1.4342622459011654
1.2811713750974101
1.2554198703685970
1.4590636864999091
1.2257190929819834
1.3224188412010505
1.3853098206790273
1.3652549859365140
1.2682923217629847
0.9905136476821780
1.2200620761458256
1.3427028673770387
0.6424783222768775
1.0018181273613203
0.9517566962668945
1.0581580497870684
1.2188304645513448
0.5984309133702443
1.4488998380953197
1.4764740716651257
1.1617200188392616
1.4167345668256111
0.6848804429089251
0.9330930540323009
1.1558517336123659
1.3329040228166751
1.3999832642829437
1.2153926745235899
0.7932446872246695
1.3593640910009477
1.1918131097107134
1.3788453908167597
1.4651607487591460
1.3853026355820857
0.7020926958551388
1.2030673517747354
0.6873108421736680
0.7902573550180526
1.3875206709188801
0.6868255625878430
1.0199968489665499
1.4133110385632435
1.3679014466699664
1.0723350455379999
1.4261494390722682
1.1533636978860169
0.9617156379228197
0.6703722099914960
1.4111437183297244
0.9601375347239486
1.3348598886573224
0.9929521167925217
1.3730271143995390
1.3999842783641701
1.4177556563450866
1.1503621402637088
1.1285961349649627
1.2369894168922855
1.3330285789620226
1.3920003259920899
1.2115867833980747
1.0995054732803164
1.3155036988386328
1.2244648056965375
1.3768224106105584
1.3936621563247087
1.1494848511469504
1.0247275714525956
1.3194585393492404
1.1508692643215512
1.0662204407505422
1.2665677573804812
1.3873469994490699
1.2553443023136466
1.3303312152125080
1.3720931174862923
1.0612851253579723
1.0608809770511030
1.4498518570896262
1.3353861246440775
1.1260838917453009
1.4579568616443019
1.3983964454326385
0.9392688494308510
1.1069329708421123
1.3234670615619051
1.2336345729582170
1.4584906163675042
1.4071434473265125
1.1381067716095710
1.4578434698677121
0.9064946417805915
1.3813800570871277
0.9345120373761302
0.5156602907707251
1.4485446948522938
1.3977422620205204
1.4670411095492797
1.0995770147121995
1.4303624867657621
1.4393461861929615
1.3002024332142077
1.3459900894438890
0.6844434739352298
1.1423489483852409
1.3102280623736271
1.0737886051573928
0.8205494742858512
1.4231884084746704
1.1500710548194477
1.4051169816039313
0.5533980184398269
1.1402293674565669
0.6098437330992253
1.4305674169658806
0.4252288821241390
1.4084895423351849
1.4700670566781160
1.4638426405794764
1.2673274084642627
1.2261212155190810
0.9118766504848922
0.7320984380340189
1.3957438816863694
1.4356960980848350
1.1574157299236558
1.4526015840268514
1.3319652447307146
1.4765256171482570
1.4593906292789316
1.3945963768818981
1.2324216872517282
0.7335353736181522
1.1121009145490872
1.0476810854330616
1.3488236441416035
0.6113410233489540
1.4122023245238300
1.4533090286655486
1.4602524219549939
1.3014468651361322
1.0326398046103769
1.4659512341228362
1.3784073145418638
1.4048379976664829
1.1633103862895866
1.3862725315788187
1.4416065974952523
0.5184937680822466
1.2768673935612862
1.1026906323520451
1.4170613598882973
0.8235361396666000
1.3077905162344228
1.0993456295037478
1.1935975801566974
1.3201533369984135
1.2438315430951801
1.0392551963972541
1.4152266207880462
0.8819730799909961
1.3123365962594371
0.4067666019983469
1.1634670751664469
1.1966839036737953
1.3933859470864656
1.4071460744350226
1.4364626541257413
0.5797056093293091
1.1746752600406325
1.4303898479256805
1.3068624810065479
1.2848298296987082
1.1483068059424193
0.9521174433893790
1.1582408707192791
0.9562382112283621
1.0091461003894444
1.3922636409876781
1.3493746834042990
1.1758591825605216
1.3460033801379319
0.5310082725494589
1.4542819531530169
0.7090128229817347
1.3399560509378305
1.2793719582049021
1.3430471240643265
1.3602479358338848
1.2609540574290230
1.3864269340839255
1.0977087782283992
1.3480281633112559
1.1509924365662481
1.3711475422359711
1.3474945382096546
1.2273551368145106
1.4509199835636333
1.4139861322607494
1.4713156141196317
1.3938591896775676
0.3711111590256668
1.3112323990695613
0.9080894840467072
1.1108503423739571
1.3677303737801729
0.7665706505434229
0.6761157280728441
1.4169358784579604
1.2961108000425543
1.4038504565928238
1.4639143280625930
1.4121559280057596
1.4200822714554773
0.5119324304990828
1.3354654395890735
1.4415290954426723
1.3834373487102722
1.4267810384645312
1.4581045649127899
0.9179098565475474
1.3323421204023231
1.4337027403664970
1.3750711310496824
1.2652861315871846
1.3252623080135770
1.3325340702289703
0.6589417955548247
1.3102608714467239
1.1036139252673076
1.3388001104552092
1.2169482202758422
1.4627277087098556
0.9402115013537033
0.8015326224677833
0.9143320466957882
1.4274042613528335
0.7814141765429520
1.4579968340302565
1.3794159504933927
1.3074676455918179
1.4543584696389098
1.4509644252210061
1.2743023229067028
1.4373636067231876
0.8632212005347606
1.3308949206484770
1.4052406411954748
1.4268016946652724
1.2738567452058758
0.8690605107053572
1.4235504125148888
1.3540917632305070
1.2556465013307367
1.3662216153085587
0.9474411295954043
1.2817355790768516
1.4155578854271278
1.3475718667577377
0.8377933360161582
1.4466593595359951
1.3303328314743361
0.9367570496616232
1.4080193692016301
1.1780883893560719
1.2248185681907344
1.3692165787106281
1.4476357619329594
1.1013680385618576
1.2496964428108726
1.3006810643945663
1.0683304106029559
1.0741688440541977
0.5554900924715197
1.3200699828490723
0.9855266527629732
1.3611664470813896
1.3490088702168475
0.4132698529779426
0.9722391609984984
0.4342117406457134
1.3784161737916183
1.2185893270939894
1.3988249337980259
1.3279192840972613
1.3607159877180039
1.3134846749551521
1.3818561292501224
1.1627162055417168
1.3842852370491150
1.1115979237769207
1.2128203204824166
1.3806833142994022
0.9186275455450127
1.2104969871120144
1.1298570377577208
1.1594489816965032
0.9954545731062417
1.2171122430815977
1.1297717252232864
1.0059902052539151
1.1410214067167463
1.4511307700568776
1.4612212517450378
1.3767464505411477
1.3343265100908417
0.2945815273233369
1.2008587528938508
1.0475711313558276
1.2037228412358758
1.3756107617170579
1.4163727780973234
1.4436670252442900
1.4542944777874520
1.4275996138285176
1.4269022617615255
1.2760210035245649
1.2703169333180122
1.0451743250602135
1.1929471622892276
1.4026501993325995
1.2260014074686474
1.4431896366570733
1.4015210241639291
1.1020291361747747
0.9232879794251224
1.3891632104897524
1.0792100503371052
1.4750393970420832
1.4183976568795340
1.3827323238059042
1.3293777933804565
0.9951545023142158
1.4257117383977529
1.4189452327196330
1.4721421283007139
1.3953466287612530
0.2964728937552895
1.2919904997096836
1.3790855965255289
0.8310406636428546
1.2545711273594937
1.2290721299940164
0.3857308267266796
0.4768840771123792
1.3613901282512588
1.4335165799867298
0.9381214434696287
1.3138016434703610
1.1208095215076914
1.1632554658597958
1.3741589014918933
1.3294078021520370
0.4438406143783034
1.3977857333711399
0.9573781702830931
1.1956320596786731
1.3599580039136232
1.2369392889872612
1.2617439767262471
1.2969621000185725
1.4743241390131010
1.4501461483440223
1.0762112336303786
1.3746975635455285
1.4799810828429543
1.3886464287141735
1.4066389132730865
1.4667515089445935
1.4800509952459706
1.3932946148819787
1.3855378332079167
0.9495038455545275
0.9884310199041791
1.4345313286555246
0.4052991613915435
1.2161119383706080
1.4603051694884304
1.2443613385002372
1.4771367311460051
0.6949366333540143
1.4161033867188504
1.1561255083861093
1.4039515427618634
1.3529837077116931
1.2415292672969316
1.4531829174194630
1.3420258851275408
1.0166684541255715
0.9716977831515409
1.4782092450595081
1.3547640011308886
1.3475228456006889
1.3330498974063199
1.4187915325732181
0.6711820974077944
1.3877861807962737
1.4594721168487517
0.9664204556307032
0.5090492066302771
1.4221909806583788
1.3020288768484447
1.4222904993455912
0.8519878628650647
1.4421134065608099
1.3302467448446016
0.7142840062601417
0.8810785154260931
1.2730765257242453
1.3926577079163938
0.8368385244073883
1.4389666351156847
1.4402793745195468
0.8100045928174174
1.1939225561276368
1.1977435915911825
1.0646704096274622
1.0145170497396809
1.4032415466849666
1.2463369082027922
1.3513223501928047
1.1682229590210969
1.4168839521774004
1.3423849295256163
1.4210235939980156
1.2930454609962942
1.3621196012277617
1.0858788667643964
0.3385597115090364
1.0175408924856224
1.1238442203425432
1.4184559034153772
0.7226402486624588
0.8136710202962538
0.9682671742706418
0.4268512855331370
1.0029628528975356
1.3773528004364255
0.7929234112898449
1.4021283114019452
1.3879076530789949
1.3604078248182323
1.4577101094523228
1.4083817016929570
1.1156918112307572
0.5175867818261332
1.0286477031260204
1.3962370805786326
1.4155482180063470
1.3540029626946897
0.8459054785894873
0.4600352919912141
0.6470917001809647
0.5527933520907635
1.0517211510818900
1.4594888627734464
0.9333091551395714
1.3317095755735353
1.4340910431625411
1.1896166515863846
1.3726782031215679
0.9066827555835202
1.3911177382566198
1.2959519891554725
0.9602842916219213
1.1225008222141719
1.3594705169572001
1.4409005573035329
1.3224199014331721
1.3097060710512998
0.6652435668869461
1.1979079917550362
1.4574516885110171
1.3087193493950660
1.4107777336501297
1.0799621432643578
1.4249715017929978
1.2458220449152104
1.4659122875913231
1.4050897456596187
1.4723232545945437
0.9402388005399838
1.4493716169839539
1.3975313299892438
1.4651854194862965
1.1527600826316988
1.3670234868220175
1.2694138182265102
1.2222987429204921
1.3931973793834509
1.1377334619600183
1.4209534924608280
0.9259317943742054
1.4035013741478981
1.2618319182953026
1.4060218194150631
1.4613079956259929
0.6900602676780309
1.4680082859072625
1.4517797569296815
1.1968212747036537
1.4307339286400063
1.3168220880495611
1.4570896059689564
1.2282701275666137
1.4504229372970761
0.5131074111402281
1.3429906963343219
1.4338653477993810
0.3534592469368333
1.2442730414504506
0.3269481522445741
1.3782291777741382
1.3259723889190358
1.1621875659923908
1.4406781104351694
1.2890713633646811
1.4003111882605921
0.7329392322924683
0.5089519776861822
1.0154770958152024
1.2784823231910987
1.4288796923103457
1.3841645215678382
0.9661961100198816
1.3128877639925507
1.2474278777898220
1.3193745099416081
1.4694022704576581
1.2268839460390184
1.4291626679397575
1.4271300731691423
0.5957975677131284
1.1815294496222912
1.2921983824725949
1.3976156929297541
1.2446846029235370
1.2901586351559451
1.3585014525274797
1.3218992860696264
1.0218808953179652
1.1429662128247728
1.2591777832387718
1.3340730911113579
0.8277555603230676
0.7910218242468485
1.4229662981127180
0.9363574514913650
1.4500676755151609
1.4553673772611453
1.4059300786651865
1.4079808547115729
1.2339366262968405
1.3970882370724313
1.3651661559349701
1.3796315558902450
1.4536714012832661
1.1301304955361344
1.1767400294829187
1.4287961943512688
1.4104181753776355
1.2329588357768320
1.2029872551966847
1.3082120950776199
1.4694111224800732
1.4198425484460162
1.2000455188701296
1.1841452789026781
1.4594978438367436
1.3515387278052895
0.3193812686353675
1.4151625419316114
0.3732523643117864
1.3179641935046980
1.2977159456074425
1.3215972167678622
1.4027042937965444
0.6648059150885582
1.3505974628480584
0.8472693937504779
1.0946040040511704
1.0719326658997479
1.1949377615483940
1.2896607136091165
1.4253551229144577
1.1825546184138600
1.2122582709427989
0.4911870404973790
1.2507919741516944
1.3914000221543579
1.3896242116025734
1.4499379088139686
1.2534733124695832
1.4204910997437969
1.2348223053726837
1.2857769882599119
1.2442522806795178
1.3554022982255569
1.1369184562559878
1.4069073941966177
1.3068354261709827
1.3423099107383143
1.4286335399167158
1.4068790727937570
1.3675519309428796
1.3318442022945745
1.0073917544572322
1.3717453827392259
1.3426314992117443
1.4082441903769485
0.7373837515833797
0.6434014141215877
1.3643492431898325
1.4647887234130477
0.6711691157451808
0.6653750065207840
1.4274198981934794
0.7471118397728416
1.1285466272599989
1.2956625376989588
1.3251803034748524
0.2930655380974250
1.3465077035362942
1.4159588498855182
1.4688352542747667
1.1230290876631157
1.3595765393874406
1.3241294297705786
1.3077808251535512
1.3565931934566389
1.2144607635516376
1.4513763326669575
0.6220849494852210
1.4778653148318099
1.1918325603191555
1.4319034059252169
0.8226339930981829
1.2853849301786195
1.2940704867415245
1.0592758143275163
1.3071727903549810
1.1002541413256202
1.4033833076791449
1.3498194063968665
1.3371259066542667
1.3576231731376440
1.4224177157294722
0.3050238026407828
1.4537852611131548
1.3378269830333693
0.7939109754829006
0.8168326119644762
0.5149366043165153
1.3078482992590375
1.3504986469690945
1.4100083655209643
1.3839034655777052
1.3807676847887023
1.1150322214130393
1.4676681303581833
1.4560559979829346
1.3655861282432342
1.4459840484761255
1.0554348477617459
1.1180848583356546
1.3910569830701149
1.4684955057939022
1.3464045185972591
1.1213259199205652
1.0962769616086105
1.4173316727802512
1.3243004997508592
1.1404934298521019
1.2582335808752512
0.6834836332547870
1.2350848046832394
1.4135977782353000
0.5927549831872574
1.3397150855753452
1.3945354556361373
1.4640457186531746
1.3046937290347467
1.4087500904276959
1.3986626489903609
1.1685264737403389
0.4925513207843434
1.1346566308766528
0.8144717187221535
1.4682172281881289
1.4562208395673739
1.2264846133380791
1.1335360182459167
0.5167296074892415
1.2690475100458025
0.4816388449452595
1.4573857445354446
1.1331371573260667
0.8492181527044897
