-0.5089064918575449
-4.5860639952984101
0.3709811587070279
-0.3070008747199514
-9.4854289582432685
-3.1254485798192957
-0.0131139284892728
-0.0860929689016129
-4.5033408302291997
-0.8510289051521740
-7.5233777567650479
-0.1558599787408470
-4.5964431433602924
0.6152221089556117
-2.7801653652952818
0.1432346971955052
-1.7385483237347215
-5.4296717412217879
1.1747128658877708
-0.4270845626382169
-1.2637245811565563
-2.0008523931818560
2.8657148931717873
-1.9701672536411805
-2.0577389904263796
-1.1353106280454308
3.5100980791095160
3.2864735292238940
-1.4466664690972686
2.5594374971435414
-3.9615358417240061
-2.9083902990755437
-6.2946447769741747
-4.1755942384156697
0.9991777955890891
-1.8066218227548918
-1.9396608540072842
-1.9560862016508491
-5.8209533034316898
-1.0999120193330312
-6.6332449173671204
-0.2766703292188173
4.4013817471728247
-0.2743135078408144
-1.9499102506479080
0.6913995380256588
-0.3306841940288262
2.1416679304383393
-1.9275589320778903
-2.3023527935546153
-3.9302124789201547
1.2837532947373207
2.9067774057704860
-0.6338042870552073
-1.4502251267455475
-1.8899340350491862
-3.9137085183097180
-7.2788553776466696
0.1457407898554429
-1.9460482132190007
-1.5234562120742119
-1.9970012755644042
-3.2777357299786640
-6.7194012460999630
-0.6774244026698266
-0.2222971855116019
-1.5864426535006155
-2.2440628491390568
-1.0964624063094806
0.0516541200942655
-2.4199934211851186
-2.9613838420878551
-1.0128412467485242
-1.6153019224829286
-0.3366630018102912
-0.6596408752136882
-2.0860021056015912
-1.1774066873747857
-1.8696942340494638
1.7229855751885457
1.0827932426011739
-1.0676629086037923
-4.7302128336049849
-1.0110206492121079
-1.6631379010776908
-2.5647907219816863
-6.3264197727025913
-1.9413750875755511
6.7322497484961703
-3.1685166482464462
-7.1519111146389376
3.5582550602523990
0.1968085370622242
-2.5293458258458617
2.7788436921194757
-3.0258987383572680
-1.6765852774203642
0.6584523816473409
0.3156362810620850
-0.0484878827230679
-0.6372227059754381
3.0551277489326707
-4.7085385253211713
0.5984141808256060
-5.2911114595983388
3.3533358680228083
-4.4438179461944882
0.5973904338389976
-0.5360068125344275
-2.4837799715421238
-2.3640349253322017
-1.9893289466883803
3.6788606102704451
3.0618145477694449
-6.3198612174518178
-4.4387915545767127
2.5719816520792893
-0.9817204590694956
-2.4237188790521573
-2.5739810599495634
3.0322702330200952
-1.4166522131025154
4.6542477506661939
-0.3856618990554292
6.8045422400765316
-0.1158521158694128
0.3097711738302915
-0.0466167711662482
1.2160528259627579
-3.3243807407693469
-4.3174753074304935
-2.1522258048646705
-0.9975030368758218
-4.0883053199438848
-4.7137723261544693
2.4976802745294364
0.5822424217603865
1.7907693607205815
-3.7850939057026038
-0.1952848126351261
0.9023999642059584
-5.7902440569795193
-8.2249094025666309
-0.0247613060174950
-3.8639065210087340
-5.1253664919118602
-3.6330417798695178
-1.6358559527539156
-0.0162434219772361
4.9764133700539555
-2.2642712232168694
-1.8760167346543659
-4.4055407853729305
2.6069937569355313
1.3563477892284230
-2.2149563612699295
-3.1277188596996721
-2.6863194239086079
-1.9183826425987625
-2.4430702727874500
-1.2808044127081564
3.5519513181057305
-7.2077253335921672
-2.8310255636241775
-3.2463147221591266
0.1339307982510032
-2.7304714544328790
-1.1760816768044617
-4.3092194986842118
-2.5532478963116017
-4.3876848420633507
0.4942144620366955
3.9184233623223803
-0.7451811762162921
0.1347960110909026
-2.7858007222536529
1.0029780298456683
-2.9934540326776333
0.5056093298214717
-1.4420552462575269
-3.4447245791711163
-3.1767015616385059
-0.2912586981996214
-3.2804724166204178
0.4969226710928555
-1.7728385215700990
1.0857927820770710
-4.1354959231645720
-1.0805282320713612
-3.4248978495018347
-0.5171179436493174
-0.0300711134122983
0.5442892050197363
-1.8508171867531145
3.8914774828098508
-4.4738252007609063
-1.5620975321715842
-3.5612006995163976
6.5257937467912761
0.2647207971323571
-2.4000840768494545
3.7889589253881737
-2.0560506597059618
-5.0947943442752308
-5.1373160628694228
-4.4809945806838307
-1.4820612874262193
-1.1461362584578267
-3.1090520485741138
-0.8220738071251122
7.3345040985423484
-0.1811898008629004
-3.8505061069697635
-2.6335051330668060
3.0240550886517461
-2.8938722500430623
-3.3876998911984453
0.3622288064517141
1.0343276026965411
-3.3724046603759898
-0.7692740213383156
3.0902988569438801
-2.8615044885321907
-3.8412577676438313
-2.7377413834605204
-1.9758409382761744
-3.2765929055646428
2.5634138467508407
-1.0359388190090508
-2.1862960523777533
2.9178312215287980
-1.2714314465751193
-2.4715524805722184
-2.1426851717617859
5.7821865443876792
2.1344107652152915
-0.1039635705353967
-1.6453486594767965
0.4685890093728818
0.6778709766025504
0.2760033754385932
-2.1925202416993681
0.7555175225415018
-4.8053831284617967
-3.3221506603943647
-0.9944554951467344
-0.9662879363995506
-1.2089753980769808
-1.9590732443019199
-1.0448488819923503
2.9699133073078094
-4.1126311460356675
-2.6882984373235730
-1.2348302036391292
-1.4606327110291288
-0.6917591257834117
4.4769816740308395
-0.3280105769393963
-8.2632804667349529
0.6798362553900272
2.7173668640721140
-2.6825582001527049
0.4233367557054207
-2.9123241756548226
-0.7223998417777158
-1.2455899829773067
-1.4863526622341594
-4.4994613094173959
-1.0220806105230877
-2.3304400229408442
-6.3874990538978036
-6.0401716303705006
5.7482312059595664
0.1345181870628836
-1.3800286012695797
1.1449853846641382
0.5446997975709187
-7.3643104518233491
-5.2919917772910106
-0.8164739689622222
-0.9000186279234365
0.5964031666764236
-4.2772342357702264
2.4232964970840118
-0.2552744989897084
-0.9540451807993161
-1.7517977190791052
-1.0605468522574464
-2.6278695137503898
-5.6737132920149040
-6.5744619882001167
-3.5679607297026923
-0.4874072001204269
2.7417882365184534
2.3256429076158076
-3.9094573990406674
0.1071239594738010
-3.2534761169316577
0.5928692221472678
-1.8594966603845680
-2.9889845542934927
4.0109679205678326
-2.0271872244545084
-4.3540863845421551
-3.2334267217897974
-4.9007732302873999
-5.6752891367709761
-1.9818595325243487
-3.8287132757980227
-3.8944951217865582
-3.2523639964579862
-0.3293214155869402
1.1723868781093374
-0.8837221944806517
1.3313688916099857
-2.3407721910079542
-3.0291458230820774
-1.0360259871406989
-6.0213778205991870
-3.9558387608584353
-2.4129763262692947
-3.0161488942385422
-2.6949766316760964
-2.0478183488948534
-2.3775196595496384
-0.9483568325180206
0.7887195753225938
1.1688140462660972
-6.2076992621498537
-5.0177096600791167
-2.2801945557814101
6.1400519637457824
-0.5626048624648655
0.1547196002365763
-4.1037706265429712
-3.9998638336822450
-1.8079742771488894
-6.0048097675761172
-0.5726227591183625
-3.9849665788108601
-6.4072735481868115
-3.1503872781941324
-3.0567565384857076
-4.1408264690712144
-1.2143500778187819
-1.9877236730964352
-5.4019219758605868
8.7145338739103710
-7.6791056394210235
-3.5664880161105668
-2.1591978908359661
-1.8769911101950010
-0.4063402797474087
1.5933829183715802
0.4122677616100960
-0.8493744525486813
-0.5043994506328009
-4.9035524541630231
-1.9370324749419243
-9.8083013038945044
0.0824097169177036
-4.3135960912440616
-1.4483972668142440
-1.7095497902134484
-8.1421552695705088
-5.6291763328861775
-0.9759151124932677
-0.4644153036859107
-0.4732138740943080
-4.5669097253840309
-0.2037814825392751
1.7541090356981184
-6.8353787712308236
-4.7512376180504496
2.1004332053063819
-3.0598130631192535
-6.4310677355818040
-1.9554840345199833
4.6324690464044709
-2.6968623235900231
0.8055451515142963
6.6191701454577032
-0.7007580149158270
3.1957839794205620
1.5343727791419224
1.8997106777516002
-1.9637311470742174
-3.0695989913362181
-2.6402631911974699
6.0487080708809691
0.2480316492906345
-3.5974795168293539
-2.8490432336940503
-0.5655260289643187
-1.4212963796888065
-2.1245818955926796
1.7860621700347352
-2.4293552314436200
-3.4955925443157301
1.2076025088590514
0.7439660007031319
-0.9892678151813193
-0.1630999446783638
-0.5662547245274203
-1.3862722514595978
-1.2483167348238648
-1.1926157990348023
0.7444687724606983
2.1051845643364331
-1.5923630464435210
0.7134529692483205
-2.5147724983739490
-0.6827746119043701
1.8157737952574748
-1.6411157995695844
-1.0717064325555912
-0.8881791743923709
-3.0116504007742813
-0.3863677540693710
-4.0165457454688855
-7.4013321185447740
-3.2933186946571018
0.8534897799006632
-0.0763697835916394
-2.3973155365652010
-3.0740894077629983
-0.5645450009882429
-1.6576874022395269
-0.4576445680094929
-1.6908392046166862
-0.6661125028498071
-2.2837355181838266
-2.2482199401787595
1.5489946256728988
-1.2782277319599007
-0.2220486454338290
-4.6402162093182673
1.7891253390466066
-0.6382854825897599
-0.7984368042546056
0.2165829288287577
1.8567517860191949
-2.8940954678041542
-2.9590267452904695
-4.6346554538053528
-0.8885566720631166
4.4209957902418298
-2.0962340657852856
-6.7790139627950516
0.1781438936739784
-1.3260617052813943
-2.0469518685227008
-0.8709595922474646
0.3503930759217763
-2.4131770437395663
-7.4594146935735690
-0.1333354161232153
-2.0521045522117856
2.2407386248927690
-1.5004169188287391
0.6309396250335553
-3.2075267746781599
-0.0049404108806637
-1.6210880246532238
-4.1204703843209822
-0.2298687021124403
3.0126450689767204
-0.1686198869045221
0.1541920207662041
-1.0422508944119604
-6.1060954149163420
-3.3375212274539106
-1.4149791931275020
-3.3318322240845655
3.8097691667481013
-1.0539611140794105
-2.9799122809477101
2.0353159890703116
-2.7022034421649797
-1.5410963168239553
-4.3663906470317855
-0.2854402123984863
-0.3866752120375105
-3.4996816666599488
-0.2587852194841623
-1.5578111328164450
-0.1293011878617885
-2.8884277553020055
-2.8679056022618545
-5.4611865880826285
1.1673177587329564
0.2175648854261964
-0.2323496957805103
5.6428459359371912
-4.1618308173337031
-1.8395220101699301
4.5503021661931715
-0.3643477954800053
-7.4542394027469525
2.0799983520379697
-4.2281087335577920
4.7179763387130702
-4.8070036992470131
-0.7009013682342350
-1.9343817957512892
-0.0619119732079127
-1.1873129246782363
-3.9310296920706094
0.4790991354548300
0.0961808874341464
-2.3198733148432966
-1.8033230905375908
-2.6254507946893724
-2.6872482690376804
-1.0207339836315874
-2.9073460012379697
-3.5645771484167077
-6.8281243818052264
-2.6292445253509307
2.0347438759693537
-3.1984193613419603
-3.3086151093207823
-5.9157012783611638
-3.3061301999430945
-3.5370699989551802
5.1634740974718678
1.3897646380102697
-0.0690564646515926
-3.1109783937243725
-0.8437411874710877
0.9868290080578173
-1.0587018203558913
-2.4196878753578592
-0.6639447477091218
0.6497623822075231
-0.2461984255981229
0.1719312148593541
3.4572971077314114
6.3621481204232726
0.4119129120541637
1.0385075585414967
-6.9452047103282322
-4.5322840450826876
4.5998055803986153
-6.0068643830394670
-4.8585589949962085
0.4182956716879493
3.0468113304583686
-3.8975599883369565
-2.1803470525477913
-2.6043434012170987
-0.8476374858559600
-0.4001004728124118
-0.3169887597994174
3.7491441298548964
-1.9141174207391318
-3.4382069876022960
2.2550621363477648
1.3392799470238186
-0.7242896754332758
2.4651218867327498
-1.0048239073200285
-8.1625531280905594
-1.5655705986959652
-2.1841950650041086
-2.9736304207787074
-7.8677993378894664
-1.3494261852287788
-5.5903355361922982
-1.9681808257762581
-0.7162720658735368
3.7387592002841035
-2.7915914788504268
-4.7646628349870142
-2.2513840861234367
-1.8764312863357284
-3.7867726574180529
-3.9416894238443736
-1.1215431539269027
-0.7746719380872005
3.8903812935575797
1.6029194915226275
2.2232356357554681
-4.7659361890055054
-2.6505544645733727
-0.0082898093663710
3.7944925029877661
2.2286427473284611
-1.8700173183057398
-4.2650088527579717
2.8270700605103123
-1.5485072115949388
-0.2148140262732022
-0.2353519538315659
2.8581409696413598
1.7751893047851341
2.0646563998922653
-1.2925064851629027
-4.5778135423766866
-0.1215673779312649
-1.3890212719466140
-3.2781418110406282
-0.4416208319145692
0.5138863708473705
1.0596117519733406
0.3770176884662134
-4.2997586350660582
-2.3629185408500004
-2.1296913261284143
-2.3370923098849823
-1.0462622012333354
-5.6441230297653400
-2.0443062563052807
-1.1559470872258586
-1.6682269031435157
-6.4739786962270571
3.0758370261091335
0.4322457835429062
0.7384368139194051
2.9030985829231666
-0.1433856343813512
-0.9143528394513795
3.4376640099968658
-2.3511194961642943
0.2535260765764669
-3.8113773415686332
1.7915830077072534
0.6733252725048328
-1.5083163662695294
1.4000917166036859
-3.6086194597598524
3.1760075729755806
-4.3390282015886781
-0.3893742717287942
8.4352069881261986
1.5119221078438791
-4.7957642129976046
-1.6464807163627870
-4.1022375674435319
-0.7258807723240255
5.7416715920444377
4.7781739012231270
-2.8469128959517160
2.3781599972841860
-3.7822329496258238
-3.3241214067031226
-2.4367611372176605
-2.8365478806326037
-7.8362482326357652
-3.4585566551497693
-1.7599194020879554
-1.3839929338106576
2.8056694657184429
-6.3534875608360988
-7.4741810604950514
2.0316902933811241
2.7169048355229140
-2.0861713090310579
-0.5108702207608041
-2.6277187174163221
0.1367848346103654
-2.8180018562124074
-2.4031782870175893
-4.5326002200423687
-3.1572736309395828
-4.0816004722186072
1.0165908157738697
0.1393217586231104
-4.4511484463782303
-2.1764402208795031
-8.0543331522124681
-4.7330440284578961
5.0505094144102189
-0.8883892136288274
-0.5570481058061136
-1.7926991065271887
2.2419949137284432
-1.3326186681517056
0.0646292529920472
-3.1042155492292784
-1.8668904424777941
-0.9464278749077887
-3.5267253787080888
-6.8229952029335719
0.2406055178500913
-5.2827822097956352
-6.6767408691823382
-0.6976771660744739
0.5553236065311385
-3.8936288491544837
-1.5771780875405859
-0.4179266222094367
-4.5689166681210196
-0.5577225461438792
-5.0325252619338983
-1.8593552193495402
-0.3462469778120538
-5.4755451937805404
-0.8808671663012856
-1.4361541768477162
0.6426321453842189
-1.8116337259949864
0.3941158486198434
-1.4809102412981856
-2.3552707709436644
-1.1670396258002309
-0.7268736578147414
-5.0050743840421124
-4.4513210956828688
-1.9526340662341037
0.0478680722906236
-0.9578953221652555
-2.3407114985887083
-2.1851555514037817
-5.8755385419863035
-1.0056430109181256
5.9463732318515952
4.5172112233591593
-3.0565734973509970
-2.3187148274186149
1.0679478514665766
-2.2482040556337877
-7.5636166863328498
0.9837373210461902
-4.5063061041537296
-2.1804536519060118
-0.4062258993327465
-0.1264796848594314
0.4913049117546135
0.4405969992124484
-0.4914286845451389
2.0977729158624201
-2.6909927523880803
-4.0172032835452978
-5.3271126867580225
-3.1351611714114402
-4.8832229213177420
-0.3212208742759884
-3.0959699836565484
3.3340317872998519
-0.2863059994588755
6.3703518436874873
-1.1477722370292796
-0.9342694971071589
5.3738069870585532
-3.8345037730036018
-4.1180327385421904
-2.5530458786851127
0.0613047592224777
-1.2758373330953363
-2.5342185683622898
3.7644063079246233
-2.7829457564884890
-1.6613666941145364
2.2104874208254697
-0.7457480436539030
-1.4481339723448179
-3.4892048140245189
-1.3570673163621727
-0.9697049283200962
-1.0720412628668008
-2.6971743184079413
3.2060527763257567
0.0875157791253454
-1.3982721099217137
-5.3193223973516837
-1.2027486916927952
0.6723984458770575
-4.0398293974473596
-0.7098113595853214
-3.4751825361145179
-1.8987669935935336
-5.5743452207887607
3.6204253978733494
-1.9690839045679107
-2.2317403948055516
-1.1523705466012346
-0.0184476102713374
-0.0354616414045615
-1.6472856314345661
-2.2873315989217020
3.4587843926162019
-5.0371942974679538
-3.4883316535068785
-2.7999230158088881
-5.2726621582608697
-0.1629219346435180
-0.5367574053287618
-1.8796997890974825
-2.5246763785373281
-0.7272562263515511
-0.6988439592042119
0.2526190455922893
0.0109013636894145
-3.4725232808358593
-0.7167589569924914
-5.4763306951961157
-4.4355463983462808
-0.7491742728710969
-0.0666740177277821
-0.0182887575000776
3.2812330841437931
-3.1608694578227969
-2.4893605798307941
-4.6334138741001754
-0.0323812265389553
-1.5501255989648661
-0.8822526607444294
-0.1257096508650676
-1.7945792759194787
-3.7770260022090727
2.7923585985500798
-5.6266630041914008
1.8687487086202275
6.3850673238996807
9.4200756754452968
-2.3592618333060029
-0.6336910694912811
-5.0669842948581287
3.7654912029186938
-1.4424002001937843
1.3049364009172160
-1.9313814301624912
0.4468588896555620
-2.2465102467597013
-0.9393592837435246
-1.5729059318860046
-2.6881767911628116
0.2292017163206422
-2.3868374852063954
-3.8754275840293966
6.6245371675158040
-3.9356687762585802
3.0356385293056141
0.0896588033310807
-7.2032108470433709
0.2532470855396698
0.1438621035367375
2.8127648029896264
-3.4060124351604113
-0.3858121385158652
-1.6118190791391172
-1.1318069718951165
-0.8436296181943254
-1.7298057378981064
-3.8276347265133635
-8.0672797737661845
-4.6444780847290019
-0.2155949135468785
-4.3079932584590495
-0.9892768397597342
-0.3808919315986912
-0.7696656375394131
-0.6873881709357798
-2.2958447645715090
5.1771606194056679
-0.3947102086456102
-2.1161207959137331
-1.3301374591455415
-0.1916646844877059
-6.2504296933701706
-6.3375684657784364
0.1770273645531301
0.3876622330976054
-2.0857125025163930
0.4878958506375481
-2.3135253649181808
-4.8522126565774863
-1.5267257646872490
2.0903184427729125
0.8336476141560777
-1.1636321837663195
-7.1355810340316550
1.5818677626238118
-3.6795098912548894
3.8506948701860186
-2.6441878282502675
-0.2723015840125169
0.5487341833408742
-5.3838493244882093
-0.2111382473374916
-2.7991342488412041
-2.9540341942820407
0.1321791615096869
-1.1314353114115814
-2.0757825384501452
-3.1114428957849691
-2.9775509262959785
-2.5063457070433826
2.6485960629159546
-1.3658433098939975
-1.1870614237876029
-5.8225742380414500
1.7258956466108668
1.1824138097326753
-2.3130198331626772
-2.7662253299927499
0.6254849339984264
-1.3679246780563199
-2.3241428729027156
-5.3591182598098657
0.2377465121956051
-0.5167635188069323
0.5841799666686529
-0.5370584893174353
3.1397576300984458
-4.6436098359230433
-1.3031665094422686
-5.2617690505287653
-4.6963200902223585
-5.0426912639283161
1.5319441519619927
1.5312699510484618
2.0545208047840497
2.3102965553247423
-0.0968205755776665
-0.5284079323049293
-1.1723944661221020
1.2422900906238188
-2.5588600305417155
1.0635479664344007
-1.5787720880936489
0.9740965623050571
4.3611892050071503
-4.7757636186990204
-1.7698825745228342
-0.1975352582940917
0.0632875381890256
-6.0752163483442345
0.3117970913110467
-2.2181244725792735
-4.2522233299154557
-1.9258130988224784
0.1270174525056081
-0.6843608016160289
-1.2130778327229772
-1.0066971289099960
-1.2164049306056173
-4.3539671477164559
-4.8830594694083524
8.0895414805589301
-4.0997164583645649
-1.1193767706530635
3.2887534754462577
-0.1310078604331352
-2.6591991586207255
-0.8197005640286270
-0.1703982462673236
-2.9607098288660345
8.9902760204201577
1.1659913477327311
-2.1191490478864528
-2.1035101316063889
-1.0227052461431416
-0.5634300659293379
-4.1396981468340650
-0.8760367525292303
-4.8214390532943732
-4.6458097324251515
-0.9035785702804772
1.6477834459908598
-0.7905572412028604
-0.6981026876313471
-0.7491262181962686
0.2783801727165424
-2.6372895663148070
2.4219114108223501
0.3005290371014189
0.1228334694507821
-3.0872903400199996
1.1054436397401319
0.7176337947076278
-4.5326322427392860
0.2687840054814968
-4.5589602416209596
-4.6522761851572687
-2.1925047248801071
5.8904469361964189
-0.8681428166796310
-1.3338941755015254
-1.3672268777954741
-2.3943587725486513
-2.2706790622400597
0.8603619475315257
-3.0018591794643368
-1.7427411115947615
-2.7481646221209370
-0.5390539361950287
-2.2980481504174013
-2.2409650921887083
4.3893528833258095
-2.5955632388381038
-0.6811795341692419
-0.1158484878277312
-1.4050157349186279
-4.6261321992633997
-5.1506346419950386
1.6836641473418752
0.9611582453858021
-1.8961586908573862
