0.0049290073737886
-0.1460051149629529
-0.2478024408085013
1.2200473486067811
-0.6094949274125442
-0.7464960481472303
0.7918983520513767
0.2791634147011207
0.2937913911439837
0.7006504485474475
1.1287149022831837
0.8626943564518071
-1.1780688788457456
0.7209353761416811
-1.3196798290679654
-0.6522817421023519
-0.5132416012535179
0.6651812356949984
-0.4426174779738683
-1.6104755553435890
-1.8707044372371804
0.0312067535757040
-1.3014010167046408
-1.6626397221842868
0.2099283892179187
0.0259561290246093
-0.1727533208555700
0.1901504954219341
1.2538422228653106
0.4660690932294093
-0.6090698444867099
-2.6612845269880183
-0.0931276481681659
1.8192160784005389
1.1920818238186459
0.9939299984266995
0.3164417901674736
-1.3244660646800066
1.1839627435660027
0.1865426961523094
0.9635554458519270
1.0643809291640773
-0.4182334849588547
-0.6124018854806073
0.6221227668563981
0.3777894412029405
0.5962430599701440
-1.5298210829924626
-2.6689913099616231
0.5916428593125317
-0.5427296213264736
-0.8322608081833985
0.8967907647633471
-1.1977413600901146
-2.0269803236634911
-0.0866828563351423
-0.3314583566008248
0.3271765985054064
-1.7907922455676830
0.8752359846716585
2.0364988608741377
1.2963204857730815
0.0265490550843750
1.6479100078452613
-1.2370874878864666
1.4239711877744061
1.7869064523383336
0.2784598005436799
-0.2939799531189169
0.5131959889668096
-0.7147974961008093
0.3642310289291233
1.4890588422364306
0.2578929506212184
0.8855771748260937
-0.6356195193814456
-0.2633719416025239
0.5174184873232086
-0.2700472693707659
-0.6095397985744336
0.6449252856793353
-1.8811307031581346
-0.8706530799495923
-0.7999252998143416
0.7925643701800889
0.4968908693321257
-0.4513130076714418
-0.6591890482976615
-0.4439203049016601
-1.5897520775975809
-1.7433071634907076
0.5056684270530153
-0.9783558193943073
-1.6913042849558400
0.1989993961441502
0.2897042050974607
0.7721901145213924
-0.1939618230287070
-0.5036506880825217
0.3623912265743781
0.7728292596681350
0.0222850466231428
0.4145404473519039
1.2625896607878806
0.3503139018239791
0.9131719591528330
0.6495639078792632
1.8922016205492320
-0.9112687732095436
0.5861218978108169
0.3319723712577649
0.4066270213438747
1.7697315330960119
0.3314192769746732
-0.7260474725875884
-1.3900525162952704
1.9635977349933962
-0.2657464244934157
0.3087422241714496
0.1567477198944792
1.2716423544640267
1.3869913267796499
-0.8987307715716952
0.8109318130274732
-0.0476302816604307
-1.1574831476065528
0.1695770284475447
1.9635510683196034
-0.5051250086419838
2.4006755105394553
-0.6234629844182887
-1.9116988223746172
-0.6908864405177954
0.2462949423268002
0.8520092509242982
0.2672796374736623
0.5169329852477605
-0.3210018752758805
-0.9086134533814703
1.4021923627143911
-1.6159341923055386
-0.5145769258644328
-0.0378831010600983
0.7998640688499236
1.7446600446419205
-0.5386159790580409
0.6248862206171194
-2.1702094875804487
-1.4893403097260958
-0.4298113558101211
-0.6584181207982027
0.5862508077702243
0.2520073798720642
-0.7349839610829719
-1.7336832397252644
0.2271962638261011
0.6489790610479788
-0.6918835197770252
0.1330146765688621
0.2758637072964437
-1.5533751482348308
1.9624475963252654
1.6974330037375485
-0.4841591987377498
-0.6969911558542996
0.5188345704105364
-0.6949184771924590
1.8763291102551238
-0.6094469887072662
0.6076885121645857
1.2309862374701923
1.6727353013923039
-0.1755055820728993
0.3302412215952865
1.4169289887109728
-1.6162494792452515
1.0218808990109629
1.2241145110033012
0.8548058940500084
-0.3293389685596728
-2.2028431836370244
-0.5522825319144008
0.0820756412371361
-0.5389884482982531
0.6988017594961370
-0.8775364208463000
0.0325477138919443
0.7799335423731408
0.2821709463373709
-0.2149780055694990
-0.3240431569189205
0.2817089204028846
1.4668848034364854
-0.0017276177237280
0.8168566006321474
-0.0207373884512110
0.4749789560323712
1.8595974701312119
0.2182421260829700
0.5478241335793876
2.2661515572258795
0.0174985122957637
0.7494769829934008
0.1229493835715726
1.9920164794434287
0.6460111571028971
0.7904590009735063
0.2175790234960818
0.0999883661952323
0.4745951287877477
0.5472083815458997
-0.9952544414217501
-0.2532831968568751
-0.0718372191261133
1.8502244175158953
1.2508837017485943
-0.6169275166005866
0.3711084763109362
1.1573050989319518
-0.4525773687711341
-1.2194223269306281
0.0308603039941716
-1.1204051994105442
1.5566217174474943
-1.3497660760083836
1.1709776582403746
0.1649058724572578
-0.7581440366936765
-0.5233125440055019
-0.7529707984678948
1.6768563026948571
1.4189107157055232
-2.0168343942858726
-1.3047716228583199
1.1066484924706392
0.2807777996617755
0.2262603175234165
0.1859699713116227
-2.0254185423553261
0.2961274448289077
-0.0466030235237759
-0.7838337681967315
0.6119567613666860
-0.7689993275198870
-1.0914032881312599
-0.1688886399212230
0.5095738609928485
-0.3064159350974895
0.1378371912185785
1.0260823735906930
0.6667371173103386
-0.4650757884669314
0.4877945509077894
1.1776291820621669
1.7823676311381058
-0.2310540089400870
1.2734233041203207
1.8387001672750962
0.7253636761790623
0.7024997194891588
-0.0751785931899452
-0.8598923281176997
0.4002178262073349
-1.2568194841605451
1.9469968900945944
-0.3558832554690392
1.3616403862642732
-0.3820154706861127
-0.6985119703479654
0.9214191789825037
0.6427286279598867
-1.5815405898495583
0.8924362328207106
0.8193691593687275
0.9160175190704052
-0.5063568681124383
0.4411597604844660
-0.9252799718739927
1.3818551917224677
-0.4590230814788834
-0.5732289460071341
1.9362807516593725
-0.3919373898695725
-1.2293918573940130
-0.8903246663414778
0.4485207160998669
-0.3783622616851516
0.5781205768750736
-0.0176392557080078
0.6153605997398696
-0.3774549568023766
1.1162914220913955
-2.4404013345464177
1.3009585983590610
0.3562723489828292
-1.1308897003856291
2.0141074136353998
-1.5265497728150439
0.5338543503038351
0.3390057932796156
-0.3026342663898697
-0.6545532525142130
-0.8608171575131672
-0.1363215855485838
-0.5159774052559875
-0.1053773107425053
-1.2112221345744623
-0.2283755589239788
-0.8412841976303137
-0.3537652881441672
0.4220056627405627
0.7724017066288207
0.7336325901059981
0.0122109694577148
0.3033841584932877
-0.2202271258572117
-1.5154718215211227
0.6820831388678577
0.1304071565801100
-0.5554003950817163
0.3327820493698568
-0.8201410964267489
1.1657034101204740
0.4896057045862170
-0.4556144151114649
0.2158502967878999
-1.8163148990497857
-0.0921111887833510
0.3594211493017143
-0.5470341674092950
-0.9793797903268944
0.3423889086786372
1.1469416982328613
-0.3742749667795773
-1.2522925109719807
0.6253570263805978
0.4217832864793409
-0.4992238128739369
0.7118410557588233
-2.5910280906378040
-0.2366978455268875
-0.3275030462676834
-0.6706465227961323
-0.0210264644666482
0.3695522434911235
-0.6000374041080399
1.4754963430796757
-0.0988987794806111
-0.4102904242094186
0.5809717135982815
-0.4577371065780924
0.0900736700227363
-0.3836469559925638
0.1715908100896075
0.2072759813326647
0.9499445508573768
1.4472499810823078
0.5827454485181941
-0.0603799657813023
2.6539173467563120
-0.8265797663674352
0.3070202167855284
0.4715601444123195
-0.6819270058544961
0.0058308235549460
-1.5633381033274754
-0.2386334501100754
-0.6697365648510850
0.9792555300051805
0.6282140463986460
0.8471842723483395
-1.1071606532219480
0.7279576375666533
1.0312593811866801
-1.8343951773027363
1.0735960600240795
-0.2086856993037961
0.7614271527008415
-1.6815085444238724
-0.3298212610229563
0.2101841386594781
-0.6035989994055581
-0.0113358584439462
1.2748742414763352
1.6666371078380851
0.2681179670424340
1.3498780811392708
0.8781521870969343
-0.6544532216684367
-1.2014944118192292
0.2939274767624396
-0.3369413321879854
0.6519206742222441
-1.4774012039517110
1.0046360169559700
1.0145984311529410
1.7443688487515476
-0.5566002113389740
-0.7404494558227730
1.8909630150993764
0.0221142580618979
-0.0534174622111556
0.5134141804961663
1.0315823586606279
0.4395930093250225
-0.9658727750974259
0.2929456228194919
-0.6168900676891172
-2.4131316013973714
1.1455473234719791
-0.9934375067555149
0.8405087607270687
1.1594952788888018
0.3665341694412192
1.4692871604334810
1.3429663997280272
0.7409925719437532
-0.1569107216269020
-0.0434414283532383
-1.1347769398205747
0.4334662718988642
-0.8228127391504784
-0.0159607841624237
-0.5322182927581324
0.5770592402997702
0.2119005925461381
0.3380511598023718
0.6693011158486482
1.1741495936996931
0.3846019221930594
0.7588345069151660
0.5266342284160705
-0.9990334340937091
-1.4591066394838990
-2.4592648403530402
-0.2408238673630655
-0.9324877865919976
0.4736455065626898
0.9960441450479944
0.0663803695402156
-0.9997523397443873
-0.8971627864976462
1.9906102733493531
0.2766184966781620
-1.4801522958763000
2.7482361233253911
0.6328485921743384
-1.7843111436555741
0.4673154996970482
-0.4711266209584107
-0.7432022154067349
1.0222137175407280
-0.5385591925094348
0.9474870869604963
0.8628499921590536
2.4320714926491851
0.7098504223750081
1.0611122782590279
-0.1397616019535014
0.8186671751365734
-0.6436030376765871
-1.6758952826868732
-1.0197440365289996
0.0876940955117372
-1.6445253380903062
0.0265501557251654
-0.9038751281330798
0.7169608101341792
-0.8195666645895684
0.4177270139259592
0.8003736324381032
0.5873218448390929
0.4979266123112678
-1.0968051130254381
-0.7780858333623020
-0.3460880123127838
-0.7987442907202233
0.7899976952499984
-0.2366017026356683
-0.8637334712349423
0.1932711379119786
0.0299860200966805
-0.3995473399148733
-0.2695160808541715
0.6080751257561179
-0.4749834275204904
-0.3503185992083350
-0.9970532700893290
-0.3780504478182337
-0.7004661787885629
-0.2965799467525913
1.6435477753242607
-1.8857810796142724
0.2998026723481070
-0.3517289920592176
-0.2296764996220249
0.8608640688349118
0.5214698572347538
0.2460629140364724
1.2225801907970446
0.9458472621496740
0.4599099841323836
0.6782122515573592
-0.7377923054941902
-0.4594134743066420
0.4132542264371155
-0.1678178462117504
0.0274052800153720
1.0094302340442698
-1.5838180472419467
-0.0749525787153187
0.2134636819833477
-1.3471867155133104
-0.0455937833645883
0.8841092686989938
-0.1404339410489797
1.4361398372598098
-1.0119058221059314
0.1861896910157328
-0.7936484909055149
1.4970007684817401
0.5950426850797007
-0.4556793714201658
0.1228025952565133
-0.5130010996886359
0.3203091970426345
0.0861634173207596
-0.9249135224571844
0.0749083677605587
-0.8701768042466890
-1.6722909027293014
-1.0429000618567306
-0.4146745451474514
0.0266074983874054
0.7298829119226184
1.3003645390094598
2.3656966331824747
0.8799592735546347
-0.1451764191674856
1.6684928287827756
1.1214185359243258
0.9321816479097548
0.7733087017046565
0.4970161276318034
0.8135896289984489
1.0945231889902187
0.4370911299039357
-0.8901366775768540
0.9063663914298130
0.1045155544053418
1.9443550395443294
0.2044025495428440
-0.2972803791404878
1.6120395118777706
-0.6975435182191639
0.5149378316645249
-0.9769556069215174
1.7650078807778979
-0.9526118131516340
-3.0729533321915361
1.8660572299033273
0.4814606659954856
-0.9057733063552128
0.3672511514333350
2.5122264573331798
2.5389738393659336
-0.3794409114935797
-0.4677461304533278
1.2049172726298913
-0.8176743536735458
-0.3969325732593479
-0.1134944370294920
0.6346042067760769
0.9847417699169977
0.5270883092476301
-2.3159284105197249
0.6637944689882133
-1.2707583440224497
-1.4766840398423524
0.5497966468358941
-0.1011127441751534
2.4098582373100865
-0.3922948827331326
-0.7460964556051358
-0.5042811515018660
1.5212604290170437
1.6998362785168648
0.5421769927864681
-1.5516098566484011
-1.3012387473556730
-0.7527967750472860
0.9116002811419884
-0.2284443297830322
0.9588403957318531
-2.4525013409539689
-0.7755100727571522
0.6395587733543245
-0.5990796009300190
-1.5122123615213967
0.3941277684859933
-1.1156234015254685
0.0621771433109097
-1.2776747475907690
-1.2316846706745408
-1.7903067960236068
-1.3861057648939135
-0.7721439889567050
0.8964331203533877
-0.6514216701718547
0.4231086987830406
0.1106742554350302
-0.2316965420860876
0.2741796011051614
0.5122929311571544
-0.0348393117962873
-0.4758068687053520
-1.3076822911382713
0.1645433288266028
0.7492914680829139
0.5220307445708910
0.7221400035567320
0.6248799428800986
-0.4959664439630603
0.3934005339990506
0.4567997087154573
0.1776478882684540
0.7515646376647013
-1.1779872879648445
-1.0759711484170495
-0.2618095775284897
-0.4700176198368839
-0.8716882634614829
-2.3467962750553713
-0.4308076607663865
0.4324769067244104
-1.2098298142890587
1.7755916302322867
1.2780523330852176
-0.7888052122458453
-1.7427332106290974
-0.9921288757734928
1.8736002745993823
-0.6982354578108785
0.3891502495278120
-0.7336899572446772
-0.8841792011676668
0.8782889526328338
-0.0135158139881212
1.5007692242711752
-0.8188430043934755
-0.1500187665312736
1.6244834933891383
-0.4879271906565449
-0.1314446341417338
2.1031295603437368
-0.7159037501267781
0.2974516992143759
0.8664170352092301
0.2382302322837516
-1.4929950797512357
-0.1460263581251315
-0.2469469686582884
0.5081530955976504
-0.3246405402901295
0.8000847435724799
-1.0727115244280749
-0.4206533254247384
0.7985833235577524
-0.4026813399445353
0.0839538088245356
-1.5515299483732410
0.5215384458250696
-0.9758968192424177
0.2107241613875796
-1.4892501838007872
-1.0411010351927323
2.2761846947683089
-0.1723312236952019
0.6306395630816000
-0.8677688167653711
-0.9331371237042017
-0.9162832773282193
-0.6746423058279974
0.2507684396787898
-0.3367569441278261
1.3872857496792492
-0.4387214378452657
1.4020189622081312
0.6027522766389770
-1.6432445199771419
1.2311759266184119
-0.0438928293692348
0.9309029176561394
0.8737140287300972
0.0162343664303768
1.8121490633478938
2.0859792907563719
0.4082516120746122
-0.7789423241418453
-0.0539784816925048
0.1971814113316606
-1.7532887355854374
-1.7552162318024402
-0.1554117375073933
-1.1262128020913509
0.6134658119051087
-0.7407988760826439
0.2398239464218991
-0.8914390477396140
-0.5665248199911511
0.6837355180033047
-0.0196555472033526
0.7165752461167031
-0.0528739154974498
-0.8157820238494067
-0.9010067429318696
1.1784620161141983
-2.2260493058801076
0.2746866217771095
-1.5172026681485924
-1.2936398314314046
-0.6917226124032756
-0.6321366741917465
-0.3855411991302311
-0.4136431738650738
-1.6114772649475466
-0.3949214826888225
1.3537917414573104
-0.5997113347748898
0.3266799207365109
0.3580766246511361
-0.8733883481361430
-0.5071063697571327
0.1968017431503356
-2.3013536573612390
0.7130389234230359
0.7801675802845986
1.4019430474150925
-1.5786787384156715
0.4550452759335348
0.0828527015147267
2.7539947603365360
0.4043936650159077
-0.3600884165555778
-0.8350696518377760
-0.1237767506969824
0.2619598918651402
-0.3374655158014366
-1.2540419999840240
0.8501996344683130
-1.2215776694162772
2.5106781257187945
-1.7927581881308607
1.6445654770514513
0.1431057253912527
-0.5200859059959482
1.6218404300096063
0.2179951243840971
-0.5757070529800522
0.0637813667418130
-0.5810791361023461
0.6059585799325381
0.6085242779913039
-0.6539802111831789
-0.2611260703034198
-0.0789603212705718
-0.2992791853657324
1.2539166052486554
0.8002516894969417
-0.2487146006133544
-0.8402216667668020
-0.1563502567931887
-1.2048823480846127
-1.1522912474152527
1.9911392771765484
0.7743863255319924
-0.2546110946184454
-0.9127065356907568
-0.5756499903536798
-0.6963872035817859
0.8895093117799140
1.1264812840376266
-0.1686483522091381
-1.3999791983705350
-0.1701816279288876
-2.0570862466726294
-1.2426907007125871
-1.1044343532401546
-0.5251802217606266
-1.1217558180952767
-1.6594561665065652
0.7248432671979693
-0.3941144205915790
0.8284002816167195
2.6742062136458231
-1.0147668562622942
0.4770439954720597
-0.9851048339574487
-0.4411647743898988
-0.7663438062582858
-2.6977818009264052
0.9122457452020419
0.3200643282707235
0.1820799796985298
0.5441514211963366
-0.0832853721703406
-0.6720208664954638
1.0688297815494905
-1.4000841827910704
0.6793441930165636
1.2829041127064127
-0.5189376936169842
-1.4116488805166256
2.1727147670548264
-1.4375114848915389
1.2000155594112210
-0.4959068004941802
0.3497186405382468
1.4314713988294065
-1.0938872611053791
-0.6434038856761390
0.0844861401028123
-0.3492924703680796
-0.0317541016872434
0.4193305483378363
0.9435126278015774
-0.1213874073830961
1.2757533602071098
-0.0985261521198869
-1.0668308801750772
1.1299474421228279
1.2082868646917526
0.7959986306304339
-1.1456920240297976
-0.3053527630262634
-1.4160551901772733
-0.5535831378649974
-0.3170251985912734
0.3548327099763321
1.2781490186300160
0.0301863243852088
1.2579841454365694
-0.1813135078548232
0.8913349100298495
0.8441252422866115
0.5192843891023811
-0.1990827827823786
0.1563526173449444
1.1758350077513424
2.1962773680177814
-0.6652323741175752
-1.5158914556132688
-0.0457637743083837
-0.7166359260974148
1.3212406728905908
-0.2927776250800701
-1.4328967546200051
0.1976885987922055
-1.2014645370453114
-0.9257160432159085
1.3782123888638589
1.2367200498986248
-1.3409433763641836
-0.9900078598064578
-0.3673683818559068
1.2034793868764815
-0.5921110302265158
-0.4832113552189176
0.2611556719662673
-0.2541462108059067
-0.4394069767423521
0.5322102347574540
0.5615502838964892
1.5211601604938825
-1.8048283718862828
1.0843017089826088
-0.2285130376236066
0.8772900901505666
0.2017906938497285
-0.8709676696926879
-1.5270996957978205
0.4767608080107755
-1.1497796684137291
-0.4310880410631610
-1.1193670411644911
1.0873165601244761
1.6355631904951531
0.8751079869933023
-0.3056051886433723
-3.4080655846068697
-0.0060148950997084
-0.6705964533370931
1.4869679529178252
0.8801172613165679
0.7152432939860530
0.2940156700387250
-0.6581827860867456
1.0418257436181733
-0.6949804599044055
0.2262299878221954
-0.2149679202201052
-2.3348768453761415
0.2957269199192081
1.8917054518239722
-0.6852494197074795
0.6781065453533034
-0.3955283403405912
0.1409198472709812
0.7166742048864709
-0.0115233107821084
0.4044600135985762
-1.5971702553407932
0.4552435478412778
-0.2507201350344043
0.6915202814767896
2.5587898356923136
-0.8184517522112350
0.7265085957980608
-1.6475803656866428
-0.8253174881534480
0.8563569085421605
-1.3230126980089580
0.0715209853269667
0.3821423113036080
-0.4218547544908310
-0.5498560163944528
-1.4278024135213951
-2.1236318910243890
0.3245021748509098
-0.7408773841879003
2.0945882819903066
0.1542797752332126
-0.8633698181189520
-1.3637449607481671
-1.3691255289668005
-0.1040539695214793
0.8785079292498521
-1.2346171073279888
-0.1992858129704853
-0.5137885723100686
-0.0091703586336279
0.2762283174804348
1.2870488792251209
-1.1681328626211558
0.1395012320974237
3.1208350580715045
-1.9049629069260294
-0.4570305054714608
0.4176086960024954
1.1485422433651136
-0.0246129564962286
0.2750920792543965
0.5486651229263045
0.8086246577310328
0.8904031824996549
-0.1113848095976827
-2.1942193066581441
-0.0526291419462138
-0.0062712262562870
-0.9953909041287727
0.5063985896200636
0.8702936479585923
-0.3705930761007369
-0.5644575358839025
0.9588406720584135
-0.9807389410161326
-0.3120332726090665
-1.0928406090380545
-0.6214207278421544
-0.9217590285622906
-0.8752724917924752
-0.7914349069115842
-0.8027808424227770
1.3120414210024733
1.7220150249861825
-1.0832088951629522
-1.0672921282361936
0.3693133173514968
1.2195918820693448
0.9936913414357063
-2.2702179248970236
-1.9196287900599807
1.4563730591087067
1.1545068675280328
-0.4448310176993771
-1.1379081692722002
3.9898988985142769
-0.6871667604566617
-0.7503440509219165
-1.1964061629800378
-0.3017037008100453
-0.6701165986273859
1.0982087747961102
-1.4504149990588810
1.3300738117310924
-1.1524870030361249
1.3156254109661292
1.1637173611105458
-1.3568591902439906
0.0508903336850929
