1.4442186339646559
1.4571163541479086
0.6206990463661489
1.4344806315962677
0.8135979887184054
0.8598890590625388
1.3673091251715679
1.0170582385246365
0.8807477720542466
1.4283907696865470
1.4438913867126366
1.2678660184170607
0.8852665436625602
1.4546565568246888
1.1718199317848297
1.4023452607669777
0.7498947504111003
1.4762495564595557
1.3175832133453247
1.2579225677992696
1.2274235507767384
1.4377555972971463
1.4203028471385017
1.2745059404465042
0.7646382405697428
1.3467805498547891
1.2994396689638064
1.4692575986485148
1.4752858444213941
1.3140054881157166
1.0596094746191960
1.3537639123101668
1.4480827773547196
0.5116162721456269
1.3895801565416135
0.9677508486732660
1.4371305272408024
1.0068945543174150
1.4219835325108834
0.3981496328113674
0.9963105149991475
0.3428040862521628
1.2904317039520405
1.0010941308566745
1.2890042535005239
1.3831439981858926
1.4643239014440035
0.7997715211488511
1.4129690399083055
1.3325799721941431
1.3785007627465065
1.3346640074123712
1.0123791065047085
1.3524729028670281
1.4198864717978692
1.3813796622707049
1.4060181781111472
1.3329377590476441
1.4170722628588277
1.3865947242014016
0.7484048908714298
1.3340981532908205
0.5661520100525141
1.0718128669780076
1.2801038988681954
1.2906073172118357
0.8846402186019435
1.4346060134986029
1.1335797177173412
1.4688161813729179
1.2722400411042860
1.1713121892585940
1.4326170587745026
1.4463651010462086
1.3629764629301853
1.2147951279477098
1.3389442620606473
1.4209375096753079
1.3622968925622443
1.4295381116110728
1.0283660552239637
1.3188692370041786
1.4627337607777353
1.4536943102389497
1.4407182349921142
1.4615806748490354
1.2403368466392923
1.0009943696793240
0.9778147446489510
1.4427345737946036
1.3568967504130338
1.1028764906666522
1.4225374976073430
1.1097110230377740
1.4713761243007575
1.1695228631198233
0.9401962783646208
0.8796633840818481
1.2648978865536211
1.0901852972627857
1.3313655137840299
1.4333392997174728
1.4030747779435671
1.2695144896116941
1.4249455104816409
1.3084773809469397
0.8060043634264035
1.4424850638433122
1.3813474422507652
1.0075730826861862
1.3265719655309056
0.9136212513867066
1.0988060565224245
1.4205055704784957
1.4427632475496841
1.3795210372872468
0.7495873611145685
1.3330679279376760
1.1935067657622884
1.4750213252079167
1.2529185013796824
1.3743493255871613
1.0379251922012640
1.1841159003983099
1.4513131536504620
1.2388839870495851
1.3966478550493080
1.3523470004605720
1.2902937401232193
1.3654553491467958
1.4085388378072716
1.3149297266664213
1.3025830806275627
1.4167002098761750
0.4195613579876848
1.4755669747700404
1.2864844618550921
1.4588194580805394
1.3952776047049877
0.3799702254268240
1.0195504244060567
1.4378055800689236
1.0067756001541643
1.3960673223041120
1.4635089803851100
1.1916104125508642
1.2822855709307577
1.3165129227855099
1.2042229486458869
1.3651067933535541
0.7134935895007808
1.4529010043188761
1.4551519234592214
1.3265460631885977
1.4332116200460832
1.1066957578407293
1.4622811014174912
1.3653037926528473
1.3881244136156750
1.4676426738261215
1.4614645134415269
1.4652649816027778
1.1321434543770197
1.3648280767830485
1.3879472839141420
0.9951587298464486
1.4090641547571625
1.4387303604023089
1.3444417944956000
1.4346979737999361
1.4161106481772550
0.8753956036185482
1.4697520852551802
1.4801795448275079
0.5404754720920695
0.8726275826172226
1.4156758987258069
1.1007394747290016
1.4035536171746554
1.4492231564648292
1.4197474033778268
1.4862839545425159
1.4238158419144347
1.2097352470728502
1.3434001623071126
1.4317507208606557
1.2696649636751574
1.1999844327467477
1.0795261868011858
1.1037669995213659
1.2561005135841763
0.9079701758978065
1.3448595066336271
1.1765558002880963
1.3911250078193806
1.4053314921471420
0.9433977529811116
1.3362127558798786
1.4678141911099534
1.1994523381193294
1.4522482076388934
1.4585308143493294
1.3872520007102382
1.3427155101474448
0.9126268650147067
1.2637699322347804
1.4042927182282889
0.5047592057288275
1.1984524156711132
1.4510476003286674
0.7444291817940756
1.0543399801455298
1.3192438516898095
1.1951650350253502
1.3751974835236793
1.4376004582513111
1.2896322820203661
1.4264113625138841
1.4478175457734135
1.3793864298927414
1.3795280395398986
0.7922829159923048
0.3016684765376467
1.3453288004168500
0.6118310622587068
1.3824343812972268
1.3877095216317905
0.5314789486031380
1.4113450657650448
1.3355014324264298
0.4295583471768082
1.4495767644094733
0.7410341319774288
1.4366595262650215
1.4070385989834395
1.0072354109666486
1.3051839079000391
1.4530138966263226
1.4249421257165951
1.4751329060317215
0.9685351358071953
1.3648223491347893
1.4657751568960375
0.9480393908611974
1.4611444761850914
1.1030563376905962
1.3556513471230272
1.4760362595798375
1.4248705553240582
1.4242976990944913
1.4649059645010285
0.6276721421948280
0.5762730796417468
1.4705498148884852
0.9559839406261894
1.0678971737624163
1.2259561373116121
1.2730164011225222
1.1455090636244516
1.4758202822319459
1.3256139837625283
1.4272446463383897
0.5651815447463697
1.3407254898156131
1.2878535122459080
1.3002124159463415
1.3850259369918871
1.2917364822199040
0.8966395365417895
1.3544210460917465
1.4349766802090118
1.3864836248224834
1.4743794651152842
1.4393477987803152
1.4425605316270500
1.1107473351741763
1.4094441808169345
1.3949599428336634
1.2708250868474338
1.3718325995338654
0.6282575673678036
1.4029895035120421
1.3121444826217541
1.4519785568414108
1.4577074799804464
1.2316710404282751
1.4230946227223138
0.8613025831053045
1.3461475473537525
1.2518698378301250
1.1142434577572464
0.7415367333123241
1.4578372423852806
1.0345889984597954
0.7891716532227327
1.4114589748751012
1.2229137477021337
1.4189481539854081
0.7015098719992284
1.0649934428966554
0.3709457208596210
0.7663663845083946
1.4204681825843475
1.1635526763948656
1.0533977312827123
1.2746371744310379
1.1250966936365567
1.3650794626010940
1.4508658352992052
1.4204002014443904
1.3532415634479116
1.2771418285633220
1.3521717489688612
1.3585909308520556
0.7262413879047882
0.7560018417136535
1.4285568147641643
1.3167386436029624
1.2212310353490334
0.8581062583494186
0.8497771315129978
1.4291364850209987
0.8779449464800605
1.4506225964622752
1.3755974833159377
1.2929646539462158
1.1014377588496675
1.1550831532986210
1.2488464924046654
1.4227733012626500
1.3849716542560020
1.3211444316329488
1.0456736027365703
0.7537398020266211
1.2761098877551318
0.3609470301378763
0.9180756431655543
1.2487933304485019
0.8631016401760900
1.4027393168329434
1.4208758122580383
0.5975810707201081
1.4589179897965801
1.4747921465265839
1.4242231106414971
0.9072551952765693
1.3457536138292630
1.3316269457584189
1.0765935599331891
1.4347096539298718
1.4479098155206389
0.5665673222818410
1.1528308221876808
1.0473076246772994
1.3602683503278998
1.3279180882449513
1.3186358748275839
1.1007740956923224
0.3669598246841023
0.3621890106340361
1.3667313289451033
1.0067876809446574
1.3043470198678704
1.0135122392326588
0.7655311586975959
1.3322148244547996
1.4181400867699054
1.1725695599420254
1.2106686781877563
1.1712383238268129
1.2231987598115699
1.4762877415535196
1.3780348061439434
1.2908066948577583
1.4292615588642910
1.3845829125052347
1.3281119870360478
1.3152947647077389
1.3651221398288702
0.8038772987533146
1.4620770477513136
1.4177180257326445
1.1913365720146825
0.9932055940225588
1.2800150366324861
0.9057583123605676
1.4607008231010892
1.4316902912093985
1.3577706086208166
0.9934643439388720
1.2370948312968375
1.2319374945496502
1.3008543088007050
1.2064669956855227
1.0934650235492811
1.4310955746348779
1.4544592104846226
0.4163477987947034
1.3747430114679930
1.3318321612615145
1.4312637892466820
1.1297658771923462
1.4557264070036642
1.0647385552436155
1.3176465528143706
1.4771007213489049
1.1949621589243140
1.2728340539723371
1.3135020896260137
1.3699633647897549
1.4378229673711855
1.3587412679095539
1.4339953475193148
1.3988946468040906
0.8167398462626039
1.4146352521797643
0.3490623171283411
1.1271495467966384
1.4546145561009627
1.4445347860527644
0.8246134698315740
1.4464630075456801
1.2759405697160791
1.3985589281091477
1.0211700345190458
1.0500913794220317
1.1908297497944014
0.6466329325463865
1.3756379109080832
1.4657832622275890
1.4222723793452097
0.8646089201613973
1.4295940590086669
0.4462663461405958
1.2372747278398835
1.4576977429721902
1.4809733174229056
1.2748644622346152
0.9968634055891423
1.4014705654819717
1.4195139060128019
1.0947870303417857
1.3492002781108403
1.4646991731112400
0.8631568439599895
1.4103571784331888
1.4506396620229871
1.1625406445055100
0.2943108212297110
1.2907807181878128
0.9745761437557428
0.8079175018340164
1.1223509099159978
1.4572923240141122
1.4479790282197080
0.3325692935894789
1.4343917543859237
1.4050319691707478
0.9903941620660899
1.4431569656925025
0.3065292755782478
0.9984287246418080
0.9304720916156419
1.3973647312914368
1.4090946504095869
1.3489859121231051
0.5327246820215800
1.3024951664856803
1.4436195617195766
1.4014017140689463
1.3910872633765847
0.2938336456673872
0.8028306341808643
0.7662173261585702
0.4583331112598388
1.4006877188992493
1.2388924599690283
1.4255196167965405
1.4422193525117681
1.0862783632245301
1.3215622586749776
1.4440498413266076
1.3991580832078365
1.4094287517948829
1.1109620580780231
1.4318405869739221
1.3342250746120450
0.9016179871958576
1.4326653436685712
1.2092347687669562
1.4322516208039029
0.7086158327130676
1.4451846477819212
0.8527632887374721
1.4736295361200531
1.3996244825573254
1.3663678573858453
1.4235363076569179
0.3395944902460110
1.2080849800528206
1.3069259722173101
1.3574280621708310
1.3861528232529043
1.3213650284863212
0.9375435707017107
1.4550281208179623
1.0998398374607110
1.3373373652719538
1.4017689674226457
1.3865433013886215
1.4763596942946233
1.4219104083021796
0.2962641839706999
1.3566963234306659
1.0867285969600504
1.2822764708097827
0.9115008576669975
1.0359536953276187
1.3014621900583556
1.1703166915808190
1.2974300639250267
1.1985899302885992
1.2741740063446272
1.3360546993417108
1.3988335462914689
1.3933791771704445
0.6175677569721875
1.3282481951393461
1.4560605076061932
1.4362520445136135
1.3949859994036160
1.4640981791111372
1.4412061365747606
1.3119405619474933
1.3754595781863426
1.4632521327353787
1.4321966074830672
1.3369029418677987
1.2159668262685344
1.2097171879298101
1.2108368767946562
0.9301078946929234
1.1363494075908411
1.4337187338616912
1.0530842240128677
1.2547640334109813
1.3949802580826616
0.8352952444315143
1.2484370039084121
0.7113415399651798
0.4520265356329392
1.4528889943069005
1.4037906382167920
1.4220549405678602
1.4592355838677999
1.0420646918404644
1.2992955389075602
1.4742895035434107
1.4664592273370649
1.3181582070502558
1.1249142855629122
1.3450597054828886
1.1601198233084784
1.3437096189040203
1.3893729257404432
0.4284631752050484
1.3019123895515150
1.4558435288897893
1.4325183322578334
1.2208626129818962
0.8130689028365351
0.7969790844982508
1.4611905231623379
1.0208467229845222
1.0113702454504938
1.3251350939297539
1.3896297085892257
1.4499042605624066
1.3943143121082417
1.3939319871193154
1.3288743798901441
1.4752093844436065
1.1002613449120573
1.2857870265147680
1.1496188107331351
1.4346158599697494
1.0265526109487815
1.3831033656301015
1.4515562451958821
1.4032337334032314
1.3825553164291451
1.1928601145705822
1.0933930195785555
1.4073258873274568
1.4512062108143595
1.3905407459273293
1.4771469336618925
0.9720079237674053
1.1617360743519676
1.3128529305358474
1.1459705965855929
0.6226637942498132
1.4424722810219888
0.2994141452467218
0.9596798128310894
1.2970405565487853
1.1932731604642579
1.4538099768223611
1.4855054355621464
1.3845714567042058
1.2139827761424371
0.5281378128049494
1.4528722284832833
1.1320286757649869
1.3703523521061232
1.4255270625822432
0.4937452546846395
1.1172998574875548
1.3078394172873160
1.2903073560030198
1.2887557393299343
1.4529935525393636
1.2196857646183372
1.4096966809546982
0.7889386943586033
1.2778331253288420
0.2927265137291451
1.1283151180666038
1.2476952085443820
1.2745532736019161
1.4610645845722035
0.8376356589493290
1.4140433323751600
1.4513704898008057
0.7348897697408602
1.4546661943284798
0.7457496398011119
1.0657811768740861
1.3207226670581342
1.4005673725890491
1.2840506528042190
1.4216690569683668
1.0321407151638207
1.4404392667053623
1.3883452509114635
1.3183809905681212
1.3492174175764038
1.3501092050998265
1.4515568870854352
1.4485124369396223
0.9808983745469708
1.4195327774458091
1.1857471479859092
1.1583720383956768
1.0094291854824771
1.2068336126556489
1.3663773008240612
1.4291753651532417
1.2944400430332823
1.3149069892203242
1.4620989836620382
1.2353911644273776
1.1710313237490058
1.3024060638282984
1.4048914069671274
1.4088224119756687
1.2854955362398091
1.1903259090990905
0.7499476364315412
1.4465339767469538
0.5578762450810100
1.4523439433349645
1.1136017930673885
1.1261513855476486
0.6612968749277407
1.2672198858688397
1.0340109818755359
1.0494799602522082
0.3895941127360966
0.8972552675694778
1.0848120970046795
1.4505977060125217
1.2240027348541029
1.4398873299950530
1.4107902869416802
1.4428511479401607
1.4086994269469442
1.0350214855664435
1.4115334500760415
1.4534247595324452
0.9264160833853536
1.4237598326985543
1.3913374684121493
0.9571643213927696
1.4336215355021378
1.3520045135737651
0.3041649247430596
1.0739268143145775
1.3773572214771310
0.5697732797872320
1.4729051143528551
1.2287167176842417
1.4584230791421662
0.3282252379809104
1.1264683515971563
1.2246162473404929
1.0557222085719629
1.2772129590320993
1.1168294872017011
1.4168454531572774
1.0501146090363165
0.8900838755451989
1.4358412816481556
1.4265484410383051
0.9979050687968511
1.1266976497548111
1.3529252150835125
1.3778753508673263
1.3941848632848872
1.4424981819720826
1.2398880216850603
0.3354115927484891
1.3068691836450272
1.4166681086908004
1.1676068688959180
0.8323705510846419
1.3146076677341827
1.1181552965002901
1.4419549445828932
1.0793770928594293
1.3623510849138531
1.0416146193778004
1.1136145999982126
1.3319129764307978
1.3323137353895931
1.4027559888875869
1.3580001964765156
1.3710756494647962
1.3588358002828262
1.2820618430598185
0.9646851231073631
1.2970423111561127
0.3409818200661223
1.2612167643658807
1.0797623141969408
1.4660313477386921
1.3672181132948695
1.4367619090892441
0.7362654207974451
1.2746840848551440
1.2930498386068416
1.4524326764720168
1.0269412940359737
0.8669477991484815
0.7575944518431871
1.3586522986896383
1.3422637755785811
1.4205381527362551
1.4676333017551886
1.3554477711454993
1.3376594688813721
1.4535743193560522
1.1225959444860547
1.4134312424069648
1.2230832339498021
1.2712340593530311
1.0482719948717953
1.3442554106793074
1.0606066998438022
0.8831696020263290
1.4446748904566773
1.3704950451208961
0.7959190971916343
1.4380640732227619
0.9441520630928699
1.3546753317289553
1.2684081376517686
0.7302635831939569
1.4240225168591010
0.6877530624977500
1.4730979041159435
1.4780671651071084
0.6840108180888308
1.4032303999045317
1.3740573787826538
1.3557778757561032
0.8129724933827118
1.1112646439542948
1.3083078488433630
0.8456351355043048
1.0815430373357522
0.9086218766897223
0.4418465462844338
1.3600666087199493
1.4011323024199080
1.3820891836011657
1.2907602556101261
0.9008077554507190
1.2630304390098059
0.7957731009527754
1.4626824220051831
0.7241435967844380
0.9290078412843071
0.6070407488485290
1.4031471081092790
1.4379011897958731
1.4427155176349526
1.2456722604771004
0.3756259156594192
1.3986342033877037
1.4151075251355270
1.0065233473914732
1.3039366225166429
0.9232604355692102
0.7124108450588891
0.6478395533046275
1.4550651575880069
1.0369838172998711
1.2511141991730015
1.2750541009303225
1.3925284148944441
1.3872174325861113
1.4191043295045973
1.3793301242593803
1.3034285795027152
1.0395587166389246
1.4157495331896404
1.3918414661556759
1.4701904601720226
1.3282667066933853
1.2663315221208475
1.4143179806878259
1.2336529561126546
1.4408363934284918
1.4523382374757063
1.2244201729914319
1.2504693828958200
1.3918665424411278
1.0382707545301813
1.0474923357837924
1.3475116531929103
1.3754226984439870
1.0636137983344776
0.8682840476744067
1.3598873798369373
1.1196437205005951
1.4620817770749210
0.3013033941256371
1.4681050151625732
1.4575366739991011
1.4300399599171878
1.0932678998260554
1.3066790849080021
0.3298055414181697
1.4530182655556871
1.4231466883322390
1.3160427789216862
0.9775556920260985
1.3448274971787357
1.4658640479715133
1.4204990086372913
1.0585182201029217
1.2275446244120753
1.3267620368171691
1.4501433735042175
0.8355382228639744
0.9378262948999589
1.2595222028144883
1.4258150274405050
0.9250179489101433
0.3139511251174356
1.3406103599361292
1.4359825896766691
1.2814350184165313
0.6903992297161365
1.4189197052020255
1.2810181045509397
0.3293780661299957
1.2179170248865261
0.4383568619399849
1.3456155639526661
1.1516505944519837
0.7689162400277514
1.3890535338159749
1.1958412557949420
1.4107567714814033
1.4542779748389976
1.3247881998264472
1.3930013464137387
1.2101063390526785
0.9872568380263144
1.4565816641016449
1.2667131934331921
1.0760078691027524
1.3396689805679793
1.0111278337196099
1.0485906252775121
1.4238831158927376
1.4355797174366070
1.3936733058089643
0.9462020068354485
0.9382394948379611
0.8864029024134439
1.3171058883130116
1.0480610413252345
0.6903763559890634
1.2183551820768059
1.4750156973298632
1.3767589482777904
1.3951655535403067
1.3773016098506521
1.4567149731411253
1.4253264080741925
1.3923268354335456
1.1941274576481258
1.4451304692091294
1.4230888284985537
1.3879087772571046
1.4659089172056030
1.3494435804409139
0.8817510823926932
1.4245499517114710
1.2798780150082743
1.3487963260994547
0.3933929700478251
1.4145895608332428
1.3350183204615818
1.4486924703191197
1.1827315787323691
1.4055288186603849
1.4468874112454051
1.2749391954302893
1.4757342506336819
1.0921803795888769
1.2749728412665060
1.1954034338251960
1.1689448122319286
1.3190276748214740
1.4281300206127923
0.6937240366386868
1.4436306089464028
1.4618734955292865
1.4049937007962026
1.0460784009041826
1.4555824424685686
1.4508457219219018
1.4017760821701704
1.1919265942582165
1.3847967192261528
1.3205034801791582
1.3235633866979268
1.2912905096604135
1.3863357500704436
1.4208142073709762
0.5946151371447321
1.4729089332368839
0.5720333785270160
1.3759178794948772
1.4551412249280373
1.3969140686699006
1.4163163028610066
0.9602347561641692
0.9026400522330001
0.6480444954054184
0.9583520848962614
1.2548890447857473
1.1978941874360163
0.9054465842148860
1.3638774348341109
1.4696115622383648
1.4272158229129441
1.1736059411596129
1.4260123646470120
1.3909822009396118
1.3110633696229252
1.3193755541167647
1.2379374738697009
1.3170798591614361
1.4130647156305141
1.3623367749294841
1.3589067635826322
0.7634169871629150
0.9344908900414935
1.1583063709797965
1.3918659827141859
1.1322523822462751
0.3163770385282088
0.8556048817949350
1.4493367471794991
1.3771796413296882
1.3741546066617536
0.4039891248969520
1.3070075640829790
1.3606442311273428
1.3361747784380433
1.4063384027096522
1.4015796454980862
1.3975506253162295
1.4349455974877343
1.0007113176250657
