0.4990333450506605
-0.6238554525650637
0.2504363796305533
-1.7646848458294633
-0.3649547738630151
0.1485183752081694
-0.7972102071090276
-0.0593864889006557
-0.6559613631271163
-0.1066103613295916
-0.8593481748020458
0.3310499751122742
0.4380691303845558
-0.0825689746748136
-0.0050375455464251
-0.7491473611987109
-2.0523342797997448
-0.0307253565657452
-0.5522672724027191
-1.3276255715944256
-1.9729529970583788
-0.5379890348738799
-0.2178347965182610
-0.6108834757144926
-0.9240320271850252
0.0350175640776793
0.0316819675017976
-1.0639288633564556
-1.1501915590441700
-0.7944808472070194
0.1219149045153109
-0.8159579677504476
-1.0380174987669739
-0.2361888334498700
0.3734274695091804
-2.2819390772241959
-0.4294477943395311
0.1051100530896949
-0.3850931113362520
-0.1259131910535385
-0.1790246908307468
-0.4768177767245120
0.0202420282414009
-0.1683448870224865
-0.3073629930870971
0.4151111011043312
-1.0421241639952146
0.4477450721714599
-0.2993064593726405
-1.1333943861835520
-1.1803782491820360
-1.2982496135344201
-0.3118080013555601
0.0458655408355254
-0.0904969185523570
-1.5563323555788204
-0.2541786745652239
0.0915251126799200
-0.0573812848409611
-0.3158350561519894
-0.3895716378758475
0.0570069815306841
-1.1978692410246818
-1.1292683583900969
-1.6761825235192953
-1.8048464262512245
-0.8794675662685222
-1.3565796164745330
-0.1097364978876322
-0.0642430544454977
-0.1140641945131430
0.2951523830449138
-0.8597042479931994
-2.4245447788046697
-0.9054635284010788
-0.8454844833182568
-0.0573940686897000
0.3303803269361731
-0.6617959197706449
-1.8275775936699821
-0.8204367228709716
-0.7802390879744810
-1.6305171950182804
0.1903887824844145
-1.4965400414922982
-0.4981706600411825
-0.8638257515303307
-0.7500577759925288
-0.8644103708781514
0.3383098837765156
0.0676013475569628
-1.3545013040691571
-1.1644700579528247
-1.7790223375031120
-1.1647119859420747
-1.5236406648715279
-0.2691723591083681
-0.9274279972274948
-1.7979874641504006
-0.2869374851509902
-1.3118733267967368
-2.5194785471484664
0.0258043370677085
-0.5574320309011563
-0.5433287887332333
-0.3303772140610641
-0.4845609072545108
-1.3314998871332377
-0.8174396065570777
-1.9856105561023969
-0.4655026455000476
-0.5350262146822298
-0.2165173637531261
-0.9455127469044058
-1.0870349697006891
-0.2764493184639730
0.3603051699022807
-0.2881645012154927
-0.3509330092004754
-1.6600666533571824
-0.4815593584324108
-0.4443525368292995
-0.2083997989847104
-0.5505838042254295
-0.7498731197550808
-0.3350115495226350
-1.0947245544473652
-0.9375574710603488
-1.1973496474007639
-2.8996000747741366
-0.9577797041551370
-1.6661043421464474
-0.7314338429370041
0.1188571785759086
-0.6536411462485586
-1.1492269670187529
-0.9083295549190614
-0.6588579610954880
-0.2424839975676004
-0.2719456571638366
-0.7969856415232104
0.3390866630231713
0.0058113273292315
-1.7122138871520607
-1.8904584744761279
-0.9213802658683186
-1.9083687156787699
-0.9566856594996888
-0.8039935548838283
-0.6078773769119280
-0.2802829389736453
0.2933037399015516
-0.2466624679746224
-0.6145944523019848
-0.7364358006100289
-0.2965584102271949
-0.6470274461840400
-0.3449135229688723
-1.0494609110280151
-1.9515138700998167
-0.2738646488724157
-0.9897709205757986
-0.0892258445686721
-0.2988646978291868
-0.4190040711425931
-1.9255059917224371
0.3795203750418202
-1.2903134723804461
0.1060596940501688
-2.0872641258198561
-0.1146654366143907
-0.5107254073981791
-0.3132118348350845
0.1791779891324915
0.0903157632749190
-0.5323452985317177
-0.2949811486791429
-0.2811049539073551
-1.1567086901759203
-1.3563446983298197
-0.0108126336780153
-0.6765928331350263
-0.2024261345149743
-0.6589250679786861
0.1511094130006324
-0.0727414363750423
0.0057120995905608
-0.0458537456748679
-0.1687689313980927
-0.4487813415135071
-1.0926069573045951
-0.5749448476742707
-1.0267474471666393
-2.4143643451623746
-1.4928908199735667
-1.5886943374961351
-0.1926054232184681
-0.9418857994219436
-0.3169018406617942
-2.1063716869729170
-1.8004353087456302
-0.1410985205500711
-0.8064851957859945
-0.7035612579752433
-1.1705982529236234
0.1472514044987085
-0.3282237416089294
-1.1051280183431558
-0.0305716649094530
-0.0811123572951784
-0.3441384178219365
-1.7980144151586812
-0.4327432323439295
-0.2697519159339993
-0.5593678004946662
-0.7474617626189612
-0.6319468977608603
-0.7968639313839208
-0.8439161421222926
0.0078160179668953
-0.1379784193639362
-1.0244919330271915
-0.5967535768160384
0.8601543053320834
-0.3721230983103144
-0.7758910720942479
-1.1981083406868478
-0.2375809419446780
-0.7620921302211739
-1.5634884973637353
-0.2237289804460097
0.0394199148871566
-0.6078957220563956
0.2052760635907827
-1.1273511088209223
-1.0107479098291772
-1.0745531579946308
-0.3754374004133821
0.1688963943281218
-0.2178690539375793
-0.3155590717526551
-1.4157612372661923
-0.5495537263043329
-1.3709510019019655
-1.1083913547464226
-0.3120349580817718
-0.5520669799443894
-0.6661634973204297
-0.3335779161625847
-1.0836890641934027
-0.5143394229333693
-0.1388311129498550
-0.2903907781845546
-1.1534679798007259
-0.3582463716685848
-0.9623934236895403
-1.0073403084055379
-2.0403037134793376
-0.0296725202160510
-2.3506239587254805
0.2595370268934959
-0.5334019500009463
-0.7173408967387297
-0.2301357731318150
0.0080030015150299
-1.6516445274544340
0.0561371459308014
0.0648752510952725
-0.6503804416029130
-0.7064716311459218
-1.3491339729883920
-1.1419500901302664
-0.1828805983344368
-1.8113460402395922
-1.0875763405923979
-0.7183421934097600
-0.6991426495101458
-1.2910980449383358
-0.8481669012956797
-1.4853192131048476
-0.2943802808018017
-0.2659069525659640
-0.2296508119823679
-1.6506165812302585
-0.0306436670148059
-1.0178369160528038
-2.3248760541531115
-1.0925415931656659
-1.2986871445806649
0.1708922972098047
-0.4904425451596752
-1.4739727297662462
-1.0428298227722208
-0.7628196257828743
-0.9505864147082805
-0.1719904154776227
-1.4927482414335480
-0.5339806978324689
-0.4078791837469584
-0.0922718915846405
-0.7832899423408860
-0.2301526343403883
-1.8240374192890108
0.2059457570519070
-1.4339808750246290
-0.7293493288898169
-0.2149054887515361
-0.6351909753877421
-0.2471326556585091
-2.9673251809915939
-0.5700182136887957
-0.5186042239144716
-0.5544498738300743
-0.4076815469630120
-0.1884212223251683
-0.2116229634297925
-0.5571725831065757
-0.4273564480286844
-2.1380823679414811
-0.9457571561994459
-0.2793637958126284
0.0491242798317627
-1.5493601882820605
-2.4634972160954947
-0.7286991054123882
-0.7474989874793758
0.1020204880940627
-1.0092965900553112
-0.6924823838935006
-0.0522107159223023
0.1711679361519950
-0.8496847246009874
-0.9677111116859897
-0.3132963187800107
-0.5325895607456699
-0.3239437531620128
0.5744519288965321
-0.5354419935732714
-0.3424963642490007
-0.3960540982988862
-0.1231340526163737
-0.3594871009561484
-0.1495724426568895
-0.3761454671443499
-1.8681889345882778
-2.0823243279918189
-0.3153679847331337
-0.2666021924193722
-2.0126245163065759
-2.7656570343549745
-1.1358060435389987
-0.7914266893323971
-0.6258343005959146
-0.7273235153250055
0.3332315875147341
-0.3633899808129171
-0.5881406457641442
-2.1082107100362579
-0.7938497107485337
-1.9379019482588369
-0.8567133105642805
-1.4978041444350167
-1.3835146170347736
-1.9287095972048269
-1.9312981406368128
0.3062129251341120
-0.4971594905239127
-0.9877231562882918
-0.3871719579962037
-0.5917762365208279
-1.7982403119866197
-1.5803457734207191
-0.4105658556248013
-1.3235739284210692
-0.2429470061461538
-1.6678641481940819
-0.3077872601985100
-1.6974113817561716
-0.8229219441483488
-0.1145295834880180
-0.6964361698882710
0.0525835367434997
-2.4122356858695548
-0.0738912308132633
-0.2442083633431706
-0.1602841329845441
-1.9740765009801340
0.2960660840894082
-1.3857719371705786
-1.4585583831049203
0.1288345768850236
-1.0931725882644041
-1.6703545511906803
-0.2791564129605525
-0.5749317062765009
0.1225962307852200
-0.3732707841148742
-0.8448055300320133
-1.7908372035053934
-2.0699759482070177
-1.6753002911998223
-0.0312605794518578
0.0850148412523595
-1.8773155286589187
-0.0366597987501772
-1.3464905476629165
-0.7853374051231390
0.1455228052295910
-0.6086150641686416
-0.0110859649205773
-0.5192588550974327
-1.5178202523301187
-0.4453849271086738
0.1195753901026945
-0.4930776068819849
-1.2456593108048337
-0.7262546751366350
-2.9265410232589204
-0.9193105802742374
-0.9791725488493629
-0.6951429275215567
-0.0393595097944292
-0.1912526703004611
-0.5316837314568430
-1.0459623503289812
0.2052914651690053
-0.3117698836446982
-0.3232383266278002
-1.2333580021020671
-1.4739661424903157
-0.8756535778402471
0.1104377343365288
-0.6858609486216783
-0.2765042240299929
-0.5699278578971813
-1.1312910815608368
-1.1399887181487112
0.1512765076386641
-0.4525877508154209
-0.3877151611837895
-0.7683826943970453
-1.3704395405619076
-0.4132732108699483
-0.2488857700823114
-1.1373300338936261
-0.7833168203150942
-0.9940697314665126
-0.0015271387873150
-1.0926391027843474
0.1645104464987900
-0.9143652775092561
-0.8538015663130438
-0.0685892926448007
-0.5448981834700287
0.0954913440960082
-0.4978004553880837
-0.8060589770808357
-0.8730047632282804
-0.2974541864350005
-0.8528047154872113
0.2001811442763175
-0.3456295696798742
-0.1067558390970730
0.0057175224944081
-0.0235981807710967
-0.5246756506737373
0.1083471877149261
-0.7686951957421513
-0.9880357367037027
-0.9110797377719702
-0.1125718214654480
-0.4972096802394427
-1.4058466164053993
-0.4996812315997661
-0.9166745122364892
-0.4294546270887771
-0.7797758550024340
-0.2176913217167797
-0.8283363992843913
0.0983783979265682
-0.9613844642504837
-0.6301058477961550
-0.3122387661065716
-0.0456298446176391
-1.3289888851618363
0.0227055440179755
-1.6164029664662380
-1.1323028338066259
-0.8595061337522727
-0.1888370617628464
-0.1754101689583156
-0.4231509266327972
-0.0651534545324865
-0.3001074522754821
-0.5715425783765538
-1.2077861950723647
0.3042215566359045
-0.2644634362874984
-2.1310101602993354
-0.2928062139377327
-0.3603482463644300
-0.9471449554034972
-0.5104715287567178
-2.4847130669092277
0.2052418751975131
-0.3056815336884823
-1.4259403592021360
-0.2077754691346137
-0.7984830819346517
-1.0721729833991678
0.0813009390490052
-0.3033441259192793
-0.3431503938553923
0.2379083022293256
0.0783748475718029
-0.3727956250959621
-0.0766676802781840
0.0231615030283443
-0.0245733309368146
-0.1853661253047821
0.0108858435811108
-0.2503016496790918
-0.0741569236248332
-0.3224364118617354
-0.2456286387164831
-0.1318357141097118
-0.4508751687183975
-0.3262360937551474
-0.5378953365955184
-0.8620330756237501
-0.3786859446205203
-0.3441130236614336
-1.0061441084633651
-0.3533968427228835
-1.2436579219707324
-0.4881965211911732
-0.3476742263371281
-1.6021334530333260
-0.8414219323080303
-1.9411668858536890
-0.2276274285805784
-0.1921239772560734
-1.1411008611415656
0.1813240258812296
0.1571182576982092
-2.4694198270799830
-0.8708575112449962
-0.2627464323795295
-1.1231842576704307
-1.0695528069616649
-0.6419038223478593
0.3462055649941996
-0.7237015900932084
-1.6577862775066154
-0.4854450625397884
-2.2782293633652162
-0.6698972585543784
-3.0782841831376873
-0.2906716992749912
-0.3869629938835185
-0.8366398630613642
-1.1983711811024791
-0.1916444567049073
0.5795392034533485
0.1290442489366269
-0.0760640332474609
0.0000890024057876
-0.6870642242051108
0.0406946616173780
-0.6015648077573760
-0.4727243583067671
0.0281211291533834
-0.4789016739730327
-2.0021135732687938
-0.4314532631874938
-0.5088026757448088
-0.0105151340731433
-1.1908112048118609
-3.3855318696752024
-0.9900501804342686
0.0459468443093680
-0.5655506806641557
-1.0505163097643937
-0.1588615135865532
-1.4049626614465203
-0.3704297451333594
-0.1727725544399516
-0.7889788810687879
-0.9746314036011731
-0.0369008673937747
-1.1892446322177359
-1.3950267031752872
0.1946277932906780
-1.8938416846781685
-2.1424486382061860
0.0183280449835946
-0.5847011000062382
-0.3192847733567168
-0.5017112396898448
-0.9685419766152334
-0.4899583360114640
-1.1533907173694693
-0.0847409734479606
-1.2980633699566577
-1.3433959590780429
-1.5875264126647992
-0.8984902727380618
-1.8368988841583496
-0.3821505126058931
-2.0996685690120565
-1.3307291150999496
-0.9056493556171792
-1.0994554271262962
-0.7748707852446656
-0.1546326889359039
-0.6647086132102176
-0.7529247370848731
0.2242627060924982
-0.1398055930317492
-0.3064067101233003
-0.7594976185843427
-0.4658071281668069
-0.2268336833588678
-0.5123810212113725
-0.3745858573611028
-0.7821735046990408
-0.7680636806677005
-0.5310471320075738
-2.6955446127966871
-1.3771775337220833
-0.2062543330252011
-0.7747322650395053
-1.4861401023383722
-0.6068236258917030
-1.4187460168331301
1.0879447133819840
0.1605788298788270
-1.2225929795935422
-0.7754642016945827
-0.5869406082594401
-0.7484984923995371
-1.0659502548877389
-0.2251016315599788
-0.7858727136077800
-0.7760109764699807
-1.4968155031216046
0.0314296427033645
-2.4284431878221944
-0.7372905032191592
-0.4098151273931459
-1.2830077868506220
-1.2813342593469479
-0.1206671903220756
0.0117830868442574
-0.1555353794141218
0.1795347000335732
-0.2025851428295218
-0.1639941415907844
-0.4170549959075061
-0.2705238700606442
-0.0005825784509479
-0.8476271479714212
-0.2376262052347289
-1.5840615804630491
-0.2273569710269245
-0.9696835689872824
-0.5389501202413017
-0.4104534150876509
-1.3713144518240383
0.3748620677046541
-0.7912073906582281
-0.6305236542677706
0.8292444770000154
-1.5082538838499131
-0.9941106423005781
-1.1715182265098838
-0.7002619005293376
-0.9131025206074650
-0.7571114771514328
-0.6816731818055749
-1.1087945962815291
-0.0090814025447393
-1.2541222699910104
-0.0081446072835659
-0.8897420468465660
-0.2284226351065268
-0.4015665139681255
-0.1582098339057355
-1.4612550544980774
-1.3053755646655674
-0.6191159024667928
-1.0479094109783498
-0.1535139865090317
-1.4462897526811000
-0.1567481038860405
-0.8285921624414396
-1.6827462902951555
-0.8792234898606013
-1.4320666659280701
-0.2188556890108490
-1.5151809639800471
0.3248397184065770
-1.7913247010805704
-0.6717157463534273
-0.7753120102587274
-0.2240947158073126
-0.7145936453000881
-0.0754497682799528
-1.1760019741109049
-1.9952752539077527
-0.6623118841208555
-0.7204234469675324
-1.8929813353280402
0.1209344713706386
-0.3714019992508369
-2.8236209515782900
-0.7285041547031668
-0.4696114000718062
0.1939708013510723
-0.1912052908166289
-0.5794102339320656
-0.7416339461992024
-0.1581606713069280
-1.5211874508865812
-1.6148158722662218
-0.4389728622322127
-1.1738167652925029
-0.2145951636380383
-0.5784160028304899
-0.5418936323359844
-0.2517247192564248
-2.1739717308898947
-1.5638571201874807
-0.5720354281659488
-0.9769238786214652
0.2116489534708287
0.4274122605729519
-0.5612286427298783
-0.2982542455035558
0.0845298982944623
-0.5311722562260878
-0.7477035628140893
-0.3124674894835654
-1.2185471435380750
-0.4758764645496774
-1.4116482718336396
-0.8087114428976074
-1.8748240419970723
-1.2674802152920588
0.4507561546017122
-2.2329780762654021
-0.9969098188558735
-0.2119613413493826
-0.1672955198936315
-1.1219307431367345
-1.0780438231073839
-0.3630206282632252
-0.9538437512091105
-1.0004332913964187
-0.5595499132249049
-0.3811154577777860
-0.0723837057576415
-1.5078003699298939
-0.5566425220067852
-0.3236322927990626
-0.3109434424185845
-0.7043161631282090
-0.8427574104915758
-0.1537558824353363
-1.9351966900719968
-1.2675612696297711
-0.4735132105462491
0.3255457158348956
-1.8419496651201588
-0.0349195836015443
-0.7410756814582597
-1.5351129475370711
-0.2010323436922610
0.1930600456496553
-0.0416120384607316
-0.3955141375627074
-1.0249481993550467
-0.6152616124010819
-0.3408555090923114
-0.2281662146883320
-0.5305213994816984
-0.4191236453321165
-2.5052575910259685
-0.8873231564523564
-1.8378112179276693
-0.2243373378412288
-0.6214809703694958
-1.2588067893603825
-1.2690691703043446
-0.3648769675871001
-0.3166832077883396
-0.6363748636883606
-1.0656750671583084
0.3447050118726445
-0.1729471161902587
-0.0294014931124373
-1.4370825305739963
-1.2246186349086254
-0.5827859028278156
-0.6868697242124232
-0.4628646754114397
-0.6435162436895906
0.3292772739497026
-0.0858164243548991
-0.2409246113472586
0.0092937283239700
-1.6756294858468008
-1.2054423986848235
-0.3231881425121549
-0.9061618671439692
-0.1039299557753819
-0.4724658845628949
-1.2599860130437668
-1.1222797560879361
-1.3634515525404987
0.3299947371658033
-0.7069473862205259
-1.5116625051187427
-0.6596921300452881
-1.3876437336900000
-1.0987578763367345
-0.2190270497922100
-1.4096630890270814
-0.2696470490902805
-1.9574985159653302
0.2821632715784102
-1.2226056104845109
-1.5533441369240204
0.2753281976287560
-0.3835510387706590
-3.0249576932264106
-1.7807180452041962
-0.4646406023079346
-0.5073847743665699
-0.2410871709212781
-2.3309589252330198
-0.9317279145039379
0.5807126001664222
-0.1618310043080100
-1.8659733186233629
-0.3010648218457370
-0.8853828619347639
-0.0222756649568295
-0.3123479584116965
-0.4963134482659656
0.0722127735663220
-0.7754042861528458
-1.8618997763236196
0.2140092492448415
-0.5234268731517265
-2.0459962274193289
-1.6840308670375337
-0.9497369397074541
-0.6428673680707668
0.1472527811053980
-0.6958607108946805
0.1220620139968399
-0.2702699961140443
-0.1549547790083484
-1.1602186653898598
0.0824603668777155
-1.0745400036281187
-0.1489710331091767
-0.1332621445526167
-0.9545680291924722
-1.5462277474429809
-1.6794563508207387
-1.0843180545849302
-0.1206517623155947
-2.6882608354152988
-0.6714401322993457
0.4473434218913220
-0.8048628025787420
-0.6960887914857909
-1.6057350973461491
-0.3647904246600461
-1.2525010651302106
-1.1900849166144358
-0.9169209064224081
-0.6100143873224286
-0.6954986429193940
-1.2735120328529428
0.1578379125501096
-0.3046298319643441
-1.1266385147781643
-0.4645858585392980
-0.7390736599978744
-2.7845568933143001
-1.1667570743588032
-0.1076367925740852
-0.8380576287347189
-1.4522741602846121
-0.0459357286309250
-1.2842799854654974
-0.4794168583144898
-0.1030368761711848
-0.2457816550009926
-0.8749898877218789
-1.8735685250063809
-1.8212637134888900
0.0242640302058993
0.1257169799754283
-0.6085028683070689
-0.5840663114809618
-0.3199653489509127
-0.9447353739808128
-0.1366493494004938
-0.6187311377807109
-1.2300872846039133
-0.7152318320724214
0.1155764433377715
-0.9888958848229853
0.4944306164956728
-0.4039869137648955
-0.0056510820746222
-0.2932660122219841
-1.8981313165374145
-0.1870537926547060
-1.7360613620304848
-0.8460925770719814
-1.3915565066156834
0.1103753787093050
-0.6928422654319699
0.1089577075973172
0.3102975812357648
-0.2383692721273852
-0.8239907598318195
-0.5527191040830159
-0.7319979995171201
0.6038620365552645
-0.8263576338033192
0.3374980746781224
0.0943283627023667
-0.8186168165631227
-0.8392453771762844
-0.9463700830531184
-0.9545144105631698
-0.2034191448442097
-1.2331175525650540
-0.8186027371041609
-0.2993652484773824
-1.0160343243361745
-0.6771984361941740
0.4263787694787165
-1.4505671208789270
-0.9900110094613234
-0.4804482933460134
-0.1398110031254178
-0.3324076932158099
-0.5225854849537422
-1.4306669600711888
-0.3299661552704106
-1.8911528882549982
0.2183337490459711
-0.0370073643864093
-0.5995877331329998
-0.1553923048678664
-1.8607979788725435
-1.3950008447011748
-0.7694967267767561
-0.4241271322316683
-0.6011581441366664
-1.6586206848129579
-0.6935972946469006
0.0654032726042564
-1.3107379872501144
-0.0896706051195185
-0.7470937310830553
-0.5796999158441331
-1.5938582264366508
-1.0963464495698421
-0.3509565411400835
-0.1975983358212478
-0.0705535706279749
-0.5289018980994544
-0.3049568364324862
-0.8378221827083814
-2.7218414246827645
-0.8425786529335301
-0.1745939558828943
0.2016976954977456
-0.4310717179146434
-1.0564396318024332
-0.2603638960101705
-0.5272311878189906
-1.1765131813945997
0.3602880540297519
-1.5764206204498148
-0.6720860213554437
-0.9007930638778695
-1.1284491391812053
-0.4646974655248889
-1.8532628502870336
-1.4736795307997046
0.2830897678228045
