2.5587289642980120
-5.5933436958520915
-0.7925593928434429
-1.8832206084445453
-1.8207672506264148
-2.5979537139611706
-0.9858303748603303
4.3364487453298066
0.2146161238148617
-2.6849567369514986
5.2328288608435676
-3.5439688679595727
5.4480715636831620
-3.0709283929340443
5.0348773470545272
-10.5258837223269239
-1.1481552275901501
0.3116984344511685
-3.7286703294811692
-4.1123003859187168
-0.1060305126561683
2.0493241296566591
1.8383473551668368
-0.2274423467546334
3.4886426081266571
-1.9200875196312472
-5.5986736005894393
-8.8997240439820953
-3.1704641122975739
-3.0719550992978828
0.5654554805035794
-1.6628333374781683
-6.2776431937158330
-6.5488707028187516
1.6006227764088026
-0.6196590411992114
-4.8591822084129275
-1.5694131656147579
-3.9903497465175812
-0.5331968493620900
-0.6851192010693318
2.1892011775932487
-0.6553714485103482
-1.2451630434349787
-2.2177005717828893
-0.9767127449495054
-2.2896298864997102
0.9646885202316561
-3.1659248907123918
3.8729252849255627
-3.6306783172218324
-0.0565071434676664
-0.3706387971793250
5.2632463445784872
-1.1577936231548407
0.5560837438165925
-2.4312870967617957
-2.3968411361844284
0.0591965342863826
0.0471964334571421
-3.3689671802249186
-3.6408540763681652
-0.0259145377990174
-0.7748706520460030
1.6499332494438428
-3.8651734874586321
-3.3452370240593208
-2.6151668216494048
-4.1298635591674060
-1.2708156584887393
0.2785224721785106
2.9468926914433844
-4.5093116077142081
-4.9085572488572256
0.1085565512420411
-3.2571753813011135
-1.4908923566003844
5.8283055621246058
-6.9400059535337055
-1.9008650580441837
-1.6214552301468641
-1.7105606440179262
-2.9660779355859201
-1.3724500886259232
-2.1482894749881241
-1.1156783158323771
-1.0283382184262220
-2.5468259778494713
2.1190620154649316
-0.2557247835541006
-2.1359602714148376
-1.5665059712309644
-0.2164737334420345
0.2212918468024709
-3.1189103204611972
-1.1582269446805049
-1.8752809829445602
-5.9859972621981870
-2.5273643456155548
-0.4441241887213526
-2.3096914276936311
-0.9002568610731043
1.9548620217594737
0.5352870433227496
-0.4815215669012023
-1.2794424003811051
-0.3177879628052491
0.4491632699723128
0.0248211387380728
2.6285690696834694
-4.0241419174431776
-0.4106013472747952
5.2264224092701905
-2.4344484238338060
-2.5207760264037145
-3.4043005579742855
-0.8664382635368748
-5.8590811337462378
5.7462833739411572
-0.6053655486291089
-2.9938892491235451
-1.1303087318027514
6.2939921427634067
-1.3273950405589516
-3.6692451124651271
-3.1439990790773349
-3.9399303867778066
-4.4838049961660698
-4.4932975180680961
-0.6003099772721916
-0.2919669469162675
-1.6892862489295668
-3.2602906156476918
4.1651472927912323
-0.1639691999470878
1.8078910419247338
-5.8843717877348212
-5.2586061686655610
0.7091089010128383
-1.2207228413488747
-10.6901871748988118
1.2715569315970210
-2.1066047872978997
-6.4268919483685929
0.2740655327476998
-0.7161359058486181
-1.1661429142000141
-0.3026548810389018
-0.0194925452748829
-3.3286671649102635
-8.0083844735666290
-1.8835202696039670
-0.3532599241462231
0.2789951991268968
1.6394430406607565
-2.1612276557960146
0.0652031280962905
4.2223546213624665
9.8658469849785799
-4.0493079255209130
-0.6454983686955427
-5.1971420284866445
-0.5692770296948652
-0.4639422136154526
2.2183999865703643
0.0207999794641091
-0.2598324804533517
-2.0573503476355839
-0.8251392461220244
-1.6959201528477776
-0.6842293378277389
-8.8663084618016139
-2.7075056815831253
-0.7866179559071864
-4.9449478715048132
-4.4125311297677827
-0.0073274933629028
7.5146774434905019
-3.5554464851621477
-0.2319201366980135
-5.4211778339917682
-2.5095807228251350
0.6646679732523090
-0.1927041695630172
-1.0442732000345627
0.1692148965331099
-3.1688745049392324
-0.1359732289957736
3.2557278728903269
0.3313942636276594
-5.8374067439749000
-1.9222550993599883
-3.1842134098829558
1.3242797051863424
-1.0859676694562188
0.0495524341076066
-3.9366896832281553
-0.4182512947911723
1.6701454429071341
-5.0537816844671388
2.8950405732040507
-2.2957149114356667
-5.3889220994963596
-2.8948889430715896
-8.3052429284430822
-2.8069993374747169
-7.4141275318088136
-1.0317597786820056
1.6682997160931574
-5.7086480099182264
-0.6811878853728077
0.0207836363572023
0.6312695684564315
1.0736689378171957
0.7795350146124055
1.3418449244464292
-0.9818257457544457
4.9782014268934880
-0.2023625248676712
-4.6537939942400213
0.5778071135306397
-1.1081517305577722
0.3581871796242166
-0.2917864052161498
-1.9381299108355250
-2.4971923559143048
0.2691539985773694
-3.2013444814616436
-0.3768644472895434
-0.6079584163700185
-5.0532902164704803
3.3649236791663757
-1.6813916672988691
-0.4526788046528782
-2.8355267331368945
-1.3914204360531337
2.5456213491751507
-2.3370891166110925
-3.3527224690579236
-2.1714256508827185
-1.7448009558865845
-1.4565330033061084
-2.3530133950512546
-0.2492135235994515
-1.1022914776655750
0.6168161992673578
0.5030245984341287
-0.1160128766621083
0.5968101746321754
-0.6884754493955175
-5.3866727627559241
-2.0922930949118523
-0.8016796658626254
-1.2043974706540352
-0.7653856633101710
-4.4846288901175546
0.0140774334210458
0.3123478306237498
-4.7337769841878679
-3.5210402916582173
0.3178243798884664
-3.3545423814826871
-4.5769550695206478
-7.0634336890191740
-6.6654108639829621
2.5589662931128361
-2.7267127483928890
0.0957242738015732
-0.0911276410426164
-1.1989426330402457
-0.9968234194870179
-1.9840399096342978
-2.3573896781127943
-2.7481174873868044
4.3005427806374534
-1.5147434246111846
-1.9277392873536430
3.7656910762747215
-4.9756833265236313
-0.4242564478665100
-0.0320339642922274
-1.9522788127545954
1.1396735557966633
-3.9479511124350344
-5.5460588025437652
-2.7292214120332794
-2.6105721071562669
1.6286200217875422
-2.7408949263257520
1.6023375150320101
-0.2769818714796743
4.0660514741344471
-2.0430589395716279
-1.8966398114289884
-1.2759994790229565
-4.1122033797161146
-0.5053650791387508
-5.1425750337750404
0.1495630742904058
0.5534498172657130
-5.5875398284390663
-1.9317981667979687
-5.6091554594733148
-2.6014685143511351
-2.2012903230509555
-1.1660826647263409
-0.1263499529634503
0.9592210061853907
-1.4199677975790446
-1.9861629406010439
-4.3410379718640781
-0.7775204830020134
-3.9337073102643125
5.7330719556353849
1.1067781451902290
3.4788832973802974
-0.2106014062551918
1.5920311241381728
-5.7624001474877611
-0.7847970982255742
-2.0166067383789033
3.7173000155373512
-7.2873489735999737
-0.3521982530735828
-2.5904396291712630
-3.8577667615987301
3.0500420762258389
-1.0628437018313435
-3.3932554686227672
0.3706664812807702
-0.2538972530834196
0.8009867370340383
-0.8102303424803794
-2.6463626473385933
-6.3779005676097258
-4.7991071481391314
-1.3881416448396890
-4.3974377788764905
6.7156430324836487
-2.1216032360167496
0.9603010053829234
-0.6180798531028888
-0.8130093551480457
5.3564968911672528
-2.0844589459834619
-7.8671945545592497
-1.5945512726631805
-0.0949815213288922
-1.0789197878782861
-0.3464230676431376
3.0417395609265645
-5.0689652695096195
-3.5267664059728259
-0.0724900682839193
0.1456609236249897
4.7606244216524063
-0.5306216240951587
0.8849180775891521
-0.4289550447802102
-3.1978051177314000
-3.5465778234581280
-2.5074719788193263
-3.8618317039764323
0.3236022097825806
0.2114905030826137
-5.4085001485311128
-2.0412519764769295
0.5888789837813105
1.4106284038456631
-4.2966742125065265
-0.0016493109435301
-3.3126340311235816
6.6571180970855810
0.7158041417151589
-2.7397263178716686
-0.1563905609789721
-3.2261264195899795
3.5497649681887617
-0.6564110699273374
-2.8455146876566642
-0.4140079403456033
0.2613866215513241
0.0170759487687277
-1.7111859915183305
-0.7091785042873699
-7.5858638073789546
-5.1856174917275499
-3.2298851844623617
-5.0444306526021929
-8.8633802923421090
-1.4747448963066343
-2.3079967675139761
-5.8326534309706970
2.3675490414311571
-1.8829714195053433
-1.1219288225598649
-2.7034213499213724
-0.7346944781340971
0.5854603246690930
-0.9144060056656754
1.0609743962250819
-3.2249606327442581
-6.7796125365468578
-1.5185503505513973
-7.8514441360885483
-2.5392785954959276
-0.0102147560518552
0.1686433110145112
2.9008075024180635
-8.0220376598518754
-0.6371196998532727
-2.4062007422401677
-0.4833176109082611
-4.9002327359498379
-5.9733171273252710
-2.9610306261698662
2.5093395773803380
-0.8409332604988174
-0.9036287107840288
-1.3029198090304042
4.5081580161421790
4.3855942010075646
-2.0523583284883533
2.3318954228836346
-1.7620201420663375
-0.1362952951458668
0.4962265487126245
0.9555227483865558
-6.2391632458310324
0.1834309149967191
0.9800899254168947
-0.7107441712022271
-0.4171566509341739
0.5692608253732528
-4.7300219533903141
0.6865525182972476
-2.4668475696158505
-2.3470839306847240
-2.4029195557144729
3.3572474817037139
-2.9883289491938219
-3.4619543903291250
0.2113189403669598
-0.7657772073689293
-1.6495797192611414
-3.7285802978155358
6.6223508117502430
-1.3385314809990569
-1.6879612133163757
-3.5129278714175296
-1.1575694522492146
-1.9085088696557930
0.3265611335342160
-1.0241936025476099
-2.5114962784136092
0.7230515546974292
1.9303627156093284
1.6566777332475326
-3.4397265449319403
-2.9582965040559563
-0.0334928904931817
-1.8730875209269950
-0.9635457339877131
-1.4643338868121543
-3.1042139433756608
3.5615477617671401
-2.8800060992970762
-7.0819526587557240
-5.3058279682184741
-0.2914299012983002
-4.9207082808637397
0.7236157813541224
-1.2447183039425815
1.4123155142235491
-3.6700445492169647
-1.1393875154749793
0.9570007646696931
0.7196666897963706
-2.0785547958922024
-4.5916226585243800
-0.3084557779394293
-0.6830545771078668
-3.2299923166854305
1.2857934208064468
5.0616162462309617
-4.5614962440136724
2.3240873958672235
0.6349017843138649
0.1886439323726867
-3.1581363732761045
4.1079086647694814
0.0864729094671295
-2.2764133900570602
-1.8861040375478959
-0.3332504068156251
-1.4597986319573790
-2.2165504823925404
4.0021819703778325
0.6159680097260267
-2.9735165413536606
-7.0700692324832302
0.6251405810378609
1.6599173433286789
-3.9235925295098073
-4.9486357264934080
-0.6522327094036694
-0.1304324827584720
4.0783051630400289
0.7979059697883506
2.9307172727763353
-4.8368234395540899
2.3983325697037401
-3.6640229079064053
-1.2894453816338152
-2.7508021639578137
1.5797825790596278
-8.1649008912028638
-8.5159811056839221
-2.7844387875985244
-4.5248728551921262
-6.1634323839733876
0.0832371228147123
3.1453912448000452
4.9191971993434480
-1.7745842059397314
-1.1455039892705445
4.9033683345608381
0.7378037935342834
-2.3140631157999856
2.1165132349741191
4.7381476114494836
-2.9426397284071930
-6.3597732797173432
-5.1626132385675838
-0.7309717803044063
-0.9916362951907597
1.6778965000440262
-3.5011517728678991
-0.9055458524612439
1.2477691822167061
-0.0756996252256386
3.6282552620376509
0.7672618885267295
-3.6330689002631966
1.3897976882280805
-3.9341171613910300
1.7831409838307815
3.0704416896204623
-0.5743217590761668
-1.3657660132917624
-2.8976787352560200
-1.9654297446558910
-1.9574367027819108
-2.2492255181795495
-2.3711482238730368
-2.2205785627871135
4.3707016390946052
-3.0429490841447482
-4.6469504376799673
-3.7922163425989885
0.6040878372821196
-2.6284520273444318
0.6883295247246193
-1.4443688994886050
-1.2428957023838567
-2.0511720308863581
-1.0174387972944763
-1.0862078123649976
4.0323114090409131
-1.2279038254923700
4.8729422698193927
-1.3978953359214761
-1.3312209923715694
-9.9782539701122790
-0.6007668002163218
0.4394887342735905
-1.6451869203867997
5.3602173147126404
2.2197772748122251
-0.1385091935697242
-3.2188606285210390
-0.6474859825046337
-1.2758245442479090
-0.1067572111252773
-2.9316085811002695
-1.4866443408630510
-5.9696057429361513
-6.0972677979122327
-4.7643559947484198
-0.2809328043969599
5.7650631949007698
-5.4623822295915296
-2.5066434570162768
-1.8369466433060448
-0.8345404706421261
5.7429465110188715
3.1139993902542571
0.3123416956259638
-3.0419662800768483
5.3695597779784130
-2.3738917376729716
0.1018584733073783
0.2271429666708891
-1.7517599068085170
-3.9943219724241685
-4.7275829466154269
2.5807891270365282
-3.7294706833971376
-5.9512817224519434
-0.4008093199179187
-3.0343161078488321
0.6797122212723763
7.5274605876413432
0.0433493112723854
1.9188420891238998
0.2557965489641301
-3.1886039523152689
-0.0803973526952729
-0.3339695918362526
-0.8631841500217138
-1.5216790767893251
-1.4906075758318842
5.0192919255097399
-0.7020797888657191
-7.1954322352391591
-4.5057587041732141
-0.4738004402551914
-5.6893185959697421
-0.4485732782763225
1.9058321316104458
-3.7480636057044037
-4.7425765070881445
-3.0129983903787219
-1.7031144259340361
-0.2292225309757755
-0.0981329288300264
3.8691072608975610
-3.9353040451515637
0.6271754779192894
-3.9770293365499372
3.9539646001884732
-0.3563395797960814
-2.8384063667176909
-1.2052308565656626
-3.6819510369258364
-3.7112783301629433
-1.4689288985838822
-0.4119321810025334
0.3188059559789357
7.5038037140654268
0.6337097863832544
-2.9111375156997061
-1.3395901537224317
-4.2266377531876600
3.5137756616942126
-1.5088031279819185
-8.2111947656882975
-2.2647004610499741
-1.2903560173831858
-4.0754969984148444
-3.2958758315791750
-3.9759582114449681
-11.3879900128474087
6.4498898369950775
-5.1407981543941137
5.4573262157397489
-1.9893669862105818
0.0090490073327993
-3.5032163361700395
-3.7712486751373029
1.1223810747293561
-0.1135077133751374
-3.2445976679782191
-1.2756459624226837
-0.9676108507624088
-0.7222038866615829
-1.2614396874804223
0.7074024931781657
3.0715832155096900
-0.1126979485512972
-8.7686753116751035
-4.2266854065024084
-2.9222948036115288
-0.6175563144312598
3.1758549592924719
-2.8208127918003787
1.4814210189417443
-3.5209179261021264
-0.5090215516860381
-0.0090962966378569
-6.2086529051562120
2.8232517033088573
-3.1046903355309872
-5.4830242395896871
-1.8959193715259857
1.5375784012820797
4.1041570349159224
-1.9945121932566972
-3.1106994310624518
0.0988196749937602
-1.6093256586574238
-0.8359040512633537
-0.2461362521827510
-2.5870648065468669
0.2188590424386512
-2.7609366037196699
4.3563522348402790
-3.7608259476178358
-2.0963471931993367
-1.1370391980361347
-4.6332487296791243
-4.5410227847937952
2.7868005829539904
-2.1875320797417159
-2.5195912904248861
-0.0419617004628137
-3.8565293626293005
-0.0765103131145453
-0.1606027461609721
5.2174784207313882
-0.0137886730065992
-4.9948871411949067
-3.6566046672935584
0.0041430704475178
2.1828570876891038
-9.9779710162477659
-0.5447543470232150
4.6251667252455801
2.7930274484375315
-5.3897559180698016
-0.9625691009332511
-0.0073295667548094
-0.3025030233397285
7.1759130317517279
-1.6670572376406732
-0.2654742327950654
4.4876845823666835
-2.8822965964573140
-2.6209224318354090
3.6059230474612538
4.9366055333620560
2.8772337082802117
-9.9852134357870028
-1.7530201876525440
-0.6973647006930401
-5.4726840326765656
3.6852503506301924
0.9298076278760220
-1.4940414739979875
-5.2947553336870046
-1.5674115170120533
-0.6401091425669773
0.9283063130859370
-7.1672354395887403
-0.8508266211853999
-3.3430658977714565
1.3398473715361219
4.3516846046781428
-2.2080110748175197
-2.7524648766269753
-2.5352928093819624
6.0675403973056072
2.8502988940837799
1.8394906940357290
-5.1169393283323492
5.3040490757842917
-1.0712052140218136
-5.5052679469453603
0.2884693961604440
-2.7002370567963778
-2.5159115021414831
-1.2601475341602333
-1.6147650317489799
-0.6126659079003038
4.5793975706160497
-2.1259757172703293
0.5365972881911376
-2.7291659278797198
-2.3131758722820557
-2.5395040118276184
-3.8516470285735807
-1.7958540286741491
-1.1441787308590583
7.4177873101373217
-0.4313686912563275
-0.4079524690403016
3.9024261143496011
0.7737308936163769
1.3923834989302912
1.0423612031711547
2.2666390078653711
-4.3635705559507691
1.7614514432881947
0.8247931715850593
-6.8252442991344484
0.7939725726310174
-0.8041255518806695
-0.6346951423506553
3.0311381889296238
-1.6645544750318830
-1.7788166276101776
-2.0309676371351579
-6.6655279013882476
-5.3335489443337334
-0.0348405027350137
0.4299769930958424
2.2111441538487187
-5.1831188827185155
-0.9395114369544129
3.8125877029553998
-2.8399717284272117
0.4829199836323200
4.2613544583675349
4.1689078366562322
-5.1159599464687133
2.0790425630472367
-1.5604160739412676
-2.2986872893503874
-0.6770874015799282
-2.0047796574822447
0.3456642823028497
-1.0548223550840745
-1.6900344328097601
0.7079787949702416
-6.6898170448428331
0.0529739551042234
0.7446246106001437
1.3017803663660403
-2.8151323498180059
3.5499093812725104
1.2686333718543430
-0.0500324404313122
-0.5518560158382273
2.2803704368199442
-1.8005125651522511
-3.1049028782516466
0.2195756146530829
-4.3566775361919188
-2.9946961081272390
-2.8920386588330493
-0.4643757523701496
-5.5775663327813181
0.7584640720389655
2.5088027870087184
2.9932999477328655
0.3900773866186329
-0.3454537613673250
-3.1113110250314646
2.7145714921758524
-4.3975795941377047
-2.1167510980580508
-2.0626267043585940
-0.7130022267713986
-0.4750433691755391
-3.0397915826332103
0.6800562076250141
-3.2755461324212707
-3.3696196355713703
-0.2851680857175907
-1.4138497929485434
-0.4292443815700945
-3.1215435444968351
8.2369362435438678
-1.3604379659597332
-2.3173731991868101
1.4075345790479346
-3.9953503065238500
0.0081179993408816
-1.2136663231537121
-0.1492011584051683
1.0813130073971902
-3.4050290338125819
2.9216903962588177
0.1764563547964949
-1.6777787037662562
-3.5392129781423276
-0.3818192365420234
-5.1354878173156342
-1.6347425805463773
2.5465381131514566
3.6475395680867462
7.3436720214761104
-1.8805137301217798
-0.0099208238356480
-1.8699603440227419
-0.9654011957047072
-1.5277197208784625
3.2844722241935518
-0.1021766663155629
0.2786240692440350
-3.6614618861366162
-4.2346567312848196
-8.2677037941737996
3.9950068955814633
-0.8496321297576778
2.1962463449094924
-4.8092340296404261
-0.6116894023783338
-0.9888803514302006
-3.6347072236190643
1.2037306163635701
-0.7887342959463410
-1.0321605846922939
-1.2050835600081835
3.1589336372336110
1.2993817947842061
7.2059033308050733
1.1752479858681164
0.7023728013140931
-1.7117122497621222
-2.3852359875579943
3.7767189678422084
-3.4229552536253784
0.2364338882353176
-1.3207443255882574
0.7047782725420160
-3.8381545969738169
-0.4767516385282320
-3.3494186126371943
-2.0703821574450818
-2.9966887063351941
0.2857657039596912
0.8868141192972082
0.2427162869489133
-0.0736644807593865
-3.8813084288543251
-1.4059916284976062
1.3079224740264173
-4.4856693719949936
0.2079577706958406
-5.0279237827043275
-1.2335164980038575
0.0927822076077484
-1.0188336292857585
3.3289081104319962
-1.2639211817365728
-1.6782627813895694
-1.6154019685090006
-3.2487443642541400
1.6356631462215490
-3.3553975143487489
5.7198808616758088
-1.5273537982178529
-1.0247530055402263
4.9427261619212715
2.7682563866102612
-0.3538361776165619
-0.6410955323823907
-2.8143792440036570
-2.0229449119787613
-1.4764889914996440
0.2169856922543431
-0.9139872463113388
-0.6174554335466668
-2.4964187784658525
-0.9874800156124222
-2.6478097895701223
4.1269408413426927
-0.6389863651329684
-0.6306473043281648
-1.7168101932542827
-0.0721334435943423
0.4790301322981856
2.9672219149207648
-2.3265244026427747
-2.4910907452210300
-7.2406619765456153
3.4038800123196729
-4.4155677472377075
-2.0526366774407521
0.0833201217575830
-0.5583632710770574
-5.5257569935871782
1.3927850151146577
-7.7176768000314064
-2.2369922370459809
1.7020793289267520
-1.2558326367019841
-0.5222239622183080
-1.6842428297828407
-2.8002227050254702
-4.3067218577602429
3.0599837450272003
3.7800385431638768
-2.9279076170397600
-5.6096736423038198
0.2521153135839149
0.4594016868512861
-0.1039961940715284
-0.8144817126159076
-8.7588864589695596
-6.9161397628142049
-1.9721024137504963
-1.3913971509842853
-6.0513370930235384
-1.2349778501610080
1.1133869967805321
-1.7482169856802405
-0.9727636445013073
2.9477436145440423
