0.4853392398806487
-0.1767379095976086
0.0776574893558598
-0.8053780376442184
0.6718342558146444
-0.0304470985882808
-0.3405229814113799
-0.0832616358114180
-0.9971319734513985
-1.0656094963013889
-0.8410118529696352
-1.3812821780760642
-0.4397025338949370
0.1330237974590702
-0.3453110944096857
1.1654198392404043
1.5175815737208329
-0.6678393229406594
-1.1719297516843636
0.7767907780147891
-1.3544491198830877
0.6131642824188861
-0.2145182171516245
-1.0103293483846163
0.7151608067630321
0.9810552946871020
1.8264871349315908
1.2334374319935280
-0.1817109104780356
1.1332559677600238
1.2125588484283780
0.2267450244120311
-0.4673341338772105
-1.6007881880850616
-0.9406883465847670
-0.1563011577296133
1.2741043878899856
1.0866432580159020
-0.9478752178591223
0.3247246661635094
0.1000537303241360
-1.2361811819841353
1.1272855930957904
-0.1236192938261858
-0.4690821589683382
-1.0406346003776281
-0.3994823459797838
0.3287504054312920
0.0231641358608107
-0.4481168706106782
-0.4100107229078526
-0.1786461892797180
0.4827517766771061
0.7114816767045397
-0.2506765238603627
-0.0382024954218617
1.0341941898284084
0.2137190588453372
0.1148825997751155
1.4406451989639821
0.2915542984626713
-1.6858054057190124
-0.5647876080843557
-0.2292574423970873
-1.5234808940841409
-0.5650754688456833
-0.6395869539898512
0.3089752930555729
-0.2226032811046217
0.1024545296198510
-0.0110858840605854
0.4488818899787905
-1.3605178344657372
0.7737084516278486
-0.1338353189346289
-0.3450580030762877
0.6865310025890048
-0.5448336048173468
-0.2786261954010804
0.7429942702948994
-1.0551396816343146
-1.4103837816478753
0.0860985302258283
1.0432658009352129
-0.5196963952992871
-0.1513641214302946
0.0819626643918328
0.2940649463465064
-1.6118927285004661
-0.8057861231052758
-1.2700969445421870
-0.2837371980527476
-0.8626759778526351
0.2355135079204139
1.2348478154953806
-0.2149555537074394
0.2296591782167136
-0.6819492560507783
-0.2792731590046254
1.0437009457018038
-0.6562111075569025
-0.5744745874666647
-0.4810871457850676
-0.5562550970362703
-0.6603311268695417
-0.0686149878871297
0.2946147360469016
1.3649281128542206
-1.5068434191583915
-0.2672567065654564
-0.4645566834098984
-1.9264593887761776
2.1508109261944988
0.7036911304356769
-0.8019940200464938
2.5139534909435435
-0.3260439794869613
-0.2118009319863928
-0.8394528671586529
-0.0115748601398113
-2.0627771459746276
0.9280043993948057
0.1532000536663655
0.2591022898142710
-0.0529611448713852
-0.1518182619313153
2.2977807324312089
-1.6013880007516113
1.1567456144412460
0.2042267360668767
-0.1230301256589473
0.7539164801350122
-1.4470962754498511
0.5867051734132168
0.7238097630191812
0.8310036151279717
-0.1987252113118615
-0.1733078847004608
1.0387793982148441
1.5240197975616101
-0.5730903029360656
0.2694354005602969
-0.1958110982004270
0.9578490393018142
-0.4298365087724322
0.8715400767269055
1.1376320939562248
1.0916363489991565
0.6482194344895365
-1.1058777809104310
-1.0814641644992680
-0.6396636525215623
-1.7535637005752809
-1.5831135573042749
-0.6971280580527387
0.3509528852469130
-0.6195248220676977
0.0193854403830669
0.3168305875708075
0.2493929286095108
-0.1418568024095631
0.2907982774307895
0.4681125658228382
0.2471638666870653
-1.3988705160936330
0.4095443028622625
-0.4067888079610923
-0.1943420997813654
0.3548430582442804
-0.6415704037886727
-0.6588206517465250
-0.8953406216703558
-0.6009129801522677
1.0072383359317059
0.1893441397658767
1.1146227600666085
0.2184961918407382
0.6925149528133023
-0.3224597699857381
0.9969457581866152
0.4414808167192381
-0.0881262910417760
2.3445161118689808
-2.0704818141885091
0.1550355220773261
-0.9351677650000314
0.4476087477987192
-0.5191638935437455
-1.3121050127643534
-0.5024297861792025
-0.5084923932172840
0.5913156764094949
-0.9198896498910905
-0.4294852636817610
-2.2412684439175852
-0.1181024929041805
-0.1868160455284363
0.0426449748324814
-2.2613415987375469
1.2775910499077074
0.4805720319467486
-2.3139316090820738
0.7098849139117935
-0.4299196016163104
-0.0190312249825454
2.3247655233067870
-2.7722899533111391
-0.6659646618611793
-0.0026563182149388
-0.3921895298598413
1.0426165393103501
0.0019949257347290
-0.5666958453469395
-0.0628438363081540
0.7935865901626896
-1.2886040787500785
-0.0962639407042991
-0.1800477724621328
-0.4604566144412083
0.1489469931774150
0.1716708827120587
-0.4498986059937132
0.2278649613086394
-1.3430457320618165
0.2971179472404519
-0.7852668322674732
-0.2717428527525086
0.2747887016362257
0.9403411125853658
0.1111549518617886
0.8869967509436262
0.2732620656325372
-0.1284857180281683
-0.4009245292895666
0.5578860424278369
-0.4813257113671471
-1.5151120103968150
-0.8725631769001443
1.0828466830760459
1.3227728197241577
-1.1101534023598336
1.4074547168011149
0.4998849980455032
0.4832725456006286
0.8564172460646919
0.0864084077323583
-0.2254451970788147
1.0940886424567269
-0.7765163401914906
0.3920514624276188
1.3919200896734578
0.3794429175246731
0.5638209075368542
1.0011043899899721
-0.8218050596427723
-0.7304429958072239
-1.1729803286776928
0.0033175639099109
-0.3525811587245316
-1.0925929660075446
1.0015695744277515
0.2181650639758115
1.5998559181364427
-0.0623999118522968
1.1711247582521342
-0.4869725479584828
0.2274870559412195
-1.6648849160087871
-0.6486323525636858
1.0806304324327582
0.4750014463822418
1.2669364383241650
-1.8846715307461774
0.3515325814851747
-1.2181768324647455
0.7950391485779829
-0.0733476040253417
1.7170273690196705
1.5338418129904310
-0.0207693984669743
0.3154876076011793
-0.5716647553854360
-0.8181036954772406
-2.0150473845086561
-0.0345657208620271
0.2952413014816143
0.4520138691281690
1.3485755848575258
2.8771451149956131
0.0720020243534855
-1.4552343912022385
-0.6272323879643634
-0.2117522138167869
-0.6359710852615951
0.1742169756464916
-0.4648708463863672
0.7591286349292632
-0.9585212727240752
-1.4242130645172690
-0.1589361365817392
0.3501337472131620
-1.7971236887520363
-0.4770992970902148
-0.1436533929898501
-0.3942756851891908
0.9273624341749931
-0.6690921191174535
0.4247657406404827
1.6643000784852220
-1.3217880532794306
0.9053904839212812
1.0994132355930151
-1.4456477191643100
-1.2539015458770721
0.0782823748383634
-0.3890070900844259
-0.6564036076168227
0.9903349561715884
-1.9613278960521101
0.7364006117262246
0.0821943841953802
-0.8827897138084472
-1.2237879850383198
-0.5577145053369374
1.2068558854426668
-1.4844676036236946
-0.6677029089324996
-0.8826851622604854
-0.0885490417549202
-1.5900105978000225
-0.4028717934621021
-1.1144234041942702
-0.7232601854109003
-0.0288954276596922
1.4776176418785343
-0.1515288563870870
0.4270915986461145
-1.6698005847190778
-0.7337290931652896
2.2555244109576411
1.2421998364043889
0.1114003430220026
-2.0983106881694034
-2.5047297435537579
-2.3265920545088852
1.2891826743976753
-1.3638274446924907
1.2234631384045533
0.5648331957828933
-0.3574723220365068
0.6962086217006894
0.1794239909577068
0.1518553768143658
1.0274245838077367
-2.4423832364742490
0.3731806780664421
-0.8467966615609666
0.1848552162865710
0.2344473789036059
-0.3131836030400437
-2.8380518198717080
1.3241808233575298
-0.4833115532726125
-0.7842675414771210
-0.8066420047637046
-0.9248714746046902
0.2936535541511047
2.0690934707580078
0.9265544835229154
2.3646909544776671
-0.4929606839262065
1.6248625301699788
2.6133581441216149
-1.5184483733883729
0.0790009914676080
0.2922694577192360
1.9805856385340663
-1.0057223941757860
0.0796107907175692
0.8036650794150016
-0.7513882834474367
0.0773619552578631
0.2994309504477461
-1.8758446285975823
-1.4775056840968044
0.0204280505839312
-0.9810989471311155
0.8238949830107054
0.1919511159077057
-0.7556619357729657
-0.2160973667753674
1.0678824285287192
-0.3477576766588074
-0.3259360481994802
0.2232391974187278
-1.6697823513212442
0.1690155070345185
-1.5469602288287112
1.6763820938525800
-0.6555215852816840
0.0753816922443227
-0.1074221582392202
0.0651565831774296
-0.5285003732101423
-0.1616253887578533
-0.5755740186330270
-0.5924401948306470
-0.8183801497463049
0.2516709028270666
-0.2984807340990522
-0.1661018350997930
0.7269846385196480
-0.9642736043754042
1.1442311213686129
1.2003922059716872
-0.3097248978635434
-0.9847498500939965
1.6894163057262799
0.4955262698144351
1.3554654106502340
0.0794462135949363
-0.6075631237976785
-0.9376664269593720
-0.2632248298536385
-0.0358399369401279
0.4760122111903496
0.3849859406151658
1.0444678319182439
-0.9646138032288896
1.8220283540237332
-1.1583157786504459
0.1118876010478698
0.8433799332797770
-0.5636394129588888
0.6192688515161372
-0.8052829984966420
-0.2077402599348616
0.1764042227698353
-1.4829449563688251
1.5523986735643749
0.4446374066069091
0.6178858456029301
-0.0331919075943918
1.5885195170607611
0.6426265064970977
-1.5290652328859797
1.0746897176299273
-0.6104291426964440
-0.3772852460791787
0.5600753257940283
-0.4531776936639580
0.4298576831598923
-0.4696751702955098
1.1121088734997449
-0.9568560448836496
0.2710272398448350
1.4888709563574076
-0.0494105991387992
1.1208422056511762
1.7184655043939894
-1.4244182474197462
0.3067664894958225
-0.5805778691621825
-0.3044629576996816
-0.2398215635632333
-0.5937935347447350
-0.7868946385233895
-0.1152994857522134
-1.2999933517776772
-0.2878784505177452
-0.3724506477507188
0.5890183539725866
0.5680284427999839
-0.5841787954171331
1.4686098138910324
-0.3841971317927306
-1.4295218534441354
-1.2595532940121335
-0.5554693979271215
1.6071822297060536
-0.0703380407682737
2.5331874102233001
-1.0995880403862202
0.6377622704107541
0.8118605813352961
-1.5478933136384665
0.7102955776646502
-0.2978358135192044
-1.0879876244039000
1.1625006367243103
-1.9106963354241839
1.4503098169876441
1.7292920175145319
-0.5454389190064999
-0.4495440495920559
-0.5207112078382660
-0.7820982420580657
-0.1061995226271139
-0.1924291850238238
-1.7889912759773843
-2.1270991822517340
-0.2487392345477801
-1.6811935272602447
0.6633966403583785
0.4578709862095466
-0.3124447884380333
-0.4475600554885962
0.2091779717257037
-2.5165783142936680
-0.7649157963012896
0.5672721815954739
-1.0873568875731578
-0.7908089114656363
-0.1609368746883430
-0.2358447684599121
-0.9839568998375443
0.4483942672105432
0.5581015075417575
2.2813944174400835
-0.1092320054364423
-1.3763719827596170
-0.0803958127107762
1.6879069799727597
-0.5671011307303174
0.9250992532566561
-0.7245135220429887
0.2689390394031284
0.8102565914879419
0.3725120575378371
-1.0437577354559178
2.2818355665639789
-1.0571388287900965
-1.0022769907457239
-0.3245684265116384
0.2700904146186630
0.0476692847996046
1.5434937435791911
-0.4133926851902400
-0.6610108826374667
0.1880997899190918
0.3216976197632027
1.4326690372927360
-0.7674728194466387
1.6082206370858707
-0.6363297154225517
1.7865914256591351
0.2663498113837232
0.6598089376142984
1.0440207208438035
0.9448498514106292
0.2302911311327115
-1.0860085517856568
-0.7437591482150314
0.0167000419498599
1.3897207195999757
-0.2358838789654750
-0.8235430240929592
0.6424026696556533
0.1632468112226585
-0.9638558101138969
-0.1551473696574378
-0.7215610858985574
-0.5457507014197339
-0.8847621323275331
1.4884131737005211
-2.8100276903897994
1.0972068601073870
-1.0874254299686297
1.3787798865457790
1.9386548779980743
-0.7529355332329681
0.4528862627513447
0.1482517458261982
0.9473596511161102
-2.1581470836881849
-0.6972585989226959
0.0640342064555927
-2.5503249973449531
-0.2033498858260475
-1.4167760018517155
-0.4193110199492143
0.5521803535640216
-1.3657434126116579
0.9016733975212542
-1.0042577730900994
-0.9620913289590891
-0.0211232962040529
1.2902352462377777
-2.1962528734398812
-1.3696402110294865
1.4016233110511107
0.3152783220683159
1.8355588616548779
0.8137243890963107
-1.3422409048605293
1.6833384726409495
-0.1015626384658847
-0.0014005674762350
0.8292926491459864
2.3300691991427778
-0.7215473744273212
0.2468513122396628
0.7790292001934437
0.8242236353194270
-1.0481536905955722
0.1340474191073023
0.2848351052258981
-1.4060856742578909
0.2298621171228581
0.3340805180151979
-0.3140612496208786
-0.5056170795272340
-0.0412263500563488
0.6508799413911391
0.8664317653836761
-0.7810047729187989
-1.4647282688805006
0.1089584738460593
0.6410519004043242
0.7046715276585750
-1.1771079428769182
-0.1308017686763267
-1.2743123115920083
0.1643707314687348
0.6957516520157072
-0.0440342389122492
-1.9590263942517749
-1.2696412815043256
2.0430800265606588
-1.4095935044761858
0.1060893149638126
0.2110732589442916
-0.1312789879722605
-2.8323370354704105
0.7562561812402327
0.8401484092043667
-0.1141848583555113
-0.3558174718824994
-1.6866110089945054
0.6840373504448604
-1.0376269530798317
0.0445126007176562
-0.6150321229557568
-1.0315335612386860
0.1465312473574015
-0.0160845145735481
0.2642125238120871
0.9497716322805200
-0.3890686454680074
-2.2493892971041314
-1.5755333957093498
-0.6458796400063603
-0.7861614101359472
-0.6953459941079499
1.3034084286638972
2.1403090716777213
0.2797424281186534
1.4969482444877742
0.5885477914619917
-0.5086047938872743
0.6885266831428477
-1.6301341501901696
0.3811219088804040
-0.6930271962996565
0.2723319406915355
1.0932020680184438
0.1779568350591896
-0.5232382029827657
-2.9065885014888488
0.0389639689762013
1.0844709837545019
-0.6843246352563086
-0.8283451955639110
-1.0564399298281417
1.3793341699967732
0.1931101211777682
-1.3947426168154833
0.0275771505003973
-0.1335263393312483
1.0281047323612251
1.0712332831921316
1.3218013485945490
0.0941645465204000
0.9269371849457402
-0.7929297598583420
-1.4827450125650328
-0.2518214890421865
-0.7162733306292313
-0.6809126780019394
2.3171207136893179
-0.6717062454366384
-0.4525900236095855
-1.7394572675705366
-1.1273023229333143
0.2213430596011013
1.6938207754090844
-1.0033415123648672
-1.3586941180168555
0.1852960673431115
0.6860584798592934
0.4150699929021847
0.0325080860679760
-0.7688822505276903
0.1081105263367229
0.3275732802369190
-1.1527849859639936
-1.1737455006579141
1.4893869920635034
0.3504261776530170
-0.5005973721694303
1.3249740307927074
-0.9630526137380093
-1.3548068328192124
-0.0749958387909914
0.7893309488165565
-1.1586633730737264
0.0592113767361742
0.8706260454185003
-0.0875366189388282
1.4981780573647572
1.0410128205573526
-0.1078121900242670
1.5035560323483204
-0.6781422933731567
0.6639113009907407
-0.2544316709939247
0.0243184057621957
2.2595904131852427
-0.2209900592737412
1.3049160620297020
-0.3074183625601272
0.8680458732942199
-0.1206919553190975
-0.4263636401866396
0.0747531412493239
-1.4537247523851158
0.2472756958410544
0.4090918419283306
-1.7435573987264255
-1.0364296951879599
1.1522432645177980
0.0051363022469943
-0.7324693855626754
0.9257874808454258
-0.5690033087806946
-0.6616910706539579
1.1479506641316568
-0.2029770069896183
1.6831145775345402
-0.8661090574217876
-0.4862403761358764
-0.2921373594495842
0.5237597570894421
-0.5289481732325678
-0.7753895068697441
-2.6552089243635142
0.0723393025647523
-0.3162662322296298
-0.5117223604832726
-0.1330903061021466
0.3200673969350820
0.5516923157174648
0.1993042808903227
-0.1185710319577224
0.6927174140162203
0.2396005488011593
-1.5821370324605393
1.1373641069194713
0.6934604712177302
-0.8708927001349989
-1.4562056709987394
-1.9245328614214265
0.9658761156828882
1.8755706558798440
0.2538086437816691
-0.7865959821417042
1.1261195008861999
-0.2963698555774756
1.1967962378300006
-1.7850977720123569
1.8931179032988708
-0.1071898458957155
-0.1179956282896165
-0.2453469210205881
0.7557783611683234
-3.3391312708722687
0.7713074761065366
1.3377572708152494
1.7018617021780109
-0.9220255413394818
-0.5753383200031467
2.3031090273617418
1.9047203700733863
-0.9098195839736964
-0.8629786214126023
-0.7830710476402230
0.7194251336512443
-2.9405460128822267
-0.4331350946638250
0.3615537855088233
0.1013823344831194
1.0118257150554195
1.5390979260407163
-1.5774369043267604
-0.5314508106449836
1.2157204725588093
-1.1158093635034501
1.0341950638250137
1.1407154146548448
-0.4097746993407728
1.6316002352769046
-0.9618881956755783
1.5283949192760715
0.9866299475646738
0.3043407719551295
-2.2212436317017872
1.9424796138196336
2.0360724747180847
1.2194237372617132
-1.6383110954487761
-0.6871226432238461
0.2628559561816769
-1.3172942860307604
0.3590105745601964
-0.1934812620522054
0.3761742392903419
1.7173555725901501
-1.0552901919517708
-0.4380477714266828
0.3210124694557712
-0.3645958207151866
-0.5522845788552772
-0.7428366451751044
-1.3353760052158239
0.5773807947810932
-0.3387839728352141
-0.4729353810892916
0.9949741228052879
0.5271434086639117
-0.2319213922419070
0.0972696388804648
0.4548058436403616
-0.2532916911673420
1.5054605886812404
0.2917051640450163
0.8160077352026844
-0.2288427846857584
0.5316563645855065
0.1487890601338968
-0.6404867247501802
1.0852383476484559
1.3006182966852953
0.0317572372094673
1.1786538368837982
0.9442009863082108
-1.4344074396235471
-0.0141679621413227
0.2982397523806277
-0.4701699870944146
0.7529836901684642
-1.2486141730259765
0.9236518689571858
0.3329250026744277
0.4844974356333341
0.7056558442423118
1.0325782808586934
-0.6717271037075263
-1.4795652029078667
0.6317680663883545
-0.0325161688650539
-0.0572645817599316
-1.6082239157479479
-0.3964379314708929
-1.0002663058870758
-0.8516144955134702
-0.4502375603210201
0.7852526098738908
0.0896790290205928
-0.4833690632696815
-0.9463357086781123
1.1579704363609251
0.3412097074333625
-0.1388480442340913
0.7730699895353601
0.4340394522676306
-0.4784738207472213
-0.1607405001160463
-0.3004680553815917
1.8545552229001585
0.9047798884566448
-0.3697571388356040
-1.2036541153002589
-0.2252609580017870
-2.6754570047616255
1.6240830900929235
-1.4990341943365610
-0.6617385922496352
-2.0730920023958221
-1.3995553813012798
-0.7531070914798701
-1.4362158804743193
-0.3224948367314665
-0.9105820605605819
2.3573958264385793
-0.5599353461894421
-0.2174424409052876
0.0866899240587653
1.2440354025746918
0.3092554709135446
0.4484794498568417
-1.8367367176338074
0.9563661952537398
1.4033162601034685
0.2704542422626336
-1.2160205026528377
-0.6834789610880810
-1.3927012411446791
-1.8896161638493281
-0.8581029679809181
1.2848163700109838
0.1704329761950817
-0.2165612442948550
0.2598505325869532
-0.3102075501956852
0.7906920993679446
0.2601663246313533
0.3397404725223537
-2.0067931244850299
1.2760593662141297
0.7122766689745331
-0.9236943800706710
1.0106568806416025
2.5873983429376359
0.9410577374256204
-1.2869057431317468
0.1689498149515380
-0.8700290560094697
1.1150757885551197
2.4838756314492714
1.1295046119836714
0.3087557079476582
0.4303555605623725
2.1396333003317358
0.4004167803164285
-1.0202483222264100
-0.8472665053831308
0.6984505587496842
-1.5394874929874840
0.0835076706041061
0.4843408169821275
1.3462657050515043
1.6893258130764375
1.6512438923417347
0.3630661843059846
-0.9471170967701942
1.4281545229995949
0.0797806231952278
-2.1428333348604780
0.9281923727565875
1.2139609580331352
-0.1440416005490082
-0.2057653302497982
0.4031756526094438
0.7913709824868921
-0.5493287246334349
0.2667135884054366
-0.9809459515891684
-0.6308692758856735
2.0664188875253213
1.1791175552017052
-0.6853082688736930
-0.8028267404084624
0.0940336180631862
0.4453230909314012
1.0145622528453946
0.8790835024542962
0.5781833236054619
0.0548352294735490
-0.4950401864615011
-0.9718809186207317
0.6271957068752211
-0.0336656203900097
-0.3649334347361927
-0.2551230314965097
-0.3049959916993648
-2.5657479414888313
-0.3572312590851431
0.9926945902945624
0.4397941523541207
-0.5547306443304930
-1.2956654161937071
0.4490559505222539
-0.0872978377842791
-0.1435040344002709
-0.2613365060118605
0.0472036578331525
0.5464604695126317
-2.5103892950408926
0.1736356280561385
1.0088891737054417
