-5.9450725140144387
-0.5077118468751215
0.1359180870379441
-2.9151218654473463
2.6148337652854883
-2.2348058207813213
-5.4729797084703895
-0.9788767517762411
3.1485206098464196
-1.3608661074616388
-0.1513591371498601
1.3611910854075098
3.6181239352997192
0.1509927121374370
-0.4333637775919512
-2.8610110422307691
-3.6329078060856208
-2.6368394955402832
0.0133210941276605
-2.8062629303037685
-2.5732006061115067
-0.4863746425001853
-2.8886129404787098
-0.1850358517624131
1.8242229703281359
5.0669484731199965
3.2274616470249233
-6.4231185965758506
-4.9362855477651228
-5.1154904133367829
3.6771065775749663
3.0935644268577192
1.7786956770431051
-2.4720389903634237
0.2234992144259513
-1.5064211708961590
-0.6543685473472373
3.0032160709411873
-1.3652110794525301
-5.8797371702466386
1.1276159052590684
0.1442766142577666
-1.5175011401852554
0.7125310905062208
2.3013942075036349
-3.8937275146779138
-1.3223894601554802
-2.1586529993132926
-4.0241209493531116
-4.5013047892518951
0.9626150013740543
3.7821131852273790
4.8114674180828105
-4.7677588492015781
1.9374707301421972
3.7822858954972109
1.6783516184174616
0.3039844832511749
-1.4647918204058512
-0.7902072812160646
2.3264454383258260
3.9840901037852303
-1.7324701193243544
-2.4551384147575326
0.1145088969754930
0.0439462244083585
0.9719594598327226
-5.7353293620392591
1.2852371797944184
0.3052900427547653
1.1555366678561936
2.5428770301051968
-5.1299502581460699
-5.4258971040814252
0.8788859191058654
0.4436039837897975
3.6746275585983859
-2.9138525448283819
-0.3416534204429665
-3.2235813445775134
-0.7694636359066369
-3.6103494900820210
-6.4215120984065299
-4.8735376051808386
-3.3345612663644766
8.2636266090323129
5.4528184010471801
-0.5320496229053371
-3.6119740240443301
2.7171400680282898
-1.8074404625959697
-0.9826167613222487
-4.8988388727675298
0.9129986213350249
-2.3460832791281354
5.6193140859533885
-3.3124825379488620
0.2631696082151783
-1.0739602442895322
0.5542551786133543
-1.9234852721435973
-0.6214967677812693
1.7825124543452990
0.2701963044736030
4.6969406007769479
2.3753999669697254
3.7138625434802024
0.9997048493403679
-1.8633165180492415
-2.7257682065709652
4.4131052686021848
-0.8107057120312086
4.4754730350780019
-6.1367981719669578
0.5487802961385126
1.9423258288716312
1.6418921381620484
-1.7813979969834848
-0.9964378058645579
1.3409971571953485
-4.2144029776364107
-3.5214016665200010
0.2700163356758750
-5.0900832138498355
-5.5903360689383312
0.5171026689413598
1.2021899245531698
-3.2797882198506931
0.4787892778904492
1.5772995922720749
-2.0124863195280271
-0.6695355909261629
-7.4721946514163173
1.9665216016360936
-4.1784220669508683
-1.5303287095831337
3.9872723559626402
2.6528035337665692
-0.2782458237528609
-2.8933449436467797
-1.6035598299055451
-2.4033533583263642
-1.2141534633566047
2.7356057172349884
1.8448437348590239
-2.4844764407137414
3.0762319781799898
4.4290192973664881
-0.3615938143108590
4.5373371507497913
-1.9559200779629793
-2.0726310843675910
-1.0059129731361152
-0.1168285975195273
-2.0644061703710013
-3.1604748790064501
-3.2122310169378214
1.1287430018296318
-7.2569989935009600
-2.1049881640747041
-1.7905236720988875
-0.2039519549481824
-3.5148747590229950
-0.1317760036240350
-1.8325966485126235
0.0514653571138520
-5.7757557389737588
9.0670594813750789
-5.2367432621324639
-0.3584319838298777
-0.6827163283020985
-5.1883451950003403
-5.2908225362993733
-1.2114781266350489
-0.0810230139210997
-3.4140068979884792
0.1561695047746546
-0.0303573741138329
-2.8523072410380164
-3.0772474765215554
-5.1645863910505287
-1.2604674920035326
4.2721034772145741
-4.1137544173877139
-3.2497715938188376
-6.3405029853887580
2.2683456265709738
-3.3448501997523414
-1.6346239567007435
0.3693378127189840
-0.0601844595036241
-2.9247373350790618
-4.1777422970942553
-0.9356946839280079
-4.8979341793178159
-1.0545796102282372
4.9015932171500198
-4.8276657524011366
-1.5670271055306193
-3.9985726485706055
-0.0536459945494583
-0.5353189011002825
-2.5538687581032855
0.3747275512032283
-4.6116754190790372
-0.0960305341400171
-0.6990291374897040
-3.0335056017381530
0.3861036050759827
3.4279393140513195
-7.3088394667157104
-2.5465164739434485
6.4175583825401770
-0.1398937618673245
-6.4099411163556166
-4.9940543150119607
-4.7049270082704959
-1.1847502940821302
2.6362290754992515
-5.4158767846683373
0.1765548714434429
3.2987648946710149
0.2052275338237061
0.4375016203040562
0.5305715973299903
-0.8032042777715549
-2.5868607998685906
2.0440990403991477
-2.7367003810354924
-3.8581332819649852
-2.7119201589653352
-2.0453070240350630
-3.8762521306869009
-0.0385690030962363
-0.3401435975249643
1.7785668852439644
1.7744840223237657
-0.7820151998613754
-0.1074614453141776
-0.8250586316595369
7.9025662414244202
-1.6451496954870162
-2.5949960498836524
-1.7494653613855371
-4.1299462114245191
0.0798768712566407
4.2072366805126267
-6.5430934996556376
-2.6330410610882655
0.2781629079501988
-1.8585928659083046
0.3877618822223330
-1.0161586340788333
-0.7123558505862768
-2.3137519714080028
-0.8144777625520235
-0.2762623474207294
-6.3171024465228527
-1.8611423935549529
-0.6662321754155947
-0.6290588546177862
-2.2967687114518744
0.4055606213238034
-0.0691975371050319
0.2288469325604546
-7.9741412231516726
-3.0212295153914557
-2.2658558088208469
-3.2964071262885479
-1.2785079224678664
1.8119485169047611
-0.8710398042990219
-1.5088520339191642
-2.3685304786776413
-1.5106997602686378
-1.4840365228458618
-5.3501481468136509
-0.1473334928877646
2.6184654269902836
1.8283053493635344
0.2154027843056736
4.4286572764571002
-2.2249807689602550
-0.8686235073862831
2.0495108964443318
-2.3393123012580044
0.3586151870238521
-3.2089786866629222
-1.2415276543087996
2.1262481468805339
4.2864324007067429
1.8116100892525444
-4.4865169891005756
5.6220746753026178
-2.2025379620622645
1.2061142890699681
1.6254399192410525
-0.5474374586975963
-0.4891269053913087
-1.3007122861697233
-0.9469354556805554
-2.6073543204839522
-0.8182182910026583
-0.3074077252415555
-1.4265074553418386
0.2282461927456196
-3.7177809487828730
-2.7716430464485637
-2.6896777031903780
0.7825990391314468
-0.2219142832270262
-0.9755605647496185
-0.0302197695734046
0.1173100211943273
-3.3387788802382281
-3.2091592533920092
1.2446062989179618
-0.0955391756002031
-6.6104391094385582
-7.1715451227886939
-0.5368832405514344
-0.2940484529800002
-1.8969031544144792
-0.7005349618611579
-0.7187379505547153
4.3011813421115006
-0.2182598605746506
-2.0444473323205647
-1.4660266715042072
-0.1057725551819164
-2.1737333884317409
-3.4734030316304683
5.5700398859637437
-3.7607610082489802
-0.0190806252402128
3.3017583578192955
-1.5394073580523262
-1.8592463083173953
-0.9450916981366309
-4.4235958205406787
-3.3598754299255691
-0.9783329518811524
3.9494429010581800
-8.7969331526060870
-0.7336349954958298
3.7947392124463231
-0.1531019430757642
2.4270719448990512
-2.5810354672211924
-1.6038165665325930
-3.8325201157893067
0.3413158165667615
0.1675566143962295
-3.0551467742088150
0.2342850106808207
0.7176283199736885
-4.2257701132332590
-4.1637932922181333
-0.4849263441638335
-5.6268111970583243
-4.8717140235983241
-2.5573964982239548
-2.2052766533025698
-6.1416962100148380
-0.6192142169708054
-0.1232441705965603
-1.6123159673878749
-0.8492647440734861
-4.9732965875305677
-0.4866425975436450
1.9908933504507351
-2.2894945150820774
1.4699263191987957
-2.6823016107738624
-6.3007602161094631
3.3615290932256796
-1.3468498477050836
0.4703658459261870
-3.6875373007189189
-4.2715199294149118
0.0748155340266704
1.3415972242375946
-1.3258187789489655
-0.6466587345616884
7.2739881986253181
-0.0183119178009703
1.3752208188234112
-4.2753048139153593
-5.2528709235579596
0.3234419146419682
-0.6671243109734007
-3.8241855744161422
-3.2293476797242096
0.7990186703708260
-0.2129315710071600
-7.2358326032374762
-2.5717834485676780
-4.9311234597984166
-4.5348205402580799
-1.1781805497011693
-0.6617488913276920
2.6459340482010729
-2.9138248700302678
-4.4376040915634523
-4.4741746086965666
-4.5248391250037967
0.8325789641511470
-1.6759622986668152
-1.8986972414612420
-3.6541246304123138
-0.3698565586299445
-2.3537215559570503
-8.0677320908432453
-3.1680320395226107
4.6320130895384484
5.1795108047077774
-4.3281603388905152
0.6444687766441415
-3.3817114353951245
-0.2856099275759975
-4.9177368821982412
-4.9861945078059335
-1.4817024514899009
0.2502565717108781
-1.1362063616590616
-4.5967360299623721
-1.3536218163456382
-1.4597443148430815
-4.3262495625804904
0.3556008611728790
-3.1602017485617955
-3.6410677924727159
4.0037698110458475
-7.4375249695935040
-0.8681049333216827
-2.7493354247735544
5.1282099255523708
-5.0607056563836110
-0.2084188462687999
-2.2047271524871288
-3.2074360733899256
-1.8631413948954620
-0.4939655344758357
-1.9530035520988349
-2.7047395588636398
-3.0502660916672268
-3.5217906997022688
0.1019615055591653
-1.3758426242556776
-1.7597895547687501
-0.6048748635173999
-3.8782550461210570
2.2244420147225630
-0.3580538376631441
0.4383779554172424
0.0039329809629863
-1.0237882529460087
1.9092260602176494
-4.5885390057197464
-0.5986981950408741
-0.2529937533795524
3.8689669609361546
0.9939851618331755
1.7204654717733288
-0.2256512036109518
2.4397361212100015
0.7882398545046951
0.3958473808586819
-0.6276388171277352
2.6728184087815303
-0.8330007544831944
1.0362213534955877
-3.1700254861071970
-2.7064479573255240
0.3262669224612867
-0.1523959220295058
3.0498770658913523
-0.0993791905560942
-5.8274000319349604
-2.3984378629962988
-0.3011468175276627
-2.7216686765751654
-2.2991060929606126
-3.8718464741764498
0.0225112261423325
-1.9798901169129823
-0.3035114533767987
-2.2813824969403940
-2.5487736151340306
-0.4358809075049609
-4.5282751977954296
-5.4596604816769112
-4.2853345882976663
-4.3713669939372828
-4.5768631385419614
0.2782042548429700
-2.7303038412458895
-5.8822283733313006
-2.0874480775462776
-4.2122183039197187
-1.2993597336027132
-0.3080231492911185
2.9212419079214800
-5.3797550013894915
-0.6644471421519524
-5.4660200529617811
0.0417190026250909
-1.5953421178865150
-2.0068570504976595
0.9287623515777472
-4.5540802403607712
-1.3975542310848614
3.4832250105720637
2.9583822520969583
-1.2448696946176299
-2.0067642212784143
0.9690439094313348
-1.9946970150553840
2.6667972406263303
-2.7594751812895693
-1.1770047707023150
-0.9643624054722882
-0.0977479113134717
3.3972004015514043
-3.0750985421850814
-2.2458705721536085
-0.3224149974320619
-3.0017141545133792
2.1154749120828531
4.6462883202261409
3.3915440112526061
2.1775233660606932
-4.9229848731564063
4.4745094044596545
-1.4160459861392851
8.2980291008806599
-3.2219276906499545
-7.6511783538736635
0.0936107898103044
-2.4728978319119550
3.2054287970108732
5.7378433831288334
-0.2607623977824071
1.2691882933923524
-4.4009520576009633
5.2140595842581048
-5.1369211222844129
-3.0134260549460641
5.0799471659460851
-0.4982509895015640
-4.2696107658485731
-1.4862766977252788
5.6115780667432542
-7.3918061939819255
-0.4779243555165171
-2.2505085687198521
-2.2234996413751267
-4.4750937718851649
-2.5371982630197736
-2.6233930629399071
-2.1385288325990093
-3.9695514269857139
-1.6761072374264325
-1.5916557456350946
-0.5654675349422168
-0.4174861189210353
-0.3690263775112873
-1.0423521568125775
-3.0597633941410662
-6.1713116945296385
-6.5481340733194049
-2.1168901302827949
0.0517557662525781
-0.6721747330460549
-1.6780960636366116
-2.4538623726916065
-0.9402481256772477
3.8274980508649925
-5.0302244520480057
-2.6740854606368250
-2.0891151522551530
-4.9466517008132875
-0.1205558961883228
3.9759787627355072
-1.6681098960722820
0.1762317650144847
-3.1468236470803665
-6.6172678011670172
-4.5375549392365988
-0.2186582150190322
-3.3372116551079984
-3.4437619359687237
-1.3997634169669193
2.1218222787679606
7.7830194145053992
-0.4312145960204675
-3.8459672244185512
1.6527312569836745
-3.2975035711765308
-6.5562353495122458
-0.9051636280460129
-1.1193685952433703
-1.5388481872666704
4.4939866924099583
-3.2240774607742204
-1.6722088088933877
-3.9916007323427869
-2.1043927937298235
-10.1581139367981113
-2.8322399942157945
-0.2553513117693186
0.3288188206447716
-2.8546156767627684
0.0035270858446038
-4.0577736281750090
-1.9249621611069461
2.3413756844572711
1.3477619170760595
-8.3184992402650551
3.6022032620828175
-1.9492212481043953
-8.1654564321870495
-2.3009213471197123
0.5417742378168853
2.1164457237146905
-5.1242798074101037
-2.0905626243069872
-3.3210166477773826
-4.3625663380299846
-0.4603924304851332
-3.6558012408947254
-1.6387540849035089
-2.0950809270894220
1.4418795057523672
-7.8391580856817020
-1.1478308997088258
-3.8798956611214064
-2.8245862255624523
0.0776799715768041
-6.4142471078376548
-1.5071394294383693
-3.9590055498601728
-0.5581366011562132
-4.1820844680407436
-3.2573584583379001
-0.6464518716440869
6.7698810645127159
-2.4463667887689433
0.0731524547485838
4.8355171511132022
-1.4493800916800195
-0.4569143281782601
-0.6930095643781539
-3.3268783620751563
-1.7088193826863209
0.0735781425775369
-3.4372954939558942
-2.7110014208176323
-2.9666928137273039
-2.1227805818307681
-0.4047435314650430
-0.0832864838891563
-1.4097623260409458
-2.6199255965184594
4.2931403687085679
-2.5554124715362438
-4.2588143697281078
-1.1123798582573150
-6.5571266993815973
-2.3671152188259716
-4.1425639072191824
0.4344152793588836
-4.7993943764721037
2.0771818725228663
-4.0030747290164479
-3.7723673960617918
-5.1135451161060770
-1.1934430692026525
-6.0528094295825605
-1.3894266418499062
-3.6985826663212280
2.5560553366310179
2.5352098791738245
-2.2852976911950722
-0.2822186222457127
-2.7848437936624970
5.4665368242623060
-2.4150169290478898
6.6093059570187869
-2.9076427655798995
-1.7294971464211089
-1.5150042999168400
-0.6081497411312471
-0.4092959657649700
-3.1319784731785170
3.3605973369014519
0.4516753433136073
-1.3461559331950814
-0.1413809792165915
2.1414135158043908
2.2494348317835415
-0.1075169790291614
0.6095984869160664
-5.8229800840155530
3.2354391039014190
-6.3923826720124737
-1.1342674186699928
-2.0538064748679625
-2.8086115919295453
-0.5266564934151463
2.8544674615138850
-2.7194859216284901
5.0906852490639034
-1.0644556522463582
-2.6488698773103918
2.6556439233021942
-0.7361202531994218
2.5628203854535623
-3.6744174098725133
-1.0718228998867432
-4.2920443618641002
-3.9456994306261541
5.7600077704996560
-10.5321619127227510
0.2199888636020077
1.8118611494205579
0.3737726210860838
-0.1274622506780877
9.5213546802537632
-2.0309361199777181
-1.4897246802444453
-0.0739953184901933
-6.0199388724947216
2.8321884618360498
-0.8917844649698715
-0.5481299454137363
8.5938344208558970
5.1892384327804466
3.3094054371732677
-0.5056507761022490
-0.7866002190600598
0.2069499948317683
-1.9590202014673064
-1.6518610070186732
-3.1922617972042953
-5.8108753153822734
-0.1841502246902866
-0.6456156210398828
6.2541232899641495
-3.5584902113115429
0.1669571637119026
2.3992265908666788
-1.6669543430196252
-1.5697433228684499
-2.7505416998777998
2.6852416053127781
9.7277306512195914
2.8538506908185832
0.0439921562856467
-1.3821424638984681
-2.5327282671684257
0.8982110731603233
-2.7625413913349326
0.0959060836374735
-4.1425117640170228
-1.0936462793781943
-0.5886098634961459
-1.2795809124227098
-0.2865230643426104
-3.0508370735507571
-1.8530769842615802
0.2955715273799034
-1.9176868781364553
0.0452806706897028
-1.3059601425613816
1.6882488269784182
-2.8515674977603962
-1.5220633239674941
-1.3295949861390166
-0.7096294164727291
-3.0336869369223667
4.1472287638188901
0.1192009403759740
0.1695195493875385
-1.4723427414733337
4.8988534826546504
0.0793620197359261
-1.4150699917402403
-3.8287811734337684
-0.9899930177136625
-2.2297135793575391
-1.7936365471314071
-3.4859404108302448
-1.8517655785261480
-2.5669130885011362
2.8338709579028460
-6.5301925892963428
0.6449674064100450
-3.4093398800966974
-0.1477288689330724
-2.0804985589547229
-2.3714954665115764
2.1486198609012508
-1.2623787889497744
-1.7341390449147343
-4.1156534472337007
-1.1788634189967147
2.5314831584267909
0.5655764673597975
-2.6278618778979967
-2.0941847048190056
-0.6539117648375614
-0.7300665944656405
-2.0892467321045554
-1.4382140004091388
0.4491335978328938
-4.0080509765903765
2.0007407670728390
-0.2976835377530117
1.5554630496636779
-0.7782954966027618
0.0019321100730119
0.5966453410590178
-2.8037091235079350
-4.6662768076142278
-1.3626912314879454
1.5540373053047816
-2.8791156089635943
6.7508792398588593
2.4538399425403292
-2.0443510141339405
1.0909543643696207
-2.8041013336206566
0.4045009626993684
3.9392963326942763
2.7113789532727752
0.1935376000751902
-1.8743436399685658
-5.9016605809680414
1.0907946998492926
1.0141418206745991
-1.3677150826978786
-0.7212271301002932
-2.7801580535639441
-1.1416029635658318
-0.8323911362693239
-5.4882101135676766
-1.0820191140763276
-2.5957949987279409
-3.8415775497653009
-1.6517094262617245
-0.5851419365310775
-1.3571845023884888
1.1291921694954672
-4.0126372044110212
4.4005820098781996
-2.7367493071863285
-5.5169497059288908
-0.4062500955325853
-1.1364494939910743
-4.6997668081953767
3.6436379596232036
-0.3977986611757979
-1.0437471373624068
-2.8814393150931008
0.1476585753453163
1.3322704213859633
-2.5605256946015373
-2.0951322103298797
2.5171804306028993
-3.0562132532843083
-1.1512358661397317
-3.4565752245424273
-0.0172906053832643
-3.1849539957140665
-1.6793101610560788
-4.0248541364348407
0.3972426966754688
-2.1104907584770509
-5.7734075018625957
1.3970813667852420
0.0961987006151305
0.9480486429074155
-3.4971194091019280
-2.0298601419864659
-1.3776346572909492
-0.6835733424186450
4.3333736186856946
-1.2163288923879407
6.1631579471521007
-0.4706461727480271
2.1474474596477076
-1.9042531009557864
0.6046586947388731
0.3771529516801090
-3.0625059853403229
0.2379912108437238
-3.1123813199764037
-2.5856281738380260
-0.6746701914084283
0.2133989262364270
-1.8054769909072053
-3.5346212716668206
-0.9708876358601000
-7.4080394346682503
-3.1605271179127916
-4.6593712908314533
-0.1298244566886320
-4.5411875322233488
0.9146369114883922
1.0668181360983735
-4.4980872831918592
0.6557066740194581
0.2047616126152530
-2.1288538427658441
-2.8133482200280286
-0.2801622249015846
-5.8380759206875803
-0.2215205326250953
-4.0161000617046803
-1.8115834294628010
-2.2599948891273582
-3.6158510993595310
0.3225628655444834
-1.6908076533345684
-6.9507151119976367
2.9450753416150506
-2.2098178017243835
-0.1228220846003348
2.5191265324464465
-0.4509143265480663
-0.5878580508534634
1.3211284277715638
-1.2942611804341000
-0.8131950050019044
-0.7142672702931188
-3.1161893826810347
-3.6620686772427371
4.1306634791820569
-0.0079036097752355
-0.0348586805186049
-0.9800760517098274
-1.3148401405853343
-2.7541476739867479
-3.1366341514671041
-1.1218594332543481
-2.6586419740899263
-4.6579475916170345
-1.7180984620179149
-0.1391342765967433
-5.9521973036167104
-0.1323679938181005
0.4383485615560503
-3.2904641190307471
1.5271821636471197
-1.0325210511009146
-1.9142835550709105
-2.2156057242948881
-3.4266794392258677
-5.1811377822196034
6.6012419965399758
-3.9084609813746747
5.0300291997440025
-1.9315806849897390
0.3192717688186401
0.2157172585257423
-1.9740408524072717
-3.9605463929722213
-1.3686456500563395
0.2351947417744707
-4.2699702978305361
-0.6407605053734029
-0.2612031106825401
-6.3841235428223371
-0.1900838914574123
-0.4388889565178385
-5.6345305105703343
2.0753161457743698
1.8569442605259656
-2.0117933672535320
-2.5422103641826750
2.0867870552451286
-3.4391969371828899
-0.9592187855286588
-0.5163981896888626
-1.9312712245836117
-0.7810045862686460
-1.2447023932877983
-5.9290828081807927
-0.7826148777734854
-4.5741934413708636
-0.8220112591001576
-1.4389031431149371
-3.1029959859349439
7.1259678542089437
-4.4207701304415128
-1.9701376871542260
-2.1017403491759095
-2.5515884772483579
-0.0250816507792608
