1.3350970180350086
0.8480742797475328
0.8444494559178507
1.2765096121865878
1.3226804852089220
1.1920557390217059
0.6345919388223857
1.2066862206513427
1.3898504697603042
1.1634129520223315
1.3553486112259505
1.1403243807512180
1.2052156244783006
1.4227573116343322
1.3090622640028915
1.4356063810701556
1.4470223142960572
1.3645935615927376
1.1711131753655626
1.2427129909744192
1.4003966807853057
1.4394634530652866
1.2393145134120953
1.4338147144638052
0.7029650438330065
1.1306579945216366
0.8163884628223522
1.1938413977884974
1.1282530851901778
1.1955567100868774
1.4500914198910024
1.0812007415179363
0.5003639399942335
1.4262265564333227
1.3672996438853204
1.1484050438476361
1.0931592262520258
1.1510264811125090
1.4708617374711903
0.8765654859720650
1.3053180897609682
1.2272966604346518
1.4564311622742063
1.4284758580810386
0.8422779532956746
1.2851198214528525
0.3535355298463881
1.2486970563725519
0.8998723698450971
0.3667144370668498
1.4825993894594391
1.1935472598099210
1.1516702970132084
1.3411133482644175
1.0792917361925529
1.2895063696518954
0.5917703185070085
1.4035776178264796
1.3852296436415081
1.1649383425587339
1.1260080287403638
1.4441695277403355
1.4122041487485009
1.0391746870682490
0.9996421830517727
1.1665879112749984
1.0158556461318802
1.1828890598320447
0.9628154001212771
1.4726711859022996
1.4006946399693048
1.1120567206491390
1.4272480952299396
0.8886007884326197
0.9313570055114526
1.4310501659201027
1.3858788114406100
1.3670976402645050
1.3659264770429018
1.1623588594017946
1.1760737178956429
1.2197263256792445
1.0890896039366975
1.4110392138163945
1.1973431505079415
1.3990443495936322
1.3683550818160488
1.2983426094400534
1.3784915843045740
0.7624109031682169
1.0019751336268605
1.1721471994850672
1.3846593378840026
0.8709682023889357
1.3510184618050702
1.4133174166304550
1.0074906858520021
1.4013301663641551
1.3783350685578293
0.5789214556904342
1.3632045436115017
0.7430287881311295
1.3775090083113566
1.2693749075839804
0.9274038597040680
0.4991311025817252
1.4182202123294554
1.4790889227087360
0.7378413156093453
1.3460205478780896
0.6401761361580727
1.1160935651173094
1.3812724025387038
0.7835645633700663
0.6257418246801006
1.3996009704256911
1.2876504880047270
1.3238398246955299
1.4241533455079123
0.4054348852683365
1.4482089311715369
0.3019995489760136
1.0738854921069265
0.7640776779399043
1.4627211118505463
0.9745320226155563
1.2788635560175006
0.9767429305202260
0.3354691654087495
1.3934670573788379
1.1496637063507831
1.4789130813156051
1.4476670133152609
0.5289067169338046
0.6139181563160836
1.3888257053996143
1.4452337314129731
1.3800517441481182
1.3385089212189523
1.2810914389976671
0.4615774699718795
1.3246101393758041
1.3826847228223917
1.3382337406072295
1.3897485660569884
1.4382229971125939
1.3276685192580631
1.1457114974050702
1.2558457535499257
0.6561494999702638
1.3243836527352797
1.4736691621738038
1.3091978322615929
1.4340035861712255
1.4053377217429626
1.3261953382024918
1.4538848389528805
1.4292599612019286
1.2743658976605827
1.2961279189714443
1.3295196708102806
1.1755186134669011
1.3904100467968168
0.4688501304188021
1.4343499845970789
1.3562598466769002
1.2618624815329675
1.2849197635426182
1.4314301703289698
1.4129972496196812
1.3909052687041807
1.4310678435284043
1.3794680592534019
1.4776404153058151
1.4035154137369477
1.2557910433872901
1.2492614704871108
1.1074739323557623
1.4603194887778264
0.3041879728044372
1.3875745731417788
0.9709543441773033
0.7593251394828631
1.4396379467253686
0.6267006634765712
1.2250828895428616
1.4219268823443512
1.3339385372875561
1.3975240526194443
1.3961048939871530
1.3090831414160624
1.4050672946484764
1.4457393168979438
1.4349146931269008
1.3364546804289736
1.3552371326689607
1.3435800815177510
1.4597874201315679
1.2103348644204890
1.4409701095700385
1.3269491159157036
1.3116143990291831
1.3990879794295017
0.3276905587073105
1.2189737688792328
0.4373856127422295
0.8054573898218974
1.3573000709736525
0.9948667155751706
1.0680003393928525
1.2327261473862381
1.3322875225036848
1.1552115839609038
1.3435703981242846
1.4351352220013758
1.4573993159243179
1.0118858766305439
1.3845827139237716
0.7771799465619353
1.1255738896460945
1.4168195038050508
1.4528671805726296
1.4725638328710760
0.7603374487236295
0.7165353806150885
0.9628481577777573
1.4373262575254928
0.9814395973706851
1.3856599696947878
1.4344242796508377
1.3967058577441398
1.4108894664868372
1.1951481352311795
1.4337273832686928
1.2814520034669967
1.2639325688733136
1.4176327314526054
1.4139678829389657
1.4044435020705284
1.4638355266050975
1.2219096091613235
1.3760220850873435
1.2504352265138585
1.3547545814251956
0.7915307132763814
0.8391013764437689
1.4446733903907989
1.4719050285102939
1.2753420397783588
1.3276716747968027
1.4365175823542780
0.7735415404352903
1.4348194469536308
1.3224928064429096
1.4416340717762590
0.9724888174160337
0.5221139519308134
1.4378850900657760
1.3663776606590103
1.4378037702202768
1.4587638009873332
0.6894507238590403
1.4123555586754073
0.5664822496005665
1.2786824258465963
1.2814116323371065
1.4033664003568114
1.1703244262176877
1.4410197909382971
1.1341516396496003
1.4340224798838594
1.4395806844513950
1.1571396133851299
1.1820362108729408
1.3628769954237683
1.4354848225225285
1.0902335647817061
1.1370594418736872
0.4457071765940213
0.7153949650588900
0.4819426213500904
1.1540787583375378
1.3400361160515117
1.3121839212917958
1.3713820904356018
1.2967243964250390
0.6101172278200137
0.3100460904902579
1.3887739479565104
1.1637672249308757
1.4233571389734501
1.4437598942022678
0.9835996324353856
0.8837143730515781
0.6929071231513625
0.9339178378068523
1.2473685491174258
1.4344545527878747
1.1623153003014546
0.5326910366726626
1.4383000979739584
1.2693566999585721
1.3717087933720258
0.7891638808868825
1.3389747696487178
1.3587646359611512
1.2253478258301000
1.4120454305164887
1.4353106042962636
1.1273991627679876
1.4136047666221845
1.4198188995549814
1.4200389847805683
0.8682843265247333
1.3505708426916545
1.3563812205409711
1.3782042423446885
1.2899027238423149
1.4596746162795207
0.8800589341003574
1.4484294767843771
1.3043502465356340
1.4752597219230030
1.0636584903006274
1.4131244929705293
1.0901394803481064
1.3765009128714210
0.9810233134631278
1.4439327697371906
1.4427236261762126
1.4546447610572542
1.4095158089712725
1.4218317436282342
0.9917077007544434
1.3983731997405660
1.4124992106350838
1.2252100380481026
1.3680629377267748
1.2584433276595581
1.2425651474114918
1.1343387275612857
1.3619266509541106
1.4228529240793018
0.7600150564352878
1.4079182422737540
1.4417322002067419
0.9257274436568093
1.0606410313928876
1.2837956120200844
1.3519066166699749
1.3565455900884362
0.8397292991663329
0.5183583688552824
1.1644656848013160
0.9814535797476244
1.4676256286392493
0.4073346781414658
0.8027332917156269
1.4315584858834325
1.4281147359335478
1.4315828853896293
1.3964761174065807
1.4558127802337686
1.4256664918624549
1.3579177389450046
1.2873962957890872
0.6122086020261347
1.4026120030106668
1.2385446757434817
0.3639014388840047
0.2999943733483820
1.3506793764675671
0.8035042403090865
1.4084365215254051
1.3972488857677534
1.2757657703836311
1.3404535181142689
0.9422115204489063
0.9276923840909281
0.9411161405906247
1.1529692140167855
1.3370656165383299
0.5897311418694040
1.0086112658582915
1.2774219346458013
1.3194166073600371
0.3838407365222279
0.3403445724202084
1.4674688160774654
1.2161863726783548
0.7978698289462167
1.4606968303071637
1.2816313793040615
0.9446754535955660
1.0089503793001113
0.8655807877906593
1.4732779708765802
0.8320136747348303
1.2899867661926705
1.3958248805890916
1.4640496576709674
1.2179168712906836
1.3657846853113533
1.4165240859643675
1.3784933342505403
0.7635748969395886
1.2666673266318924
1.1574771754006505
0.8293196146511133
1.3839604390549827
0.5908987595981431
1.4677612360855965
1.3175113929614723
1.3759691875366500
1.3441281366489908
1.3796261959457374
1.4139728332477266
1.2658982365175222
1.3515463762467941
1.4143234864147611
0.6643630469168126
1.3495899788214794
1.3433573923969608
1.2861475830710716
1.4249742989716256
1.1765129140739932
0.2928669334214352
1.4356706187420878
1.2719566163897835
1.1969000297734256
1.2737054930452709
1.4068295652677958
1.3581116173163104
0.8641168449600600
1.3893270060653669
1.4441234666495202
1.0985342357039332
1.2966827856800422
1.3648240476336106
1.1596630301915019
1.4141985530518728
1.1407308860709000
1.4198602897852202
1.3021812620181905
1.3398198655717171
0.4475913082241105
1.4449005203381327
1.4740838377300201
0.9363674360052719
1.3585001977763700
1.1152430684318377
0.9777242340453561
1.0938559101615948
1.4341774669521323
0.3101731237321699
1.1607836219862302
1.4199745680696758
0.7510331636081171
1.3987493461202698
1.4248158717765964
1.3979310864627552
1.3447205827060251
1.4043703262145706
0.8737418547647590
1.2357374516819291
1.1023548606560305
1.2802784226796171
1.4514188083407629
1.3525432469828167
1.3599047639794510
1.2671419870944942
1.0361319328727474
0.7482466935270272
1.4501021986994278
1.4730391815439852
1.3142544940784833
1.0671814756095037
1.4294330745405250
1.3699547703765718
1.4027960161783375
1.4012617255269904
1.2726415046820667
1.4054159948769167
1.4219918078577158
1.4215641104323269
1.3664174869386689
0.8695180585759089
0.7781583496950175
1.3437361404976200
1.1685113421804827
1.3972635991158449
1.2700979373157149
1.4283252158751563
1.4395914008415953
1.2976035642124657
0.8801167506027021
1.1754214931477598
0.8864059192034910
1.4137987449146339
1.2540118977883221
1.3304356279553542
1.4429718533475573
1.3853019591389009
1.3529832738949794
1.3406005158501975
1.1519628582127333
1.2175362065180519
1.0988325959793446
1.4613283519891567
1.2143839109989878
0.7055556729680792
0.3232984338058312
0.9371853046277129
0.2927855832850451
1.3470332666701661
1.2784259316365807
0.9245639983277851
1.1791610724407868
1.0717114877370189
0.9811469745441762
1.2851099250209543
1.1157889070654978
1.2838961938793396
1.2595748801092603
0.5125303746361136
1.0612350223891109
1.3150917449313675
1.1828728132944282
0.2949633184248818
1.4820236027083118
1.2106251194752087
0.6313595818446716
0.3119910699246306
0.9933612726648849
1.1463193885510863
1.3227975090341226
1.4196423167609096
1.4491652629360940
1.0569939002466526
1.3806409029555362
1.2533739465462070
1.4161072575730094
0.5674048753329914
0.7919303160150420
1.2993066485007962
0.9182926441343857
1.4428385571096949
1.3931070003583819
1.3844324772839431
1.2942785625053979
1.2234073451828751
1.2785003745699111
0.7380161699850027
0.7411820346056891
1.2684128445528904
1.3617193617347307
1.2392242650780294
1.4680987855475249
0.4812713433447607
0.4465798146044279
1.4508406661069717
1.4338756238254091
1.4337833680354799
1.1925638624026740
1.3200994246552527
1.2831606354137413
0.8736652131633690
0.9637966252832711
0.6630890429880705
1.3532006591184160
1.3881433519378077
1.2332919160200770
1.4074178474041605
0.9521009264668950
1.1172954391896512
0.2927612202889985
1.3971813136779421
0.8451569316426569
0.9963293258714547
1.1892074687982210
1.4445287094103465
1.2306541124847721
1.0090140352855281
1.1591915633384628
1.4548715285909528
1.3876703800751105
0.9662416899456936
1.4499524647750812
1.3859202479982293
1.4086359620475357
1.4223758853516126
1.2044676728306589
1.4758729665443575
1.0542044438659959
1.0291239526417901
0.9783088383399060
1.2940286107719694
0.7956414969115203
1.4496052302094975
0.7442969514051470
1.4705348989552032
0.8100869608350706
1.1967179842668101
1.1857045439396319
1.4479359385810704
1.2805275201545820
1.3455723113660392
0.6843046101517284
0.5504353982012822
1.2108972627202728
1.0431849956920902
1.0697791432701349
1.0819572389705081
1.4005032089669183
1.3360828803283411
1.4314412011944637
1.3131105853273564
0.8950076322597269
1.4521704410498233
0.5692568184389546
1.4399000133874846
1.4013862411635996
1.3745524196796055
1.3585689230849323
1.0588829636124142
1.4608570024639633
0.3874434937454924
1.1628370326322359
1.2860506339093363
1.4025889475913820
1.2108661805720331
0.9670947792101511
0.7936055153227848
1.4606937181194586
1.2861331269715215
0.5933250869533279
1.2946025572826632
0.5536447760596733
1.3050098801430847
1.4626353209772709
1.4375762289207592
1.2238840664707504
1.0377809581145427
0.8412139454199787
0.8727819888929517
1.4213914060413138
1.0678532403379939
0.8899486506221367
1.2253818006127495
1.0645710609724595
1.4477955639533797
0.7069225230662897
1.2789479732170546
1.3298001738257215
1.2560476975262116
1.2573952902917653
1.0105754383278678
1.4117807124235460
1.2617914138923052
1.4492081230686771
1.2977642265674161
0.5902283792892814
1.3810694302718893
1.3379924421065728
1.4164039051937138
0.8346692009685124
1.3373899301648564
0.6247286466942251
1.3359006807484988
1.2080838246141332
1.0632075892334258
1.2504473222425916
0.7586630251857389
0.9469316897859400
0.8183682866183793
1.4739644487698396
1.1702014867864539
1.4541355419852846
1.0967901614534625
1.2440750800231135
1.0800555321999685
0.8846604955399593
1.2050492619496442
1.2855498394344149
1.0655240541584119
1.4243973974480897
1.0335318357325252
1.3171419085118536
0.7594429874661827
1.1689688562465099
1.4257341661859269
1.3488294119752136
1.4060848350862947
0.6196448035863577
1.1083420868753679
1.2037969358899177
0.6507976743122077
0.8011682208688626
0.3044077112152544
1.3532214670419287
0.8885787996929757
1.0250029627879986
1.2063092242447371
1.4330950419384161
1.2301546795875995
0.9379953364603394
1.4515876552996341
1.2938177411005762
0.7678654932104868
1.4715350651231849
1.3816653748601460
1.4308838523245182
1.4702017444446305
1.3475448140202833
1.4573420847466807
1.4368254826659110
1.0744614266021268
1.4021902198190672
1.1746479971912291
1.3402625886675907
1.4280991944999544
1.3308303605739700
1.4119822001252402
1.4094135531342120
1.0018998403880301
1.2279495651897792
1.3744967451702170
1.4250432529781110
1.4450382346850466
1.2461149551175543
1.3710044792110674
1.0779554248949799
1.1261768324928776
0.5113641660584591
1.3248589570717779
0.8891641631670244
0.9907284264588079
1.4215313859198089
1.2123046187543023
1.3717642474184799
1.2063681394695318
1.4685155999229713
1.4188969164186156
0.4152896112258645
1.4047081781726343
1.4137067755551240
1.3693610653285813
0.8301578442056123
1.2290183012293154
1.0836937971610949
1.2966711951861354
0.8232868692112826
1.4049039577606226
1.0322437497790129
1.2921523398139234
0.9712739857464335
1.4223175837518673
1.3118726297296706
1.2375656390355150
1.4505855559259144
1.0930912529995798
1.0124683205543170
1.2666315588487815
1.2840688357289587
1.3015406451468299
1.4677616679981667
1.1755995893453048
1.2622309513208940
1.3171229613678261
1.2849607671353362
0.3874839512989666
1.4165196425998994
1.4195064051581772
0.8458598679591318
1.2334609997805466
1.4027032676896529
1.2220345346871209
1.0877846786118972
1.4314250252784952
1.1852752702093661
1.1800368376355705
1.4758111607835300
1.3241397907944170
1.1641205701659312
1.0902465712216471
1.1712196124681060
0.9110253235123221
1.3804342271526604
0.7290646281100921
1.0193660736023824
1.4748053884206851
1.1186181805243847
1.4068275684356477
1.4382339342104156
1.4237237229784634
1.4540578364399748
1.3788693331444892
1.4182123448180195
1.4640161767353832
0.5757915191263374
1.2779423192766899
1.1580405096845749
1.3335484921865439
1.4533415016749187
1.4284104241860824
1.1477143508036873
1.3749130145840867
1.0492939814847866
0.8276020708597663
0.8845908934145167
1.0385741244573419
1.4082124545643568
1.1009023620995466
1.4657378978501330
1.0948549481294336
1.3469031295157785
1.4556170613434904
1.3699965895387460
1.2393161122983478
1.4609710220415100
0.7701066723931274
1.4158956548442183
1.3256415412883860
1.2418419983342468
1.0096958009893795
0.6580401193957752
1.0861419127062844
1.3923922829790443
0.7956356856143856
1.2355306138138304
1.2017112488625523
1.2126191179093255
1.1599132554517753
0.5527197919068687
0.5148015186549358
1.2750259242677389
1.2058269091721860
1.1009276253695037
1.1133938548784184
1.4432257877206796
0.3268658695332298
1.0384378170566744
0.8597822934698298
1.3006758141742438
1.4120186920684723
1.2834212906830988
1.3619273511930772
1.4303631471570322
1.4228409750737538
0.8040078727849136
1.1014034909315420
0.5710056885870128
1.4574386487524909
1.2031325545726832
1.4471876920235263
0.7774348113201798
1.4117977783579383
1.4493993764709956
0.9048000019044681
1.3124674441510193
0.6260425643001681
0.3213706732195864
1.2011696852904010
1.1821587579343935
1.4471088773199574
1.4649247415881286
1.4080551770987300
1.3469436736486242
1.1797457706187495
1.3791061560397042
0.6159993691998820
1.3968975653472895
1.4089268936157451
1.3591179097361767
0.4829843053831878
0.5904141091916234
1.2501348270151262
1.2289585812719219
1.0829202728586209
1.1579711827321708
1.3439537642611936
1.1168688526360169
1.3588170448282404
1.1592937024132886
1.3777502824395775
1.2979453084044237
1.1053973068368230
1.4222898038863223
0.9637065075239992
1.3848636351233357
0.5306207661850372
0.8309597624603775
1.1729785252577820
0.4596186260885953
0.5934461475551995
1.2047894498163654
1.2995160964414683
1.3930559198191423
1.2107965284626314
1.4505745902022953
1.2508322505773437
1.4191496950310611
1.3541485925628260
0.7696816570682723
1.3772117018291230
1.4195161801377996
0.4134689299886614
1.1256385472014212
0.9683386748337364
1.2706458822249029
1.2975717369963311
1.3651539519855733
0.7064679377358712
1.4152193182358828
1.2217340152145686
0.8132059803364121
1.0010667838391782
1.4199325869630122
1.4278773378853933
1.1900134723244165
1.4137508608398222
1.4628385841064431
0.8673716456079015
1.4254958384097676
1.3632985114068401
1.4241520433587340
1.3430255839736920
1.4476347660053304
1.2108435169793079
1.4593138176954716
1.4247968021623985
1.3235300381249224
1.3484805299261953
1.1251257610632792
0.2967469797412787
1.2384099783755815
1.4767852769603858
1.4479649182211400
0.6093849746872650
1.4268197852397928
1.1441182904454592
1.4814245408216673
1.3545964609701653
1.4435818328014687
1.3194687659439546
1.2558704323130356
0.8200551738856315
1.1171522036066845
1.1017550421308284
1.2722505984088786
0.9779518564336935
1.3107441908968740
1.3808030996289764
1.4105192380752836
0.6655078883331117
0.3087695758085590
1.3499582003995458
1.3438987158198601
0.5658527652557143
1.2273242915491753
1.1294015664971684
1.4094063871914506
1.1452410583615873
1.3971569472148593
1.4165139827128801
1.3866643907588696
1.4333718826903901
1.3057642667676426
1.3847657316720230
0.3303629297097361
0.7868515079644485
1.2645003101047259
0.4107285882723123
0.7813099716929595
1.3814433329043092
1.2680538278750983
1.4277836601079370
0.7137306307909315
1.4340624036754783
1.2848257098276585
1.1288178007392844
1.4624812767793940
1.0022315108343864
1.4631831333057448
1.3939881124541686
0.7158468169756981
1.4336195255324931
1.4742930419528473
1.1274332992715081
1.2764218460661412
1.4570340482270734
1.4434630751972379
1.1520061601418763
1.3258831923467913
1.4575821281031356
0.9219852465223434
1.4564932900693432
1.4547643935428103
1.3754587189145255
1.1882780016754040
