1.0304684316080586
1.0264307340522825
1.0595335711656184
1.0695133066673601
1.0877540445634086
1.0596470211643685
1.0407548384618976
1.0939508945031227
0.9402208706110297
1.0950121185715853
1.0783685089543045
0.5733223864611771
0.9847040105837978
0.9031372064010712
1.0251978387015142
0.7486867050259429
0.9809666618758257
1.0955076818360707
1.0748373421007662
1.0684474229153762
1.0066077975784000
1.0634275887303364
1.0806055374680061
0.9836440239814961
0.4199611659478628
1.0899692973837360
1.0962760366446780
1.0969320787749719
1.0527752806599360
1.0199684697091234
0.8203301855125927
1.0919565057980054
1.0951099977821859
1.0985031883359122
1.0771397672239234
1.0644880813903916
1.0882640418955234
1.0956957675562362
1.0581216591732077
0.9552417361725014
1.0926137681842856
0.9461620449973359
1.0799491120351041
1.0913005449172211
1.0572611560168996
1.0517808000142128
0.6322013560651414
1.0882995068948669
1.0948630380395326
0.8274112407949545
0.7844614874134538
1.0901775064364438
1.0872846225993515
1.0867358920035004
1.0901305332712985
1.0957315313853839
0.4416975801487528
1.0401478649731579
1.0959400794973246
1.0806170590547470
1.0089530051453965
1.0913334205441871
0.6575753583081211
1.0971271312118884
1.0721005329346993
1.0816708335170195
0.9116535680152497
1.0958524743046196
0.6594181511803214
1.0196578464798538
0.8705305373874718
1.0960115559692496
1.0962746745253438
1.0943890838148984
1.0622782544386717
1.0849766689999052
1.0889405022886010
1.0983092836863517
1.0905455041567129
1.0738378095563419
1.0833875343451624
1.0733213364503158
0.5218128441462041
1.0629907913341865
1.0945932039875612
0.5171697542322387
0.9191418131295955
1.0941976845477182
1.0849228321562192
1.0790347325593206
1.0068155717975740
1.0170014425725575
1.0836604553132561
1.0972445804313007
1.0613895362674681
1.0909496495164555
0.7352652279407893
1.0778270596130570
0.9188084713183964
1.0752322675552788
1.0876703554098952
1.0953758236281284
1.0799318000638507
0.3999289477208085
1.0838864437845201
1.0163841555686974
1.0960284453055087
1.0702602170597670
1.0900583093682106
0.9233512161081988
1.0143148393863448
1.0659457505013481
0.7280295903012878
0.9839722790709039
0.9769762974500973
1.0930770391528051
1.0846421995433706
0.9610995790358019
1.0944240533173546
1.0943720519659361
1.0204299372911214
1.0430964092327899
1.0868513278659433
1.0658625781353386
1.0868801683808063
1.0917990703144484
1.0934346150818082
0.6542155752191291
0.8622797194389296
1.0934980411444588
1.0344395650267122
1.0375881952276023
0.7067360566417220
0.9495737401177369
1.0482850315427454
1.0893845119103016
1.0979404236976409
1.0856884475283592
0.8768447645774761
1.0845173146534992
1.0120797951739293
1.0931588278184901
1.0935154564548490
0.7453885427410339
1.0759582983806866
1.0941077434957862
1.0899235727425605
0.6644827332818696
1.0912190394829515
1.0984307704841507
0.7994368353756516
1.0675506354280875
0.8974756939609491
1.0727866075379309
1.0873209712068117
0.4953036571782473
1.0599571425419674
1.0950636238739277
1.0911352027901728
1.0944374663731564
1.0850888760905490
1.0949708791777228
1.0956643615061585
0.8166855615879710
1.0570804854902598
1.0162316017353821
0.7685363140057130
1.0931898228104628
1.0983297510370880
1.0011469931174841
1.0800442707661198
1.0345065436681558
1.0864611874853898
1.0839721753781377
0.8102799333528918
1.0913913398501132
1.0951828246185402
1.0837097107997560
1.0903600671878271
0.5427450274091207
0.9691923160259737
1.0964323609424687
1.0903723602538777
1.0884948793910680
1.0952435922637875
1.0983163215179588
1.0969918260252010
0.7898703429030051
0.5284451195107331
1.0720387017829072
1.0924521217460723
0.8152562638218462
1.0938691374333012
1.0979466622298375
0.5789570877579157
1.0650655418376322
1.0335557692877708
1.0819987593455904
1.0744099286481812
0.9051762718159870
1.0949928819501131
1.0922412987525161
1.0979303756243048
1.0485809607802690
1.0885530315160681
0.4404727471086059
1.0903667994615018
1.0932057338998793
1.0750590033871623
1.0963261801755684
0.9911068232841346
1.0931266584507924
1.0835547578942450
0.8830860779900628
0.9674652926077406
1.0531786364353215
1.0598975077985153
0.9447377388256030
1.0764442742967086
1.0884347724513235
1.0869380363742580
1.0535179405749810
0.9859595139249927
1.0742527512248712
1.0765062881894458
1.0677934984691229
1.0888072076085065
0.9365540116709163
1.0720668532494113
1.0176066354277913
0.9008684159206548
1.0924415178049107
1.0985266682452592
1.0366995145493574
1.0908168978605195
1.0939771076587348
1.0952935362063683
1.0703429824774719
1.0767504709549671
0.3957953504419805
1.0968599969133086
1.0766283120739673
1.0760204027956968
1.0857420865291940
1.0414681150846017
1.0752131875799344
1.0807571729449059
1.0970044541872865
1.0884579429293297
1.0477721690503599
1.0447691396365177
0.5735682612744749
1.0960495496856464
1.0093836631728414
1.0840326470524266
1.0287892374062604
1.0975188183446618
1.0490675934061666
0.5553797401430411
1.0967282644165228
1.0937137811882938
1.0962964344430526
1.0285472196599292
1.0851430121243428
1.0955701244941072
0.9880351634188167
1.0959614934031865
1.0918228596445831
0.4246200098499843
0.5057909574520510
1.0957519385077543
1.0659063255867727
1.0864226604157055
1.0592273034564406
0.9068656931376027
0.9311236471077809
1.0750025398752407
1.0319868316110214
1.0879713901979469
1.0338238087301364
1.0708974494645167
1.0899173574731522
1.0312885004634302
1.0957048103728160
0.9841586030786477
1.0703069080030756
1.0960282517961744
1.0981206021663001
0.6927057680722005
1.0353884258234982
1.0786131276083686
1.0827742803642020
1.0849664096954605
1.0206019337315335
0.8145398140934641
1.0842537398648084
1.0868227728620972
0.4492839156396036
1.0679132252651480
0.9577850225016312
0.5315620056489367
1.0503086281432896
1.0954108179398767
1.0889643470760944
1.0546862484074395
1.0937960031224572
1.0737853562966517
1.0923106312776973
1.0867291881721406
1.0918234851053903
0.7717827144388940
1.0859496162951707
1.0966024536933279
1.0677779912147378
1.0841505669635392
1.0777664964517513
1.0969247067562393
1.0751330994196042
0.8213191515055174
0.9935117362039125
1.0587465876164786
0.8554331157243844
1.0167931724896955
1.0927869574822864
1.0935975876159254
1.0042468671242371
1.0964386684252914
0.7539749204230359
1.0731394215446732
0.4578214539209504
0.8531420377845463
1.0842130116920541
1.0870892154561800
0.7934711991592125
1.0213758308865135
1.0424441661413144
1.0942358975307698
1.0838839950780703
0.7663292815121463
1.0927472931844746
1.0783032506879597
0.8688266758508563
1.0517206443377791
1.0831367662773148
0.4000913659529561
1.0727277039722316
1.0942768216709924
1.0955983767381423
1.0950892848920020
0.9919002730581071
0.9211459512516679
1.0729334041085610
1.0652506029175450
1.0992294763860304
1.0947521890420691
1.0919009687965906
1.0820080539338603
1.0788579149525728
1.0969260331653761
1.0236178140730505
1.0634645311452431
0.8425595968522831
1.0964523854321271
1.0934085460257374
0.9345962542004350
0.9701928432139553
1.0554537703960929
1.0954927789128139
0.9948595547733351
0.6797362248729123
0.7215956977864855
0.3984779703678489
0.8974034523257537
1.0321045593240665
1.0931229173357742
1.0692922088070593
1.0938913475677370
0.9982130138650379
1.0955844555843157
1.0803900005570537
0.7710764671955173
1.0989306801929388
1.0331366288067145
1.0655715660159186
1.0024337130271876
1.0684836816170522
1.0207307345438714
0.7636118759426087
0.8734054682846979
0.9941377249277786
1.0749446933157074
1.0728324897606099
0.9780120878045673
1.0898725729943659
1.0800171132554248
1.0706609303027979
1.0914138313189115
1.0875384233614376
0.9519428730974087
1.0871646969434807
0.9062994551196595
1.0769375744079148
0.9892443673561689
1.0828720198899227
1.0965544248276551
1.0355706943865444
0.9269231662312690
1.0255867698127883
0.5160953922495030
0.9477691909103177
1.0883588491880469
1.0933030078436992
0.9479311945432065
1.0230681596474602
1.0915684458800621
1.0930526319695433
1.0650895065771060
0.9659540343002307
0.9264946291820091
1.0842384244108851
1.0904386644749415
0.9483718621023639
1.0973016535455375
0.9116219594924383
1.0941051855928867
0.6099527057701241
1.0887273931717001
1.0858269200989694
1.0971129197672476
1.0723160343279610
1.0909368411979325
1.0894351974589234
1.0515018118166717
1.0785370298795520
0.6404283614108041
1.0655302328085525
1.0908328479934650
1.0906355841406825
1.0581935107913980
1.0378976618280440
0.8947339843909339
1.0930985337661434
0.9608129007273357
1.0569512176915872
1.0556064253595721
1.0568090231799903
1.0918121507403100
0.9600653723794130
1.0972287307365634
1.0888507627385344
0.6168078762140188
1.0601150195131348
1.0480575603008533
1.0922221091079016
1.0976548315300374
1.0871217697063644
1.0919464255038496
1.0902935190397791
1.0947201464257876
1.0782050055325263
1.0919420898767269
1.0943799089566753
1.0889265240053301
1.0412988812807678
1.0906442312802320
1.0060008894569934
0.6854693865452280
1.0535824008091006
1.0719367461979450
1.0240428254251193
0.9533715100119317
1.0888206845262034
0.4670705729059207
1.0940943786260984
1.0853476814574039
1.0674971426361832
1.0905800033228745
1.0423865688068712
1.0922141991420349
1.0619590487671362
1.0821437610238553
1.0895171717886891
1.0967962642200078
1.0914961983225400
1.0745652492380133
1.0849182263173074
0.7414204222492842
1.0046882068617251
1.0667121250667098
1.0883028383120097
1.0913810132406112
1.0874614685978921
1.0413245679095771
1.0945694277844660
1.0906978029723058
1.0789258759854736
1.0970024306564456
1.0718692324843464
1.0976798766948308
1.0958096911788391
1.0716116564742404
1.0934955521052507
0.4957066287407711
1.0972312922857210
0.4185504944684221
1.0507035328844871
1.0472003121317015
1.0920653393194175
1.0967299187318806
1.0957424242661624
1.0043594598819054
1.0772486252251212
0.9945657738913471
1.0393824534397600
0.7009294801327426
1.0950614490318531
1.0522195847998721
1.0822493827852127
0.9937326505206416
0.9825223816294970
0.7469117542685665
1.0813072387745761
0.5111110250492353
1.0845426037610324
0.5853247227432063
0.5700567050269132
0.9950545362469512
0.9389947836387196
1.0717709235176578
1.0971672914935318
1.0897696089840425
0.8346076466154572
1.0586186637895105
0.9386948203161642
0.6064184988675568
0.5588791458168301
1.0296871364329740
1.0909067351093045
0.9357885054160683
1.0956485393296131
1.0969798283664931
1.0846109300355284
1.0804880209233787
1.0448706293767012
0.7947426022560743
1.0957158919461454
1.0944485714759555
1.0446545376368035
1.0890080582175607
1.0842127529532797
1.0252789043266757
1.0327929235720954
0.9009494647541327
0.7446474662657043
1.0645252764024635
1.0788424729759627
1.0062013142791306
1.0944353681731303
1.0910277060053752
1.0071188668290429
1.0955375149788091
1.0865732718970851
1.0062662094653425
1.0951560270888845
0.7901051430508047
1.0643040622990156
0.9783442016074708
1.0915039060791647
1.0667902935720102
1.0363038210369704
1.0783731850510034
1.0776911731483831
1.0933294798935851
1.0921351532887995
0.9943553795287540
1.0945198191653254
1.0899267555716512
1.0834790263423837
0.8592987890883984
1.0946542183395986
1.0875039589019084
1.0915913097317307
1.0913539401372030
1.0676576082719758
1.0926095303815202
0.7760605268136763
1.0811945373715792
1.0961120960318493
0.4097071663808671
0.8171104689853177
1.0659312600964230
1.0809175065252004
1.0132126209266823
0.4379154010988703
1.0966093144288698
1.0643725306132796
1.0972020113726231
0.9439015756013228
1.0886245301417496
1.0857502652260809
1.0945076796922728
1.0921519138460323
0.4110526034475779
1.0953454594615593
0.5080336358798530
1.0941853483640889
1.0975419034377518
1.0898674185848380
1.0966511943962001
0.6890551455581791
1.0971351255324937
1.0725293985211082
1.0974469191520071
0.4270216428016447
0.8350604486466624
0.9340891895005257
0.8961380558998366
1.0832631712570653
1.0955434514597411
1.0847444426866288
1.0709031389960986
1.0976974696445438
0.9916485176085637
1.0900289350792416
1.0949859318439954
1.0283654674300644
1.0753157527008133
1.0988097186656889
1.0793345186179240
0.9739769392158959
1.0971118205477501
0.9791498760904402
1.0551638438889288
1.0079367576427678
1.0895223126409050
0.9990659110053376
1.0831938122443321
1.0888700072074269
1.0470066942909386
1.0837157137117470
0.4928571865442164
1.0789809297438244
1.0858841809310547
1.0807148197414995
1.0451532242674844
1.0636183871147205
1.0970783087067384
1.0682478802619146
1.0202424853407921
1.0938448598821127
1.0946044540699664
1.0837329655685513
0.8710808007477504
0.9573901182393998
1.0926805164507836
0.4012410769462382
0.9525576230230663
0.9446424003292451
0.7906424332930300
1.0365646227546055
0.8421755773892092
1.0928394482751267
1.0950623607509782
1.0972840593074948
0.9099918651674348
0.9795025971637717
1.0461235656311685
1.0554676976448949
1.0923204971738691
1.0887209890385909
1.0966226491661915
1.0963173205765500
1.0833550497418720
1.0641261099983954
1.0187674083300768
0.9409097975997123
1.0828148385272214
1.0512484616733349
1.0786455664966159
1.0803359960796139
1.0857315283821072
0.9794909859249843
1.0686916380194487
1.0671542305290318
1.0959987507398594
1.0884187467668656
0.6369381437300875
1.0929883810260415
0.8892331298848094
1.0960079703460202
0.9858938292129195
0.5082560614321983
1.0046588664042311
0.4073860666330475
1.0921616081288796
1.0952872280335353
0.8734420365265546
0.9190454760212996
0.8102153694481353
1.0729408576872808
1.0499576388328991
1.0977000724766581
1.0909083880908979
1.0820741402470386
1.0700351202975849
1.0812164063107583
1.0654982815832947
1.0948212178485033
1.0968276111757302
1.0845657390107237
1.0884559817300055
1.0960653835840926
1.0836788884463238
1.0401927044234787
0.9942130716912098
1.0954602671589213
1.0598264601726335
1.0938104012303291
0.5534184289941707
1.0957891289336001
1.0011843179678881
1.0856249364556536
1.0477468185365413
1.0112237561520496
1.0311044697875154
0.9098113022505850
1.0667782387764615
1.0934337039403010
1.0971611526839213
0.9829079054380792
1.0914558219420651
1.0886727407723660
1.0906957396756778
1.0863942173393866
1.0932136394227558
1.0772191036648948
1.0968054140477359
1.0749835303733835
0.9864861832614485
1.0891085819251531
1.0843473830305015
0.8629931772854839
1.0635913652444671
1.0981648536583639
1.0856431751585696
1.0984597818839816
1.0966990480473287
1.0966084762196158
1.0477273419130178
1.0814568506294340
1.0660796021728258
1.0977923676984955
1.0958740852156441
1.0796887301154712
1.0916132931332467
0.7808151403170033
1.0949637657840299
1.0951452050989499
0.7627083771161358
1.0961637080988440
1.0607882328398148
1.0913933514236234
1.0915105180930171
0.9570775522480652
1.0754455373698917
1.0922119752043324
1.0948577283671164
1.0822725450376687
1.0978396929209637
1.0724017773817853
1.0963585988964042
1.0597700412003557
1.0916338041529103
1.0945877265441606
1.0536128704232459
1.0816478006777286
1.0954015954700420
1.0813946334478854
1.0702359090325053
1.0808535725941015
1.0126953325619332
0.6640156428923777
1.0571841498029442
1.0876032211254725
1.0924872938984507
1.0863166931483015
0.9403793158820497
1.0869667597780366
1.0862075311986619
1.0614164993044779
1.0900634704051402
0.7915241001025355
1.0972098636431671
1.0899675394095438
1.0801313350737693
1.0828857329501249
0.8945875380646469
1.0287992626654279
0.4462714824541427
1.0947311901057377
0.6882265751454512
1.0975461986398967
1.0329262114946594
1.0730236791069625
1.0377697977256890
1.0875820227202935
0.9263827449153759
1.0914658925156435
1.0821745348549368
1.0925084445740276
1.0961935548159896
0.4454714682406505
1.0972431244535681
1.0633089305285124
0.8263299106284501
1.0277760125184310
1.0968187845193567
0.4180472721688201
1.0954680167237518
0.7734025532260812
1.0885585253029155
1.0333052420922766
1.0830054068574551
1.0940882561051859
1.0888375024264065
1.0680238243104503
1.0440993517187040
0.4569937006363138
1.0725813325783633
1.0950286923318178
0.6560617679980749
1.0935879459639402
0.8495206820280609
1.0900425177714019
1.0964469886880623
1.0960032111692746
0.9640101866299173
1.0858010406191350
1.0756113783427250
1.0973867083091191
1.0962785821207846
1.0859688587103071
1.0923885980677139
1.0682810548632422
1.0765882508590421
1.0865915739929328
1.0780177074814470
0.9228064408746616
1.0664722314596669
0.5858816171698775
1.0932311831300123
1.0857080082054518
1.0932806370396659
1.0962539054138347
0.5778946111673415
1.0852598085009477
1.0835786947905643
1.0715691367824556
1.0962143002649423
1.0792548419640116
1.0952060192318420
0.9827389867264976
1.0812400423908892
1.0950839607353460
1.0963183283733613
1.0964818155560840
1.0642879533658667
1.0956465740100099
1.0928891250097776
1.0964674959060914
1.0792489977430995
1.0907781454559438
1.0396355691185200
1.0330778689826075
1.0440132079106434
1.0882471004129775
1.0651558121621478
0.3962826844968066
0.8793672216104562
1.0963165610337773
0.6649559841207779
1.0814258420240197
1.0526445296058313
1.0885303520824856
1.0580028184563572
1.0641345011004617
1.0860350659181768
0.7497458004951774
1.0909863907806725
1.0851120132162428
1.0778297265053882
0.7525906785873430
1.0887057698479439
1.0933671458178411
1.0103284985555998
1.0902548652564938
1.0580518436522308
0.4219318999717344
1.0528431780525840
1.0891750131734264
1.0832178592361272
1.0824040234540375
0.7722973393272493
1.0719471851544873
1.0532155326387300
1.0772779999631661
0.6824319676614103
0.4153620778124635
1.0896759530604962
1.0963663197118709
1.0947668437306952
1.0926434571220422
1.0874062944359870
1.0672304293025705
1.0940103519164106
0.6976122129845818
1.0972826240313138
1.0794815055886231
0.8340817559504902
1.0932151041801790
1.0833806857347317
1.0694036202153245
1.0741394829972477
1.0707199376285887
1.0526991796054024
1.0835140891547350
0.4870067988430933
0.9569407317729305
1.0951727176347339
0.9574603890853847
1.0288228919173887
1.0505320728228427
1.0933535865688766
1.0911510750627784
1.0945912262632369
1.0622824890463796
0.4199809638654181
1.0739495400793138
1.0946363466994631
1.0833542722977725
1.0465661602466314
1.0968231207176551
1.0817106178306031
1.0585187396230278
1.0669090417488354
0.9458707718147791
1.0979460650168311
1.0684361860444762
0.5336325043734649
0.8657949811375586
1.0701559475783191
1.0948349945366831
1.0614996422781053
1.0861858988732624
1.0704180008773991
1.0853768499060534
1.0923974255266007
1.0727316694114406
0.3957951147962117
1.0019827942763397
1.0883951247938954
1.0835334049218821
0.9265804308597496
1.0857552834547375
1.0753389105651512
1.0904085447760878
1.0862164883241825
0.4938159183991885
1.0111540422347696
1.0980090067565933
1.0887143607812122
1.0933228603297847
1.0977788404373798
0.9979220395646371
0.8326819890115422
1.0851818909866795
1.0979296267884049
1.0794396288172550
1.0269636586273683
1.0454476746518739
1.0950805669026429
1.0514259692231294
1.0592739266121109
0.8820231289921557
0.8791030707502079
1.0906041806320186
1.0917299793939805
1.0940325093546037
1.0634158076928566
1.0783409240378314
1.0211916792360636
0.8978540565064370
1.0895927945303312
1.0917267515307356
1.0808420285851510
1.0643049380123064
1.0884117581641706
0.4245953335028416
1.0972702571664974
1.0843795543264674
0.6366814750697933
0.8957545474592554
0.9585981049674229
1.0919596675243906
1.0979367332264534
1.0657913040014382
0.7980546557567642
0.9992519110590068
0.7365185402732369
1.0964095859034093
1.0451320592743392
1.0319697487397763
1.0238684741581523
0.7095562782894111
1.0609168672742162
1.0871598435328316
0.9999229222563594
1.0845331917332739
1.0954389484853930
0.8731007600381143
1.0473187871261997
1.0952808275443564
1.0890928248803764
1.0877786461317516
1.0838393700550037
1.0872622507719796
1.0932183450019688
0.5861611743025158
1.0680206154594365
0.8188745948551214
1.0912388609898724
1.0774269896739803
1.0550175162500657
0.4771093294844140
1.0741606114173163
0.9125938565214095
1.0911548195531560
1.0839719313479192
1.0902630631208639
1.0967226130478633
1.0289403479930965
1.0702031576788118
1.0838084316451611
0.4625034114518897
1.0071472339623158
1.0838895936077058
1.0953171638415875
1.0932623651787536
1.0897398733146393
1.0745375431550481
1.0825866169263487
1.0954862144238990
1.0914739887410019
1.0664487241724774
1.0947902171853838
1.0654837281510612
1.0956017812187211
0.4619808733878848
1.0970905019760144
0.8633406890755271
1.0830373672197873
0.7356014182576713
1.0484311001647104
1.0511279045911091
0.6365617544179549
1.0608426271489522
1.0844491563729977
0.9027077879114008
1.0610730728549662
1.0909368508277841
1.0895362520584913
1.0709261794304477
1.0857972758773029
1.0044560129005018
1.0794591050727156
1.0955992414889626
1.0916879533863713
0.9362711891366260
1.0901259725355257
1.0759827029790421
1.0944738917327894
1.0722467172207473
1.0904159135987668
0.9526680297205258
0.9949346967755986
1.0633697367505441
1.0942527105561466
1.0981461245600179
0.4192119302240331
0.7663401049658362
1.0493002913958789
1.0872962655560936
1.0728630480579515
1.0811092528844033
1.0978429632515179
1.0813208987817151
1.0880859003118513
1.0655277308624709
1.0889901695203859
1.0940856160330317
1.0845100358007511
1.0975445667731518
1.0749163370361590
0.7034468139958555
1.0962958149532849
1.0923805647165992
1.0943485553353807
1.0971641437478037
0.5085284620978960
1.0952250877207903
1.0929523422568417
0.8243071397152507
1.0972399791093268
1.0789532454312565
0.6697953895258854
1.0920441442471502
1.0806554000973905
1.0944631247622443
1.0951143765334732
1.0953824660410381
1.0063569103672236
1.0901271429320774
1.0858390217719238
1.0951540799563297
1.0898531406359433
0.9036844565036291
1.0304700137505489
1.0953265543777924
0.7924856323600649
1.0703208983557655
1.0893765260614678
0.5276752020710447
0.9383468252053430
1.0943256449339103
1.0798458885992541
1.0805446833557613
1.0860634967900984
0.6334536830222368
1.0813670477048922
1.0458553307648057
0.6513850962956657
1.0935696904854100
1.0946570776475251
1.0732800969094289
1.0937105622204695
1.0821208394099364
0.7754876678758592
0.6121333914503809
1.0851754333903931
0.4733857049289431
1.0966916354335952
1.0861060384972985
1.0470216800237220
1.0897893767521332
1.0770112011790265
1.0734131221494576
0.7071344082551458
1.0913441329515894
0.8929453582447293
1.0978070405693257
1.0969124941400610
1.0707143556684435
0.9316159695565540
0.6137482405502455
0.7440467787141479
1.0944716953272748
1.0902482027655442
0.6711646625068883
1.0820980930611768
1.0871726404437463
1.0931945769841467
1.0936145590883950
0.4233284110064454
1.0756811666078168
0.8495779481217164
1.0311647791360548
0.8378570662730808
1.0186933386443977
0.4052556004208204
1.0778058768014815
1.0807378519192747
0.9041254604007226
1.0968057624335794
0.8462062422945642
1.0923824899616026
1.0971238057087567
1.0590551426183128
1.0961883877476115
1.0937323831239034
1.0521220026689526
1.0827649547972136
1.0919784506509624
1.0867168280287218
0.4164844585374566
0.9988884876920708
1.0882374254809617
1.0948272335851896
1.0943334263879632
1.0679394264971886
1.0894092629477938
1.0919178325026104
1.0475571005112660
1.0886712513628052
1.0462038499687669
1.0951986454086344
1.0932371420646581
1.0195912779754948
1.0160102792489636
1.0973880692455127
1.0873327775337185
1.0937003222771382
1.0742249190381439
0.7250588661185415
1.0822344667051500
1.0795922421662436
1.0793997547777077
1.0907911327351176
1.0649502739782943
1.0727394890525699
1.0511395167724114
1.0945637954093597
1.0658845966379862
1.0583931409266512
0.9811834845827556
1.0951424895289703
0.7769001600761156
1.0963492270915365
1.0935475143456952
0.9571374115097592
1.0591850511136129
1.0674941607661723
1.0976592538141876
1.0775496646078215
1.0901007566767489
1.0468170784609536
1.0935560003435034
1.0929817355593012
1.0532760695907328
0.9838994416714536
1.0551414823575993
0.9573567418644562
0.8841621995886033
1.0758737031092789
0.9083082204415250
0.6346444998575232
1.0838085693908288
1.0305024583400331
1.0853662834242699
1.0540169657723397
0.5132593604856674
1.0967703414950634
1.0946382933199026
1.0443916169561678
0.4240423007133513
0.9111743020628277
1.0840225550657208
0.9540806044829949
1.0663040297310049
1.0791235938818748
1.0949683331955500
1.0756395170630761
0.9917796715025952
1.0972644068022879
1.0456759237543376
1.0599897142644987
0.5845286417866433
0.4996407015649147
0.8371188234141642
1.0878366549422853
1.0978625966770141
0.4198372780067243
0.9733446805121133
1.0804974464467003
0.6313826270636442
1.0898114400184280
1.0928836068540766
1.0963062977818649
1.0937787657310225
1.0248496754792493
1.0874540158847847
0.7781649230630930
1.0898658204242251
1.0763535458665432
1.0951169212008347
1.0806336185277960
0.7752080532317427
0.7900705523858226
1.0960729272636083
1.0274120092895405
1.0960030237689746
1.0913425305165658
1.0501807782919044
1.0908463664910311
1.0967616911406339
0.7132554624214389
1.0967090435876059
1.0964582776007470
1.0851610543908696
1.0020514664346194
1.0294824487969942
1.0974323233775345
0.5929633203714660
1.0291322053817762
1.0925640419041862
1.0971493544412423
1.0986504954105349
1.0815809692256666
1.0931018321109365
1.0538589228427004
1.0924338324035070
0.7376609770797483
1.0691471052241026
1.0829860927228641
1.0922092167619648
0.9183293953475448
1.0872197956935747
0.5286945900296367
1.0799300910731022
0.9830927210094411
1.0946965735937539
1.0955027684350143
0.5094441954210933
1.0856659914392202
0.5254852628082983
1.0774191823298120
1.0462067570686315
1.0837104603532217
1.0906217260763535
1.0962994504875687
0.9709270433144539
0.4127541427502393
0.5603059965088963
1.0798252512290492
1.0160940899420330
1.0861801307248944
0.3962068850626863
1.0941372404200167
1.0818100780817161
1.0910565390949833
1.0975104814476617
1.0531182606400720
1.0949892108987405
1.0970675327404329
1.0642749437097554
0.9460225967110730
1.0770699030426760
1.0980234538233453
1.0910223114227413
1.0943283196292699
1.0477278489067978
0.7565024195329652
1.0702763521943788
1.0915779063655848
1.0868803793313038
1.0909744848218967
1.0728218503414104
1.0906409059801878
1.0969223272015916
1.0261396845573039
1.0929793170038382
1.0476862131878943
1.0945861937370580
1.0885257487974207
1.0071777353361722
1.0825290419914548
1.0527130596803711
0.9660323132198866
1.0790116330968456
0.9606760807745204
1.0875055269949341
1.0798005486589952
1.0969968014970783
1.0963454232216536
1.0577235598410910
1.0931231106657138
1.0878690068698051
0.8071577370549198
1.0777704944660218
1.0872646891231059
1.0871617679570045
1.0942408695025221
1.0802782869551770
1.0871681938044313
1.0969998257947964
1.0129376584244443
1.0849854999873638
1.0572957249694475
0.8242368693606150
1.0156974707606883
1.0613226948366898
1.0945076930122690
0.6078945109405020
1.0740461812100706
1.0979985693898393
1.0781167551544830
1.0850184084656931
1.0478732717635952
1.0329696572978788
0.4387048522539018
1.0949707613979200
1.0455176810279037
0.4006863498776288
1.0966162445679644
1.0869012041500778
0.9289651147290541
1.0397965320778464
1.0941273718757867
1.0932999563551353
1.0695348068173665
1.0947150096285228
1.0838510382563991
0.7953647092035511
1.0614890961258310
1.0390352409245358
1.0185889075165357
1.0933782730907349
1.0851853726660976
1.0831830663218378
1.0603713262656775
1.0972464231924985
0.4625861269802500
0.8025662264710962
1.0976380723414627
1.0935194977335523
0.9678740071061028
0.5864666776691432
1.0975575583212971
1.0847240514337484
0.9980699776418653
1.0967666251675412
1.0887949245859700
1.0886480154374105
1.0678093624527303
1.0343508926635108
0.7928508890206791
1.0933592400774423
0.9896852491177670
0.3968617781734677
1.0695255141351190
1.0830243202262375
0.4469937364886051
1.0903358921922071
1.0429298878770201
0.4703846305908376
1.0979851104701872
0.4081875240598027
1.0937384318766810
1.0977227172031159
1.0983193273635277
0.9986476081371285
0.7940474566270112
1.0775744932154347
1.0755353883558545
1.0118636757866903
1.0731587168019987
1.0873453010507488
1.0928604547125524
1.0904705445811884
1.0834884695893168
1.0985664815254053
1.0914361996773272
1.0713096203441963
1.0904692593911447
0.9938200482250115
1.0714391740890687
1.0911815342596340
0.4172703482427172
1.0974389050665836
1.0916620111376600
0.5211208289118303
1.0829057222632972
1.0650395867773226
0.8797032088417162
0.7481989598837854
1.0972527176160691
1.0301944784292285
0.6768424219335630
1.0689521683885033
1.0951187903984596
1.0642994831142107
1.0633370796926012
1.0847492776459311
1.0909666819704491
1.0811245875007105
1.0757709447792723
1.0936285173235012
1.0898171988246543
1.0974576388068373
1.0648892010497879
0.5226047707976604
1.0245471691252386
0.8699858624773346
0.6515406443884177
1.0822842329489786
1.0869360250286333
1.0778454147106526
1.0913812188291856
1.0940996279608750
0.4123725864636067
1.0961785456262412
1.0956117922399657
1.0529447047356277
1.0977194076414387
0.9800939189829261
1.0905475623415022
0.9920660087470380
0.5354850153096398
0.9591333059570011
1.0964950778819402
1.0949497894973212
1.0934598454536466
0.4872019479193238
0.9212197662421117
1.0427063851280922
1.0767328723447818
1.0963929612625458
1.0924560829503640
0.9281588975423894
1.0137885981982175
1.0903334686287123
1.0902697566374628
1.0725345587875106
0.9249886904713415
1.0890871507977113
0.9970804673685369
1.0599046995124302
1.0978511720976416
1.0391487739033527
0.8555334403491215
0.4648255549192806
0.4025137706443077
1.0844123929368039
1.0869494205562624
0.5207328106905752
0.9682156606304454
1.0973449120296284
1.0687366423387019
1.0563075822545285
1.0925571936544038
1.0755521601608271
1.0813892754042236
1.0942715378330110
1.0966294988421121
1.0916373536775255
1.0274239154336402
1.0515410958529705
1.0710958616060171
0.9981432182065852
1.0859723566281927
0.4578138943960186
1.0878942622522327
1.0718518273066309
1.0906916016360888
1.0970156887332845
0.7226278772177149
1.0550888858285161
1.0741803347558925
0.5330464329152652
0.8916205974924328
1.0812309101851059
0.9540859553309300
1.0942942940115703
1.0928096122031903
1.0945615229587731
0.4771158133197503
1.0855167521955082
1.0603262359935466
0.9441727711716800
1.0935864967943276
1.0981458611090065
1.0682539848637693
0.9286724650063769
1.0739857856139434
1.0956295147915323
1.0928976271028905
1.0921411582254101
0.3988481657768850
1.0682480792283411
1.0953656916507983
1.0962507564247275
0.7913141463548259
1.0977585938975021
1.0582748152197781
1.0572213574377054
0.4039971909690803
0.8327854669602005
1.0937681728155972
1.0143155359668925
1.0630719387662568
1.0146740885012673
1.0568667498033584
0.8500773738240397
1.0964621124540472
0.6823532780475697
1.0585611338161984
1.0906263852861431
1.0906550088494928
1.0412435301677734
1.0930170358988605
1.0981307212750235
0.4801109257191326
1.0524182940359401
1.0940587834778817
1.0421922470837279
1.0967937957313352
1.0281168097067330
1.0931617844400927
1.0867042879019031
1.0899128110458971
0.9968370415203063
1.0759825198096127
1.0361975100895822
1.0901169769626438
1.0882601563741525
1.0955801721123501
1.0918670801085919
0.9477603366319777
1.0543286360003998
0.4312356851109497
0.4471487599961835
1.0927148616551516
1.0298652236185837
1.0812374467105006
1.0656688431459178
1.0756863122985800
1.0238289612592202
0.5128138418557147
0.4383313996831525
1.0786707931158146
1.0940862933327171
1.0981232219282937
1.0805689035892629
0.5230127961035195
0.9540258500487656
0.7267365564733701
1.0980054860030779
0.9797750610938816
0.9738540589410194
1.0962787896142936
0.9099184289984451
1.0824390673886415
0.7209442919263366
1.0865235031452822
1.0621671946552402
1.0467830569094991
1.0957019639213643
1.0526847248128055
0.6641395792453431
1.0966024735526934
1.0403078833393289
1.0743188620070940
1.0525203506932441
0.9973657578007843
1.0804192966061776
1.0979801338182338
1.0346334698062996
1.0818841374178882
0.9378438459765622
0.5611585141783454
1.0804266360019261
1.0819343658800165
0.9575189251817080
0.9251724233389182
1.0858127432006350
1.0240336978066813
0.8213328309943345
1.0890484703379710
1.0479157856296906
0.7969954315559518
1.0562848226635546
0.8846996880760861
1.0722915622604270
0.4300679890683414
1.0734445610616770
1.0857771824599958
1.0776531851128290
0.5302579312889891
1.0921804436040150
1.0904746066288684
1.0257457445717910
1.0927703599904950
1.0931208820181642
1.0970504920026010
1.0961697868054201
1.0877004312854699
1.0818567337233600
1.0979881753142076
1.0908407493642933
1.0077640588393424
1.0926620094396469
1.0961476297630885
1.0042980146859706
1.0264959202896913
1.0968930159619357
1.0897840741448068
1.0627838544155805
1.0504131135759649
1.0657631272730914
1.0977654348353185
0.9924656225048920
0.3959802973880936
1.0719777378040429
1.0948544520049373
0.8217270088871892
1.0955008900867953
1.0937082400122979
1.0557479330776056
1.0950468976772698
1.0963421290645010
1.0591296640270567
1.0838897211537990
1.0923912327900955
0.8160021796870052
1.0431214560430211
1.0927929273099586
0.9641942007912014
1.0857881281489155
1.0831448097116507
1.0947372802023174
1.0867980798124171
0.7395342920677637
1.0940237766796346
1.0827760033871525
1.0974311575326046
0.5140833098950597
1.0797486977552400
1.0895969083760519
1.0691981311326924
1.0834173327906342
1.0956329906629145
1.0888561189941284
1.0903867054266818
1.0674890272137736
1.0744114472776622
1.0952452165055993
1.0879850885823124
1.0621603426253059
0.9950457441144122
0.7195652510232812
1.0883596356735050
1.0956079810375319
1.0974506620862903
1.0944653404016580
0.8017488152988973
0.4415300154961611
1.0653562557561937
1.0975502974172586
0.9400525898895730
1.0817044301075271
0.9245666088085155
1.0924942280092731
1.0923601699833818
1.0973964009941712
0.7140316001631117
1.0329991811513828
1.0928837637953341
1.0215442966324555
1.0779074691527419
0.4063722105316088
1.0784686199174938
1.0951666757617704
1.0937397744194608
1.0947575595225258
0.5928819744573179
1.0910605026912792
1.0893584001994263
1.0917297698810118
1.0942704997616710
0.7417327949980592
1.0965511823503227
0.9619052895791828
0.9902097108094690
1.0939785950619467
1.0812544875052752
1.0317497137712335
1.0930730724605704
1.0966534247502551
1.0960461277840166
1.0401657479289554
1.0929565708703026
1.0313452275328960
1.0969329189209061
0.9147462386818920
1.0822383687631867
1.0681643447483660
1.0916490106842911
1.0847420714815712
1.0889130504003433
1.0938300356284076
0.4081039605696949
0.9522312149701190
1.0578416389680956
1.0459104884417063
1.0955686658199091
0.8204019755497285
1.0950144968195938
1.0813121867394004
1.0392925445672381
1.0947840085999696
1.0104491546125995
1.0865681967103082
0.3999857124735602
1.0919419538345756
1.0790406510857624
1.0766124027678647
1.0914722545584086
1.0932157560182398
1.0120010504191312
1.0860942699996843
1.0924541730065014
1.0285018524437257
1.0768388620117584
1.0568024786482184
0.8600157438040436
0.9978593751616317
1.0953181396669607
0.6271503062968266
1.0889200360405953
0.9361621534866282
1.0936074775893301
0.9610245348203571
1.0840798409895867
1.0570538230366298
1.0940236540479447
1.0873168933077038
1.0162763893608551
1.0987713698997261
0.5667532017711220
1.0603821800531892
1.0913860140166163
1.0900231296108125
1.0653353417190561
0.9035904001707733
1.0238925980981095
0.5072546479424542
1.0846583778643337
1.0850701630118713
1.0722457769356866
1.0755353528966514
0.7727421175441062
1.0823385870707953
1.0975109165468773
1.0981030119728357
1.0960213229727682
1.0349411357509570
0.5366912402469178
1.0954718655048339
1.0959345232860151
0.8254090982497370
0.4786806018264742
1.0962494197883010
0.9552700809688537
1.0928387381954576
0.9789497348466375
0.7489381273344918
1.0893658337928527
1.0350082606764468
1.0919456712717952
1.0882117382372476
1.0236403008265627
0.7502384268400814
1.0969528686342045
0.5498925211002987
1.0971979764703776
1.0463108815120989
1.0322707425574043
0.8183695684373766
1.0115570979049318
1.0283794074408386
1.0443002988945269
1.0950512206706038
1.0900377444728169
1.0892669950191980
0.8545870392235795
1.0951774755502777
1.0910140374102164
0.7702609643719346
1.0772750425572502
1.0987117342873569
1.0692276306044299
1.0948540423667277
0.5463059233181043
1.0819398870710626
1.0944900607804275
0.3998987183780272
1.0934307131530183
0.9906430035534063
1.0819189566589602
1.0893311387029843
1.0594834293149149
0.8425017391232206
1.0563098892976803
1.0943775057979774
1.0800621302099302
1.0962136957548241
1.0807400523012558
1.0933372709513927
1.0753238953684272
1.0895965885046635
0.5923805839031434
1.0974988113263395
1.0068430823679142
1.0867102884060118
1.0922212043702819
1.0778027733975142
1.0888030372468238
0.6613552519561161
1.0882342480893687
1.0598144547539352
0.9424678079592005
1.0881853942906510
1.0980803789781080
1.0887140116902712
1.0391010354269286
0.8297992138331819
1.0660443588632531
0.4916509384260307
1.0916015734237514
1.0208565706110406
0.9389081366107215
1.0836875348674939
1.0485932976660475
1.0626283522316227
1.0864310082313231
1.0950147737961944
1.0921198682979496
1.0971859106437956
1.0953465158789566
0.9761918910961649
1.0937244086605578
1.0068373855233077
0.7866576175918966
0.7975840869308096
1.0768693522740038
0.9964468590974567
1.0477956501133170
1.0910387007307421
1.0567323089661473
1.0923635255847419
1.0846152596428773
1.0868001265213401
0.9489113303770196
1.0742295184202584
0.9563377901381973
1.0961292972560031
1.0535345484627547
1.0975764505900447
1.0987964509536210
0.7617413297071924
0.6290100245544560
0.9092130571322087
1.0802646012842319
1.0699216500044932
1.0316908600090686
1.0662452704891652
1.0896325676504361
1.0808117968113189
1.0796078137271372
1.0524026630485461
1.0103461327323897
0.9436850824740861
1.0946602711456570
1.0815979233911763
1.0665154080524211
1.0971609185273676
1.0888703692222512
1.0904485326616435
0.7219587172017630
0.4684858628561908
1.0938326308246291
0.9094931117977831
0.8250978958143319
0.9932362150145639
1.0724294957217115
1.0981979940138806
1.0674918613388433
1.0923350427696226
1.0576675919715497
1.0294151953375688
0.9543788430427274
0.9365365258993458
1.0963458806197111
1.0532482874084639
1.0928218970188461
0.8341682591505434
0.7333086703238445
1.0982524315352771
1.0894912800352525
1.0966985143449901
0.9984498034538120
1.0827634276515055
1.0875844387854978
1.0523020987715965
1.0110798376975010
1.0900539168334631
0.9965927532559716
0.9261790758950830
1.0974091756755178
0.6808569273494289
1.0978551041705917
1.0749290343015250
1.0958185557379529
1.0882176520650899
1.0942272795476975
0.5374019226832805
1.0928972315810837
1.0343864899072932
1.0386556937939455
0.5768768325952263
1.0857143055951075
0.8990087677128794
0.9972594992859716
1.0543220025887969
1.0760745568888821
1.0853247395320804
1.0834250944738242
1.0938736649755487
0.5072344291133961
0.9922176317038308
1.0170455483001464
1.0842275746320846
1.0964855418858552
1.0949012614758569
1.0570281371747352
1.0971834942181597
0.8258700856484964
1.0497340031720874
1.0603976077052857
1.0875009382152387
1.0487252240739455
1.0817906367956793
0.9905595132780084
1.0692522860881226
1.0800823030829914
1.0820415437160453
1.0949872340696782
1.0727742733284951
1.0819225674230182
0.7172822343980572
1.0939070015601982
0.4043900583575015
1.0971451810275075
1.0787919146913363
0.9489383627809399
1.0301651476725076
1.0051984897355868
1.0057670807114631
0.8647148061895490
1.0921667485781772
0.5931463934023631
0.9234171749643572
1.0859467063975841
1.0864115902199183
1.0634766971346878
1.0950875654400964
1.0864734173132058
0.8476644115781030
1.0705258231038020
0.9441562497533598
1.0546360827760790
0.9857306476351991
1.0902035311458320
1.0564996610973529
0.4139017459482064
1.0986182694022395
1.0863763888031053
1.0982925606009954
0.3959549915280344
0.4011122234576853
1.0596847887120360
1.0900111434091335
1.0932251766637426
1.0812388394899137
1.0854427282968644
1.0902458157132087
0.9254513588462824
1.0017166215995716
1.0940455581132404
1.0201921320089469
0.6365736075955022
1.0956453014166703
1.0144632761951484
0.7822317729721175
1.0963587946699169
1.0783515944607369
1.0833376475640515
1.0910921425141327
1.0777786676076415
1.0960848124468985
1.0506345120317251
1.0834413919339936
1.0561565921635174
1.0931429339232106
0.7175384461037341
1.0956079841161228
1.0947179964193019
1.0929153217885037
1.0835175574533646
1.0454955737536717
1.0228702791532620
0.7525545403225592
0.9208014365669851
1.0564415586911999
0.8441694241324459
1.0827732423182082
1.0893214561043483
0.9940528492463994
1.0633191725940505
0.8771767102649765
1.0730607074619090
1.0871673083403728
1.0967824950110012
1.0929565928435401
0.3983729583363074
1.0954561562134606
0.3988858063631633
1.0497452412406023
1.0881115686362819
1.0889450462673740
1.0894206236994002
1.0814420289192979
1.0795504942463301
1.0908729293427784
0.4591070404676527
1.0967200762152689
0.9827303127536502
0.9645899759775219
0.4290734255221999
1.0895480309176204
1.0717422835246575
1.0955718462203943
0.5881097987354393
1.0815516182518015
0.6702388711474541
1.0950148085269169
1.0416905394875478
1.0745974378176553
1.0710669385208638
1.0771633945671437
1.0909795538090838
0.6770242116635560
1.0845086526115966
1.0332320079390049
1.0720846080707780
1.0866396037042176
0.6540023843475841
1.0429468759510474
1.0830659414837087
0.9044850005238296
0.9912245147341202
0.6621352413820465
1.0785968567777375
1.0484013670090409
0.9820560017875599
0.8845990135268985
1.0908147878534029
1.0957791641827144
1.0433610896846206
1.0933368434129871
0.5248561491477495
0.7750083113305304
1.0928442888219967
1.0913124579928359
1.0024625039596811
1.0941477239193820
0.4487884769065134
1.0885486495072803
0.5215060538750466
1.0949842526029587
1.0666203576373272
1.0845795371570934
0.4612925233380478
1.0941297625142663
1.0623581631776653
1.0875744776389795
1.0293897829724277
1.0953853005553900
0.4234165681672260
1.0890795234085640
0.3958125366836611
0.9708666881591111
1.0434386572750707
1.0929272441854534
1.0925585401081825
1.0503254234008903
0.9077108083865181
1.0819759592443465
1.0967305880172575
1.0928415969904459
1.0960628518340323
1.0862764073849476
0.7865672350912511
1.0968706781539321
1.0962419968856472
0.6366510514930025
1.0297084788101336
0.4134381716396573
1.0761144164503111
1.0952807953778050
1.0917015356091049
0.9653438150329837
1.0928757564773430
1.0232356781480731
1.0941157552524463
1.0875030880386312
1.0674963519890750
1.0829763246568549
0.8250313888673626
1.0059726365054948
1.0876640094174830
0.6088580279194720
1.0843055697894131
0.5421806887218887
0.7893432305723305
1.0390405619131617
1.0962366557974186
0.5864509566356921
0.7864535493815984
1.0781325958232650
1.0888907998970063
1.0724360652330407
1.0986487775908260
1.0968382595235466
1.0858543479891551
1.0973561451797538
1.0734599158539955
0.8409044795348798
1.0988226127136183
0.9318668680714886
1.0393598678685505
1.0909967275014618
1.0904740310341192
0.9446442017502060
1.0957291860957967
0.9792693932110166
1.0870273271675546
1.0963197217952381
0.4221524184496122
1.0571287178282895
0.4549154667663813
1.0415655051937149
1.0902897759642782
1.0301053992454126
0.9316604382449039
1.0789221582865243
1.0932764445323029
0.5617741125325904
1.0824808453667858
1.0940692959068625
0.8421576547898024
0.9664412952851121
1.0693137580363767
1.0922896640667143
1.0689926480501515
1.0451580345806266
1.0784149465653028
1.0530083926969191
1.0647989303615970
0.9639902594005149
1.0953986611034092
0.8152642930168632
0.8968935979609529
1.0769765522878416
1.0925841964264211
1.0501047552566116
1.0881495311996670
1.0928127342646670
1.0846039206726534
0.7971366160066524
1.0527064375188664
0.4188073371102661
1.0940313123099337
1.0943176526815772
1.0438956131064163
1.0379164125031339
1.0977605322169830
1.0364418041677548
0.7181797677961600
1.0860245738278353
1.0583915421080909
1.0687688669420079
0.4877823259760465
0.9362628129498611
1.0928561499669105
1.0890355550783857
1.0945421561586308
1.0874443789643173
1.0899179327170518
0.4612821749054598
1.0626636447990998
1.0947263237441558
1.0656596846144573
0.8477491355159871
1.0973961622300465
1.0956673747963932
1.0875597250004119
1.0941173569156653
1.0650118015326566
0.9422345391058180
1.0631176339406636
1.0904653677053553
0.6500521758876899
1.0943273401792506
1.0948365009935530
1.0893192754064733
0.9498144951985955
1.0857644451999309
0.4002743436303247
1.0786686123328466
1.0949938555407144
1.0831237515747500
0.9956501012290683
0.5636920659521113
1.0875219119153043
1.0663573273429909
1.0649320704061667
1.0969494722325341
1.0979733384636854
1.0955681423939743
0.9850707921590156
1.0947777006563881
1.0875012855244182
1.0967260376523387
1.0695679264917501
0.9063188917972504
1.0809636956830162
1.0927381336194790
0.8827141000369513
1.0751344092413944
1.0878667423322599
0.9754346567465444
0.7142535744829883
0.6976411647519573
0.3958080319417839
0.5228575059507388
1.0381847129555724
1.0930544809787313
1.0759433721058640
0.7532578470733055
1.0714911584155578
1.0949786354065147
1.0473058338481902
1.0832222007861676
1.0717402004112080
0.6076817525642776
1.0970784942688265
1.0942986571891540
1.0690257131518142
1.0941967345268442
0.9331026091118538
1.0951674096614756
1.0560318923378800
0.7747791299445256
0.4812186151536557
1.0860061946636066
1.0962681988982583
0.8449784478108757
0.9801916636747766
1.0957937096193677
1.0931573820104190
1.0253199406303204
1.0972934199402558
1.0959443711272387
0.8995967277694159
1.0520441754536822
0.4064050918429563
0.5430857916814140
1.0400085384506261
0.9778963292914498
0.9944408717999301
0.4676609114672747
1.0867192937838384
1.0373721894234416
1.0907031176687940
0.8633423762765121
1.0451368284710425
0.7130714045198390
0.9660688207599066
1.0924303196818159
1.0905693843060875
0.8846802546351287
1.0605460981404182
1.0628643208017021
1.0922301944448811
1.0414562171068056
1.0754455357649639
1.0432699531874343
1.0667382465181878
1.0872227925030089
1.0812062100706712
1.0893171928708270
0.5015120366438429
1.0734618340516748
1.0967031611787992
1.0741262095524453
1.0915718618644090
1.0006804498639137
0.6466592084307129
1.0902661025201530
0.9808894447255414
1.0207435458247003
1.0916700104545074
1.0856025091432782
1.0908075639896015
0.9686475454105200
1.0347947123015457
1.0816031403858108
1.0895633377074732
1.0973030185574788
1.0939904989547660
0.9442497784904150
1.0667385123793482
1.0635093151622641
1.0966316361834081
1.0922690541801914
1.0452906780405278
1.0924940642054553
1.0781867155461946
1.0913446625535452
1.0969131141759612
1.0938337736029653
1.0779518079012880
1.0830343853099500
1.0855038418425800
1.0966524058415481
1.0302644014083953
0.7477067547327665
1.0519444442823569
1.0917613318470758
0.9770274479081551
1.0332087975555180
1.0949842976006647
1.0947790795268799
1.0328030888591007
1.0984014092009862
0.8103036693801731
1.0729592586492800
1.0981949505276325
1.0971100639420410
0.4005980072216440
0.6623569219058216
0.6095913507034458
1.0929327373613273
1.0955985127081456
1.0927556201727862
1.0928933986202620
1.0946219600567768
1.0870025132925556
1.0355868838162114
0.4503320274431437
0.9824726095542158
1.0144699174707330
0.9992656037073988
1.0899311800373097
1.0937111768472509
1.0908786762252436
1.0972066624909307
1.0749634982555814
1.0761641409510951
1.0822763411937797
1.0419602899901006
1.0839062886777020
1.0889610293945100
1.0224945113845372
1.0904546544736742
0.4181070247348535
0.9793345112360337
1.0971261808878405
0.7958108448449298
1.0917586541947775
1.0988260988862715
1.0973726315175374
1.0945516335112093
0.8875926932406089
0.6527098155664468
1.0988429284512184
1.0858132101439122
1.0853727938348470
0.8912195689332508
1.0228932481190949
0.5099865136086577
1.0880619573380750
0.8205821365565069
1.0870013756626380
1.0972355012356969
1.0758368199807742
0.3997722445239852
1.0965970169280594
1.0988885507822199
1.0885117157218243
0.4482973559453172
1.0957527540577732
0.9930004532244956
1.0929798625552221
0.7732882531147497
1.0933841948660254
0.9703993470762047
0.8120617745420576
1.0823675132904420
1.0967170267757576
0.9909076410273950
1.0758702643302511
0.8832064394552656
0.4495064113123404
1.0933387694427279
1.0481035465657831
1.0906379801900099
0.9051942659119347
0.7180030014236483
1.0851332796597937
1.0731747758260433
1.0874392629431244
0.9673230214180087
1.0944191534232628
1.0815211648588370
1.0772662733433542
0.4183231142840593
1.0890309702232575
1.0953232068017411
1.0936166525909101
1.0978858857028739
1.0864579052988261
0.9163049190989082
1.0557231743118467
1.0284278860036651
1.0943466750911088
1.0326890033464131
0.8888198784534890
0.9360656551635241
1.0853494734045335
1.0947894314411144
0.9991662324615854
1.0924960012242537
1.0957505581541525
1.0943276193223814
1.0896744945172494
1.0943992664441624
1.0943558853024986
1.0963829374519154
1.0945558718454196
1.0630878472014595
1.0962167536757208
1.0948741442354124
1.0970338151620789
0.4022801717059846
1.0025358823741235
1.0978776031612918
1.0895615153061058
1.0808800289899596
0.4081273986626205
0.6944830622614789
1.0983492757256148
1.0873805919568094
1.0979103699172108
1.0973182484287227
1.0835868255443251
0.9269990818048778
1.0743013137820148
0.9829404315189790
1.0976995908640561
1.0884983393162226
1.0978439389487449
1.0945713728293560
1.0936504889018561
1.0146004670421436
1.0120416606399205
1.0928232062171235
1.0033225549010705
1.0398492918981714
0.9271530121076178
1.0943299825788633
0.9695686418283941
1.0524006310309364
1.0855697012735854
1.0944332826887224
1.0955814465456604
0.7677611290350689
1.0834843358465334
0.9766236636419838
1.0849529015756130
0.3965238427429850
0.6109894978970133
1.0953099833888897
1.0928631223253658
1.0225644842855013
0.7944013329094886
1.0634863900713201
1.0682567098723013
1.0766173329855084
0.8912703147860053
1.0882613694699692
1.0962490877906947
1.0635556199687153
1.0824521165264196
1.0824621952096027
1.0421772622051133
1.0135757916691834
1.0341913829157998
1.0607302983573139
1.0908927823196262
1.0919004630819105
1.0978692497094398
0.3959720105502555
0.4310679408152134
1.0960701423141441
1.0565626558990941
1.0968595476647720
1.0839207433756588
1.0944311970055489
1.0985041341584918
1.0971766002256005
1.0219313729891746
1.0909643603788841
0.9656953687887689
1.0930356612778338
1.0654660193865011
1.0946220154226585
0.4300433572271144
0.6203552355814741
1.0336703719031861
1.0889987697825096
1.0731287758955852
1.0795428564734721
0.9307912860859558
1.0878462836393339
1.0768700601041183
1.0819493045526334
1.0944127608825727
1.0796125656795581
1.0871382846354762
1.0858372673326806
1.0953965014138016
1.0947416541384967
1.0935092403049891
1.0949118028455436
1.0110923564513019
0.8071472202408924
1.0916395772007483
0.9586478494804249
1.0696476532172574
1.0836357937833667
1.0913012441197452
1.0540839717607389
0.5292218542186307
1.0357284526410035
1.0339059810114166
1.0723596640382818
1.0872984019315584
0.7628330959610107
0.8154849201905078
1.0870779224392333
1.0340178156468824
1.0488081003215020
1.0769555422544490
1.0290618266980274
1.0452864738787140
1.0965229876406886
1.0764511419392564
1.0515615191714953
1.0598109190199372
1.0930575230912185
0.8322545053171946
0.7416313845538253
1.0734143440654238
0.8942815594968595
1.0143080739406340
1.0962258006553287
0.8781406240155748
1.0968802425644442
1.0452878795957248
1.0249233412850181
1.0783481602798544
1.0948142756434500
1.0933091123847416
1.0847788871045587
1.0888183252504962
1.0887718536447428
1.0863729072368289
1.0918417153824695
1.0529001596846432
1.0715642889306931
1.0940535560584521
1.0786752367841479
0.5271677886881200
0.5482964244680063
1.0860097321395121
1.0951950103823931
1.0880098559600715
1.0919466320906670
1.0493340046343624
1.0088062616170845
1.0344768778815954
1.0608596824485712
1.0963978531195546
0.9257137349587788
1.0551452862696120
1.0438749167836598
1.0862869090160965
1.0961760324622962
0.8568887316567710
1.0364320613954991
1.0926826611838176
1.0940683791571870
1.0831061105610704
1.0958454910785553
1.0944954476770448
1.0965470047495212
0.6215446551072710
1.0591969488538002
1.0877134298651274
1.0953568573263985
1.0432203393585722
1.0890475070375687
1.0799721141425742
1.0869154665353102
1.0966591085750386
1.0858123184886554
1.0279856101748313
1.0881689096502609
1.0845065763618655
0.5413232204909670
1.0621750166665194
0.4903343282594417
1.0875893125452007
1.0937842507908306
0.9869233758036270
1.0888228740783190
0.4675541043072429
1.0298247029666885
1.0522254562173050
1.0824813129962831
0.6016543643117973
1.0801613940394277
1.0677700404800761
1.0847242743808572
1.0747295942278616
0.9602911546951906
1.0696981250991764
1.0662675692062284
1.0952569949031701
0.4710501573395013
1.0621233199754037
0.8516703048880141
1.0913677781309019
1.0721749377131109
1.0921111248381252
1.0921331898235742
1.0956030336028801
0.9078694232171788
1.0940375222868917
1.0923383279796604
1.0944433942753411
1.0969748098141647
1.0965693979962940
1.0884560717606619
1.0848529051846840
1.0694545065020644
1.0837027743747976
0.9914089542008706
1.0727707924464855
1.0923296216634175
1.0964031547240798
0.8660490011710458
1.0974208195363759
1.0917863761799442
1.0876438617315849
1.0586985475406308
1.0972897595367503
1.0948066794510185
1.0237623017195026
1.0967475648259830
0.9925970389276695
1.0902132828687854
1.0343299151818508
1.0551051976916863
0.9942411855376470
1.0437021244865614
1.0807027414825050
0.4428968708091137
1.0833477940896201
0.8707885472148443
1.0833873091187201
1.0917084466211560
1.0783881665130792
1.0933486639828138
1.0867096829056146
1.0981987712117030
0.4057896726044051
1.0931399849618473
1.0692123725156604
0.9706035554319677
1.0866669607628567
1.0746689436969679
1.0879948011119067
1.0887120323278234
0.9499250113981249
1.0935155601929598
1.0802240018158642
1.0548253868998516
1.0886823749893642
1.0857712908021389
1.0340972149066681
1.0669695081606163
1.0984054704054464
1.0937121608050877
1.0644911600586053
1.0341554969321354
1.0956287241468936
1.0815854496414239
0.7124145086646517
0.5523858107493995
1.0973717292328335
1.0591126201675891
0.4319701129702723
1.0856926201070136
1.0947228504272595
1.0910089599264261
0.6104042734598618
1.0303348450514722
0.7653850530594962
1.0826731539147103
1.0334751577562629
1.0883453606298867
0.9168591164160903
0.7416387665136914
1.0883850350661750
1.0707118610768835
1.0274844396187397
0.6438861514644996
1.0787996114869214
1.0970001986883411
1.0865337653225864
1.0910281878953254
0.9577970637863761
1.0681397107865909
0.8938329956246451
0.4432423245122104
0.9227326847402775
1.0760789413631202
1.0669168176860870
1.0912603146658526
1.0954239252115694
1.0946908509467892
1.0725582440309087
1.0574776095470910
1.0939187992128185
1.0964578746319928
1.0835134164436564
1.0984674052567214
1.0915579724034041
1.0769227923041911
0.9748994414701548
0.9319289408760095
1.0929739570383346
0.5013785665727539
1.0021043910144285
1.0821111298784114
1.0945601947998207
1.0786723422425140
0.9009636507879752
1.0808168445204531
1.0982706021516890
1.0832617436901262
1.0432035351480291
1.0635608222330695
1.0753387692051390
1.0873657908187553
1.0709494220791840
0.9792895762497030
1.0949012222706711
1.0845825928832493
0.7574342530049980
0.9699959014104537
1.0871704495881465
1.0391151180990430
1.0965289118760861
1.0878015586690213
1.0539875870528919
1.0962122379583150
0.9105443525105402
1.0899151217556675
0.5580199110074483
1.0199607971042601
1.0852475642756174
0.8224727574832507
1.0303392874454669
0.4293700797863104
1.0953166149568172
1.0759573720313496
1.0956492843546981
1.0870899689698932
1.0962364685808839
1.0828583416657116
1.0635894847947944
1.0978029089523156
1.0924241033759137
1.0624321893333895
1.0823884832248316
0.6898315217963613
1.0670551280396474
1.0959680733203274
1.0964195549635138
1.0665762041583995
1.0829766826070211
1.0913806177435059
1.0935792648805169
1.0954965025487993
0.4018488428144062
0.9216911813401780
1.0852102000139803
1.0648736369070582
1.0909113918943878
1.0863031931829441
1.0959846864017619
1.0977793063812311
1.0395419758136157
0.9658974965625342
1.0842703122757475
1.0883779822217086
1.0794968093771242
1.0783644738234124
1.0970384805306521
1.0495735872215743
1.0857338593258838
0.9461080263281519
1.0868677442487769
1.0814776764423815
1.0940338116691759
1.0741524825610631
1.0967600956963111
0.9728596500273669
0.5569217862088170
1.0848193301399671
1.0970579608638447
0.7007450284982031
0.8300624442176422
1.0866274747682731
1.0927149082020251
1.0810469798702174
1.0977249875763040
0.7244623719567349
0.9605904126442256
1.0889552935674807
1.0873920189957915
1.0979102258097748
1.0975223607207993
1.0890868809481062
1.0705195234566007
1.0979851103833651
0.7534980748897694
1.0824972823975458
0.4400076182677168
1.0927717481729142
1.0958518948930085
0.5255754283720906
1.0919906180561518
1.0597563253406446
1.0946140891771192
1.0911803838823646
1.0913305500441635
1.0688169583445104
1.0940877202390398
1.0881870921854020
1.0535376497634170
1.0730254289197911
1.0376595037763781
0.8761729751771564
1.0937366042611054
1.0270854428656075
1.0983615819672790
0.4915865973261925
0.8944540964968464
0.9925967159382414
1.0365962234692077
1.0074716804197770
1.0388159644848516
1.0975629372726579
1.0987980027620523
0.7831421771171230
1.0842444801786244
0.9746988898563168
1.0915516156648413
1.0953385520136987
1.0323123405216021
0.9257248340928004
1.0967282420183679
1.0322534954373717
1.0922542111698825
0.8574095891439992
1.0812623054135286
0.8099885861603412
1.0736655926373750
0.4407336061020793
1.0397081587057444
1.0639751021139709
1.0951821187380211
1.0976073108304720
1.0875960698726395
1.0980283719703474
1.0812897712135054
1.0955125894345290
1.0552335082256092
1.0977486957996212
1.0691973597251889
1.0641842200829486
0.9968933181225805
1.0656205603976487
0.6576406746469560
1.0961558615586471
0.7562413394671118
1.0935292162714367
1.0639486575043799
1.0533157547835401
1.0454409491004939
0.4131262867143576
1.0877503602346175
1.0912581612157084
1.0861590313701237
1.0765947626537800
1.0960366136756494
1.0444104735095443
1.0755220987972414
0.9420854345795985
1.0949493800034116
1.0961163558238469
1.0940344083047617
0.9961691668586262
1.0767041327719375
1.0980409699892986
1.0897019193538164
1.0887027176606867
1.0671470115818524
1.0819059235530508
1.0407044836146611
1.0936832136970465
1.0731727345869295
1.0550284018998419
0.5865028084868700
1.0699438402897372
1.0320798605551511
1.0969523517002944
1.0949752587310955
1.0940554301927479
1.0927869849741594
1.0863250575060797
1.0884736604777807
1.0903626511819344
1.0808405286617189
1.0971067699955177
1.0978120461133585
1.0926354237251523
1.0763822827112612
1.0797186901103524
0.9410045742025872
1.0885066341890277
0.5138309526994376
1.0765000898708861
1.0986373779672680
0.9919755497832697
1.0838282540023145
1.0875232959820855
1.0885396176367284
1.0911375802891179
1.0262604712312138
1.0962033131049420
1.0888319961998139
1.0933856169766749
1.0943323472817201
1.0897594632874767
1.0915145301555413
1.0949947532103763
1.0918476259083865
1.0580886446165427
1.0745353429300388
1.0815131215362688
1.0622097921812133
1.0941492951577849
1.0929245289821876
1.0577150148091732
1.0894007018259482
1.0889907537032586
0.6417948738572685
0.9312075143054566
1.0637862545402836
1.0812917535979925
1.0981435958397665
0.9940131826967783
0.9937320697119701
1.0970925494802399
1.0460465674765158
1.0983406848365178
1.0175758661209438
1.0452694874045552
0.9500529792875930
0.9738848426742026
1.0170878668522174
1.0854978347020459
1.0986134870629185
1.0872279201817960
1.0198439992230182
1.0932714582938139
1.0114691787380012
1.0963968983981691
1.0961518748034804
1.0638737756999619
0.5558131045808039
1.0954082189030683
1.0950920032640314
1.0939317324421700
1.0864434735746404
0.8864010232201872
1.0983091529425351
1.0753189187845988
0.9500337800562435
1.0688162982731291
0.9847075165670005
1.0908790405448781
1.0763998040302978
1.0728083322242601
1.0494499343754120
1.0920252210343546
0.6596289767197419
1.0968715066815720
0.9381430296449811
1.0939286552098209
1.0932123877582172
0.9812178916994905
1.0323871709362251
1.0788787955938246
0.7029569884805097
1.0843687092563576
1.0906210120100954
1.0971644760317982
1.0881232706934434
1.0806844893816223
1.0749595301614641
1.0729920636978008
1.0773488758219940
0.4048210615983368
1.0798107588352071
1.0911994423357450
0.8309508445748592
1.0895425091870430
1.0938829412691582
1.0744124408608928
1.0974217486997180
0.3965303109274890
0.5427505897755194
1.0837383465426365
0.6978920504665489
1.0886296931283652
1.0378902097690612
1.0912768940961968
1.0883790880452948
1.0286964525849904
1.0823035712524371
1.0982586712007669
1.0891512177606617
1.0894750685307557
1.0933366465323409
1.0886874023551707
0.9726632641035035
1.0777056324383805
0.7603059135817307
1.0887323670778499
1.0685984634633283
1.0601459547849503
1.0413148730731228
1.0774048331366550
0.8564362328286417
0.9843991124540225
0.8153809694927524
1.0742616353445709
1.0869326536153758
1.0979343908004404
1.0886701726479457
1.0933972805831420
0.4981304647408348
1.0875108093287897
0.9694570267118210
1.0455056337039943
1.0960082489684477
1.0737119161519066
1.0970976784506532
1.0908589998425731
1.0917998672416958
1.0620292928454338
1.0837018311419588
1.0870935915946442
1.0262547996222819
1.0802817403863842
1.0929685060453516
1.0771503919329788
0.3965373244735577
1.0710122434483655
0.8602613291452895
0.3958595595463463
1.0697146446473982
0.5259598756169389
1.0963751877183050
1.0552140466648778
1.0771251764537670
0.6258999743297595
1.0756231241407803
1.0370391749937553
1.0480967694178775
0.5687152634839985
1.0851221094869627
1.0820297524107809
0.4047068450362907
0.9727209171883793
1.0965112094088378
1.0330928231312162
1.0895483504242911
1.0420711535392129
1.0976706730952155
1.0359807799029916
1.0824395270386311
0.8238086948173681
0.4523800826045019
1.0208411616915016
1.0198196196112184
1.0984244616524548
1.0944515862777449
1.0987205359359569
1.0396741952390220
1.0317565425372257
0.9136401952715437
0.9494330521430857
1.0956284316992149
1.0982097566616287
0.4854000682895435
1.0933597042483238
0.8523271259278438
1.0926619351244975
1.0981754159036543
1.0975479484885104
0.4997211619162119
0.9030344204356369
1.0559505632119333
1.0868533764272197
1.0716937710344663
0.8580270691395122
1.0824579590829431
1.0913678573863479
1.0931782279593649
0.6126103693625761
1.0814637857284062
1.0849787786190186
1.0695361651550159
1.0831869279083055
0.8751336579312237
1.0698968682089189
1.0938582837863406
1.0593109008724664
0.7434358860673134
0.9745496047195408
1.0874512890566581
1.0908486714748300
1.0904004164465380
1.0686209233494564
1.0979158820584602
1.0774141587471755
1.0972358626303542
1.0207400344442821
1.0983052507916857
1.0951013599015411
1.0817355670421891
1.0750367248351917
0.7984520263601868
0.5024033698375248
1.0907049761937784
1.0656461719810075
1.0933029635022371
1.0993114013115570
1.0947008503068105
1.0943895222502320
0.4771562820402812
1.0965837980614803
1.0990912235545214
0.9983365433026925
1.0662252374271117
1.0927848819334500
1.0753216123112386
1.0700784909189125
1.0713254845561067
1.0775785208369324
1.0527910122293032
1.0540945366458268
0.7686495047477994
1.0959735585090014
1.0911099456186557
1.0919983198519856
1.0575695850748024
1.0953325470279531
1.0882178714720145
1.0727996843259009
1.0535222910058364
1.0734599408828809
0.3958144657593255
1.0969559939579658
1.0444777515980697
1.0954353415742457
0.9276231949093033
1.0912282651261231
1.0795368065259192
1.0877277598780681
1.0492325564079112
1.0680852696810046
1.0974218899770072
1.0160560784492711
1.0730716853942111
1.0569496893514274
1.0902929696246217
1.0982693654662463
0.7240042937190133
1.0959506068718567
1.0884386418738146
1.0983387501985293
1.0136858306135834
0.8843542168447289
0.9302508590745189
0.5924620740964771
1.0785870136096203
1.0957209283056621
1.0832147900078610
1.0636223715750228
1.0499995991611366
1.0212179266610082
1.0168648061934493
1.0027709390706443
1.0981363148860861
1.0161122387803647
0.9217314181249953
1.0982560206498564
1.0768126117339918
1.0353824393670108
1.0960408559536385
1.0887355654175155
1.0927602879372758
1.0655069564895077
1.0933845530114592
1.0905332708813931
0.9964526235847486
0.9242404723850506
0.4278899441857660
0.6330356100253617
1.0947810516142547
1.0325318379206978
0.7835624914634989
1.0946506584547120
1.0799370256513592
1.0939245711085452
1.0803452353528566
1.0815359784594740
1.0974972299225538
0.7275007622252914
1.0647284510121406
1.0954416721908267
1.0905496319770456
1.0615493871043014
1.0366122509678142
1.0974791550817351
1.0628168231156780
1.0967507522458397
1.0631690132991976
1.0972228456539765
1.0971767536666950
1.0875800344393705
0.9945489466528072
1.0389387651122497
1.0912098585546743
1.0967913125755113
1.0801042164117072
1.0762350414751627
1.0926578434294880
1.0801105877298049
1.0617733534655964
1.0853482072729406
1.0807437144627348
1.0913031297229712
1.0958832442496338
1.0016687790129337
1.0961851439100465
1.0761626350763416
1.0427527337991094
1.0328286421875372
1.0663523345474937
1.0915161674003491
1.0887141179017690
1.0970693382778889
1.0962525576211497
0.9772122088732841
0.9872030977001792
0.9904880045087462
1.0634320717273664
1.0805334472851020
1.0842224509760401
0.7674653818237556
1.0945472260330131
1.0803466130095765
0.8869012891750966
1.0374024401620014
1.0954929144638483
0.4162617060287335
0.9474542562992941
1.0935848259537013
1.0397457150041061
0.5514349858955307
1.0934262967662662
1.0240441994163831
0.8308176258558014
0.7623796396815758
1.0870776731981386
1.0841185426603339
1.0957426293889072
1.0920717392433796
1.0804673722506142
1.0961224348729670
1.0906697559589187
1.0963754271260839
1.0620210081606787
1.0841630259209931
1.0322652568734976
1.0955964607783735
1.0935259108398923
1.0167692652585019
1.0681676927065824
1.0039399416756554
1.0482714991946964
1.0690020124219053
1.0914832852121636
1.0895947078929447
1.0439914991039889
1.0945343225544637
1.0987296846213359
1.0828478274722839
1.0750741317515558
1.0087890762470619
1.0951616250562763
1.0825262250878795
1.0869300914445637
1.0964808685926430
0.4720134588141667
0.5742005188229884
1.0876798823596379
0.9387858247691491
1.0964850127979384
0.7976736596615155
1.0965058442098927
1.0813219389420654
1.0127295328704544
1.0736183200651317
1.0913130102992035
1.0970273719577355
0.9838012809069868
1.0871826310755093
1.0726094211838617
0.9851744177905634
1.0926137775168976
1.0950663948354789
1.0861038413419268
1.0336724395831722
1.0817949709097512
0.9546394735091600
1.0822732286052050
1.0971540696661519
1.0356421944436873
1.0807292406825388
1.0884010282801324
1.0141074142993600
1.0273166855667473
1.0805872619252743
1.0827095710590031
1.0961506097401745
1.0720278586689187
1.0949014924311851
1.0961544963688405
1.0983037515401484
1.0852401388539508
1.0772375690187714
1.0778879179598571
0.4114321839443349
1.0896508834303427
1.0901107178968066
0.9910063908856908
1.0643657138218576
1.0584801750637192
1.0761029900309844
1.0631151346558954
1.0270853668347311
1.0652830613094491
0.7190491123114588
1.0885154919234432
0.9803566798607924
1.0883380008803889
1.0535352252960952
0.9936234128273995
0.9180780130775612
1.0425911092892304
1.0755537060087399
0.8771261051911756
1.0776086038965280
0.9808274825791055
1.0764229221597994
1.0689338211133872
1.0755889335034599
0.5951167371082706
1.0947595369644851
1.0966394982320085
0.8953508341132336
1.0799947698404266
1.0893882125467129
0.9848089986228930
0.4623442053704877
1.0932162232639615
1.0973411450564925
1.0874559791483249
0.8093580010410799
1.0461931552820036
1.0581567506099236
1.0790094316173870
1.0923967164535560
1.0293399303172961
1.0197668464325236
1.0118260291717918
1.0916223825293605
1.0855960712059765
1.0678836381933832
1.0684385390703983
1.0987703459844285
1.0560594452025209
1.0918861942223892
0.9467278352118765
1.0924357723432236
1.0718381066614229
1.0088331569012676
1.0702742457871472
0.7490355682564249
0.9366068796886264
1.0894736287304307
1.0935932404181536
0.9881716602752432
1.0933658824057697
0.8772014598936341
1.0811559217456512
1.0759296044182214
1.0899696254855133
1.0901939607675413
1.0240771073180788
1.0935096741390180
1.0877916397092251
0.7303960858612445
1.0898854977038539
1.0889791696662219
1.0749872584098223
1.0737991078516780
1.0716340795062846
0.6044103534265755
1.0942525015340974
1.0316659622900142
1.0978076625807125
1.0775012691394830
0.9778049988354084
1.0918370444482213
0.4688741199258091
0.9226422354067455
0.4343024423281358
1.0977662577746587
1.0737010735680483
1.0938865085911140
1.0385993916061589
1.0929709459453001
1.0536119406757927
1.0229123298249645
0.8198579571180905
1.0059608161549094
1.0726656111952733
1.0873676020253862
1.0958823639631865
1.0472937572897556
1.0948787244870097
1.0902130877517429
1.0538313883609145
0.9157817484041189
1.0638962026066159
0.8889476680885243
1.0951896212568912
0.9459358211705076
0.9345243151005580
1.0281414317452009
1.0917885477616738
0.9641076465596600
0.9978128637283605
0.8292866639346516
0.4922390503746685
1.0244236211511084
1.0978867924975129
1.0850014218130890
1.0969341862370510
1.0897972101618880
1.0956282538839397
1.0519008318432550
1.0965117236744888
1.0969643593948357
1.0614818287153795
0.7622143675899766
0.9450842300703907
1.0559137920151702
1.0356842013895158
1.0806075330674281
1.0905086698642410
1.0966054904944198
1.0495324759796156
1.0927500053013979
1.0970771654279232
1.0813829890458193
1.0916340246174503
1.0613857097915169
1.0857072042467291
0.9730964805448380
1.0910002761977760
1.0322769599396580
1.0948582426105491
1.0577586934138401
1.0893240830931166
1.0925164963897389
1.0817913171503417
0.9716997585796640
0.4653213089328276
0.9886540075714977
0.9911179779535576
1.0410166129656153
1.0942530657809433
1.0707142300574561
1.0767250383784768
1.0725435373576804
0.4119758448365557
1.0938462853769735
1.0947300157972153
1.0544359999971458
1.0951703569297395
0.9576038336891228
0.9185239087963017
1.0205576903545905
1.0835105664298257
1.0813355636689859
1.0888838478222755
1.0970279085391046
1.0975469545571968
1.0663889121286261
1.0468570796895742
1.0671536528580132
1.0960480958904568
0.8782134060748990
1.0630153486301352
1.0902989332662065
1.0803420349247528
0.7430283954861560
0.3980991229603609
0.6321671020297792
1.0457960642623731
0.8434886413768540
0.9508686737858965
1.0195647486044566
1.0951045618491351
1.0052283846555872
1.0821874158077549
1.0717758972121707
1.0965915945089824
1.0103027485242906
0.9828612613086661
1.0930933087633092
0.9742304017698379
0.4617044224807464
0.8560027274581073
1.0914966212570725
1.0817994302947864
1.0860680211634670
1.0549463540605359
1.0982313566712933
1.0279429382520460
1.0759858404281355
1.0746623615562922
0.9806765638599532
1.0940215906092330
1.0802156539548560
1.0874354528468813
0.9637996860428525
0.9563666084281723
0.9449615776223583
1.0854366303989185
1.0940242540466349
1.0921173134127498
1.0754453187791246
1.0848502916557989
1.0931809201058778
1.0907041144677447
1.0942271055648638
1.0938867789124633
1.0846909345150437
1.0849991487562791
0.5403341833569092
1.0269622181227278
1.0805671934417733
0.8697725840257177
0.5808371102947710
1.0434501841813952
1.0967500780190493
1.0848465025109373
1.0925567762667874
1.0848142728322689
1.0741208989538678
0.8578998015309125
0.9823327574050809
0.5128979377799000
1.0838191433132671
1.0933083433195181
0.4252450620954356
1.0838543199458919
0.8258500455380182
1.0863928566985677
1.0746753974228995
1.0947472946543075
0.8482010267917263
0.5702174541784601
1.0978913564120287
1.0893702607375886
1.0680246474538047
0.9335797778133403
1.0971770866922412
1.0396387372174503
1.0965905704441292
1.0941973537781102
1.0806973696830138
1.0751915913261765
0.6580015962317218
1.0724025818846847
0.9704114544722667
0.9815943428837205
1.0466394062922919
0.4771928212216249
1.0912997896470762
1.0948750757666985
1.0977148952883060
0.9105222617531536
1.0936962349577670
1.0978599348372884
1.0511860273376046
1.0714611738943485
1.0620842567646467
1.0633466601412009
1.0838022310641608
1.0674459225585922
0.4784887670303183
1.0892584763876736
0.9170252598661431
1.0579765866232160
1.0428815451835221
1.0929240676943801
1.0223821913821227
0.3970558635685044
1.0841710309634500
1.0388747399157112
1.0579542384517933
0.7350307520950605
1.0786581675762026
1.0195983937948696
0.9038822580310191
1.0767023002236249
0.5279928293175190
0.9848995293102376
1.0957087814833144
1.0570870011591289
0.9631663919750948
1.0803218068097560
1.0580497881532398
0.8432264518957894
1.0599421136497771
0.6767468079043198
1.0931109126560383
1.0610538831384311
1.0318375342566724
1.0626040219202948
1.0952760667839907
1.0846294305984456
1.0794792991026221
1.0750545405141243
1.0735797212341440
1.0950009072470419
1.0283191870854660
0.4166033397458519
1.0904241329325874
1.0528108143243973
1.0899537707384310
0.9516879425587694
1.0835725930904769
1.0853846592996013
0.3961767175253428
0.9825380781651982
1.0973427657050130
1.0400733544943084
1.0928806842235463
1.0880627067640878
1.0953379076112213
0.9424945450004010
0.9644037805685365
1.0952285360172840
1.0684296201637753
1.0916525532015795
1.0821584772838069
1.0854990047973900
1.0888952627627444
1.0915341750360823
1.0960447432949867
1.0987818837361327
1.0885163042475601
1.0947328932867073
1.0859189221394983
1.0963036872554572
1.0519878516328527
0.7187516399249524
1.0923797663589472
1.0853004428881763
1.0912655220093503
0.9159064407569977
1.0786952909971672
0.5452884741318252
1.0468282549675993
0.8014860483285244
1.0938445360093560
1.0643843481747981
0.9469708104049439
0.9042566955433792
1.0899937879235901
1.0798072958536069
1.0944402568767979
1.0975896910083374
1.0843270513428900
0.5104428708763949
1.0631493181227649
1.0857078004075695
0.5271060816478851
1.0949977993583027
0.8778161736182362
1.0922025454975610
0.7870882911544250
1.0754127357506258
1.0904800217476482
1.0856269649195835
1.0799785479022375
0.3958070858528612
1.0818076619891166
1.0825840729841611
1.0834867405821871
1.0485327667678885
1.0622517244437024
1.0184007662798642
1.0545246296709760
1.0906557037100455
0.9976770571736283
0.6539401055794575
1.0866599587614274
1.0863221326131183
0.3990315325479902
1.0198193560237363
1.0781959512742088
1.0966888194123352
0.6908127287231330
1.0171014204429156
0.8439332506330890
0.9310493647149086
0.5865761903172140
1.0821782652758978
1.0812868387665868
1.0696254648260342
0.9498323949026835
1.0909291687279976
0.9295365146952189
1.0766830147621176
1.0032231836738514
0.7618851695104880
0.4264984307230045
0.6344679909192137
1.0948068125277062
1.0705324716806104
1.0660359470641751
1.0872787043606027
1.0343144720606168
1.0593019589705921
1.0942624842409046
1.0907804174988984
1.0920926499006991
0.9310288620383265
1.0918420645194715
0.8998169350378739
0.9369952047877702
0.5272079073450060
1.0286380003613638
1.0901403338495907
1.0969272516353086
1.0528377708369645
0.8785585049572107
1.0843971949087712
0.9918675542379584
1.0915709724049825
1.0507265974636311
0.8002677300989072
1.0986853965122609
1.0956005621988794
1.0912145923515737
1.0941211611692390
1.0910236349556688
0.8704823250833004
1.0868075709942826
1.0766799450607893
1.0907518476789371
1.0729052095195182
1.0855456933248699
0.4211807842844641
1.0578671413214551
1.0949390762128526
1.0832356493761772
0.3991726624610056
1.0945092685653888
0.7636535486539281
1.0959359839386513
1.0624022933211785
1.0698664195929271
1.0541794194488732
1.0879185131379037
1.0944630609992472
1.0480250898293135
1.0789243242386932
0.5681034053130075
0.9748430242546849
1.0950515548090334
1.0972233000867320
0.9316663210862829
0.8372747433561450
1.0313747685685031
1.0892132778827768
0.6077755577090672
0.7115548150790898
1.0580662076542882
0.4084382309852259
0.9796686701950148
1.0733747545279391
0.9255348538729009
1.0903043631297935
0.7779884235705143
1.0935229550918946
1.0789694547655970
1.0429433351074362
1.0956652434805367
0.7994175195813359
1.0154987535522177
1.0918461247964315
1.0982742659803233
0.4694313113353042
1.0790435815453716
0.3972122358182055
1.0973479983840904
1.0329213133165831
1.0866917781855425
1.0569105939595893
0.6362423567949097
1.0929402113128512
0.9053858711487821
1.0904149878738045
1.0978885970746464
1.0400232527595401
1.0378418917658530
1.0950205131688209
1.0107344326643681
1.0858278524309983
1.0914078021013698
1.0831492777563836
0.9949866721306984
1.0199288072628105
1.0929867650182723
0.9299767916876374
1.0973124959706715
1.0968309648580747
1.0399101029322413
0.9109394949713596
0.5022513980574885
1.0562444385803196
1.0812780561411395
1.0263879125561630
0.6066217368310715
0.4339755415651458
1.0953494614152788
0.8854819456357631
1.0883887808716939
1.0553460602072584
1.0850208186914834
0.9710563638691970
0.8097469288608805
1.0877868394326466
1.0824038163822236
1.0742970053214600
1.0399754645214683
1.0958201348548664
1.0158344589274448
0.9953937388602346
1.0963845819381275
1.0528874044465812
1.0871563868973602
1.0867283820839453
1.0966558305499519
0.6199395039513069
0.9412760266537556
1.0907448500913302
0.5432354359407690
0.9923256621997275
1.0739756249740300
1.0326058641070730
1.0854765865577418
1.0272402448302886
1.0738633087367240
0.9808498448897762
0.9070845103900801
0.9406920197431413
1.0900578911145002
1.0903290903175327
1.0785596180910830
1.0842068782444905
1.0370487395081545
1.0799326554904962
1.0846452168104963
1.0941790646273850
1.0796709298263054
1.0819534115167084
0.8608852897197466
1.0759686622086166
1.0706643506328446
1.0563329434792585
1.0821675051340873
1.0871828158322452
0.8043498021316339
1.0381134380337536
1.0088218297693894
0.5651501315422116
0.8852436574273090
1.0940119749581358
0.8616741009217244
1.0843135544698230
0.6421183810148772
1.0920777200963909
1.0819385203417717
1.0570779054957353
0.9536638256471877
1.0849227730823710
1.0891233919883689
1.0654446554375616
1.0842029524325314
1.0856464305600784
0.4064454438438357
1.0946018504769117
1.0336485786330849
1.0937099171789353
1.0930052738444784
0.9954321765432061
1.0875596124004581
0.7363589412630647
1.0840000874233664
1.0936047005468446
1.0980365830014318
1.0799386451050965
1.0904936681056407
1.0339081099821730
1.0573413223647814
0.4195814119020787
1.0827072707060890
1.0731930848313651
0.9506055076456859
1.0465389913829133
1.0736656225493344
1.0760534460597289
0.4308339025139736
1.0256452781646712
0.7094326001922452
0.9119890855068881
1.0953937581162134
1.0977306347900055
1.0905609151473175
1.0925746895285726
1.0961842008522478
1.0933572883924110
1.0966530465463105
1.0960227090943222
1.0396567266591099
0.9707873215395948
0.7379349749516310
0.3959950336273149
1.0936383044656066
1.0841355284477210
1.0872935754857291
0.9499630275363157
1.0776515195864491
1.0612715164902522
0.9811094940649526
0.7148698662680496
1.0954580117544486
1.0637899697532278
1.0935484932340909
1.0806062361615083
1.0805846743579504
1.0725464316298061
1.0880994208121093
0.9205772187711833
0.6601749893962502
1.0343945325393811
1.0873647595294469
1.0972233097511315
1.0963419365436167
1.0929968785119284
0.9612621340772619
1.0978463330953674
1.0865194023141918
1.0837674464001608
1.0954222400502511
1.0859787683157367
0.8818097321389765
1.0587742827799944
1.0956810280096967
1.0964648854629271
1.0907260325174646
1.0855554157037042
1.0035304543606678
0.9660271396695033
1.0962302575426539
0.9496373837527955
1.0952957158947674
0.7578578038646540
0.7690307079246995
1.0910806063907659
1.0884802206029269
1.0898328560128607
1.0789926512955130
0.6068424087481882
1.0816588248510881
1.0034976405358618
1.0759959439698072
1.0900460773895739
1.0903599162107636
0.4240103951286099
1.0228976700614461
1.0919986620308955
1.0744407565145635
0.8543110313121836
1.0454843355546277
1.0302330487758511
1.0530564601284540
1.0321960401876034
0.9605296304068630
0.4594869150883128
0.4020454971524088
1.0708631903248207
1.0772171799344858
1.0609045030628710
1.0648644578216198
1.0814952531842221
1.0174064115915578
1.0789229261392810
1.0845294269376993
1.0690881032832220
0.4484578701102475
1.0961289941175971
1.0201597191776097
1.0980032183154604
1.0909957362679890
1.0251912072287053
0.5874288990809823
1.0717832396487574
1.0932356263735277
1.0949051999703263
1.0801771899152171
1.0930380770481047
1.0771508141317487
0.6154027602833082
0.8985983532366770
1.0955775774272973
0.8163112401219427
1.0966342788465755
1.0956040020179680
1.0941176308987193
1.0901266939357761
1.0865719087786030
1.0798762779434716
1.0951395454323385
1.0477851401435834
0.9930052785221006
0.6170752110110495
1.0833963113790248
1.0658270067748983
0.9789577041755047
1.0887965455745638
1.0695956757195950
1.0910346803961211
1.0948337069644745
1.0869595177444409
0.9808239531656446
1.0633767088667792
1.0975876660582431
1.0963265942737679
1.0883142477127130
1.0955990240055469
0.9370012029166398
1.0612566746363530
1.0929381902323043
1.0962167536166718
1.0657152462759980
1.0883833544225712
1.0730112773665643
0.9447877563559623
1.0823485587208834
1.0713689089961964
1.0793983884751490
1.0785054351888235
1.0840306951692347
0.9650022822637062
1.0944614192782127
0.9292290435490201
0.9476758142645435
1.0960462706927716
1.0819131383725213
1.0959227752279868
0.8965589238658862
0.4363977413701718
1.0676183240295336
0.5464592812757789
1.0713791918778359
1.0325683021494121
1.0881749529520068
1.0990405800813445
1.0575637975025840
1.0467321826139226
0.6474044378974073
0.8233503831681175
1.0584246778254998
1.0927204863404132
1.0952250461929733
0.8205851700359841
0.5351162923285109
1.0943239129652782
1.0678669081568872
1.0854161936538387
1.0976679789893433
1.0597764707505706
1.0863674284863822
0.9383860959148720
1.0790544271921303
1.0957876620006359
1.0957124827273286
1.0678193411747949
1.0951143010927515
1.0908189348730921
1.0692546062070489
1.0355940612107462
0.4284565413258365
0.8442982974185274
0.9819535486289499
0.8718883544202802
1.0656804294441762
0.9106545529512586
1.0744014628442293
1.0924857724215489
1.0970244626725474
1.0939859316808165
1.0936625069266350
0.5724837241620429
1.0897646402113779
1.0871891154455611
1.0526701446091338
1.0852438280974184
1.0075717615815740
0.9846221561652000
1.0921294999356319
1.0528324871256456
1.0285690490185946
1.0391675146554769
1.0645978731014452
1.0919372823100313
1.0894171592849511
0.8815269857758505
1.0979059989411628
1.0924747880353121
1.0786349828546193
1.0927810207110471
1.0844194472890869
1.0671797474342144
0.5410311878039176
1.0883513241868614
1.0792644455759717
1.0941212071359459
1.0709905793770713
1.0765838233079847
0.8075278067721061
1.0739386603863577
1.0912551549738336
0.8444037006566157
0.6707647914480589
1.0957835718877580
0.4212728580330319
1.0344856077090323
1.0929147385483813
0.4280736621966091
0.6116041567525022
1.0960586132852403
1.0766290997663497
1.0958662769040872
0.8592905356576054
1.0823425405989524
1.0615777566027733
1.0945764335176054
1.0945936222033161
1.0872076726699993
0.9602158334198816
1.0955791009523741
1.0855007328888477
0.9577652533885317
0.8534724681465631
1.0961862745131561
1.0643730065350727
1.0759071858454883
1.0409546521680997
1.0841391434445913
1.0924017730956650
0.9428826257526540
1.0957796699840239
1.0898089158104052
1.0121355852063054
1.0925868211881220
1.0916331251878471
0.4804212628275032
1.0970520217066122
1.0462556687475517
1.0969581034432478
1.0971800565191592
1.0654793605061703
1.0426755486933799
1.0923050702745571
1.0975118168965292
1.0836761465625893
0.7441048478350075
0.9719301108572937
1.0577586057283115
1.0934541979968964
1.0860441127211482
1.0851563543476184
1.0964330354872176
1.0835925502104513
1.0930910144796828
0.8717687184563321
1.0281374521688982
1.0493331545394062
1.0749987702577757
1.0816292684056912
1.0939891724424344
0.8579104664171215
1.0891521429615258
1.0957618664918096
1.0789542172836599
1.0932908430064217
1.0965548244646985
0.9804155362118334
1.0951127147716317
1.0028354875031917
1.0922295528794694
0.9827068675641358
1.0766936602265329
1.0926496594627184
1.0864523369932702
1.0064866050482637
1.0911163415795955
1.0695144352610624
1.0957608090949986
1.0390168833368096
1.0967272636117069
0.8979424864400973
1.0629717441088027
1.0883171066505661
1.0068359795101998
1.0827374420511173
1.0739505037171584
0.9051173217261546
1.0703427453338692
0.4213077898949260
1.0967758962246714
1.0554987673111440
0.8446596897839166
1.0890668337350440
1.0205584665590661
0.9032646970658715
1.0909601804526194
0.9833719398503118
1.0749952708960426
1.0413101146750114
1.0212368160246872
1.0628342492744027
1.0392637348202289
1.0970207449431362
1.0923665541005381
1.0173041575519319
0.9730876574064976
1.0950443394509626
1.0976473241062084
1.0772608136783628
1.0791426473598502
1.0022720471812183
0.9110775853028990
1.0875696978601146
0.4460117054678319
1.0522369821597877
0.7403964311743545
1.0931894646111657
1.0538085456354920
0.4744310516370815
1.0798205288460656
1.0971465978869470
0.6534776191582974
1.0988851056476878
1.0766927240106232
1.0778926107752811
1.0128836841579618
0.9509322197346610
1.0360300779226750
1.0762002519472551
1.0869569353466271
0.9897376403226847
1.0492851971624051
0.8985922283786887
1.0748494629426715
0.9976375707975440
1.0789816517229636
0.8074256314448984
0.3998694131171235
1.0872495914662337
1.0987007496495047
0.9517673569226799
1.0909338211120150
1.0977434214299293
1.0947559755595409
0.8660566386589903
1.0173616739461266
0.9430362133517174
1.0927591278961866
1.0908764064197922
1.0822028698723229
1.0841365181747800
1.0971873425563035
1.0819265677704946
1.0834459189620151
1.0963263114264008
1.0452952060658096
1.0916436515271153
1.0849577752362662
0.9947726736138475
1.0580381318144962
1.0652685923883707
1.0751802442808787
1.0902710923770103
1.0516709926046344
1.0887177741396790
1.0948755618805437
1.0721781513677233
1.0708213904187447
1.0952124764220244
1.0856041950608848
1.0696418135573280
1.0949980780144934
1.0777548603802225
0.7812656493578508
1.0891792952378438
1.0863947902029540
1.0972209769574848
1.0961682124146972
1.0709616523606993
1.0187201134382162
0.4585704111887341
1.0974756100108323
1.0305729318644707
1.0557454710663909
1.0765049950778456
0.9209322211333490
0.8633776059234883
1.0802356050463862
0.6099949012105994
0.8980178303576739
0.9491649162117410
1.0917172090815357
1.0281854607218721
1.0986891916972266
1.0967979828554832
1.0905827957188512
1.0901783538086511
1.0862754079507178
1.0387633622449921
1.0916504376897678
1.0646857671050431
1.0086078676200398
1.0927179969315521
1.0849744275559721
1.0902697844237466
1.0172414153085123
1.0866087646367921
1.0531903378169363
0.7533956810852833
0.9176559812545175
1.0891694906740323
0.4572956192630754
0.6605762797640465
1.0549967235249846
1.0944099869845212
1.0952784936651145
1.0856500669765397
1.0939627967865142
1.0667809322010111
0.8175946410826691
0.4777734975197289
0.7269801524683208
1.0889730106815971
0.4647931613275136
0.4428815043835714
1.0913257273926076
1.0932379762487103
1.0393806309318010
1.0924085953228810
1.0922692053263510
1.0892392403972155
0.9926387615200476
1.0970624173170931
1.0877504321236759
0.9077653981004792
1.0973612938695088
1.0832617250622418
1.0907340993537036
1.0693115250855005
1.0792427182608371
1.0495758626699114
0.9550666197363692
1.0877689213174104
0.8056517208998545
0.6941810898602641
0.6220368335117591
1.0299546934227990
1.0899456978296604
0.9512153699283444
1.0870072516381937
1.0666432876411767
1.0920255698986490
1.0932081615211917
1.0914247362945686
1.0902325385378948
1.0847360968744002
1.0871906999744905
0.8393825991561036
0.7883572589237682
0.4418232188504855
1.0896380318842922
1.0943241478871812
1.0920100573368885
1.0821671347351853
1.0499658593019521
1.0906243293220110
1.0944039251170550
1.0019927851269184
1.0909906635793305
1.0862914151241563
1.0930218331579165
1.0886023319518350
1.0482675595143698
1.0454648140706688
0.4937591047053239
1.0794620283038197
1.0889662442966566
1.0630723147149577
1.0931493030173114
1.0963461746192771
1.0892145334673984
1.0972003861838986
1.0925670676224937
1.0933307528265730
1.0847625248649304
1.0877381184288228
1.0849804685621587
0.7181971839162086
1.0953488772075557
0.6422033430887156
1.0914468948131812
1.0823935843220260
0.5953772019102420
1.0921246675427236
1.0957499986808417
1.0850635874924750
1.0851161602433375
0.4806630459999632
1.0843307088866099
0.9373024649966308
1.0977214055591193
1.0877526942040769
0.4799678420963934
0.6055526738090793
1.0797959371790429
1.0722286147353073
1.0888414773967516
1.0959386101346167
1.0483900092178435
1.0904875157992320
1.0937421807323631
1.0654503400543243
1.0871969011268390
0.9586324258397462
1.0656836739473394
1.0945507852414016
1.0962917075917253
1.0894598369688637
0.3962056265018404
1.0931692106376973
0.9651750598310238
1.0895958882962626
1.0807977161116100
1.0615569676075784
1.0786832642269735
1.0823552787032327
0.9524373396110515
0.9628199518281425
0.8178841423367986
0.3965198553973129
1.0907433621690830
0.9777252539369728
1.0789156048654878
1.0758379894145780
1.0642143699767570
1.0933802477425334
1.0848535575810332
0.5435639735946058
1.0655509645267347
1.0983930604106524
1.0646151370486483
1.0975699837343746
1.0764978752436345
0.5988973938299370
1.0977318007714307
1.0628497702259505
1.0740385611731420
0.3967014924582955
1.0862933113167133
1.0739976112718197
1.0639680195200436
1.0783185708935723
1.0632146382802277
0.6847653804216023
1.0978967621879547
0.8733043404208733
1.0918075466399781
1.0952396476191337
1.0946992792530965
1.0792582108789919
1.0843221358983033
0.6589846724264278
1.0917496955978510
0.8767215084237915
1.0906338343720150
1.0968090482326975
0.9327399910595486
1.0786107618038678
1.0931740106843941
0.9344154974202151
1.0939726610095903
1.0926018411427716
1.0907763142737616
0.8230959271736639
1.0928351619815708
0.4090251955978164
0.4250564867338802
1.0592759560436749
1.0878667684353946
1.0950017119644393
0.7039819418106640
1.0317181122646855
1.0975555132799737
1.0606743843210724
1.0844643081212706
1.0970699618386335
0.8411067234116756
1.0837747998236529
0.9850098346987242
1.0477758256567831
1.0901916642792224
0.4057667064929937
0.8295713972714315
1.0972377488818996
0.8572571923660310
0.9032814529384786
1.0864954045624473
0.4895288000821302
1.0969451341497904
1.0734354216151059
1.0075333123430674
1.0737625715949100
1.0947886029400709
1.0260940916252579
1.0908088383265480
1.0925788458063821
1.0718170689433024
1.0635703483942665
1.0931269275215141
1.0944866872611481
1.0901785846954763
1.0976716023196051
1.0696562727309811
1.0887838602812832
0.7370980699834501
1.0887134871511752
1.0516833812033191
1.0860881902137358
1.0876254641327674
1.0961312409078248
0.5287532830321995
1.0739513681887036
1.0678874868350108
0.4432332923928040
1.0946773823599920
1.0970850538644423
1.0944927957542254
0.9965966746093833
0.6214609473378807
0.5520116928936523
1.0961013690288606
1.0628645868847539
1.0884971551709337
0.9450840855662056
1.0270998023249998
1.0899410209192097
1.0844597770211883
1.0438420915310458
1.0863879408980026
1.0919499332664095
1.0863238224174738
1.0795032872143961
1.0953773749265558
1.0856728125448321
0.8644979011867913
1.0766276083009911
0.8366123065628681
1.0359208669215541
1.0499215145549345
1.0858218710567957
1.0942862682552519
0.9620971520950201
1.0284842005345576
0.8877878682013628
1.0958982171559060
1.0901975295255444
1.0972091938190547
1.0879413465872247
1.0952317303297701
1.0936089493918677
1.0714950550759115
1.0651773752070093
1.0615303315804880
1.0791589018769394
1.0987713895542426
1.0967666193406762
0.9214321679051074
1.0583114794525912
1.0278118873454745
0.8617826870970686
1.0947535434129132
1.0968079707230454
1.0937632312566321
1.0767635576877772
0.8093902478958827
1.0793304205127858
0.8150804499786916
1.0939116728987064
1.0846319781332392
1.0987718934415365
1.0921224987897575
1.0844426177387589
1.0979029351668517
1.0852013169168881
0.9722887835043271
1.0965175748651497
1.0979406496843742
1.0976657177076485
1.0086209236341186
1.0904914866849122
0.9027333430619446
1.0606024060556158
1.0921285897695370
1.0876173826474560
1.0747922133688255
1.0781370155918710
0.7860834771558601
1.0940249493015948
1.0972511373293792
0.4007528848833642
1.0895421811464587
0.7147142817291278
1.0965453618898200
1.0785958518752550
1.0777771029910030
1.0391179318516028
1.0905026220395597
1.0983267718133058
0.6925127359906917
1.0797588928008064
1.0654878322633794
1.0939062227636906
1.0884212816621059
1.0975193288333580
1.0499983341969614
1.0724601869845736
1.0966229737103326
0.3966145875508010
1.0944136068284709
1.0713372029793138
1.0902325583149053
0.6588640012835547
1.0760319842084189
0.9449778727979492
1.0853578841458740
1.0690719759436984
0.4803820652426122
0.6566884172271368
0.6880013576755868
1.0908041270847644
0.6316235360517357
1.0972871824173693
1.0857722714134002
1.0968655571502541
1.0046863765324776
0.9742450926830407
1.0686103691448436
1.0909634717171288
1.0528275839933501
1.0841693961693597
1.0745986172124933
1.0214977164179597
1.0969548301550704
1.0860153056326984
0.9669328725220061
0.9390178978694068
0.8869997734328129
0.9229499002644171
1.0940439343649080
0.7637101282968336
1.0700660805065603
0.9724097049056531
1.0955270590340029
1.0118480912481831
0.7243677512499378
0.8131906504195376
1.0963373469618956
1.0895049403388815
1.0708847704404845
1.0059202611788527
0.5086780039807676
1.0780752843323596
1.0354924045818565
1.0291661809689570
1.0620972834421414
1.0829323780659048
0.5809428032850371
1.0969985094904260
1.0729551846727152
1.0778448073998315
0.4483713796818193
1.0829069848492641
0.7324662746120822
1.0761281280652908
1.0697609240231749
1.0765232205653197
1.0457449853994367
1.0645911192167326
1.0304781522079938
1.0927298921361599
1.0888383792305563
1.0499579884443437
1.0968815789735669
1.0975936320867483
1.0157177143588991
1.0982669604148259
1.0939942782502816
1.0819208146981656
1.0848734299606833
1.0332447957316968
1.0935914390481871
1.0665011217553431
0.9786737323963288
1.0918134336608096
0.6089722542671795
1.0782930979329377
1.0913623117770432
1.0881428320930364
1.0957480773629773
1.0155768840130959
1.0917607906665685
1.0185250407871465
0.4086219046755177
1.0866468052911069
1.0629800486042127
1.0571090581947351
1.0909173298335793
1.0848897384602221
1.0938155752972372
1.0325734131579305
1.0906984667457524
1.0853090179514913
0.9282864237244152
1.0490676937989467
1.0939692482358114
0.6122909117299907
0.7015604024844869
0.9154153094004203
1.0955455550392772
1.0933650899633445
1.0301626055932178
1.0878255530806364
1.0642911529302568
0.9530035256544157
1.0321037620876616
0.9077090218109252
1.0588520886396846
1.0955584476938418
0.8017368549853571
1.0151471985411378
1.0908983175436955
1.0952495516387648
1.0648799162995231
1.0025698303793620
1.0515683699516081
0.6634009799289186
0.5882213041318868
0.3992058379038978
0.8703105749960798
0.9725915915042874
1.0945490988980877
0.5565537666331738
0.7752343017024917
1.0982925795476610
1.0627690382663932
1.0949719408923819
1.0850961954386587
0.8517850363209173
0.9756245822525926
0.4908850448595541
1.0926680637473780
1.0904690761656892
1.0574941265454978
1.0862308176229780
1.0435496125427421
1.0945421272541520
1.0842697787988205
1.0636037386068193
1.0938034708982720
0.8230261518365838
0.9555160287809707
1.0944276447605332
1.0935945169746455
0.6039352024427728
1.0742698802201238
1.0858881461055894
1.0544076612235855
1.0119845055043291
1.0572147250588639
1.0184964907709768
1.0904167114297123
1.0932683981322424
1.0641224331240027
1.0721664495476371
1.0913498221471625
1.0848426152173891
1.0983042162258323
0.3959200334549790
0.9986370241412484
1.0047059814875976
0.9002984178221707
1.0538258073135434
1.0989490923600997
1.0959349196710191
1.0937716389938097
1.0828623367185461
1.0833601791289997
1.0908237184950840
0.9251078122399853
0.6915508615170090
0.9883148136127293
1.0952514347374023
1.0833845900621999
1.0970824070566996
1.0501006201796075
1.0795775795670606
1.0945358937373892
1.0979732916056502
1.0930688694297543
