0.1478375786533460
-0.5304588780709451
-3.7373279384333737
-6.0476468386930069
-2.4427523682421874
1.9315816143788602
-1.8455226654929371
8.4191496295678956
-7.1895085777943581
-2.4141689052244506
-2.5396150070331727
-1.5767541863195820
-0.2408874595711550
-3.3976696708961382
0.3635321143487794
-3.9095953660162257
-2.2381439241165300
-3.1104734308347761
-2.7422129094801493
2.1549482423621735
-0.6370417738649844
-4.7897992183568956
-2.4246023774029593
2.8675951883392976
-3.3009383818653206
-9.2799649443526668
-2.2851197480827787
-2.0782745807957901
-5.0454370272011175
7.3402900094582204
0.2357462594953789
5.7188529210023304
-3.2978692964798069
1.7469389484343438
-0.1402664999888778
2.4831061358169708
-0.7970014169368473
0.3602381507196935
-1.0276108946065481
-0.2344379800705377
-1.1195310964673966
-0.2836033271942764
5.7540914116666118
-0.8674482403469550
-5.1156801618541747
-4.4742755268452488
-1.3135033208778135
-1.3272782502753393
-1.2732092115029991
-4.5995898606727827
-0.9354300937647232
-3.2096478020832282
-1.9951604088896293
-0.0889969187574542
2.9680747714128950
-0.2451711687894863
-0.5889737189879849
-1.5311151853956897
1.4003441513032415
-3.7800220371367317
3.7857368398961424
-2.3997404179667390
-0.9235881761320153
-6.5159074172253089
2.9944728708325949
-0.8371515034672026
-1.6836006132717738
0.6570081593371058
-2.5210843421812710
2.1797818933772444
-4.1825557015020109
-2.3843035936663659
-1.8376496018181274
-2.0384600412447167
-1.8351232805839217
-0.2044756750234154
-2.7545233022001310
0.1980311945257813
-6.6735675694108778
0.7632770768809438
-1.6991531657673700
-3.3254918853645128
-1.1195658706301690
-5.8762956197139236
-0.8202316185980500
3.5217588438069156
-0.1303982171558004
-1.9749389025645196
0.7599031050332414
-0.8678595786381501
-2.2963907553960188
-1.5744712918862913
-2.2592899056263960
-0.0643845266136441
-2.8452183806220352
-6.3014293537394019
-2.8242212116754990
-1.3861666189562545
-0.0333146850849843
-3.5451744494087674
-2.2648071955358491
-3.8855490550290717
-4.0513805820911957
0.2535479823576616
-2.4160819839773575
-1.4038892041072204
-0.0267539131023721
-0.0817626388374385
-4.3754692174169616
1.2931778515068257
-2.8277468587720755
-1.8879137286853753
-3.1085667675318405
-5.3550408187499752
-3.8210477962939304
-1.7187162558543185
-5.1225583343066550
-1.3397438324780233
0.0311536196193695
-2.0407918569572225
3.6838494815040326
-2.6446891051453947
1.3523282629680695
-3.4087980606361024
-2.2168923645552416
-1.4687644028798865
0.3881026369541246
4.0803815231515257
-2.2252589050331206
-3.5733874480605894
-2.4719266705768317
-5.6957010789053237
-0.9643200029494439
-3.7959048314458821
-2.4350303793470514
10.1000231321845320
0.2254313557792854
-2.3319993891634345
-6.5288705995894984
2.5392761090988922
-0.5871963697350557
-4.7590891272432163
-0.3822414219882607
-3.1520472472427290
-4.6523521617851831
-0.2552607215052615
10.7417829700576100
-5.1477731966827376
-1.0029264141463230
-1.3911602422108404
-2.4276589536639515
-0.9068757738430072
1.7470603849701534
7.9017019566203714
-3.2758599702390185
-0.9994999930898802
-5.3603863856371516
2.9754225450372629
-2.1588860766881686
-2.8956403436752454
-2.2685032567204462
-5.3555049318747052
5.9013360708752591
-1.8654970085896763
-5.5643014040197789
-3.4794221608401594
0.2415892496663739
2.4456560871688175
-1.1070860183574425
-1.8317944595499855
-1.6857672514248523
3.1256923332705977
-2.2391476951053844
-4.7408674327397957
-3.4592849457292738
-1.6877066882807930
-2.8027036424724123
2.4402159725865897
-4.3383766162296462
2.5531541736315346
-2.0556240211829708
-1.0621742650644013
-3.7791882102411396
-5.0758183200141653
-1.3093251482623995
1.5055535155207707
4.3685894507035865
-4.7276480405993455
-0.8329757503735692
-1.3660775446487439
-4.0277282716038716
0.1524449353519299
0.1617506344657984
1.6533235730534104
-0.3425223783435615
-2.7054804979819242
1.6526271328009881
-5.8707834401601628
-2.3210777855755880
-6.6610600451899522
-2.2540823953153271
-0.6619676403584025
-2.2345495996199940
-1.2009410127189306
2.0319479758420633
-2.7616044765503331
-2.2119378452442389
-1.7006361567388260
-2.8757942658521203
-4.6236951105449453
0.7085494777048122
-2.5978181300372505
-4.5793477401961002
-0.3464476476989317
-2.7554797186254962
5.4985180414752595
-2.1462604378644250
-0.1628169684423143
-3.1027443025623325
0.2802583276911242
-5.0958342844892961
-6.4992608467066262
-4.3311177965568799
-0.7437225874511777
0.2625345763605109
1.7198594813306736
-3.6768951631311184
0.8393925702039305
-3.4801285084262190
-0.9712793067335268
-6.3831054719067479
-4.2113022375188471
-0.2173951494390297
5.9220447274635166
4.3482825097184703
-0.8012912681869494
0.0476256132569454
-0.2004580001128424
-1.5792879602685841
2.5439673053562011
-4.4905167242169632
-5.4101864147961276
-0.8394429960918581
-0.8822022283751443
-1.6290630227447416
3.0036292203358212
0.5025820247237460
-0.4309390642697222
-0.5966580404445484
-0.2455097940932497
-3.2018581827244468
0.1704544372754537
-2.0353127856012625
0.5571849763713375
-2.7703827368439971
-0.4164769354130669
0.1939987832875728
0.1190044785211258
-2.1596232184886035
0.0116784167538676
-4.4714415884672842
-0.0149825161292686
0.1580930739801469
0.2684916304063035
-1.2016605995339862
-2.5017109245997342
-1.4859822184768552
-4.2468792013390297
2.6606567510623589
-0.6974637717442769
-2.9188330407993228
-1.9025960381376463
-5.2929633628126149
2.7439143478308594
-1.5743151373889992
-0.1923902213598485
-2.8909553728001640
-3.0750653473860661
7.3926559183994645
0.2767783746105241
-0.3960853404115912
-3.8790289223100181
-2.7989627536679729
-3.4556493013282554
2.7150768038515891
-3.2410296224973028
-4.6418505305628459
0.5328021532903735
-0.3441699888957520
-1.7396439718898860
-6.7251240702907200
-3.0733522466245122
-5.2986231799128518
-4.6940805825612832
1.6928142995697359
-1.0743823081781172
-5.2600254658541621
0.2103228823743807
-0.1140884567941279
1.1025816484717237
0.4377957781963068
-0.5772706827462953
0.4220757843327450
-5.2738091087954881
-1.5170239453817411
-3.5470738662182857
-0.1262460341633016
-2.1569990134987491
-1.4392610025233343
4.7403987387559230
-1.8699952119331602
0.0375402894469550
-0.8618811507777321
-2.6712427270172778
6.2811722756571999
5.9160621434503975
-1.6328309716198099
2.9556310326015196
0.2708690969380138
0.1046937204223066
-1.0926915221409303
-4.8421875607937315
0.0444179673939217
-4.0211084201637721
5.5386283473852931
5.7179355007167363
-4.7524926223175390
-1.4176345041607257
4.0688939564068995
-0.9416353244207277
-2.4776354210394707
-2.1113056118843780
-3.1332564611400988
2.9617443281991829
-3.2827042021463169
-2.1400113168253778
-0.7196225354628206
-4.9859389817139439
-0.3542997768244986
1.5937648129291737
-1.8970642515663572
-3.3241402593285168
-1.0949911202283100
2.2883427962366349
-1.9539514200101766
-1.9327982737222669
3.2629714269990551
-2.1952618432387707
-1.6470018938263302
1.3660815528509589
0.0897116699098037
0.1758669040817767
-4.5003984843574516
-2.6175058258084252
-4.3574233271384717
-3.0852232187260547
-1.4288708345411680
-2.6446252566002464
1.9879526019993632
-4.8205823103379810
-1.0030228134978971
0.4937014617194281
-2.0001105102602983
-0.7184706885692254
-3.6208109784042848
-2.8857952152298805
0.3440287903559662
-3.2766581234242693
1.6089170924465774
-0.1131245557874349
-0.0739673050886397
-1.8139692375751397
-0.4444531547137525
-0.3228297746147969
-0.5134869715704455
-1.9076316023355022
-0.4431257597493775
-2.7216822369993094
-3.3649086791023386
-6.0756719255961498
-3.9948058690984705
1.9522807799825621
-3.1818523120397768
0.1531361561890386
7.6126074669657786
-1.7504323308168559
0.3502954232045128
-2.4582329249872110
-6.8818845631187546
-3.7565732741045892
-2.2530218494435355
-1.5919866180336293
1.9430018641928681
-5.5022083525606496
-4.7536520337426929
-2.2618074503817041
-4.6250032488097972
-1.8156988618968617
-2.9199906704784135
-4.1428912413183117
0.3726314385659649
-4.2257169427200676
0.2579464500182758
3.7290261633121045
-3.7763275974129145
-2.4886678854827657
-4.5076275995253923
-1.3449484087336090
8.4455120462835733
-1.7051199703132347
-0.7061336860055428
-0.6544179204939762
-4.4584234282384418
-2.4056186459623352
-5.4095172296162621
1.0074399901779796
3.6944027037439353
-1.7354263109645904
-3.4417256528292888
0.6059200041742918
-4.9151695048122077
-3.3791320669235434
3.2040321672319485
0.9890647126669109
-1.3292337434391734
3.8587737017483565
-0.6444415226674164
2.4958907738524223
-3.4738199627578861
-5.0344971965324845
0.7897770369651705
-5.4882719218442784
5.0970549208886107
-2.4725124108157983
-4.9983058851804332
-0.0696242908305924
-0.2581041927122863
-3.8948616726007148
-2.7418707971020777
-0.3114321166050125
1.6573941205371552
-3.3082372623723746
-3.3654796605130572
3.4163403179319993
0.6507607460822034
-2.8084458759604969
3.4667228797590561
0.2832081806984030
3.8988757405284451
0.5583407240789986
-0.0127973734832436
-0.4454053685761181
-4.5714848610141621
-0.1342679675086232
-0.7312756486792495
-1.8618274777598509
-4.8620246327262082
2.1449013036057623
-1.4074498209157777
1.7361047417456956
-1.1956520040101186
0.3624639438346806
0.5815302786572840
-4.4925762203851738
1.3125002715407275
-5.7388374184081616
-4.3256562152862807
-1.6486408973396889
-0.0378496664962517
-2.7213398636641855
-3.9204152483819965
-0.3091777659823002
-2.2050532308393263
-1.6613531323013475
-7.4703338689656977
0.3700792112154889
-1.0440706905893142
-1.1877981203113679
-2.1612502951979562
-5.2217063676749218
4.2133667869727267
3.9139880098217823
-6.0025806557382886
-1.2132649185991309
-3.2068235874034374
-3.1371744393332985
-3.4915142210056600
-4.7078876018446927
-2.2029013784812261
-2.7413468213764207
-1.4690080281349147
0.2117137902452375
-2.0342701796894977
0.1962687157855821
2.5186319068480665
-0.8863347004170904
-4.3660281226205351
-0.2744512371805391
-3.2642834982441893
-2.4608843468961981
2.2337690086937898
3.6750134468838280
0.3701221081300003
3.4640991348537353
-2.3280967021252428
2.1847317986971437
1.9122062098068986
-0.6698738031803455
-3.4538185580341461
-1.2919953390781371
-4.9585929981608761
4.1474954110468980
-1.0162562577580299
1.0890754663511475
-1.7145029153556970
-0.4581563547002325
-0.1028433326791766
0.3724871893152960
1.8810392977746495
-2.1727906639197938
0.6404661729816075
-1.3828895042297495
2.6298733458483361
-2.9163134877276184
-0.3076242486226611
0.1815409074723112
-1.0000970882582740
-6.9012390911663779
-0.5994515195929959
1.4091934533245147
1.7900562491324072
-6.1707726111148142
-6.0480899407529041
-1.3689624576156814
-0.7850920454532938
2.3324247703565946
-2.2539286184585592
1.0209519650116874
-4.6886533029323667
-0.7303872703758656
1.3331939581193197
-1.4269627965283336
-2.3803951406708279
-5.5063723458558025
-1.7907373841333676
-6.5893059994549867
-1.3661901480064407
-1.2325120298554297
-1.6480065424762851
-2.5542949684531413
-2.4985020553715174
-1.1988389833381001
3.3915015557352741
-6.7731827242628935
-0.5587550277277669
0.2872603983105966
-1.6432445839480476
-0.2141221835225220
-2.6266828708743444
-1.5375364030705896
-1.3511430640450872
-4.0612657717470499
-2.7170753331375641
-1.7529841215698789
-4.1193834529205304
-0.6660116592344403
-5.0483888344795682
-4.4653331882503169
-0.6020434279662950
4.9505246610678899
-3.3236749981728022
-2.8669102760609104
-1.0657151452088307
-1.5715817128840799
-4.0263240131708242
-2.1149949431673276
-0.9675143829268626
0.1771985962943359
-2.7297570356908949
-0.8452168905437987
-2.5580656818395990
-0.3587990184683129
-3.7399703866630021
6.4416136892974274
5.1463970092628131
-1.9432617980850675
-5.6819362359244172
3.3040930441000653
-0.1355574622989713
1.1296663205076176
0.1933017581640124
-6.1184568964494170
5.7861880952513900
-0.3088249918663417
-2.1736497261079673
2.0436711102075988
-1.2963950455364537
-2.9733677987094431
-4.0486266942733469
0.3700751361711905
-0.1642109719942815
-0.8597905397403189
-0.4069608897528894
-0.6297514203094186
-2.6032320048300481
-0.9205907336042186
-3.3027862864730935
-2.8519354823617054
4.1251663884369627
3.3587467011416807
1.2525541080851772
0.4688439151141645
-4.3766274351536145
-0.6817582770223699
3.7740423743461946
3.6347726741358581
-6.6709501254030101
-2.2387957129786793
-1.9534426931281648
-0.9613508737656800
-3.1211660303743334
-2.8423399245438525
-0.2768109011834329
-1.6316251219488513
-1.5760782013556522
-1.9907979734041694
-1.2471211240541866
1.8060651374977470
-1.8180362676546780
5.2491532234005893
-3.2813631285079250
-3.3242897000515779
-5.2834062440882583
0.1721802003900892
-2.3029011859169732
-0.5285457849532268
0.0170404996512351
-2.7318621406368715
-0.4760713086130867
-2.9058962648882711
-1.7258164526597701
-7.8436159782842356
-1.7552032021220991
0.3680424818706831
-6.8814559827048383
1.6851631919043435
-3.8420805801939744
-3.6335430545269789
0.4511327414172400
-0.4163093649103868
-0.7555495195977857
-0.6924012064103779
1.8959046912776607
1.2801721106246307
-7.4413941328169884
0.1621403141867533
-0.8147198369847535
-4.9871536228640352
-0.2063398095922243
-0.5726523321848320
-3.2580897851881967
0.3316028655755386
-1.0057310207135637
-3.4265908189341112
-4.0982739558747978
2.2860149715468880
0.0294593814865522
-1.2995323630404385
-2.5370839621312502
-4.0391333361190105
0.5008747385668227
-1.1460505507297594
-2.0375694846289392
6.3142781298472928
-0.2941955690839559
-2.6187587343724945
0.5728402487759201
-5.9898369658265000
-1.6955412415056133
6.9459186070962078
-2.0253462224841541
-1.6626521169920516
-2.4941307509178907
3.7528565920694081
-3.6333968728447941
-6.7666433031115956
-2.0051856708636198
-1.2134045718930671
-0.0259629452528721
-0.4282472446537516
-5.2210296086357300
-1.5717297334893645
-0.9365706604477553
-0.3051856819482604
-0.6551411213184504
-1.6532522071734650
-0.0333457074324266
-6.1379420089326242
-5.2570275262003054
-1.9936141028566958
-3.8860320857560282
2.4442462475244664
0.2945673957383061
-7.8814614842492929
5.5172247010697717
-4.2939800976325584
-7.5341105555689332
-1.9659646883995672
-1.5004281326067346
-1.0810473234347195
-6.9997671469203908
4.4025765247652258
-3.3480973931315310
-0.2329873212615941
-0.4388019855893306
-2.6291649611833035
-0.9326658094348186
-3.5281791498304984
-1.8509417845211775
3.0786325132120180
1.8634025010583706
-4.1709887214122014
5.9736945695869235
-2.6276114420746501
-4.3145289500099571
0.4384123867804190
-2.6017793401382785
-0.2371703105603715
2.7737610510029400
2.2728023828875625
0.8681731776123063
-4.3626717124429586
-1.3141992817546868
-3.1204448516912615
-0.2166853331935533
-1.2023449086790483
-0.8749552194026077
-3.0475650323627907
4.5675727581679784
0.7391343125799098
3.7649649336596669
-4.6658211731786201
-1.1469584897563301
0.5874971414405261
-0.2948696784763522
-1.3827702809831801
3.5063287685547402
-2.3316037127268863
0.0242147193081301
0.4163876137552323
-6.6726807993159758
-3.7741549245764801
-5.6031622283734590
-1.4613176543626312
-1.1370194451747926
-2.0858699830357343
-2.1532513693174637
2.2895437761003392
-0.1766013465969625
1.1192932367359878
-0.7216828752252276
-3.1773782869192844
4.9645791866413909
4.8640035726592341
3.9208155884622111
-1.3520857127961328
-1.1206944596423207
-6.5455350480028880
-0.6644512417134268
-1.5307812868865738
-0.6068438550282630
-0.3487898597002438
2.4828340707901533
-3.7972820430200214
-3.0394857063960363
-5.4427061536360615
-0.6000441052900662
2.5373088719852896
-1.0554476677614788
-1.3932691940192019
-2.5135020443753686
-2.4681224183278845
-3.3195528649371839
2.8462352066122034
-5.1784292612124316
-3.6676046351491536
0.4939446066037290
-2.5286220782578130
-0.5719667553013077
6.2656565346039610
-0.1845894332844229
-1.6917349138486428
-0.5318769271449081
-1.0145945953952207
1.2020934816918607
0.6026811982152225
1.3626603636174557
-2.7084806297220383
3.4699239537121076
-1.8758718198937758
-1.1583630206576334
-7.9093170633741483
-0.9413482508036529
-1.6115576285495876
0.4483539244010248
0.6539124197956866
-0.3817738176319233
0.9352865776225335
-0.4733649571471873
-3.2118145300892897
-2.0890103399947968
7.0108995113092378
-0.9270230224386167
-0.5321306727084123
-4.2938509787109158
-0.1436997352580855
-2.2313055073310051
4.1270022936912376
2.0638099034647479
-5.3442590514464392
-0.8823832868185959
-0.7071698977869332
4.4813430338905178
-1.6716342292528088
-5.3065298285150719
-1.0331457497984662
5.7377592348060684
-1.7107820482736418
5.1151497608484178
1.4091561770042453
-3.6667869360981515
-0.1804208432791946
-1.8046844090230538
-6.5521549172367841
0.3119413721310846
-0.6426522130288230
3.7633287281143541
3.0250373490273095
-4.2783998036563675
4.4840398239538306
7.0769659913773024
-1.6630916918645569
-1.7367670260519321
-4.7588045218151178
-0.6734977820455018
0.0070756604681757
-3.7049882903309932
5.9813050031510793
2.3565492904355922
0.2288163909563362
-3.9954593727995631
-0.3632754271572929
-3.0255013089288814
-2.2455175728158818
0.5711258747823733
2.2974163993141086
-1.5552445153456844
-1.3299510497471470
0.0286672442992018
-3.5867830128653457
2.6845208340713183
-3.6413679857486358
0.1323447223537958
-5.6941299016847147
2.0279399583423379
1.8822708579835365
-2.9984464160460300
5.8569794131605661
4.1716507705300234
0.5188212576620133
-0.0104472282173071
-0.6219288384451795
0.3751950882552391
-2.5317234833859299
1.2227619734681880
-1.4272660573943241
1.2417701075660443
-4.0502348670714250
4.8497173410041574
-1.4917363354879161
-1.5456917059774200
-0.0720793747257020
5.3201059564053983
-5.5851210752540412
0.2873078769423804
-1.7026226371826492
-0.3289963149425086
0.0525351507497311
4.3627541218186776
-8.1236311159665782
0.2160909184708756
1.8033213392953349
-0.5813419307230197
0.2638566700636042
-5.6147856990730842
-2.3697803900194048
0.5527420539469624
0.6394822098426358
3.4506769897043168
-1.1239732430142193
5.1166693376727812
-2.4383594661614825
-4.4528723898787925
-0.3313180488756973
-0.9930327226672494
-1.3939714772926859
-1.1866317764217755
5.0975908231954152
-5.4786052333217707
4.6184514781879304
-4.5849503082997431
-1.8695055816268942
-3.1422047259778187
0.5652420617994881
-2.3410145586138182
-3.8995463660839600
-3.2439507190520347
2.3997962443585323
-0.0898995018700446
-3.2933574525227001
5.5650976193278696
-7.1077747957824897
-1.6565582895905178
-4.2515180442152616
-0.4563046820885486
-0.1167057327097216
-1.9920937597968309
-1.4108282392910614
-6.5862333608850019
-3.6438065628792491
1.5529009002347616
-0.6238422058791565
-1.5487373577328467
-2.4847290056591058
-2.2273460970906802
-1.4799637671631440
-0.3974904587180667
-5.0108477578573352
2.0316441774681149
-4.5168420847858615
-0.7597252046668606
-1.5280885356901701
-8.0561810168241053
-2.5090957130470302
-2.9679860012482622
2.0209005252042695
-3.4218067034887274
-1.7764843013998202
-1.4591082213518094
-1.2055402194058245
-0.6288388112262238
-6.9610639852637188
-2.1768477493525156
1.6628298123736831
-4.0921146864146856
-2.1167532114229264
-1.1558250709349693
-0.2197776808409286
2.1602567885122510
2.1249066707823654
-2.8351958446286778
3.4619430701681706
-0.9247685244167344
-2.0792726791600109
-4.4717266515212524
6.9268728342870496
1.2152538206848069
0.1437227146281186
-4.1161368672112779
-3.2712046772541368
-3.6329922069189569
-9.1231681351129250
-0.3078619410444453
4.1294070444074285
-5.7759839911655906
-0.2095941438632191
0.6995485454383648
-1.5715452540039279
-3.5482711004871104
0.3838155322229586
-1.2495595662660093
-3.8852686315195535
6.7213103122311617
-0.5363409377241808
8.1565882238299370
-0.2714328115688545
-1.5938204293061542
-1.3304760188792069
2.6628485275576290
-1.9440296612087216
-4.1834386325117627
0.0704058646879757
0.3263166581493134
-0.4693591691397492
-4.3797759496010586
-0.4495335784328708
-0.5889240169268589
-3.3456223659039792
-2.1902568157356517
-5.6633184694390115
-3.9407951492343547
-5.4386944601275538
-0.4935540644615758
0.2004366194518651
-0.1750022972222863
-5.6396094791682145
1.9368910651432232
-0.6780993631927748
-3.4721783025261108
-3.1406100076498644
2.4163401133323679
-5.3420360899028694
5.5203662720289390
-1.6966776705337521
-3.5974023002531204
0.2813893646092705
-3.2372800194730966
-1.7362916444847618
-4.5342578707710137
-6.5313594990525408
-0.8533702454508408
-9.1801156946200777
0.6056447753168316
1.2733876459394242
-1.5940779843402539
-2.4546638581669864
-0.0252641913950759
-0.4396471631846494
4.4769549522639265
-0.4312912457306904
-9.9818422855207380
-1.2525956689534223
3.1212031750143199
-8.9246445765060844
0.8853242125109211
-2.0784685071787994
-0.8528935406021412
-3.8829420045465683
2.2632576229898542
-4.4091953446970402
-1.5551277200286169
-3.5129294329683596
-0.4638769805009306
1.4592475697245577
-2.6048882493110685
-2.9538360940110495
-1.1782612979010987
-2.1176301641266440
-3.9000843271641616
-0.1766994524169251
-1.6940829733362330
4.1500607500997582
-0.1659912356655225
-4.7205032722155078
-2.9620477614482223
-0.8781845836096417
7.3591216832678183
-2.9269460424640972
-1.7452049405402714
1.5235564743005074
-7.5077551295377276
1.7371187605639653
-0.7988381755075082
2.2432457557211372
-3.0149324758484335
3.2017069982025710
7.2111941676588405
-3.4662000033577849
-0.0820298720980269
-0.7652496418925434
2.9113205141282816
-0.7177534013825584
5.9343512883986635
-5.6569364454079425
-3.4513416887393129
-1.4400963071936266
-1.0849716723687539
-2.1298642091345723
-6.3864929705609619
-0.4400945643247655
3.0589618005803727
-2.0577043641169368
-1.7754003948419217
-0.8032878694520774
0.3185229531904997
-0.6456849946948438
-2.7198625276770572
-5.1654457481759959
-3.3872111190357268
-0.0550784118972906
-2.1604977412502286
-4.4900789424888767
-4.2342325186079934
-4.4960883360203372
-4.0847459577723768
-2.3659327936812624
-0.9143679688808514
-0.9847878964514418
-2.7877978081843935
-4.3998095080949184
1.9323543264847478
-0.4461801822294518
-0.9907480765368184
1.4253487065494010
-0.4877405707929660
-1.7068251909425269
-4.5572529300104661
-2.4831519594401508
-1.4655524626155940
-1.8063182637427930
-2.5657259560199339
5.1000961239381244
-0.4824372288758195
-5.0616360913722769
0.0813547690356637
4.8640926459959708
-7.5556631209731862
-0.4365582837802730
-2.0257347420104654
0.3391683330670858
-5.1467335766513775
4.2698984942668776
3.3182704188446519
0.0198978308758536
-1.3290024199263415
3.4969950849665565
2.2592798964019138
-2.4461587211945934
-2.8880916870888118
5.0582549730726436
5.7985990686680422
-1.0265391380137452
4.1276018890410979
-2.8347234167858741
-1.8101740635454024
1.2290110023134544
-3.7086718907169640
-1.1496953986297489
-6.4311574059311205
-2.5413214755641538
-0.7031484683013510
-3.9048836304772219
-2.6908398955040171
-2.9268828283665815
-1.2671571329985634
-1.2757475795262072
-3.2589099011346012
-3.5702136988382662
-6.3282657866391450
4.1806472762256579
-0.1865213387004679
-3.7953119820352912
-3.8859828647690753
-5.8919891371228230
0.5632323596261651
0.1811497543497648
1.2406181858079244
-3.5037762852087884
-2.8477295113671310
-0.1733654514756179
3.9164497008110479
-6.2110314151489536
-3.9927059809132399
2.0471956233991038
-0.3970594917412618
3.8427771505567909
-0.6098751757669438
-2.6349810878617244
3.9414343045013496
-1.2546506372281114
-2.1381075164435606
-7.0862573340436521
-0.5704495644911083
-3.4013845092776167
-3.5035613437294506
-3.7526588036939592
-5.9663577287783909
-2.2933945886616880
-5.0780681771956342
-2.0338134336475822
-6.9350350763813768
-2.9055296293236306
-0.3438588896747085
2.6602900671808030
0.1530962226952131
-3.8170713412434800
3.1538951582405521
-4.3946702794385022
9.2320740114151736
-4.7422061595014311
-4.4043573834336955
0.4882570071249470
-0.9909293713076889
-2.5294510353060895
-1.2617557564195998
-3.0613533560565886
-5.8578579697754831
-1.8672674910843936
-4.3793390673871571
-6.9840384658084416
-2.2583314976924855
-0.8632375990375193
-1.1681557952243438
-1.5950020097744042
-1.9630920520098221
-1.1449558326721787
-2.7185481233385098
-5.8160593862229213
-3.2576357460098415
0.3311722131744460
-0.6054479460440872
-0.2444823128827137
-2.8571791492363512
-5.3057196851448287
0.0616379035714907
-1.8616141162475970
-6.2804225468801977
-1.8751167010218996
-1.1497221065057901
-4.0645381141512615
1.5354194985269007
-2.8673886525571790
0.2975955438293671
-1.8202850434991911
5.1058546128065894
1.2890152988278520
-0.7258058615833396
-4.2690094769852021
-1.1190286402237781
-0.7800950975205274
-2.6757132293208308
-0.3293594667560971
-2.4780455656489027
0.9307212717392925
-2.1878406248370843
-1.4055937972232502
-0.7374266192057828
-0.4807855943602715
-4.7859182209505162
3.8247834710977791
-1.8738846593990004
-0.2931655784661396
2.7796679499588244
-5.0791279011688406
-0.4916227947263243
-3.0821411140058594
2.3560542665510531
-5.1888182840880743
-4.4910015781680128
-1.0188069809920699
-0.4508422843016758
-1.2679921774809990
-4.2866819061307728
3.9470753862411638
-0.0884690753208158
-3.5201359855519989
-1.2153706292201893
-0.8041319604083240
1.4961283082458403
0.2871721094930496
0.3365511741527254
-0.6798494473957573
-2.6198284772068652
-5.8743166931485566
-4.1863662115554883
-0.1957096319018406
-0.9894059576826771
0.4326660166475202
-1.6631841511691916
-2.6064440895504606
-1.7275099337597379
-2.8375297391411567
-1.2267726327716471
-2.3682698578824537
-1.4937198580068893
4.8511807096540780
1.5032820623352103
-7.9318547209749042
-0.0639587717836382
-0.1445446360575418
-3.1640932245479001
-0.0069233905068047
-4.8157133213696728
-1.9193385322473047
-2.4907099642965069
1.5737539574999890
1.5838257977682564
-0.3472897732807739
-3.9662002599558281
-4.1408361041190629
4.8109474101081453
-2.7184079902148772
-2.0233264315776034
-2.0182854321307002
-0.2715418728838824
-0.9899470627427299
0.4381558886964290
-4.0218667576613303
-4.4329046711469910
-4.6387870192700786
3.7992848441281013
-0.1389291798607148
-3.1251448073321129
-0.0661656275411957
0.4099701115864102
-2.5903674901532794
1.6022636408438784
-3.0675233508825928
-4.1286325389487422
-1.1333424680578423
-0.4338759247858092
1.2163275415607326
1.1922514413966987
-6.7868414474835630
-5.2397190340669662
4.7028013380020974
-2.9334496704846633
3.6731397292796579
-2.3955504186017755
0.1335520258538738
0.9005112708477351
3.6824649292195772
-5.1704817196500743
-0.7980938383080147
2.3261645913305879
-3.0564362373694154
-1.9415257025297219
-1.2127564241593050
-5.3279917934910044
0.5519098961171738
0.4307146889742800
-3.7781222268003019
-1.9052534817604549
-1.0934993765294090
-1.0797431961676762
-3.9603110583171590
1.8372699584376095
0.5289091934256129
-7.1802180294748910
7.9147600207679485
-0.7585581729878239
3.1313478107683750
0.3973090022918485
1.4025812069111903
-1.1634543097569388
-3.3741290850915351
8.0962920119883250
-1.4404126989768065
2.7854659274320301
5.6238562261140688
-4.2440649390189629
-2.0712163454940193
-0.2034337098940028
-4.7288215988720106
0.1012646358583587
-3.8776655835770764
-5.3825177692808150
-1.0088314217072645
2.3059032809631468
6.4065468875523370
-2.4394707068691655
-0.3817307516266005
-3.4376650361399617
-0.1231601682816948
-2.4638386056145345
-0.4368659447590186
-2.4763984530968219
2.5192414698253178
-3.8466448479874047
-0.8039637145387715
-1.7913847221492900
-3.8620768875887270
-2.9828356624158125
-2.9394473130466174
-1.1001411647018180
-2.8608100439284629
-1.9191874437997789
-0.6825859991780171
-5.7739273309414987
1.4969767460277283
-0.4941791324943549
-5.3733545965736162
-3.4770576446521719
-2.7049382118105796
-1.8986454927186212
-1.7579119508062715
-1.0601672495537460
-3.1868060896245978
-1.3228339531844842
-1.2480670255690161
0.1110030868449004
-0.0324303646904761
2.9002240631496252
0.0801598918728342
-0.3255057740739506
1.3368286782784127
-0.9386819688340183
-0.9308921371134109
-2.7471942819468262
-3.5541794380414022
-10.3585556424472927
-0.5679141012950958
-3.4269866675601799
7.7959735353941433
-0.2959720331693304
-2.8367928855665210
-0.9409103869095178
-2.2144296066056550
0.5920303440791556
-3.0507256686516868
3.0314968549326129
-2.5452846297836320
-1.0603193501689174
-2.3411372925265757
-1.9359548775709501
-6.6792628612301073
-11.8041124499771097
-1.6859437935787829
-2.3326158708612410
-1.9213761735137815
-3.9398511209303897
0.4220244118592987
-2.7021176025994924
0.8983397470171434
-0.0599578341566596
0.3523885096211378
-3.1974935166434926
0.3276956875527046
1.6784510114514244
-2.7487140739771552
-6.0872660578634719
-3.7041307014770806
-1.7699415772827412
4.3243900413689902
-1.1557646576121174
-3.4708139914631486
-3.1446840607419775
-4.9040947395007883
-1.0811263913949738
3.0753379682099862
-0.9001411776286808
3.2300548513663978
0.5928076026694781
0.4340328126309603
-1.5302740335651874
7.7884324229097910
-6.4145503726357553
-2.6947344716026587
-2.0109024427328510
-1.2779693423924570
-3.3939055122830344
-1.6259007164902826
-5.1842764563485613
-0.6677771935775774
0.7922170737258464
0.2358894727708150
-5.8157703696785710
-1.6755527812628204
-1.8853028167542638
-2.2402190520348850
-4.6126555869018784
9.1724810193063746
0.2891752368694300
-0.3898728981293232
-3.4628730464487334
-0.0527952478598437
-0.8316192335450564
-3.7004873365177504
0.3708904338227326
-3.9818200825256285
-2.6463524432705587
-2.9111287970167923
-0.3487144376004067
-2.6996305309891033
3.4141822789143887
2.4491839293195046
0.5744443057075765
-0.8346425001574768
-3.6998553354602084
-1.5831607244211947
0.1412843582347703
-2.7880267058497785
3.1693565078290726
-0.7897952309622881
0.2130380523652287
0.0186762064810613
-0.3422288584062179
1.9269269256042458
0.3205095739734772
-4.1971381516597299
-0.8313063031040094
-2.3141370451986698
-1.0203093924635784
-2.7718760381034753
2.0535637958877380
0.5531883297681579
-3.1089592286877905
-7.3994733997277189
-2.0656453525715057
2.0057200983586614
-2.2248415677516751
-5.2186242494561723
-0.1084658347442215
-0.6172341359495718
-3.2164265177364380
-3.8670184353859862
0.9691820124685061
-2.2040149914490335
-0.0777489971310770
-2.5367147412701256
-3.6976254471134595
-1.0492063605955155
-4.4047999192423353
-0.2679177251561998
-0.7718964387608765
-4.7864502323448717
-5.7386021905476996
-0.3745119537953864
-4.8211274763166898
-2.0062281282464207
-0.3452828394194782
5.4296598301238914
-1.1048986686497009
-1.7339549879692460
-1.7571661018508551
-1.8115488120253946
-5.8061817038704300
5.6508440119507251
-5.3372916356947586
0.0752237880170816
0.7808409434168990
-4.9950297153640921
-0.3127657585032043
0.5115913362208846
-0.9338361992546979
-1.4484769683035938
-2.2563307707297127
-4.8707407715696940
-0.5406530846780591
-0.8302623396400139
-4.4984451941151757
-4.6321543281941953
-3.7817976167580554
-2.0678847352621212
-0.3940477075306000
-2.1970244132851766
-1.4996582690498952
-7.5549594451109927
-7.9316678084010634
3.3251442779914431
-1.3475576462314440
-2.2766011185316231
0.9837082036862296
-0.3111810707096048
2.6655872916843348
0.2972427364040933
-0.6495150958553978
4.9001268834321801
-0.5795747755693745
3.3356122540949813
3.5683498305766244
-1.6112582225291676
2.0626766659624325
6.9001928256738125
-4.3312798320305488
-1.4980886656205956
1.5713244794014258
-1.2990568702427601
5.7302100445980466
0.1074725368282466
-3.1956108100936587
-2.9694574558644118
-3.5404813440946734
-0.3639284495471323
0.8875629942226321
-1.9739884187438304
-0.1439482967708434
3.2892102950191524
-2.9866146101098074
-0.0520278226014161
3.6823359549550450
-1.3139569928778907
-3.5620724372255208
-8.6963895891703711
-3.1891399493084109
-1.4033913064467856
-0.1801291087009512
-6.0661633165356772
2.7282087518017319
-3.0191848776932622
2.1747041121966326
-2.7686180659958399
-0.6937059678808012
-0.4150910980889783
-2.8830995749625266
5.0742591531539354
-1.8971312043843442
2.4462002053712579
-0.1379318054916588
-1.0139203458781927
0.6634656690798271
-7.2843355658961242
-3.9403776072335064
-2.1612902382950154
1.1024509394687034
1.3419045437371999
-0.6121108870921468
0.5860745103412531
-0.0708831980733545
-5.1473435750323988
-0.4999818670849903
-0.0833120633497816
-0.3082945283589529
-0.0746859222849582
0.3879488495488407
-2.7780812909527817
-1.6373227282162774
-0.9423550403865000
-3.8273242577470952
-5.5914614939953147
-0.9770554200064412
-2.2840854786687772
-1.0172020498419965
1.3482564343450136
2.5021498637827748
0.6826565961881332
-0.6119106518194465
2.9654853477305756
-0.7123225047540860
-1.3575838488060676
-2.1103607281536036
-2.0151546390242232
0.8270886085947652
-1.7040521031392997
-3.0465155820137886
-5.3953859370123824
-4.8927741504632793
0.3208151593341274
-1.4363483330506246
-0.9123076046300731
-3.4215180248474697
-0.3845971553265484
-4.0459769098321328
1.2176766758601028
-2.3362227597260876
-6.1017128295609790
-5.3714499504107529
-1.6321248178025776
-3.5189084222025113
-3.4031856683144750
-0.1380063144642819
0.5333312979907604
1.4870799558218029
2.7039693464702816
2.0064521659124734
-1.4210605350655792
-2.8422154825388355
-1.3157631518041497
0.0914665626143417
-3.5208604945809081
0.2404656506961862
0.6287001009930935
-4.1693114203107777
-5.2647841158461812
-4.2690480718436064
-3.1580351464891354
-1.4501606301272072
-0.0911121628875390
-8.5498614512458087
1.6989714189541729
-2.9592377287098395
5.0309565392337330
2.8719689785158704
-6.6480510670072759
-3.6626207328868166
-1.1740284771114247
-0.3729850274811219
-1.5655733841733750
-2.7860151123538857
-3.0208312691007420
-9.6335519107268883
-4.3656277343236409
0.1085118917379632
-4.0779860610758103
-1.6708642937979505
3.1077005712545622
-8.4911754147866780
-0.9323497707827824
-3.5788682757828765
-4.9535263148756332
-2.3005902157707174
-7.2669834743622488
2.3997761772850210
-1.9018934376823973
2.1677815560676148
1.5644540600718460
5.2602576739501670
1.4212263872986097
-0.0861043272541117
0.0534327763721312
-0.2755130009743250
-2.0078375152019898
-4.8596539647433943
-2.4130371034110762
1.3897942977727491
-1.8942452242598917
0.1616450550588435
7.4632975804365023
1.2199742532699336
-1.8456558644149041
0.7887901983881195
-1.8471296642082509
-0.4424285866199245
5.0974479795903509
4.2165680794500107
0.6116256857609528
3.6000682401252684
0.0893709515759094
-1.9261445988562900
-0.9525483446063951
-3.0098879435067358
3.0570375635493221
-3.8968731110092114
-1.6363948369977979
-1.3197655150152947
-2.6847302105497062
-3.3897627061360054
-0.3529851822563549
-1.6945003241706968
-1.4660705493860196
-2.1587255251604183
0.0638014433188353
-3.7681938392696508
-3.6214792785639385
-0.5558142476724902
4.8011266328549462
-4.6070565622182702
-0.7103259937028694
-1.4757480059380730
1.1367843445334247
-7.5266133912261139
0.5264255456630550
-4.1621486340472025
-0.2232999606080893
0.6773112330839601
-4.4250979540682209
-2.3590719088936445
-0.9097410517557397
-4.3128617757718182
-2.9873574849940603
-2.9230219852336310
-3.5415395972925459
-2.5623612233346420
-0.7192265436956197
-2.4498511813945107
-0.8996643321467458
0.3974381195731730
-3.3745433029180147
-3.0469350237498118
-5.7076292508137190
0.2592179370471503
-1.4918994094966145
-0.0353711712802986
1.7495135206897119
-2.1929807676353121
-3.3488350728621374
0.1454173747711963
-2.6764640545508702
4.2554635833673107
-1.4368862656046313
-1.7875484561888382
-11.3160154416612961
-0.9413824926633568
-1.7541379082518971
-6.7502815452455636
-1.5159901187790557
-0.7099940828323875
-1.1376608415364129
-2.4380029484067429
-2.2246342293975561
-6.2209403733635007
3.0089150791489172
2.5444850327338191
-1.8300232478689085
-1.7767300425783932
-0.2166824039437559
-3.2874217420426497
-1.0498270685161686
-2.2773945545368486
-4.2872079823844444
-4.1956949420011842
3.6646960817856873
-2.6986240004146524
-0.1811945234646853
-0.4257402493060453
-1.3497078359059351
0.6498827063258925
-2.1395705462603196
-3.5928205522042660
0.3928652364685603
0.4570886629077138
-0.1206220309373543
-6.7758590363887983
0.1908677736782133
0.9405867777444948
0.1955772055013913
-1.8751051058652251
0.1060681997844025
3.0769879996311063
-3.5645088225142914
-4.5321464165997574
-2.3794769313195245
-4.7812437683373510
-5.9165381576725018
-2.1063744506502755
-4.0223016911160734
-5.1314916824531895
-1.8733711937352358
2.6029181469305551
-2.6711135902680319
0.0321454048088513
-0.3470130955513950
3.2651962116324857
-1.0709017243427015
-0.1479732185251059
3.8100296246311895
-3.8120266665258957
-1.1823037006189934
-4.3399363532877135
-0.3229400429273736
-5.3950065352464831
-0.0732998208485438
0.0272344543631745
1.3761013996025784
-4.0736588951966244
-5.4367486059854064
5.2052918793116714
-1.6721531862056493
5.4336592136425894
-1.0348852260157697
4.8570593247384464
-0.0886677598044169
-1.7510753563584800
-4.7221343577379988
-0.8633556030357312
-0.3526670975154513
-4.7702267407699166
-2.5727284981431682
-4.5293075282109809
-0.0272766458902035
0.6347627760264618
-1.6163525429815293
-6.2792348792071619
-1.0834937319395701
0.1280737553576772
-0.9324299136191281
2.4883542202322428
-1.6138061147839300
-2.4632446093639140
-2.1825240391543441
-2.4327067595415746
-2.1356342594521283
-3.7520463699106004
2.1740712675052878
-1.8672296549081733
-3.8397110824108180
-0.4756329366226529
-0.5805214965490939
-4.9809826455923014
0.4907466781191197
2.9813714863868910
-0.2047271091428777
-8.4480794532767902
-1.4673347044458824
0.8662353199683122
-0.5620738340876007
-0.2740812390293813
-4.9478248508243796
-0.8541067118077152
-3.9606139189697163
-1.5274109036154040
-4.1483422858305712
-1.9900208110514637
0.2236650257468795
-0.6280122940222972
0.0305791355830639
-1.7555581534791411
-4.4227378025074948
-4.5808938920940712
-0.7381586214195268
-1.2026455636337396
-0.3366775233949996
4.8653044069990381
-6.3729439824996197
-0.5591567440794624
-0.5345711834835475
-0.5148295536415194
-4.5727203589567429
-5.4620358699662699
-0.3124786595771812
-1.8103595767627649
-2.0987946271675213
-4.4482984047319842
-0.6589392960301933
-0.0285540622262038
0.2235136201215039
0.6014076176098766
-1.4245630490380472
1.2283229252063692
-1.0413659713838823
-3.8856458375441627
-0.5977382395965699
-1.4412971801434757
-3.5134686994439916
2.4487348272983573
0.9998817229568626
0.5976966066775690
-2.9757298016794520
-0.5436874448105782
-0.9100102236713586
1.2341646514080304
2.9882796136542713
0.2289108166074372
-6.0543172015484794
4.1972744219678511
0.0515397996177871
3.0758965758025072
-2.2113096968822368
-6.0242787120377281
-0.1327070785992222
-0.9503944521391346
-1.9611973423951683
-5.4076979954507554
0.4004513064152884
-0.0708481622174158
-1.0144148315507464
-0.2859508097924809
0.3245182131067437
0.6300872098656745
3.2941047756899380
-2.6774037089705005
-4.2308396762270242
-0.9653274370410068
0.8976431792551227
-1.0558840613267821
-1.5152429018894593
0.5256048283493558
3.0044095088729637
1.9495788755845624
-1.9086716203026137
0.8109377973247025
0.1489305483788417
-3.3197712261103649
-0.5472493598158185
2.8535624516511655
-1.2106686864196519
-0.6722146324668656
3.8329548742909925
-0.5869209455740945
-0.3855460262897625
-0.2937086277761544
-1.3256961238993692
0.0918638926320074
0.3072688229119370
-1.3737740766643050
-3.3346177532587720
3.6172697765497994
-8.5426505485390312
-0.6024697259818538
-1.2567020963689219
-2.2714117171862962
0.5668192174208974
-2.0636117159397829
0.2302796186785199
0.3511533242514063
8.9055796725385541
-0.3514821046050893
1.9262630944177959
-1.0241859014753012
-1.4954023421047440
-3.9666452712885878
3.4253560181125282
1.0968024592949583
-4.2824760088456593
-2.9757453950954824
-0.5485269424312432
-2.8543686260379544
-1.6953917826312304
-0.8061530933311841
-4.7873510307634444
-2.5731849220412557
0.7245165861642346
-0.5495445714416228
-5.8096988382505286
-1.7420676342380386
-2.3809479963795166
-0.6488272376416737
-1.4585487438903413
-1.1358410808449462
-1.6506626705621434
4.4478791455373594
-1.8730984720308745
-0.4858127818592247
-3.1898387269668649
-6.0255395323131049
-4.2516829099794426
-0.8193783743518538
-1.6710085102359238
-1.0919828570983019
3.0660090627116721
-3.3151137024452266
0.3667753154799593
0.4077601526043016
1.1702512616826823
-3.2881076253762349
-1.8343697664218210
3.1013203954312751
-4.5277941678072056
-3.0392153712090155
1.0846111420842683
-2.4058265653935011
-2.4030215326036148
1.0773797150615452
-1.5584760297936429
-1.3960251622257804
1.4255044576668314
-2.9203265494897837
-4.8826527094560781
0.3330198046461871
-1.4216969639634418
-1.6324703304340611
-5.9228661476484330
-1.4906084839648166
-0.1356578288979559
-2.2710704696382962
-0.5505192347183741
-9.6545397476717945
3.2590408306209562
0.1758132002650268
-4.3276023873000167
2.3431967279714772
0.4412740673290094
6.0550835558139600
-4.3542550944616307
-0.2827218530027258
0.6626648474339975
-1.0935928938656918
-0.6034995912962406
5.3243113310424501
5.3962985331183697
-2.0538886581167715
0.5653295751533954
0.3918564860907048
-0.0744524867837241
1.5698296652972978
-1.4658208143302502
-2.8705429000581355
-4.5740970794859894
0.0305756299040979
-3.7398157228999351
-0.8600166340069688
-2.8925406486156220
0.0239217268322685
1.5614433529451419
-2.0805002733426767
-2.3497535877315077
-1.1087499639348692
-6.4894908031813143
0.3248982035625180
-1.2481066118858555
6.9963827851657214
-2.7384126169095748
-0.9709787488813608
-3.4672983279125291
1.7362380269184969
-0.4204891415365570
0.1501719779055774
-3.3053098626658231
-5.2235210435125614
1.9236748909881907
-6.7181079654249753
-1.1627864107363073
-0.7048913218808738
8.3212105431345886
-1.8894089063229722
-4.9958663645356962
0.0619220152408306
-0.2768945490880619
0.9961437954755640
-5.7137990362090747
-2.2361148271917695
-0.0411494746288960
5.1051291479003922
-1.9859367252256923
-5.9129466080773705
-1.5180976700574367
1.7952753292291399
-4.3823649481858329
-5.4884976316018097
3.6180884256513761
-0.9267294654640221
-0.4673402502272572
-7.8415603241080740
-2.0558212150854089
-3.8566651050637009
0.1565436463585789
-2.0231368278997932
6.5561077364617617
-1.3756123857844607
-0.6699925576542008
-2.6052673755730469
3.0845555019258177
-0.3112512264710185
-0.3383334040719014
-4.2355885985667001
-6.1582065418529988
-7.0327574450238197
-0.9816353407840048
-0.5745795389383174
-0.1156995913760734
-0.7271880926952911
-6.6073411446630743
-5.8675864631527901
0.0511482400993956
-2.5798059672123057
-2.2029422027911019
-0.2476174900733807
2.5023257437753128
0.2565118079107228
-4.4346334133244101
-0.3682027824908312
-6.8129641292263408
-2.0807836435124303
-4.2853974938153874
2.4721375737463323
-5.8230440203886840
0.2315439908056295
-8.3835749593961477
-1.2819835812216624
1.8546086376477344
-3.4649134876691714
-0.7516634352535974
-2.0099184991666843
-3.0042061493433807
0.9386589002301260
-3.9898224195364254
-3.7208630614999332
-0.6630967740018876
-2.8898834403616416
1.3499898548704508
-3.6278356863119159
-1.4147741123953421
-1.1684695326801013
-0.4636182734132268
-1.3709604814748608
0.1047660482527330
0.4215364820315778
-1.2732448674756320
-4.8410572382533621
-2.5261986859690508
-1.1559604350826793
0.2893608161492051
-1.5995517226834843
-2.9169927143964665
0.5914419778009329
-1.6336773426363358
0.4158589402885405
0.5498297785086169
1.2358043152450486
-0.4792260591612885
-2.8644942892516316
0.4119903006098414
-0.3463562792882749
-0.6999166693821923
-2.6153480268683480
-6.3543266216753640
0.3608428453315752
-1.9050627690748121
-8.5755895607120127
0.0638629143412953
-5.1457594871942103
-8.2546371301387857
-0.0815343293886084
-1.8527114170416186
0.6341543912851565
-0.3458227190987636
-2.7735501567718450
-3.0953596545999233
-0.3911851588605821
-4.0107535718683422
3.9637105881657546
1.0616163539315377
-0.0047756633403541
2.9788354048675174
4.5590189830472729
2.9445197198826145
-0.4782912384807799
-3.6220728611269526
1.9260061435566496
-4.5850051163178405
-4.3062487215452929
1.9770267594394610
1.8949473026827222
-0.2038911245681974
-2.6312050073321993
1.9640308676159326
3.1849562717698450
-2.5737932257337199
-2.1261792954667302
2.4099711472012144
3.0162089791631050
-2.3280994672093347
1.5992637864885926
-0.9685929776956692
-0.2340791447946081
0.6967586733533772
-2.5162317050670597
5.6405580336058598
-2.1627630934207605
-0.9110588795773124
-3.4986422859114819
1.9896364734658993
-0.2999999985947548
-1.6280841701478548
-3.4970897489467458
-4.2898229536923660
-0.6959336567590213
3.2745391033430362
0.0706210535921443
3.5407111972972092
2.5506493824118230
1.0761052958456141
-0.2337097460279503
1.6135686887727676
-1.3208552583216937
-3.8770453324952401
-4.4253572607438931
3.2314129301971963
1.4599316685440695
-1.5627795930732098
-0.9980555429646629
-2.3549296574092176
-0.8280309514351498
0.6537453293613488
-0.9797616234437477
-3.0355725472395281
-2.4087234481022723
0.7293635097506876
3.2834331646665960
-3.7472254290151223
-0.1190099215464381
-1.0270685172807013
-2.4582615782763670
-3.7072643462417592
0.2312913546925949
-1.5084607636781786
0.7499563801627253
1.4417691852603169
-6.9673633936947050
-3.4448894419546323
-4.9107491192572548
0.1531512476468273
-1.6160718760306647
-1.1934209623662391
0.8998652508143933
-1.0984589046888751
-3.4358487334748578
-1.2606632637340363
-0.5618776790627454
-0.2095701481314965
0.4903098091328255
-6.3422276224775960
-0.8613873084616226
0.1753124843655300
-1.5493954252865882
0.2003734207611685
0.2839796550927358
-0.6858405077126488
-0.4795711428190793
-5.4292987065934595
-0.1901697744788496
-1.5468232745697101
0.3542240797711446
-2.2907550841894930
-2.2152867994939842
-1.1208708294163761
-0.6189223028900419
-1.8256043426960928
-1.8519685271750801
-5.7571506096258824
-1.4601007280009701
-0.3445095455938931
-2.7331904781244249
0.0270024014805115
-2.7425022778900128
2.7333015451874441
-0.7306326178520997
0.1207616438940275
-1.1537165479018643
1.6781002728631618
-7.5599737356469268
-0.1227504255635486
-5.7843092595366645
-1.4630312712471165
-2.1003405025882125
0.0120722954935025
-5.5136457802517240
-2.0290077354227138
0.1810267435670739
0.2306726016105807
0.1321236567537366
0.2659799071992415
-3.1987161284400183
-1.1374933152091511
1.7225767448382638
-9.0119795689109470
-1.4194638883958040
0.6799141198037266
-1.7864568938529513
-1.3854148857485027
-3.2116717662157024
-2.8128515308318094
0.0733829424740439
-3.7250354950303692
-2.0644502525209201
-0.2592856933746972
-2.8292778275937893
-1.5451958402465091
-1.5204952143527291
4.3900693368662296
-1.1387819956154117
-3.7782078705832620
-0.1965969313182382
-2.2600825421932340
-2.2979129032579881
-0.5528029399719308
-0.6055542710271073
-1.3890053801932074
-0.5424058160223520
-0.0615245591459025
-5.4633122614796736
4.1851135406276052
2.6261294156206363
-2.1681800072939472
3.2206786911372887
1.6533950107078879
-6.7146115772056794
-4.3306566902581922
1.3098401748754689
-1.8259330462473977
1.3217656954982386
4.6731751600430433
-2.9177170217480879
-1.3066414915292803
-4.6352838092936235
-3.2500262973411624
5.8580568704996159
-0.0424506111830311
-1.0314808581611365
-1.2399093192803341
-1.6498079065138953
-1.6663616488153044
-1.0452718903828160
-2.7851271671320026
-1.6803391332951148
-2.5285399534163218
0.2850150733719866
-2.7816473005765028
0.1796993154439540
-0.0345121920030408
-2.1127833286351034
0.4396993381766821
-2.1765264025979709
1.2482708090285433
4.8724700882506289
-1.8520767624721441
-0.6263840291140927
-1.0675041716640303
-1.4572687003384719
-1.0028454613805471
-2.4813542312892656
-0.6416779721111200
-1.7118143133463759
0.4587742643569517
2.5452686669603328
4.7304200118284090
-3.0677269586255971
4.4883114374200606
-0.3674504983398858
-4.9754112477771013
0.0352383138293732
-2.4897424025075252
3.7805543991205703
1.7280708901064665
-0.0207304080982818
-1.5140153734647952
5.7056021063305824
-4.6400641247116718
-0.6656417861439411
-0.7262947697926772
-3.1573615744537813
-2.9576298743106224
-0.2800217776959208
-2.3499344646738445
-1.0923431891805921
-2.4589152776419967
-3.6649511342434580
-2.2553334462382075
-5.7096408095883966
-0.5711677053106621
0.3014745834157342
0.4972835434780015
-1.8700360668730229
-2.4931198835553925
-0.3332660786028897
0.4919582198771122
-4.0350546316650906
-3.5021766149481488
3.9062686454391429
3.0186157044666801
-2.7745117909135395
-4.3966597548353779
-3.7000712728376537
-7.1294221981212766
-8.5568460667069921
0.0834704386588278
-2.8327691699025306
0.0962481978521978
0.1906726106848124
1.0953473120624848
-7.6260548180323404
-1.5822177071841717
-1.2890551289055225
0.1921920451357577
-3.6455827305526460
-3.5434751988638888
5.2561242335532965
0.1298747437019142
5.4889591997939471
-0.1073974859326363
-0.4214717994787726
-2.4915173269068296
-3.9231750948567643
-1.0618432687299557
-0.3307175385778466
-4.6806160707486182
-4.0414958623841590
-1.4415524149379253
-3.2903913772289664
-4.0881710334704575
-7.1301217084255439
-0.7873682941709511
-2.4003686871386911
-2.6111199628362294
-5.0473270364822662
-1.1425605687532714
1.2766628675766947
-3.5979044420275397
-2.8466868919803483
-1.3132224582745116
-0.6540769071111391
3.6355346034029496
0.0671725845149654
3.1262569012330812
-0.7483123710170858
-3.1782714141323685
-3.4349671941079238
-0.9453743448896507
0.0361863678994085
-6.4378465661862867
-1.8133304122368061
-1.7347803119326235
6.4018410924534148
-1.1821306534289235
0.2043751668445674
0.6120750635685598
-1.0978851575156499
-1.4863639573062581
-4.8818467270782264
-3.0741635989459053
-3.5947990741373483
-0.1994441801649106
-2.0147709856695650
-2.3548849108130860
-4.3284761426311169
4.7036844857904381
5.4136739835576453
-2.5360485629809135
-4.4808488341016321
0.9104243680570250
-0.9092876718052080
-0.6570922189028193
0.3843868103020436
2.1429436916815039
-6.1579761829056476
-1.0220945834219457
-1.5539101814273182
0.7370311548898587
-0.5430360007234962
-0.4329429340368207
-0.0939607264300203
2.7245512797013554
-1.8928093936778456
-0.0017851875753702
-2.8780870050709377
-0.9570906317383887
-3.0112946340222435
-2.4935603822038490
-1.1915312496843693
0.0996907504615172
-4.4786436727780581
-3.5074751040303340
0.4638387346543667
-1.6862959900040155
-1.6214266921207392
-3.1502339602630931
-5.1442334127017553
-4.6414765082480498
-0.4689096866090580
3.0836597629395612
2.6952938326003060
3.0625134022335772
-4.2395361951183546
-1.5120697323911245
-0.6578541861900606
0.4379752767893015
-2.0878808998267275
-0.2237990542487687
-5.5948662065676285
-3.7320016194268528
-5.1929900014127615
-0.4085734390950298
-0.7832777442384165
-0.3722366978086963
-2.8395534619933569
-2.9867323897128051
-0.0291095477960282
-0.0543733009726440
-4.4138873022741434
-1.8272366977409780
-4.6966741561938381
-1.1862974876317882
-0.6120652965688900
-2.5809687081500758
-4.6605702804594644
-1.9692315260345366
-2.0495278945067823
-5.4929915765129236
-1.2172072312885547
-4.7910199189412870
-1.4683639135789934
2.2931968028404182
-0.3670255712671853
0.2766810208664854
-1.3500550714869559
-3.9849687377995560
-2.4153303349299824
-3.7624472292675359
-1.2091652136929678
-3.3898136160631109
-5.9027247847312569
-0.7709716385196604
-4.6581333971681689
-0.2857057578751682
-1.1721928767014211
3.9132715214683387
-2.2776827032359321
1.8649881459009516
-4.2978949159530808
-0.7993473301156118
-7.2016862028967887
-0.7958690099790247
2.1210017561747874
-4.0785213509523812
0.7022152305325472
-2.0735907300745691
-1.3119567467224695
0.3335582603191403
-6.8218423693980546
0.5656762841417249
-2.1861740821347952
-2.5172523500013360
-0.6785226872374971
0.0195260375215469
-3.5078503968767785
-0.8850172812543941
0.5347406974400651
-2.6498305433278420
2.4553767794832462
3.1310595347780481
-2.0411540146480531
-0.1521343370439974
0.3266883440267380
2.8400104417732939
-4.4055906377567950
-2.4411400135260952
-1.3996533525464665
-7.4547936804114228
1.7660576780288695
-1.0344191339155739
1.5341229082374701
2.2404185828428584
-5.9494417940983979
2.8088283248913410
1.7525871229340946
4.3164329638615602
-2.0365347587003471
0.4413573278422004
5.7363004595672296
-4.1610601191333432
-4.0795004145991483
2.6022978729497281
5.0685704017095556
-2.1732242618598758
-2.4384715542450364
2.4941909550360744
-5.3478505159334349
0.2865609068523087
4.3217231499264468
7.0129215286501028
-0.6356385618625335
-5.4971711103154712
-5.8505466455023436
-3.2384364842651339
-5.6933128037043428
3.0030976179276059
-0.2783185096236524
-0.0713178994769205
-4.3837132741704243
-2.5626410767734642
-7.0890194837176201
-0.2211839718951306
-0.5017366886391633
-2.7031771893946219
-0.2003365958494784
-0.6951881617018341
-4.3773303566896873
2.4821204225230664
1.5627064528807333
6.6557907653248600
1.4679828701101574
-1.5864807924932305
-4.0583070066013471
-3.8056466127982516
-1.6113074386647761
-3.9538506798785238
-0.3431598949653495
2.1729905596601129
-1.8245830411069497
0.7641773302004852
-1.1997157931340250
-1.3215686180871502
-2.6544908371404112
-0.6581800849543734
-1.0660718866231671
-4.0801322906012558
-4.8899550107095653
-4.2482715148935775
0.4297186682321659
4.7016925859578116
-2.2955825418524740
3.3530034149437404
-3.2800200728994433
-2.3241322942976623
-2.7509365062080149
-0.5233954128937257
-2.3381235201709942
-1.3968361463932146
-2.6522132112778380
-7.3167676305434748
0.4477414695734742
-5.9575599131564339
0.4855840828426552
8.2561767917385964
5.7439424260679113
-3.9668394214874629
-7.2522130033451955
-1.1659392558575918
-5.8697601642075838
0.0694702143696943
-1.1995975970090833
4.0609523991696612
-1.0727025168991049
6.3185930833669728
0.1824073977948752
-2.3694673388059493
-0.5036743727114634
6.9712629144418017
-0.3798887195517064
-7.0502188901146994
-1.2623960901683502
-0.2628094235136277
-2.4472716309018105
0.9377728771215799
-3.9464207903483586
0.0104206417133466
0.1439615231861910
-1.9137743147429669
-0.3545468638532504
-1.0908700065665737
-3.2352702431946967
-2.2960925464740662
-3.4641341062514890
-4.2171643485758477
-2.6563004642161672
-4.9541729266653505
-3.3603995470424746
-4.4570660696429742
-0.7091872263087582
-11.9234532096562251
-4.5571692133020454
-4.1030760270899851
-4.6843292980462214
-4.9031830629300890
-2.1498770574143378
1.1070902948623786
-1.0686272819243683
2.7351245091040077
-2.6927268727313356
2.3969675246611177
4.2886701900203015
-9.1112355097767725
-0.0258387663638566
-0.6365250516746516
-2.0786942138986695
-3.8344713410031810
-0.5653362112379771
2.5716823919144742
-1.0796288813801671
0.1103696014502836
0.0996115401134290
-1.1042965189766845
-4.0340213491157098
0.6517080197849865
-4.9698057682302741
3.0205449564418134
-1.6317310324813512
0.0389272324349999
-3.0461625025532957
0.2737297131834753
-3.7253209301259971
-3.4676022059278182
2.5194222860786812
3.9749653584106301
-0.0868040311953737
-1.5007525658680838
-5.6489816231507595
-4.5709632953735104
-0.3556432527515876
-0.7306760581435512
3.6427529831366576
-0.9751014085007341
-3.1973033693631070
-4.2304453784852791
0.8702496878831119
-4.1260278913612245
-1.6009097914280064
-0.2387382918243844
-1.9875824170312599
6.5091495568653492
0.3978250866232734
-2.4598495088134218
0.0563149087136458
-3.9446871125669731
1.9129096482474330
-4.2656965752757072
-3.3795739363205373
-7.1256956519544445
5.6161601222014417
-1.4436865313295244
0.7959811060293206
-2.9318186228067398
4.2955893942696859
-0.3735429133183825
1.1960677006043627
2.3900292470271189
0.8856174448885507
-7.3617933995587199
-1.5551696629144671
2.1897751212254168
-1.4007103828494660
3.8927708192180530
-0.3497344338903682
-2.9506222250426903
5.6453329120362232
-0.7607344364997500
0.7481862128634923
3.4178091266722839
0.6943108311099090
3.0434164747267740
0.3434249100043784
-1.9415154854203835
-3.7244025233535476
-3.0380937292650536
-1.7616597682617647
-0.3568318981691002
-4.4598190890495788
-6.5140673621763403
-3.3554356338448486
-0.9491273158028063
2.5991518283548660
-0.7865771095526218
-0.0183892391642188
-3.8297757539717812
-1.2237719112202725
-6.3977285174327374
-1.7791694968712943
-1.4987578969653892
1.2476489246338369
-0.5317452186736985
-5.9079365736748377
-1.6569576086127529
-4.4841735901962281
-0.8813543777742062
1.0881163196725958
-3.9998483592168297
0.2497353249460901
4.1577743644367438
-0.0583451229439554
-4.9478133358180409
-3.0439321136005604
0.1981725410209874
-4.7054433048717064
-0.7099615403633037
-2.6793329121818963
1.4603280140472703
-1.3931059260620462
0.5831874795201039
-1.3255443562412919
-1.0313676576463267
0.2784358094987960
-2.2559831682153635
-0.2679924652731778
-4.2457002907700030
0.4857443112442454
0.2482932661576014
-5.1832499032391901
-3.4170321558463721
-1.3509740095960485
-4.0501894189721339
-0.6461327490033320
-2.7144284591729737
0.0320529562392648
1.6557501335268685
-8.3740399215496737
-0.7901733256003571
-3.5951067867266127
-2.9138140482953179
-0.0047894191698841
-0.8732545604666259
-2.7168124142377925
0.8415423444271066
-1.3263174503085238
-7.6955468223828607
-0.5112044687464240
-1.9903493783883583
-2.9750817284139455
-4.6667208651333745
3.1212649983891065
-4.4561672637378367
-2.1770445281027464
-2.2527163279641500
-6.5408425622595079
1.5288950409862383
-2.4274034824851660
-1.8204638059987768
-4.9052170019266272
-5.0828793804168111
-1.0046253979135680
-3.4123994155433341
-4.5053537902950769
1.8277673750535701
-0.3603930295554217
-0.5556163745404783
1.0940931564160237
-0.5621151117168398
-1.4160609793021628
-0.2523111042847330
-1.9412046398159990
-0.8141755155504128
-3.5034040307136451
-1.7302284906442649
-1.9359330378911619
-3.2741083676333194
-4.7757155086142156
-3.4906317814885384
-4.9941136412861624
-1.2299843168785847
-1.7639424339498981
-1.2830637797519364
1.8931436593866469
9.2669355191787677
-3.4656957681882057
0.6855460603152866
2.0166261756445474
0.8518760633636661
0.1595039879371962
-0.7877281677122308
-1.7011396943952364
2.3059959180847622
-5.3192270582422818
2.8590184008453909
-3.4258622795269944
-2.0684213836289791
-0.3190745279436369
-5.3266519478682799
-0.3442171487129977
9.0375783653912194
-4.3604561657106791
4.6255255353824722
2.0129742254864431
-1.6041178131109073
2.1974975591236632
-0.1336163446585955
0.6494348508679910
-3.0671002509502543
1.7870888563995042
-1.3810764907212807
-2.3299771951820327
-6.2892522887137865
0.6741728341942989
-0.1124612497837881
-4.5761923428737630
3.5086744835806676
-1.3104768830030680
4.6843783910500809
4.2084845876067662
-2.3002761974249641
-0.5815856215792523
-0.2691449773446751
-0.9759493858884503
-1.8085892282715019
-4.1402725887459946
-0.1426029432769647
-0.1774922119835408
-2.4327651608167677
1.7034315444088952
-2.4804321426870088
-1.5943884737196923
-0.3313839817819166
1.6091925035303547
2.4169740818039278
0.0780424681141378
-3.0877394888236478
-2.5345299989792056
-2.9935072606477284
-0.9741564491349107
-0.6613615092195433
-3.0376367443034527
-3.8151635613377635
-2.0599691842704089
-1.2901448210250956
-1.6407307927662333
0.0532591956506061
0.1291655111537514
-2.6068376484962172
-3.2238318594599766
-5.6828660531995157
-0.6354204078166745
-1.4678146014031268
-2.0989915213019947
-2.3627062612572534
-0.7162278342235763
-0.8330298780455189
-1.1951341992045712
-5.0761334314684357
2.6921169525107889
2.1763766483164284
3.9579718997975690
1.2329242650066135
0.4996391491478864
-1.8187733140402618
-0.6319388894149013
0.1115778352700131
-3.5765149064104649
-1.8774424064673536
-1.4127099979383968
3.0841065025139174
0.5720198531530568
-5.0789297585613769
0.3821827673990656
4.0524685723265241
-4.9177095798452051
0.4128499274844672
-2.0685006471815872
-1.4157617739355728
-3.5289637214800700
-2.3287036819232592
-3.8784172897525599
8.4266973313899438
-2.1891250930854058
-1.2617520929834360
-8.5708373938542941
-4.1041842486871998
2.9924182294521402
0.3701416658178232
2.4692493382924283
5.6814263594282233
-2.7878966534898098
-0.3063458359706389
-1.9232406122363830
0.4955046699640491
-4.0108760390793687
-3.8605486845514987
1.8945867923226904
-3.7415385451683814
-2.5569134413766457
-3.5076797975943275
-5.2601147044422003
3.0255165634543655
-0.6745969094247424
3.4164901739020315
-0.5823139407673520
-3.4165221775480314
0.4656650630925120
-1.9361461460080323
-2.8373972264805096
-2.4640690574744206
-3.3179229096992695
1.0045313921911065
1.8402142580817813
-4.4674140358309247
4.1663265233205413
-0.8871017343865393
-2.7228667378250555
-5.5174080976280129
-1.2539573752243967
0.0588677080519647
0.4796094648756100
2.6935230161483705
-4.2666927241965764
0.3820936305374855
-4.5378989069619236
3.1341811391491903
-1.2508365698734456
-2.3711626388268310
-3.9601657795942540
-0.2059599596408687
3.7059974618328795
0.5904903059557975
0.2066207170824913
-1.1491653730594058
1.2189004298338235
0.0959496473660149
1.8214912825086491
-3.8536541883420208
-6.9321219095362894
-3.6360296021043910
-2.0391866127952474
8.0979881544933292
3.2898408958636707
-1.4226738806307813
-1.6699135358588764
-0.3706597742362934
-2.5239312964294860
-0.3120865152301520
-2.3781807362069904
-4.9945400045306831
-0.2806249872854990
-0.9774436619181912
0.1989993249177650
-1.7755221681432052
0.3992153745980171
-0.1648413718190931
-5.7952268353362681
3.7453071298650338
-1.4491367452363937
-0.7348978563724964
-1.3378988195829582
-2.7192279545212359
5.3009206690583204
3.5009390804060487
-0.8658093078376154
-0.6564924215389117
1.2270232533233469
-5.4930916458242791
6.0663189196824892
-1.1772842026762835
-0.5660042889554990
-2.5397613767669611
0.0144421172905580
-0.8168185907585828
-0.8038095019264387
0.4368991536125679
1.0236124480855815
0.1837562434005760
0.5935286107408750
-3.9524921458656612
-0.9835515028846888
-1.5505130412498189
-1.2036842583183878
-2.8225040496796701
-2.9909509887990224
-3.6400549522487839
-0.2840553701081712
-1.7960189166874541
-1.6885608036881785
-1.9293510607472821
-1.7176438697082392
0.0764425517957728
1.1505731601584592
-0.2173944203956192
0.7417424567502341
-0.0464212204741944
-0.7634665260131523
0.4216758551404672
3.0436558560090248
-4.6937185972442599
-0.2472408435633940
-1.1702577783740780
0.1040286706459672
-3.4476519469349451
-0.2493695506092280
3.1798735675715952
2.0694876923516836
0.3738866264303112
-4.2784857788619748
-0.7802653908275088
-7.6101046652939095
2.8423501992615838
4.0192073447458254
-0.2230881489654269
-1.0801627552513342
-1.1763183517068727
-2.4345339652180633
0.1348069270872262
-2.1677843586026793
-3.6097768342678394
-1.6793929152817209
0.4475924616930017
1.4751689069873626
-4.3822974790241416
-4.4698592408590319
-1.0690213063898373
5.5035111911322714
3.0008023347341668
0.0822307181997579
5.4812230447862866
0.2573196347284494
-0.1089074809857686
0.3840454367697243
0.7104017200982835
-0.4037837028260041
-5.0988118566332412
-2.8144208449863695
-0.3834106024599892
-3.9816722334272310
5.5099732694762888
-0.3398777094093581
-2.3494105563790253
-2.7505380897009477
0.3802783322180157
0.1513052250962855
-1.8485686396293430
-4.8581312061684319
-3.2305064077812777
0.2657330413962908
-0.6688078025088203
0.2855729637376179
0.0212820907970524
-0.6103598001643326
-1.5248415769320829
-4.1787532864895498
-5.6534212644706123
0.3627482737216626
1.6843037099368392
2.7454333070817700
0.5083385416226407
-0.2879344192433890
-0.6791259829984115
0.2885159830258942
1.8421440163566360
1.5279407708928878
0.4987233801178961
-1.2268817823352940
-4.7116647116040937
-2.9764375168473856
-2.2028663560038471
-1.9732261081465876
-6.5398426899748516
-4.8651543260887813
1.8714809133984616
-1.8251926264349227
-0.1327570199970173
0.0006350799884903
-2.0952615753617807
0.0166424897563397
3.2870799229225449
1.7992112443693402
-4.7882363273195958
5.7080902811286389
-2.9606418535894541
1.3052773680946625
2.1759572902445652
-4.3424761691026506
-1.9308617442928360
-7.3394327322752124
1.5303587052680199
3.9124402608114663
0.0631369953135831
-3.1115133749052761
-2.1814069622627503
1.9665527588632055
-0.7093036867551494
-0.1442879514771627
-2.3328820658226324
-0.7143722574029117
3.4258850245978660
0.3128987294737646
-1.0047869115467596
2.8462645207622965
-0.1828930396944203
-0.5738004197758746
1.6943479879307286
2.0310116531085320
-2.7759287367594423
-3.9007245880430710
-1.4215105767699177
-4.6030142776859604
0.2115785982372795
-0.6430859620733963
-2.0273751656371077
-0.4653286705299978
-2.2143984483676271
2.8104694728290092
-0.5553058668639979
-5.2934106630724704
4.9897721825046579
-2.4162021952195625
-2.6837195788632711
-0.8307002806768364
-0.8610125838366979
-0.4156369414165798
-0.9384334585569414
-5.8318480944020941
-0.1947246573065960
-1.5847425101353472
0.7593120487546094
-2.6612539693925719
-0.9370910293445802
-2.5208415969673603
-3.4900685574300212
9.1238768502489211
-0.5068593510997951
-2.4539719494726562
4.7300803588483458
-0.9250408250233026
-2.2895344858339106
-1.6264530773515300
5.8606369933188418
4.2000151149728824
-0.7832000427243546
-0.0601551626842017
-5.9500187591528375
-5.7099151222350786
1.5097215419132610
-2.6252338492121443
0.6195636667918801
-0.8670593644970337
0.0867662909652964
-4.1998642958957255
1.8404156053838105
-2.4477392924597492
-3.5095218843472358
-1.9244816057393730
-2.6996145372605347
-0.0706997775477217
1.5587492551128186
-1.6561364811931412
1.4804989697834934
-0.9182459063246226
-0.7633365283284786
-0.4511026528453252
-0.7490183022405816
-4.7767144402176109
-2.4005145388090630
-3.6483297114556281
2.4543597106177502
-3.4728104939409170
-3.7059700306002497
6.1378219463073576
-0.7534700875571230
-2.7239067854935315
-0.3089240465079836
0.2511831151581561
0.0933749555193780
-1.3042200606195131
0.2348220688465246
-2.1842261219193659
-7.2729340257710460
-1.4609462737549090
0.0858844452501821
-3.6407088607177740
2.9969711150056444
-0.2792388985082854
-3.1569124313072532
4.0573082639812927
-3.4153148738085903
-3.1998654087849761
-3.4066577018708881
-3.0863072565792691
-3.1387476917602273
-1.7279736887891846
-3.8420994850038035
-0.0845323065114567
4.2292524542410632
-0.1207602051805793
-2.1443388885017871
-0.1108461627760044
-3.3524022558715938
-2.9804684731091311
6.3365899374290242
-2.2038260469978104
1.2005026903984235
-2.5832512507719390
0.1264228067055432
-3.6739169951048258
-2.3897590408583138
2.6002302570694713
-0.9037035842493675
-4.0975933594817509
-4.1052984154258807
-3.6827429720026319
-5.0592660561890268
-2.6828988095754518
-5.5383734851035094
0.0235769552008838
-7.6218237041830523
0.5488502926110100
1.2859150160627069
-5.1513277070133370
-3.5617400228668585
-6.8095547161212195
-0.0015505154298949
-5.2574185195763512
0.3383439661115565
7.2794822408810118
0.7702557477689170
1.3152732768763982
-2.9148489317051611
5.8528284447713705
-6.5344633254757589
4.4742896819324898
-3.7736693157008823
5.8394017696640859
-3.3944906125156158
-4.1193942345217822
-0.8959369321735464
-3.6761039474743873
-4.2049781649435083
-0.9369987962180507
-5.6238793313032938
-5.0475187679688327
-3.8370939161019910
-5.9182853374151998
6.3452527333875697
-0.0074743049904795
4.0956597076665187
-2.8893842283895586
4.1326511108826773
-3.7613548160308854
-2.1738329553815010
-1.2635805912272606
-6.5647842020353293
1.8577712036389888
-3.1062819600725100
-0.5379879863534027
-2.2296080460124017
-1.0046526351822593
4.4648855256591808
-0.0022543526241021
-0.2160977463431333
-2.0345705844751785
-0.5636912397379631
4.9440269544739905
-2.2867472948434546
-3.6741196261713052
0.2567631843082860
-3.7461060786267875
-2.7918943663602325
1.4715032680398326
-2.4599605013070374
-0.4772620881626622
-3.5084547123900505
-0.6959155756002003
-4.5003699331011644
0.2241240433419908
0.3397325915144661
-3.0690608754985869
-3.0678223754655409
3.2551701629086796
-2.3461230074504904
-4.2534790069110455
-2.3798793909280973
-7.9453827849596976
-2.7055403350393079
-1.1030171281168535
-4.2073199132575931
-6.1689970011059510
0.3639854119428638
1.4662500614383220
-3.6581810782211965
2.6660606971355056
-1.2077840400864024
-1.8030130969784266
0.4627178227056493
-1.0109649001481238
0.3525713504378317
-3.1554193721645030
-4.7240848565342226
-3.0391512239899203
-1.3155450209811408
-0.6210514833753602
-2.8836977752398272
-4.8237163473602971
-3.6858448942325670
-1.1948060242737581
-5.0087292332401594
-5.4850814951792763
-4.0265778740975007
-5.7291840277128685
-1.5753947320080268
-2.5937745378907620
-4.3144023928413651
-1.4149417283591690
0.2147832895301509
4.9034817724684894
-1.7704006064168087
-2.8356116022873872
-1.7402452208715420
-6.3402180454387658
-7.0910424903689364
-2.5918630271716236
-0.5465237635273277
-1.9865854484558561
-2.4611868626371978
-1.5211801882607354
-1.6493805147131837
-0.6593898958675277
-2.3278384652420470
-8.8497039704680400
-2.5379848518039778
0.9091480238135741
-2.4643064106694164
-3.3602961079909193
-6.7582666152933388
1.5919505648929406
4.1002393019760577
-1.6742747275709338
1.8665668414858145
-5.8454138873871546
-0.2013034543557872
-3.6441135317478861
-4.7790110350486712
2.2242541130321021
0.1760221225535079
-4.4129990186346708
-3.3745490341547861
-2.6459319752698502
-0.4027540294884904
-2.4558037861381390
-2.0460165607654828
-1.6496827107022896
3.7030001575390767
0.2594164326011880
-0.1579626159771497
-2.9832034903435218
-2.2727165349792799
-3.9668024242227506
-1.9506499614860309
-3.6462370658251286
5.8878592438974220
-3.1694671304882904
-3.8600330630593946
0.1142326089565474
-1.4149441124596596
-1.5014450497481724
3.5995411270184166
2.9111575468330071
-2.8869839824011829
-1.0976738212837629
-0.2714711221106181
-5.6437125532476093
0.1213786367461194
-4.5470627267457031
0.0641748570488325
-2.8825283988144235
-1.0118722958346229
-3.0880585816143777
-2.0286298413015214
-1.8932638469850389
-3.5181173012955962
0.1546001605273183
2.9406927437302905
-0.8011631534697986
2.4411622626424054
0.3494018774174960
-0.0093153229638329
-1.4596432085639515
-1.8880049719126513
6.1703775783991865
-5.8513758261864588
-0.5002234947685643
1.7144536739420151
-2.1096180782417817
-0.2538008105795536
-1.9798310819401579
-2.3950037128009054
-0.3559164857346407
-0.3637665742112972
0.2811205163156578
-1.9417954609880277
-2.9069177142327618
-1.6467087715621418
-0.2053998780783992
-2.4240836287466943
-6.7034952028771366
-0.8408581379831239
-0.1458050656018497
-1.9590286968954500
-2.2012778703331963
-1.1523896799342630
-0.5002214305735417
1.9455629395784007
1.1705792557000076
-4.4861249679654795
0.1450291660833626
-1.8508133364068131
0.4258215534360927
3.4337941251872750
1.4959776889623155
-3.2819720588644365
3.5120472504546196
-4.6918030990546082
-2.0369073690000898
-6.3524250627322028
-2.3186996458255549
-0.2259522535034482
-4.0836182846425499
4.9073554627820100
-4.0119884432211022
0.3351025246400713
-0.2146034397410841
-0.9553336064215003
-0.2017824062417009
1.8019397096841197
0.0539920975903256
-0.4451076915593528
-5.8061493123005139
-4.7370225615034363
-1.7005385541154536
4.3980420615206945
-7.3818436149524116
-1.9915502394063753
-3.8301193618872071
-1.9548120578243107
-1.8989022594594600
0.6326206074870289
-3.0395357539676988
-1.1863403992358523
4.7159518662922117
-2.2153590213361865
-5.6439471231386076
-1.7593265603575805
1.7736977721265017
-1.1281123979466108
1.6404283606562498
0.3878053714669268
-0.8577149547066022
-1.2097754430775596
-0.0117179045586432
-0.0384147929738519
-0.9040388454165615
1.0303318269116883
-0.5750763928465077
2.8152731020939865
2.5502599352030559
-2.1376006255151756
2.6603240947940958
-0.3120891225376119
3.7793067232006350
3.5582904153561712
1.7755708427863566
3.7653306989674671
-0.7600719546105703
-2.8281813754600642
-2.2975148860712404
-1.5322717591258885
-2.4132288701510456
-0.0882081555872754
-3.3763995993064251
-2.1574162099010268
-3.0069252796089230
-0.4921961289246377
6.1815524214454056
-4.6245508275837048
-2.4153283844073052
1.0760897928787025
3.2365389964625884
-0.3808579969712371
-4.1855724136731753
1.1958600360849010
0.8954212025285723
-3.0581649664249864
-1.2740353469902783
1.8804886718596603
4.2427281386027973
-0.7900174154224652
-0.2831853927554960
-2.5869696321256002
-2.9856588923140053
-0.0302145348419983
-2.3735554197845050
-1.0360303294770243
-2.1792301910881720
1.4008756817661259
0.9293412536355855
-1.0782045255935049
-3.2351719970090724
-7.0007356809326167
-2.7868234126297438
2.9287631835592043
-3.9632404906480323
-3.0930299945546036
-0.6526123660042249
-3.5284171311004702
0.4074420335104147
-3.6092165775744580
-3.2355908941098082
1.8309622100291425
-1.7895467246686716
-1.8109689387069143
-4.0495525870360529
-6.8641837058611239
-1.1199990662602493
0.0611249871334682
-2.7890901499260683
-0.7941308996012002
3.8925435444109735
-3.9878006491441806
1.8620289851721434
-2.3502886205018307
-1.3289987661588105
5.9977053298499756
-0.4550654927125377
-5.9231574570513486
0.8365745843787685
2.4039043615842686
0.7984713976777775
-4.4004988825638964
-3.4821040178005895
-2.3555042183030999
1.6102177961199875
-3.7325692394965615
-5.2306656752703802
-4.4343159277129827
3.0272625822804455
-1.7633427205986125
-6.4681572738853790
-1.6265919086501657
1.6518710074800578
-0.6891655479210379
-1.5582786498299128
-5.2982896880958714
-3.5026251692917572
-4.0165318869724489
-1.3417928454830572
3.1581529092792682
0.3889651940138776
6.0630854304746382
-0.1588793648633872
-2.9691517338434790
4.5175038924222086
-1.8938643131654231
-4.5827317594843713
2.9585807451463078
3.4851164709933746
-3.0315403816618538
3.4925083574550908
-0.6112741292108812
-0.2227550769837902
1.8385557846815050
-0.4356277238183174
-3.7026947938524306
-3.7140941453003466
-4.3910740634834049
1.5809685641813738
-2.7819136366988046
-3.4418692872050136
-1.8032863803646466
-2.9650408154618884
0.1244882469125173
-3.4918255603633659
-0.0996152029691183
-2.4130312007774473
-0.3551943163489298
-5.0339245810059507
0.0071400282950361
-1.1588481272699911
-5.3642023311443205
-1.1214453847988441
2.5878669037967796
-5.0442851187582027
-5.3132513287062677
-2.2146576947748438
-0.2372708478112565
-2.8392398289017633
0.2190193369744949
-1.6595245847969387
-0.5969930806239832
-4.4280271151089865
-3.3419611042621327
-0.6055262861438544
4.1897377960500037
-2.0808290194673997
1.9577532420051067
3.6668047808014101
5.4421708143218011
3.5243512209616985
-5.4508051482277562
-0.5796296527798266
-0.4009754623247534
-1.8713170128481578
1.2417216668603275
1.1352999902992764
-5.7435770554127590
-2.0715804144639636
-5.5504091593503775
-4.0645666673693528
-4.5379960569972768
-3.7496624841871502
-4.0787723244560548
0.4802424014632855
-4.3343990126830825
4.4494944462665202
-0.6129712913232712
-1.7847801188306762
-1.9075411942884528
2.2556491473074018
-5.8655860086163072
-0.2811112533247939
0.5102944480829877
-2.9750884055488895
-0.7528323924405790
-4.0860453110891131
-0.9638457843628109
-0.7103242993641934
-0.4961367912264140
-0.4531456898024438
-1.8954729047329355
-0.9918698102558291
-6.1362253388096049
0.0684066376433534
0.4338496446495897
-1.9317539360689728
-1.5021193845399181
-2.1028157046497431
-6.3391550248241106
-0.6261597999751308
-1.3627940755191938
1.5833053435864786
-2.3738517867955578
-3.6249000161239562
-0.9126279013548475
-1.3249722185906276
0.3501851142635570
-3.0677445238059664
2.3887812244852804
-2.7206822199679475
-1.1725521880644691
-2.7446558667398673
-0.9590443965334237
-3.1871350844571746
-2.4925164689137871
-6.3894081986320197
0.2867920234710267
-0.3162759077557815
-4.5518701643568198
-3.6174426420586290
-3.5196516647672480
0.4422364251694950
0.5274987196897606
-1.3707328600138791
1.3346335038507544
-3.5501483885831822
-3.7128698891781897
-0.7023630080977165
-2.0443684664949680
-0.8827703825136581
-3.9287143341018473
-0.4804832614987148
-3.5235419881176777
-2.0379305373460737
-1.9041536191827722
-2.6280123221982574
-2.3488930578849621
-0.7379064086857249
-5.5335987513933294
-3.8937158356428654
-1.6812610167883135
-3.2740313983437961
0.9186660757295242
-0.8803751720201723
0.6880072343125332
1.7328160242775681
-4.2656311051372047
-1.0002268085942347
-3.1352991162980879
-2.6365111344366543
-4.4104619254967652
7.1124164327720498
2.9143736144117205
-4.1052381122077755
-1.6982875031503237
-1.6616323611421058
-0.3402615440045741
0.6002148126428276
-2.6850209132505616
-1.3741979326613190
-1.6070993617955780
-1.1270859217966127
3.8519621225011336
1.9422739620170353
-0.9624851757617088
-6.0718823604953007
0.1662258562395925
-0.2018219350804320
3.7539902645742074
-1.0910016726647620
0.2836358813324548
-1.6913094065090415
-4.3221116980924119
-1.3122378675659114
-5.4872065818039140
0.0276456588139253
1.2791982618928224
-0.1982964335551681
-1.2069252251044928
-1.4947895253336230
2.3588034970510781
-0.4495550065915730
-3.1227354659115449
-3.6330244459216194
-1.7183439529055486
1.1019689630467422
-7.9594543570291920
0.5682652380871821
-0.9820360940439511
-3.9507380076974874
-0.5277966322028693
-0.4082778964437749
-5.4761039008282593
1.2660591997818407
-2.4886242107728154
-3.8435862251172876
-0.5603486804159146
0.6082449709466800
1.4080833989973174
-1.3835476596508351
-1.5850869732933435
-2.2225909604942187
-2.5961634916091842
-1.5204523938990877
3.9510417041525834
1.8728560004927077
-4.2008583525416165
4.0530282943624893
-4.0760272765497412
-2.8592415926640551
0.0859758007872712
2.0047200477839935
-0.5266499375882625
0.9669706046504631
3.8586189383992160
-5.1274039873448860
4.6898706349280808
1.9721290972916516
-0.8983236470936858
-4.5189698347973595
-1.5428744356744473
-2.0307878601936040
-7.5281675967841410
-2.1493776172573087
-4.3154050083488071
-3.4528888711004395
-1.1526191609751575
-0.5761956589494122
-2.9840352910302230
-1.6595001893419199
-5.5816012037329585
-6.2120318111391217
-1.8255180558316815
0.9443753309521713
-0.1772218802326923
1.7459178226569845
-4.5461493630931811
-0.4268475116921164
3.2084126885916131
-2.3756134894203882
-1.5314225344235453
0.5418026792948434
-2.3631106653814267
5.1126853180756688
-1.5944246729854208
-0.0189128924645623
-0.2518854295786215
-0.7957896418520772
-0.8082078979342373
-0.4298600285244225
-1.1522069612536070
-0.6104652396942120
-3.5493761439922036
0.4377132043635380
3.3361060238642875
-1.0496170143342665
-0.5270550748029568
5.0033102296369059
0.8239956081342660
1.0348373758751208
-3.2671708381627802
-0.7988585037836505
0.3413461598611838
-6.8736576341165376
-2.4305917109666431
-6.5175864123704734
-4.1851327058873169
-2.8247806062027871
-6.1130252177640569
-1.6789338391531712
1.2132979145404215
-4.2285138299049994
-1.1771028373619867
0.1883113301125474
0.2766976096015278
-4.9550618770024997
-1.1497672762954778
3.6758705249166064
-4.1100266971400297
-2.5959887243402462
1.4753464565489460
-0.7710937201010435
-3.2611800762793215
-1.7472682655444676
-0.9682249984750322
-3.5460693237623260
-2.6585612496293409
-3.6552009678960498
1.8053324623655966
-1.0905949785066302
0.0377859650608000
-3.2405491353914830
-3.9554095784448187
2.5076200961287647
-2.8234716586360920
-0.1274766676580265
4.5044757846980312
7.2240135332053850
-5.5090063791607715
0.4724652117441261
1.9216560741903448
0.3576956212569848
-6.6435112591174317
-0.6813174192133765
-1.7675366861557864
-1.9146024937724262
-0.5377403388357697
1.4427523821156305
-1.3790193633366359
2.8605121714971551
-4.3968655373929835
-2.5027588277020669
-4.9193087129171458
-3.7388220272955199
-2.4933336380311064
-3.4853484142861788
3.3105644156418621
-2.2552266745276897
-6.0305650428066366
0.1151412682609487
-1.5997326148944682
-1.5573596426591274
-3.3583563446717641
1.6069384268326172
-4.5551078505578051
-9.0900752934977334
-1.8405451620735984
-2.5741099200111437
-2.2099915903380944
0.0321691795476787
-1.7968374287865403
0.4852546090065324
2.1451057450531827
-4.0338341883604230
-7.1473887902966995
-0.6074820906795644
-3.5107028768247668
-0.1096213640770807
3.5994014693974146
4.2560720641044023
-3.4604569106120224
-3.3782795723746344
-0.1244657779802118
-1.3386914980789044
-0.6558304417977300
-4.6754458312516141
4.9819359597031800
-4.9587953988900804
-3.5864897566607379
-3.0515906188902338
1.5498811102204517
-0.5389259337562665
-1.9372668855256279
-2.9530193853051587
-4.7608456901384004
-0.9838388577679479
-0.7677712280628699
-3.6081864003671149
-0.9803947114327366
-2.8382315203105559
-4.5026135683133282
0.1151145689852192
0.0080800957365843
-1.1557608306900582
-0.1049535662164750
-1.5769130853704052
1.9107934909817823
0.2060642856001378
-4.9645015808241553
-0.0952822542218838
0.4510711550648606
0.1848367950975024
-4.7080462679109871
-2.9310417510279336
-2.1341913979261329
0.4009882832374454
-0.2342508844047131
-2.1005378410500910
-3.2112225401090919
-1.6113519446386348
5.6087726660557706
-9.0305562389726415
-5.5529984042692506
-1.3294141434982056
-2.8991647643955267
-3.1360418707455522
0.4416446908512252
4.4579178425813355
4.0300012149004463
0.6371163239903755
3.0052093605856509
-5.3460911660804671
-2.4131512296709827
-6.3926342155892897
-2.0576670385667457
1.6190086027880217
-2.5872082991707446
-0.5000822946077238
-3.1589718895252101
5.6784294583790551
-1.6062147277473138
-4.6723157892043705
-1.4807916234592526
-1.9677421084461493
-3.0109644088202416
-2.0767308522377976
-2.7938257722064836
-5.9033781526563862
-3.0372236956014587
2.2509824259435156
-1.4721435051858096
1.5890430754510581
3.6370695880037598
2.1386802706064958
1.6249318151246135
-0.3909121643714997
-6.5213535499213453
-1.5646751605155005
-2.5818623998884656
-2.4336466714055782
0.8009054938860123
-0.8493947032023095
-0.4768365235524624
-1.7372446353328361
-1.0247990529300990
-0.8247129822614440
5.8803006186163298
-1.5536201543409709
-0.6024042624526018
-4.8150013078906797
-2.9287766016538237
8.0425330524248881
0.3457926435264388
-2.6586161710867451
-0.1361333338677992
3.4762025023127934
0.4883259718798416
-4.9222714917271171
-3.2790800246206158
-1.5981192169712748
-4.0472346655611160
-4.0496251593799224
-1.5548429053467019
3.0615957086450694
-2.3268201277957332
-3.0713676776848513
-2.1998833167212650
-4.3792406923167286
-3.3300839649420300
-2.9056858053728467
-2.4232000814164922
-2.5889241725997234
-5.2567580519043631
-4.4554513006444569
0.7911973803508682
2.5563211426561971
-2.8255114008440332
-0.7784232346993947
-1.3909001814273223
-1.5953702924933939
6.5825310744865888
0.0695643763836988
1.2786200710767843
-6.0720554165138614
3.6669588382796952
-1.8894455686821423
-8.9031797435391926
-2.1939579845215254
-7.3994182578999714
4.9940790331853036
-0.0672001346953539
-4.3441717007665028
0.2717340755773188
2.0426563720704145
-2.0862059771959514
2.5862956007726154
3.4623351659551900
-4.9982488721941634
-2.0661124004476044
4.1369188924314582
-0.1533440114625216
-3.8701509711015998
-2.5585987356875299
0.0090080516937177
-0.1022609642176087
-0.2011656390927682
0.0347580950941798
-4.3623621118327494
-6.2468731567564530
-2.2435270070807238
-1.3848652234633239
2.2582957343444368
5.1682668267127641
7.1670815939812114
-7.2043802572855817
-0.4241883802743744
-3.4444824641917022
-5.5443671834837271
-1.8172205439376599
-3.5263818768132595
-0.8269946909236803
-1.0931621359191070
0.8350782851761790
-1.3304327591917611
-5.2661815709452950
-2.0619170658107562
4.8491467822265717
-3.3293483765503558
-5.6907522886794490
-1.4976070495030847
-0.7525222818240100
-1.5440411761094763
-0.4599124993260669
2.8340871639249543
-4.6374635527487591
0.2981134392824582
4.6917152020463826
5.0921448302491052
-3.9502339901531762
-8.4033316374052340
0.2178817293002150
-3.1186030141022667
-1.5770716854846050
-0.2569938381397397
-2.5243437021351895
0.1118783623329410
-3.1948820079131330
1.2922478660633427
-0.5183750235131530
-1.8070970560305182
-1.5138527948133673
0.1096192035362055
-1.9102692200544542
0.5340782268733955
-1.0721536559294722
-2.2835650384415604
-1.8375574736626363
-3.1746302424948425
-0.6543669279228614
1.9003798059909691
1.9234011529697717
-2.6844177359536410
4.3376045305959376
-2.5806706628548812
-2.1126380374052869
-1.5934434004386779
-0.1084447270766012
-1.0412639704739142
-0.2986983814852747
-0.5264907165171597
-3.8783521768125495
1.9892754954312011
0.1487964078044340
-1.8168436510093113
-0.0844052609879638
8.5730876106379199
1.1281720361699388
2.6440027871277763
0.6576237391005383
3.2106416991708899
3.6922271715575006
2.1229945707787654
2.8960843608820954
3.0782653597991110
-0.6145759578368117
-3.8712242265697192
-2.1519554401788898
-0.5320665040982994
-0.2841574854607525
0.7665234853131336
-4.5044389095038841
0.1245412083749281
-5.8371477916829235
0.3590286189436360
-1.4763957085988444
-0.8950553990738158
4.3981648253515564
4.0612845803318827
-0.5997731779318072
-0.5381823158527622
0.1390642232123990
-0.0653583030276619
-1.3306604862349465
-3.0791116101678755
-1.3413213683356462
-1.1104325210474530
0.2517512790107082
-0.2467472122901126
-4.0563191840256634
-1.8461200815727745
-0.1448051067603223
0.4673158789842244
-2.3377956657041454
-3.1839042699007640
-1.1301349735107837
1.9816769868304744
0.9344718201393453
-0.9186545476530309
2.2874592867277816
-3.6327194311739448
-1.1958062679106098
-3.6517899550762922
-0.8223772252112385
0.3380628278420291
-2.1594710435696274
-3.5473090739595294
0.1696179274021113
-6.5643500931528171
-0.2422221722955140
1.9546287274656173
-1.3504636420786031
-8.1229032462560511
1.8848985678410448
0.1577225012213580
-1.0501126237119089
-3.4197199007289587
5.6106059650715538
-4.0300434188593472
0.8160295747550915
-6.7999130543833450
0.3802972850901345
-3.0389704606900882
-1.5598481488415392
-2.9299997349615330
1.7810102310568665
1.1645877497960266
-2.8399917673661048
0.4254208630653079
-1.1471648454452630
-5.6102033989429598
-4.7635277775431479
-2.0303967384342294
-8.2206696197855624
0.6143085570996911
2.9696590927334183
-1.5290024292688360
-2.1082998660565129
0.4137051159961140
-0.5284133012088280
-1.1417592217873453
0.1652936375912654
-3.0851376624810274
-0.1847229643955247
-2.1676279829205791
-0.1872723603413527
1.1904557158821916
-0.3573221922643145
-4.5835679829638227
-0.2617600985179787
0.0344931253706937
-1.0856533446509338
-4.5055416724132966
-3.2499123377991741
-0.3968607955085230
-0.9458729213407117
-5.3427325759997677
-0.1445770817147852
-1.3166166557327592
-6.7474055002901601
1.5304150630878597
0.2946690157533986
-2.5093837020893610
-0.5529300256033062
-1.1415485473075309
-2.1830104076396308
-1.4633740195769771
4.4964501566155031
-4.1337040278987160
-2.6421142532381601
-1.1880868743348116
-3.0245156184398709
3.2888440581695875
-0.0907299953376626
-2.7784687182396017
-1.2007116189738105
-1.6905268895178898
-4.2656494167394969
-5.4318746836638043
-1.8183135906352852
2.9533944825416607
-2.3031829301468112
-0.7536611951693157
1.1447900907484165
-5.5790297852629962
-5.1930874955164823
-1.9671010190300353
0.8304933497157889
-3.9040736917260559
0.1308545382213713
0.0804614494136233
-0.3814803544022672
-3.2922590463952535
-1.9130437495848609
-1.9151654734754988
-0.7165793220909417
-3.5970002178248892
-1.6907337906108733
-1.8313389386361614
4.9296821803374540
-5.4386073831412558
4.0460822952243358
0.3872918431507335
-1.7945323991264572
0.9661810899552108
-0.1847346174366103
1.5883967891189468
-0.2980713927692373
-5.2842138104078380
-1.2774094441717783
-3.0866135763863083
-0.6580048683506193
-0.4743028423317586
0.9719031038424649
-1.2425372381353721
-2.0614092512037541
0.1815109708059434
-1.8397436614667666
0.8211568930605997
-1.1938416227208068
-1.7963908454042543
-3.8897401582755928
-0.7106359959114803
-4.4317930721299090
-5.5402160526946274
-0.3540640401669545
-2.2540739442592859
2.7431841145052651
-0.2521473184723660
-1.7824259530771041
-2.2105072366554488
-6.8586061322205065
1.5206346091372387
-3.2898203364334284
0.0804659751623931
-3.2748520566004147
-3.6662734569567834
0.6127700748633476
-4.3575528042510214
-6.4939241474716303
-3.1998112688736762
1.2535205015918467
-1.4549159629399850
1.6559622842684076
0.5353199876726091
4.5646468158663449
0.0429192781044962
1.4256846913545860
-0.7144358332970434
-5.6906237262260735
0.5956172926581459
-0.0205942779486610
-1.4872389279223612
-3.6204768810826162
-3.8091648985972073
0.8228613569236286
0.3315836813450670
-1.3787171880293747
3.1449534623205393
-3.7116303115969544
-1.0967772645068028
3.8833692643844482
-2.1146422606258981
0.4768256685649708
-4.0985505612715727
0.0833127291116495
-1.8889686497106410
-2.1142796482842670
-0.6900066157362635
1.9239001130036286
-0.0785041502333623
-0.5936776393791759
-0.2038414541540293
0.4090039438039184
2.3177933758355485
4.1758974795521571
6.2070705469102929
0.9201414286547216
-3.3203760470935766
-0.2075505076681480
0.0552394748975216
-6.0726022717416539
-1.4889087636985470
0.3896051529005752
-2.8242827734609905
-4.2775989633500293
-3.3428649298101578
1.4621097361026492
0.2323145682459124
-4.5269611231813780
-3.0857076001003532
-1.8105458847687430
2.3946113147412476
-3.5137920023756339
0.9125291594542830
-2.8305118662955979
0.3721773682855624
4.6408598222649440
2.9491530547364082
-3.4114357637911126
-0.7567182619006285
-2.5780400789760378
-1.3313943057727609
-1.4750699621174002
3.4398569817877558
-4.6507596437853467
-6.8403052786369756
-1.3620998291055719
-0.8526529819217604
-1.4665576339447370
-1.0325573347232901
-2.5020105986785897
-0.2642235067409851
2.7289525929440885
-1.5900698888778957
0.2341966464072668
-0.6304119925962720
-1.4392244925525903
-4.4597209976377119
3.9882499451727318
-4.5922239532837770
1.8966241798256871
-3.1016529079248700
-3.6583921125512888
2.1598125747839925
-5.0110681493999802
-3.2101411541436304
0.0605388540771811
-0.5988638582917063
4.3698590154714205
-6.3593820797951999
4.3467637224687037
-1.8160738806849501
-5.3920809843421473
-4.5405268324658836
0.2034984516687395
-2.6102876884540569
-1.2363763309960183
-1.2793726719345060
-2.4478435223624166
-2.5037888060274658
0.2577913227183596
0.0193725826246768
-1.6530949884150612
-2.8890185221597617
-0.1880157078618036
-6.7907474267340699
-1.5384438059179892
0.1132465049376289
-4.1111773923419817
1.8783602470144687
-2.9942164851661306
-0.3353874412271842
-1.3852029435981912
-0.2432649671058104
-0.7587181793185664
-0.1334368795361393
-1.8638191384423699
1.0933523123970146
-3.2180780831242450
-2.1482402921061254
-0.5995698361076299
-1.2407293736797702
-3.0267006274720862
-1.6035916789708324
-0.1871786922554763
-4.1486234923853722
-1.2930987664908289
4.4361296956654712
7.6091087897551457
-2.3022355153064984
-1.6258812433477947
-2.0077113980549606
2.3517393965395796
-0.7162510371348723
4.9137570768643091
0.1983627127764485
-3.8588301955360627
1.0714738223621474
3.4698554613510710
-1.4706798682388507
-4.6216007926366744
2.2183253985992288
-6.3821403262681180
-2.8825791919213488
4.2716916298159182
-0.8649047912282894
-2.3262316230082534
1.6072240176818837
-1.5880580244302249
0.1607159123771367
-3.1060930017112374
-2.4475117107149238
-1.3818273946384780
-1.8510468905349842
0.5334644013649247
-3.2755930330121110
5.2096666328613503
0.0672671910100188
-2.9804701737848678
-1.3647907361097700
-0.6267227171543548
-2.5899199542660960
-2.3523404247756776
6.5874847128411336
-2.7607771493766489
-6.5455633593879732
1.3614869942248236
-1.0297960313350603
-1.6582443006344758
-6.4027336881247381
0.5359856208825774
4.6809394885365361
5.0400330885012323
-2.3874088704945726
-5.4248725382343226
-0.3870615396309763
-4.5937548737051355
-0.5725927082718556
2.4652908093221324
-1.2696646253557839
0.7699492846367423
-1.7906593966594722
-1.6053097646007592
-1.1023809906340989
2.5879923534826013
-0.2433214715101608
-2.2768982135756253
-1.6014420667089235
-5.5266336508977885
-2.4058265216706767
-1.5163532655648886
0.0372786472908142
0.0613916201988552
-1.2294635640665008
3.8364355866616018
0.2336997174154880
-1.3974654092787373
-2.1460058549044461
-6.9592989686445321
-2.1039976005101697
-0.9329035712008160
0.1555202831476571
-3.8829619189169930
-4.7880032679774454
0.2936883688212084
4.1426750717166181
-0.1060309273931682
-2.6740252147040655
0.1134378764425219
-3.3721252622622409
-3.2674420123980989
-2.0619891473923286
-0.0765821182085459
7.0813064452187779
-3.6228308654399446
-0.4493615087406476
-2.8755057465189742
-2.3538189728709358
-2.7745687826301992
-2.9216353607480721
2.3767557109339714
-2.6677751934510119
-2.2794974934687189
0.4740920012708709
-0.6428326304199681
1.2537832770806352
9.7974625789399461
-3.7726499529161170
-0.3999202523237629
-0.2567801062606038
-1.3663274769415423
0.3910859848329378
-0.2337136981888138
-2.6530716644350143
-2.1305178020978071
-5.8224035353873056
-3.7324187511325482
-1.8114919508763525
-3.1484550449660982
-0.4677573961736343
-6.5338773763008513
1.2817950499988664
-2.6427290995525410
-2.6644030033222128
2.3165377018679094
-3.6442128793714055
-0.3663222059758419
4.1432097754448831
-0.3348728106419450
-0.2524356822248369
-5.2013635433550069
0.4178022923077754
-2.6355249910573977
-3.7456315912113043
0.3576387445651993
-2.6668901514537202
-0.2596272131054179
-5.3706311187907625
-4.3192104987362878
0.1331653447594217
-0.1315166544553564
-0.0387334788068451
-2.1751808279717735
-1.8601517067618309
-2.3144845403318612
-0.1897834982741803
0.5305894711244776
-5.9777867342831508
-1.2421471463888569
0.3247706703534600
-2.9766418655886118
-5.1773186250182084
3.9118255395730217
-2.0731640808053498
0.1567221898028692
-1.7381222611593425
-0.6558799581665430
-6.0153305566309472
-0.5899124834074346
-1.6858523882844332
-7.5764910854249461
3.9914816341125525
1.0925569898612417
3.7094419754512820
-7.3351000182384780
-2.8787752709523398
-3.8330581769036414
-1.9531008427980765
-4.2035865461541189
-1.1859101493474025
-4.0771919991345911
-0.0194674483696409
2.5304142732799515
-0.2861943862418875
-0.9939714386879073
0.2124919176430373
-5.0865085079403665
-1.6196197196929683
0.7300305122030204
-0.9683339823748909
-3.5714774364923425
-2.0436159745245561
0.7317462340240921
-3.5677841605248899
3.6492551116528240
-4.3256353647675843
-3.6319031194592193
1.1075709517445000
-4.2999514605099103
-3.4643605979473855
-3.4237508003766242
-7.5370672975333619
4.2635212606761179
-6.0444612679699654
-3.7476219664208248
-0.2573095912269692
-2.9408264094735186
3.8636062245146219
-6.2988030605582148
-3.4527409106003426
0.1943557584537606
-3.0833070036288279
0.0470437757566653
2.0651858337609479
-1.4641550861104069
-4.5913385926417787
-2.0517529873083067
-2.6560239343802290
-6.8150572345740779
-4.2636479519713832
-2.8098494207442593
-0.2709595535275642
-2.5982812483501050
-1.6791523504895525
0.2782590159146110
-2.5641347998663200
-2.8644819788889793
-6.4985238929552507
1.1461353761289161
-1.6134695650311195
-4.1080440558759594
3.8740115559072930
-1.8839458500561528
-1.5070184478692978
-1.0739032728672586
-1.1593193918623910
0.1389349564205636
5.5005697871219796
0.0599879533604611
1.9593691359503600
-1.6663904423256555
-5.4761588786664745
-0.0434222992703470
0.5290058372833236
2.1201774479634978
-2.8841236305628835
-7.0278596979503050
-2.6709166540268861
-0.9447085837782283
1.2073576030239683
-2.6332970106373388
-5.2358231811948723
-3.1133705965239655
4.2055279860951815
-3.7469277267669399
-1.0387731502003912
-0.7379127034603780
-1.6681172948380747
1.8003796162630676
-3.7003926205032953
-2.0592129496714291
-0.5616083926210935
-5.0052277419705442
-0.0685167488681516
-0.8883249232359097
-3.3714159681966471
-5.8035738517483821
-2.4557883502597866
-5.1975429904231438
-0.6140289285477468
7.8437058840904212
-1.9170212356331608
1.3406679706718607
-5.1860055637352120
-7.3123062252182516
0.3971913407160572
4.2256093078542802
-3.6814967457050547
-3.6382906740130188
-1.7608179925430163
0.1796819905272211
-0.8013245334458238
0.3199822370827313
0.2788099156531992
-1.2736504718122106
-5.5520418582450572
0.2715092498984210
1.3304922935491581
-4.5825182596956973
-5.0342907282167806
-0.8117015208132514
3.8262384617717990
3.1705592248013508
-0.0794056089140205
-5.6455772148659982
-2.4217698700219343
2.4600654666022375
-4.3710341251147584
0.1220030544932863
4.1491941324874180
-6.1258923105927741
-5.4672503948496756
-5.3287712527428166
-2.8018755431725797
-0.1410337590859118
-6.5012449783854649
-0.9126188571777250
2.9145658703348465
-0.5739720761717747
-2.2345130333714005
-1.5650630275871971
-0.3844561176200791
-3.6342009454286908
-4.1097591820038160
-2.4240909602635785
-0.5020416675398871
-2.2979057540022114
2.1341463622269901
-4.3786647573732651
-0.5823848680087030
-3.2142991087807378
-1.6985693516352924
-3.4391403504349913
-3.9179443531948044
-6.3622296409923029
-0.8908435240562860
4.7802607453293584
-2.3469722867557845
2.4524702454407219
-0.1284257302053218
-6.0218064388924848
-2.1452766669605223
-6.0852967836564522
-0.9721396371859450
-2.5778398483328009
-4.8044987247281759
-3.5311702966534959
-1.9628487278119600
-1.2870308648835531
-3.2213680761183165
1.3316776501939482
5.5359263673189458
-1.0850376402643340
1.0439083162701905
2.3889134600726605
-1.7087307917079617
-4.5825320003639378
-6.7689475041277216
0.6538919270855119
-2.6664235413257176
-6.1007430518600083
-4.1940085910651783
-2.4088260016810623
-1.4519487646605573
-1.8168916978001919
-0.4585296744963820
-1.1835914203870992
-0.0727955984298631
-0.9224580117679230
-0.4887926018560002
-5.3682762946514622
5.8679206328464080
-6.5862788393342182
8.2951762183467608
3.9368500191676543
-4.7397958469484225
0.3420144832979731
0.2863400443906548
-0.6562687838583078
-0.1380042167802477
-1.0059504293389532
-4.4993505711818793
-2.9589982681418943
0.0081548494885255
4.3711415053036697
-0.9143458411311164
3.8546729524375301
-1.7960657224037491
0.5736969581476739
-1.9616456587610642
-0.2399434483234538
-4.3804012212786692
-5.3068042587597448
-2.6436424906322147
-3.1755812913824082
-0.8007501015873275
-1.7651634686139728
-7.3816895796215309
-3.0083468813203638
-4.5638673471408584
-3.4917018830039570
-1.0387740020522318
2.1847656364700887
3.9506805429448044
0.4413513857662987
0.2044294496133375
-3.1344395418183346
-1.4625679675155823
-0.9414764715782021
-3.7991031325293756
0.1521861467556360
-7.6406245853031880
0.5745085351711965
0.5278147395531005
1.4178846257187405
-1.0875287048340296
-2.7763155596272546
-1.6815922699933901
-7.5697692920454438
-2.3116264456647762
3.2493444797019753
0.1726107067058840
-0.6822272053848958
0.2623915630265157
-2.8048222183332467
-3.1692402613422410
-1.3910102116734706
0.4776705915360012
0.3985218157830936
-0.3122492207563203
-3.0661034764524051
0.7103499343678078
-1.1709380111793455
-3.8372487395554984
-2.9628770618665845
-3.2468729501483908
-2.4339331386867449
3.8322056015017583
-2.2659713834437301
-1.3898513440279632
-1.2545267468724530
-0.7162496542108790
-1.4947680920840218
1.9757688638065996
-1.1782584558363374
-6.1417022780612491
2.9863978078276867
0.8022070308375285
6.3478813161764176
-3.1787728301480955
4.8807511458701560
-6.1103788430505386
-1.7042007264666359
5.4543875842486607
-0.4599531923513041
4.6417275670104567
-4.8029412394448965
0.1087246675653762
5.2974649623692693
-3.8467090236800465
-6.1625778344250355
-0.3108424990585217
1.1295974800012161
-0.8397365100497167
-0.8793648267110084
0.3966809468431691
-2.1246193613324751
-0.6665002416757174
0.0012749243726479
1.0985818546255552
-3.8270656932340321
-3.8356448926608939
-5.5058912018122355
0.0344987001376652
-3.8524314063458225
-2.7959577894304708
0.2169419061349034
3.8553358980175343
-0.2129161510874292
-1.6280635867148991
-5.4379383866662616
-3.8750538211369738
0.5817363190061784
-1.3480248701856907
-1.6601238791003448
-2.9586615408241275
-4.3573233327632979
-0.6655084376497519
3.4830684545908714
-0.5973351297989998
3.0569942623983750
4.1298442187785245
3.2550459144800636
3.4537769046880613
0.1131818547437859
-4.9489055334295493
-3.1304412046367118
-1.0973946970575248
-0.8227677820057341
-0.4062324345113548
-4.5044410940028525
