-0.6323476541098110
-1.8110557440840283
0.3640614508453181
2.0355180464861515
-0.2082050608490787
0.0309821511622085
0.4584396616409122
-0.7350021712647448
1.5626148015894779
1.8934655028439216
-1.8069539328935944
0.8018116770421898
1.0484942232525742
-0.3699318080288156
-0.0625658570534466
-1.0091749814177147
0.3398091494668742
-0.1010362520555637
0.5713794108692386
-1.2091543738454646
0.0847542731801401
2.6535809528800476
-1.5511129242127228
-0.6542542679321766
-0.6081789999945617
-1.9253997974131922
-0.9185874566547364
0.1893113905545997
-1.6759892708547601
1.4271406298243330
0.8414292154747475
-1.9177280533809544
0.7221464509347307
-0.8712921288101128
-1.0257715297827323
0.0923576190702817
-0.0697042898070373
-0.2410700905399556
-0.8095244866375872
-0.9480825859581379
0.5231037889609279
0.2885439929747711
-0.7241753706492562
1.7074684409503922
0.0021785058302711
-1.2892090988866676
0.0259120895771745
0.0136717529369261
-0.3857936545093767
-1.0534640577424328
-0.7266429896431680
-0.0634397969143886
1.0433257334416579
0.5434807935366509
0.4920171381351132
-0.2352974939409214
-0.1495477706010639
-1.6404651518951086
-0.1788450037622230
-1.4382105579256248
-2.1685719097861358
0.2661867358054495
-2.6052716124657738
0.1150663669478047
0.4008696423741471
-0.2097330473316086
-0.1078701563877777
1.9184765309789968
-0.3414663958996686
0.9694674683368079
0.3509568615645988
-0.3147624787237857
-0.0270791388605727
-1.1262709247665847
-0.2254983112443426
-0.8104089756624167
0.7662510622261272
1.6448263460176922
-1.6508491332986190
0.1999485463241729
1.8449749802097404
-2.3950352861363893
-0.4000750815938490
0.7796706496547114
1.0406290556131133
0.1927060609883828
0.8828882649929262
-0.7963410859571649
-0.3816250972949223
0.3887636994603261
1.3820983949733097
-1.3854065873769930
-0.6528859619721096
-0.0721225943770080
0.1970183026163619
-1.0433918328164431
0.7325741810294483
-1.2751474739596960
-0.3298150843553778
-0.4641156333830526
1.5540346905737958
-1.0009568681953973
1.6634520872153673
-1.4298604464229023
1.5680631368427542
-0.4324161558574962
-0.9577607997881602
1.0167367924672297
-0.4049201252128143
0.3158047771886997
0.8882103665522838
1.8596799151259777
1.0265658977322554
-0.5850017885513733
1.7352363533502653
0.0945365323397307
-1.1592363669683643
-0.5762299492872496
-0.5835910935614060
0.4651855238253318
-0.1996893000789668
1.0413159085643959
1.2076759647301130
-0.6555651060412612
-0.5753324660539210
1.3880121964089831
0.2109583880855154
-0.8409248171986118
0.5842270143003709
0.3204734299641375
-0.5102976527667488
1.4892105552678621
0.0203647492404205
-0.3126260085629142
-0.3960041530743437
0.9725069781955497
-0.0873357495227677
0.4314413671183953
-0.0313061724007336
-1.1099414093927584
-0.4166573046182792
-0.7136227069706745
0.0744953015795490
-1.6941044088586519
1.2532605305778679
-0.2838989659950720
0.8855607047705567
0.9787391379322776
-1.0908554526037066
-0.5724322053138299
1.1930483066851949
0.2387028968868377
-0.6342774864446868
-0.1689759703593371
-0.6200647126323122
-0.8197707906682704
-0.1873028661768464
0.4545016817497958
1.7501698134287107
-0.7811568357267644
0.3312144053865709
0.1141851899157036
-0.3876360776415491
-0.2952577741302337
0.8925585145496062
-0.4402778529531332
1.5242018120173340
-0.3430180370394813
0.3604092025704633
-0.9042764110589382
-0.8224461942672213
0.0657597450007628
1.3197868790892040
0.8685186239035200
0.6217673853719563
1.4112011412160959
0.6697431799443959
-0.1584042906285910
-0.2711266626578295
-1.0326388211776019
1.1575730709473646
0.0029822791229503
0.9844746270692313
-0.7354041549028240
0.5084351911926303
-1.9756104011492857
0.2832503206213802
1.4163814225974931
-0.1564864199837604
-0.0377856772100716
-0.8465899224003400
1.3763217351358688
-0.3520209313857718
0.5309783691920076
-0.7561663023768654
-0.8860825053948417
-0.7082752369324982
-0.9805969150428540
-0.6835382063054004
1.4285981606414175
0.8311194551526504
1.0366674973182968
0.4085986026184503
-0.3799066869789036
-1.1311317219177361
-0.2798655690564733
0.7904023465463829
-0.7558675379288508
-1.1506796454940962
0.9502397090778226
0.3149842588667968
0.0385062798424723
0.6398009363030850
0.3434889129849848
1.2293703749307054
-0.3617928591800608
-0.8264572150177387
2.0987711643813118
-0.6317166403617832
0.8139838597075236
0.6230504100687689
-1.1285740272056970
-1.2867347469921404
-0.5808091945891973
-0.8040220906453638
0.3032873135087983
-0.2617746856524507
1.3915926596837773
0.0576781227656779
-0.4395090363890901
-0.4104933931853267
0.3461802537818515
-1.9517246953528953
-1.5695213181532617
0.8231463072783117
0.3987906065553964
-0.0346972537831775
-1.1496667635713815
1.3993991993578361
-0.4354748364079455
-1.8047429504081505
-0.1282809951192456
1.0020207986163827
0.6570738866420697
0.1977632790352504
-1.5311405062095838
0.0924717204090522
-0.7633296172535302
0.3352672276440520
-0.1978650538389334
0.8471367107644178
-0.0463203019384490
0.8961686000526017
-1.8660776013585958
1.1027612367770376
-0.0099977812795880
-0.7903887132491295
-0.3464252308903899
0.4148301660735574
0.6656327802222340
-0.1525089624410977
1.7156216064402616
0.2758798975885897
-1.4440080154496873
1.1818638709695155
0.0407885694915729
-2.3496110923639510
0.0984504255038788
-0.8556149355712216
0.1730248882700766
-0.7072413046435908
-0.0538756081949444
1.1000800343444548
0.8445171901048411
0.7928755830720475
-1.3475561173785204
-0.8680455757599719
-1.3234929848846964
0.3781384038163870
0.2015177711808979
2.0385273364267618
0.7780625132169950
0.0409683053377741
-0.3090101032430531
-1.3881781770175561
-0.5768008931396709
-0.5300413496261795
-0.0007908666161914
0.0393534816799525
-0.4107484093276255
-1.8802502937584371
0.6824350193370087
-0.7192536342591663
-1.1666059483302771
-1.0844083906052333
0.1839260916785202
0.5823532735658192
-0.6549771022036446
0.6842807667643825
0.3832185558482006
1.2749703919464099
0.2413415637090782
2.6626298241482957
-0.5493087052727195
-0.8283789497216351
1.9278779137403306
0.7735998811937919
-1.7223215951996225
0.5956010588688669
0.9730303130788260
0.9649301228066948
0.0093042662961067
-1.0810147254625817
-1.7108093804356264
-0.4086834101192219
-1.3094237976431207
-0.1453161116036922
0.8880399603159479
1.9482091465516358
-0.5743786971864629
1.0101798528449764
-0.3278964746372027
0.8470026738728987
1.0819890527294573
-0.9949232139658214
-1.5516076585713776
-1.3658207922536287
-2.0533463669824399
0.7808529324959660
1.8184891640116070
-0.7742826617053813
0.3239064241240396
0.1280600783594266
0.7715148217540262
1.1838320241733118
0.4318247469736154
0.1864324914956118
-1.1693766055940762
-0.4448018698997920
-2.3331533496643702
-1.0215697149939049
-0.9673675871314121
-0.8587728946063637
0.0317808944699176
-0.0246447989934278
-0.0875317309305233
-0.6359021635915887
0.6060366049211798
0.8654079247891444
0.2016694714880328
-1.3961641993481226
1.2902779102270421
0.7865660136279228
-0.3696939199023659
0.3646266099910112
-0.3371080834511940
0.4262814522860472
0.0612606983478578
-0.2756809726812550
-1.0812232423709249
-0.6413789467813420
-0.5472933067938714
1.3502819369773558
0.9062582217077679
-0.2048015258795736
-1.4683196804093153
0.3773977885454354
2.0118455475511148
0.5334015467374162
-0.5460655969555397
-0.4109063137031970
0.9986957321140335
-0.4102142538149693
0.0919590081270639
-1.0503962620366960
-1.0548593817410008
0.8067646223152766
0.6903466074766991
0.0418443701005581
-1.6771202221705583
0.0990200116519152
0.9412430219205150
-0.1601876465439688
0.6675819879758130
1.1141603295253566
0.3708226320625491
-0.4032980758118916
0.0075696751640677
-0.0267261160676222
-0.9606680025829535
0.8463389578858428
0.4446149661222530
-0.6703906791526781
-0.3938051510435528
-0.6235379943195957
0.8267465826628753
-0.6384567539826261
-2.0087269778790877
-0.9919885493100767
0.4971389328325286
-1.0252964940457716
-0.3058330709847263
0.2570759894857751
-0.3803166156776860
0.4111557702491584
1.3121216978987427
1.7358751827995684
1.1545392868319486
0.4427222739066717
1.3677345896191988
-0.5774395681291425
0.3565163152381429
-1.2161337326517541
-0.4995221269120684
0.6716548111198976
0.4295389966750481
-0.4629318838727220
0.5272366907391692
0.0554236435977035
-0.2477287052017710
-0.4055002482010404
-0.6550335649985953
0.3274832758354827
-0.7854991201178524
-0.8328237852219639
-1.2761019960479887
0.9903298411196791
0.9181297762405112
-1.0295118926450986
0.5768750993189331
0.5519893921675378
-0.6622708079301673
0.9411884015374257
-1.5088162606685886
0.0128608230098252
-0.0917789029856145
-1.1888747839155631
-1.1807406066787478
1.4012341033288265
0.0564398970201660
0.8749065977432712
-1.6680861582042403
-0.4734100635281704
-0.7708338993603506
-0.1662779031770097
-0.4127344124523290
-1.3087366576064530
1.2395852890296906
0.3348969847241413
2.0177643234285507
0.4251653663098770
0.6876495686283806
1.6879066061205701
-2.1583983474433914
0.4303477385095413
0.7501418934170772
0.8754219994373751
-0.0983668392313114
-0.8231609830385145
0.1259098501349259
-0.4638939330832893
0.1220046605928183
-1.7353330824372990
2.0821905984904379
-0.3656563583033454
1.5433413358463679
-0.1195421705717211
-0.9868739042555460
-0.4466648876720231
0.1187721923366821
-1.7481849072933660
0.8169253287821626
-1.4185729793612607
-1.2958555637755400
0.0373897885861527
0.0300210109529555
-1.5068493465974773
-0.6435599412310428
1.4328379796529156
1.5050862442390192
-1.1016227352565251
-1.3030162227381761
0.2166724952228868
0.3240541259780381
-0.4819953791088305
-0.3371516471554067
0.3692500333092906
-0.3444702225357969
-0.8686358754139141
0.6079036437822920
-0.8869402074699061
-0.7881186983940225
-0.8601386283737990
-0.1175126551283585
-0.7128241617829731
-0.1326968721602501
-1.3995383565329091
-0.7621139752204000
-0.8509002199335158
0.3305106291640682
0.7017779904369289
1.1009143744024836
0.4555745583387033
-0.0683094689062731
-1.0403936978258403
-1.0011413619846434
1.0407824598063238
0.0856862308772098
1.5684611389699232
-1.4467612190380963
-1.6583316189352846
0.5409473623845669
0.4518713806606042
-0.2951581602541811
0.3315663170465881
0.7866327451768118
-0.2109826221140707
1.3847816571942673
-1.9150786396126220
1.0294432494001977
0.1976969756649264
3.2043772865343265
0.6891694769099481
0.2751019382859266
0.6348357560678032
-1.6493633903084330
-0.6766567516611709
-0.3793686871465244
-1.9938891444884690
-1.7795069490437940
-0.0623699737258631
1.0318154822755203
0.0559408203306368
1.1830136569434071
-0.0383748037812048
0.4395752515497675
0.4384102261611931
0.8890099283987152
-0.2090597653327194
-0.3847263498939070
0.1208805738931725
-0.6624336132401990
1.4325541588438480
0.4677263609661823
-1.1895012014939363
-0.2004016773154923
0.2303175382730779
-0.5078125891264336
0.3558565688964599
1.0468835207682914
0.5179538506328257
-1.0661655793958429
0.2033749439999502
-0.2336892900117694
0.1000311137041049
0.3263430212362174
0.2555333367601539
0.0148810527677679
0.0915340418620037
1.4787240674259721
0.2295836979008377
0.2099085126559028
-1.1514513910756317
-1.1615741462213358
-1.1086630914695501
1.1492820747067816
1.3225090142851414
0.2671977221339726
1.0187097905256071
0.4766078067995798
0.1238548430628637
0.0072370070325351
0.1070175266588859
0.3038649313253899
0.4153832144082942
-0.2388212378448440
1.3543677084430852
1.7320888689660159
0.4159463743709789
1.1078711308903122
1.3285627679702030
1.4027795298336416
1.6747225359249853
-0.7514683431237701
-0.2246675664949483
-0.2846583493300022
0.1721550970875199
1.9151422209937499
-0.7939000255766614
2.1169124541574931
-0.4666432459570639
-1.4376556686517203
-1.4169437848417770
-0.0894707170151729
-1.7063062564027438
0.5371785940694634
0.5326674502162178
0.1652293008300779
1.3394645873049535
0.1648994388647029
0.2671082969027815
2.1030303060159263
0.0079595524152612
0.6036643812655544
-1.5728091204714365
-0.3639764175703649
-1.3935779545541331
-1.3903135066817947
1.8365016110748147
-0.6585593391780191
1.6686981935993990
-2.3230005229776767
-0.4695493174531029
-1.1838775398432260
0.2891835117774761
1.8891997005956740
0.8902477289071046
-0.4103153630547394
-0.3704164049904299
-0.1515699240759442
-0.5447080519840749
-0.0663324760997039
1.1135408871225418
-1.3211430317069759
1.1693715105250855
1.2585394728233090
-0.3326950368094420
1.5863371847628269
0.5340883468795019
1.4800399751378175
0.2995984836536927
-0.6351427920266211
-0.6662054332962046
-0.0997454594814548
1.0059222400213634
-1.6824373203437932
-1.8448323195054763
-0.1124675139230074
-0.2525767044816582
-1.2164722301347961
0.9296424518939849
-0.6919402577307701
0.1728074404878625
0.3435456249628081
-0.9927502613253735
1.9028563181000970
-1.5768511005247461
-0.6421397091989314
-0.3666452965934736
0.9627290767293759
0.2065315571954621
-1.6352859744271080
-0.0885094659752035
0.0251443760319163
0.1882401050952300
1.3337686004291709
-0.0817018601668802
0.8456844426772873
-0.6968284783757072
-1.6595696993320503
-0.1801750475387220
0.7354861486134465
0.2654451884152230
-0.0575508310583270
0.7042724803777126
-0.7732383017606743
0.3358463155932817
-0.4580107763865310
-0.5939863597750644
-0.8102696223716147
0.4555721473895484
0.2288468851149504
0.4162618726399400
1.3950954881639790
0.0177236775438444
0.2553043955585744
0.7377377579582717
1.3309545221560579
1.4154056455158055
-1.7464423989918270
-0.3051978884584771
-0.1830655816908455
0.0468701392900119
0.4564277164716967
-0.8305637938292306
-1.2917713119670313
1.9274115884962157
0.5453607589545375
0.0616544368298609
-0.9934305703622011
-0.9894871718514130
0.1871387653707980
-0.9407634098433023
-0.4776744615127403
1.2911899000471447
1.1941561985665967
0.0136946645731529
-1.5518254458946488
0.3914171200579727
-0.9742312336358988
0.8150624847826200
-0.3156823777503774
0.4798286859823672
-1.6825746591546342
-0.2572741773776225
-0.4493954793201069
0.5823572461204445
-0.8564882133406084
-0.2563525118946094
1.0946660464906928
-0.5476766247937546
0.6135500925712801
0.8139323074195682
1.1469809380273397
-0.2417500893335283
-0.2643506120162841
-0.6385134952955511
1.0645547050582078
-0.3243152109943900
0.6403754526203865
-2.0909493810065345
-1.4573753431122340
-0.7276819347845476
0.9906116329180288
-0.3099651835436765
-0.4180150820359234
-1.6041693169651141
1.4734888549920309
-2.4318884768667832
-0.8133742776289191
0.4963156925977221
-2.4751056659475172
-0.2123584343781834
1.4938054623323704
-0.2479262198776904
0.5955653794539156
0.3892220148101668
-1.5524617315223110
0.5668947324389966
-0.3250726385415120
-0.9022368944901541
-2.3321428757466007
-1.2124238479158134
-0.5607866839336814
0.5791138413343317
-2.0931819235441438
0.8665020224847523
-0.0342412784248986
-0.1679294960208458
1.1056146399370486
1.3935557560605887
-0.2707583458943909
0.2693128153824991
0.9360216526051636
-0.6843489608488158
0.8750448184802830
-0.4955055942661638
-1.0026942650260211
-0.6346787001950652
0.0331735228944324
-1.7140468751671325
-0.9594657677827099
-1.9187040259315107
0.8743666955989499
-1.3448322726275190
-0.8986198563784762
-1.3888278358247041
-0.0616184974318415
-0.1887556304135277
1.9518876661823008
0.6266675404555352
0.9370500338455539
0.8433996645434638
0.8857144781415578
-1.0239618659605840
0.4072114438545675
2.6487284582546877
-0.8662996982199999
-1.6063575913056798
-0.5092274753255458
-0.0390498507316946
0.1135723447828753
0.9033530391194526
0.2024280157836794
-1.4054114030513405
-0.9107738930723598
-0.4614404004328746
1.3386431748821861
0.4113939865153580
0.8274670038469847
0.1378972551849882
0.9944538329433605
1.0511029135081065
-0.2224909955054193
-0.7842134472517215
-0.1902803707009917
-2.8557625753947260
-0.2938971317204342
-0.8766879837086681
-0.2761887281628895
0.5722481401312718
-0.1928031048562334
-2.2337445256874080
0.1624065352226246
-0.0177615886555217
1.5508732311624656
0.8747535231780746
-1.0053251819016928
-1.3612625199331292
1.6417483790854466
-0.3393443644976326
0.3651503645121797
1.3180105536830091
0.2152807290111725
0.0379890045829891
-0.3419965918465533
-0.0547168950784846
-0.9680893521162419
1.3372201605632592
3.0272404532724559
-2.1526859875307220
-3.2094218553917542
1.4325482528442575
-0.3170899590938844
-0.0419639990165723
0.8157271062005853
1.5070804853999054
0.7557132624201590
0.6322275355534070
0.4089523919160362
1.5180756516296405
0.3457514451113837
0.5968396937161151
-0.6594570141799272
-1.0949237150134599
0.8849240743992222
1.3594221318523936
-1.3687404855185388
0.7736567074587114
1.6618172907521984
-0.4086427724837277
0.2729354979493117
0.1595976075349042
-0.8818704611113524
-0.4085173112243957
1.4696961526181982
0.0119022555938111
2.2010470475219561
-0.8916163202419184
0.4261154625056188
0.5490539112041489
0.0312575792796157
0.3643436609348265
-1.2498108970531649
-0.5814615377094999
-0.7982172633294716
-2.2282624004583877
1.5759226138916371
0.2974607767541719
1.1194103355375535
1.2690393936811175
0.5015730877403096
-0.6690425698031226
-1.1729273369744371
-0.8903259265440613
0.7659011001153420
0.9929960250251175
-2.2172253533636286
1.4699129487132809
0.6027951767502687
-0.3853213772212440
-0.8236014052163054
0.5508164857952418
-0.4809581792966970
0.1622756084268065
0.7981992221193996
0.8194551206837170
-0.1358419691569723
-0.0069264258904186
-1.0029558472593503
0.3786206646306797
-1.1938293966317923
0.0559471424197582
-0.1142222714536088
0.6341545061914076
-0.7863268849515610
-1.1984248937963753
1.9013326268192676
-1.1625239868645865
1.4855170946009233
-0.3945925559332413
1.1429840343406050
-0.2556871438614964
0.8413965766141214
-0.0778933938205455
0.1542496626771254
0.8183020821834545
-0.6533703678505745
-0.4330872153530160
-0.0752217601695221
0.0971687439714831
0.5488268002593754
-1.3017218573536233
1.2661387155378920
0.4160890566374495
0.5771664090526953
-0.9690234291357385
-0.4728351222717281
-1.0607441639567852
0.4891050252556167
0.1167345607627451
-0.7961736620531080
1.4778916339396528
0.6990274167657957
-0.3100239944578430
1.2872868644885147
0.7559929524533048
2.1457272460735961
-1.0099001520540076
-1.1012103388182488
-0.6439328194037018
-1.0001496333869504
1.2072263539385180
1.2688932891829152
-0.6786385134817015
0.2555563414381360
0.5518410254456031
-0.2004803846715341
0.3642632835660153
0.1590261922471900
-0.2295676215889956
-0.9249338088029525
0.7214772379822462
2.9382688196723517
-1.1736064198872975
-0.5007357008049396
-0.9688244583366206
2.1271892858708630
-0.3225187578636570
1.4702429414295002
-2.6865744439426500
0.3165185735006192
-0.5924087367282901
-1.3108391430856097
1.1397531877345151
-0.0289670973755301
-0.2225091610129056
0.2682581988446420
0.1238023117858973
-0.0179229704301893
-0.2758660420283746
-1.1378393820296504
-0.6296920545681305
-0.9523246457286375
-0.5520295160281342
-0.9342095933092354
-1.1152025936089400
0.7823753522732165
-0.0911475302644788
1.4492605381607218
-0.2032557811666431
-0.2621739969776128
-1.6399645680191446
0.0789298010403734
0.8815725522237305
0.8881199579141784
-0.5654432366998685
0.3573801627549892
0.1154748155984226
1.5275793384015941
1.6391487412310470
0.4106394247736299
-0.9335508203548504
1.5395997565496837
-0.0491894202160877
0.2217656500961055
1.0408905082202049
-0.4402915553452678
-0.4763429365672828
1.9377453651811603
-0.2472518265934003
-0.7931223641686906
-1.0237929044210639
0.0743697002715091
1.0190344693990678
0.8632133675671838
0.5951826340530146
0.6505859791507328
1.0170349309442033
0.2439782480672218
1.0318653799637472
-0.8714816276613526
0.5133042816134751
-0.8373403559426715
-0.0763608654446513
-2.2857758944156119
-0.7580141996544795
-0.9487981085375830
0.0616313394107184
0.4128923790667404
