1.4549641047857558
1.3538591110950771
1.4449867501757061
1.1275149491894625
1.4128259112457116
1.4625369096391245
1.3474260621500196
1.2334999111847684
1.3219928932419185
0.5970402027446858
0.3116417212067394
1.3147177363502331
1.2122034629581857
1.4017324444112882
1.1619941849285345
1.4690920128140890
1.4675832085741218
1.4481556272143317
1.2809487153600192
1.3204982564670511
1.2797836398408320
1.1537937822226443
0.8653300581874570
0.2928278022774058
0.3871357793141830
1.4295997211375346
0.9634200768645785
0.7151919434210371
1.3555284624663682
0.6100026655872797
1.3056985892362742
1.4605583214165239
1.3028952419430648
1.2124856921784726
1.3967847429151476
0.9205176170048552
1.4223992245710750
0.3213864589109547
0.8958660122210265
0.4445602115424699
1.2727797084488939
1.4426908012209423
1.2998790416316448
1.3905831997884253
1.4281675721242693
0.5710638548499396
1.3355933926450685
1.4299845379434450
0.8429591991972843
1.1953084368279530
1.2986211852685103
1.2691355444289858
1.3603492742680585
1.3631355593664709
1.0618264746605071
1.4436832915817583
1.2770298006055496
1.2542331005821228
0.9955170251247569
1.4792736201357601
0.9450356696493601
1.4379699269852493
0.4109319624043623
0.7783573336336801
1.2210857055797264
0.5260621777998584
1.4097332717355626
1.4512844585738018
1.3617401394423225
1.2786673492010401
1.4632485123811616
1.1672390191109776
1.2297892267497179
1.4538168407062648
1.1935615252273428
0.9584864166626156
1.4154113487914983
1.3218445306872115
1.1368813200907091
1.4288128238536673
1.3103118316083397
0.8446590481953149
1.4221347992595443
0.9079411472418478
1.4310330500586828
1.4316402554713141
1.2639671954472380
0.9386945234177883
0.9216319383869708
1.4074654356337317
1.2158072974383769
1.4531875222395194
1.0362911931566472
1.4169767883759825
1.4516323080308777
1.3340141705005613
1.3783503693985508
0.6889410721179493
1.4231536719436977
1.4220047225803023
0.6748612134753356
1.2966677484180349
1.4771490419272224
1.4307469681802705
1.4595168841648869
1.3599938827798095
1.1793688056003695
1.3766954346101017
1.1810905600314499
1.3536824778633385
1.4722745795875696
1.4136284355329525
1.2154377427298206
1.1785122484608290
1.4327067990799491
1.0632716101244617
1.2464358620397411
1.1340284090295714
1.3484374819856304
1.1199149271658670
0.5754148308778765
1.3315533915856417
1.4643855594488597
1.4150788969179600
0.9724137085759194
1.4579836407560851
1.3718526388898766
1.2524872039854533
1.4048415829382723
1.0630384990781652
1.1411335674434739
1.3359609513491266
1.1997692855374393
1.3911527087052176
1.3643597725323626
1.0869298454216070
1.2363887000374227
0.4047430947807181
1.0541238958629258
1.3741864442005565
0.7685593224410470
0.3858749624384084
1.3833337978049940
1.4389721570995992
1.3839190264088446
1.3972926912019408
1.3252670721321056
1.0426109014275569
1.4361054978740857
1.3900212435659316
1.3978894304720721
1.0670542605163462
1.4226888484512856
1.3843895857878441
1.3311245162265395
1.3660894967959913
1.2228745571136743
1.4718577457491928
1.3701822372255581
1.3814097378057746
1.4133523776113792
1.0009787179415448
1.4245638163381942
1.2357851484991511
0.6823604617942408
0.6219479945337693
1.2558845629851823
1.0729859941515676
1.3683225907437258
1.3239764605631223
1.4353291515155331
1.2722913321926259
0.6378569444824026
0.9619662161473956
1.2636208427366697
1.3716773480521136
1.4183337271342829
1.4342128971619210
1.4216234631605091
1.4361134268451108
1.3351622273052632
1.2903782219081295
0.7245469316898682
1.3385058985871621
0.9921510461325688
0.9403037698926937
1.2675236349445669
1.4351271714987817
1.2047648380724054
1.3884126517955979
1.4549111654845617
1.2990648686513788
1.3101135474903751
1.4537981655027199
1.2556370522520246
1.4145558846141595
1.4452591231430572
0.9333341815100336
1.3461414223338815
0.6942555128482926
1.4603162917386026
0.8564975707574781
1.3992309703275998
1.3689477860069736
1.4396230564000236
1.2831870964901262
1.4293545414268107
1.0989025937524006
1.4262444385751045
1.4257254013320566
1.4251818267959495
1.1299088096883121
0.7803412036341500
1.4101771267511136
1.2362979649687460
1.4067763688946617
1.1905392758037667
1.2402923561978727
1.0337736674913174
1.3597358309514926
1.0215283420545420
0.4838721505914348
0.9594489245849840
1.3986826567817863
1.1676021535264602
1.2808712559168451
1.2273257405812641
1.3835917003544624
1.1017521000389967
0.9674982135941247
1.1156433902273704
1.4378526372865728
1.4447786409825714
1.4153885792218011
1.2003545723368436
0.3446731877586636
1.4413238663479420
1.3988357692081892
1.4479520810529252
1.4651439353888120
0.7533794518116356
1.3125656933886922
0.9326840216404924
1.4001699826379663
1.0584523902777505
1.4388183611681888
1.3302461498727698
0.6144936881485924
0.9889281606172057
1.4544906916315845
1.3943577165988723
0.6708994149129525
1.2847812081468744
1.4568926517291287
1.3656461070772723
1.0750668467402418
1.4710731613317487
1.0970054545991432
1.3710701926729614
0.6153439920072895
1.1458606607160895
1.0423922435141042
1.4191875278784420
1.3906628540687129
1.4012377175045199
1.4115593626130476
1.0982356475228410
1.1021174527556394
0.8954090723508148
1.3946425855891442
1.4129414821675665
0.8758949055819195
1.4414061708073014
1.4643914175798036
0.7169122042948417
1.3813152667916893
1.2921687029802782
1.4720467834189619
0.6169493741094753
1.3313366306439125
0.7754987099742817
1.0938583954155776
1.2430872838489151
1.0485718476679986
1.0518857797777392
1.3853500761521886
1.4484971572662220
1.3850857560351886
1.4185042599220046
1.3625180101432961
0.7805263490510544
1.1758832857239074
0.3948537439746694
1.0911085133826959
1.4261022792530131
0.8855320207064595
1.3339272720717137
0.7231266683605598
0.8692171639218171
1.1144251113212524
1.2046900497335331
1.3611332567189498
1.0119464381496455
1.3914686108003926
1.3763083047656244
1.4788164461821189
1.3982492454563282
1.2167953716457640
1.4201026110000450
0.9706489738390274
1.3440764662174307
1.3771955027350822
1.3398318324461771
0.9336106593444822
1.3990896578781984
1.4178600832633872
1.3770151298710254
1.4358831635354063
1.3363355971657294
1.2741111991214413
1.4704118609317991
1.4389091689535753
0.6149211750783100
1.4407490613265657
1.3792587338688773
1.0498417720416779
1.2906503137850664
1.3030964410866754
1.3906204248587022
1.3995698261709397
1.0846594728347529
1.2904819431398029
0.9993288924521111
1.0760591287139842
1.1443186430261794
1.3506743452200383
1.2538797755559405
1.2182862078784142
1.2734860026426309
1.2295214933615406
1.3238035393501943
1.0925951884034717
1.0161261826441084
1.2820984698880216
1.3217354736473463
1.3528913410861705
1.4269490605769923
1.4076513287339412
1.3263728075142518
1.2328691533655967
1.4370405112617866
1.3353312290472710
0.7852469653783540
1.3594988211167065
1.4490200936969122
0.6554126384354186
1.3917813076561545
1.4545730721698238
1.2611802654082265
1.2491899320225754
1.3916579301528942
1.0422747781720973
1.4787258844615656
1.4595777557377323
0.9948519269625085
1.1086447863803599
1.3766357171920123
0.9898893327915999
1.4052085570839281
1.1299500846511832
1.2316444819030119
0.7981022341568681
1.3943956662045129
1.4276967669187060
0.4600865998502736
1.2425133208884642
0.5111432847355368
0.9404750592700664
1.2814369650388762
1.4397458614329637
1.4023092939064674
1.4412334839696301
1.2103426179444157
1.3812790957492997
1.3900940289026522
1.4540695763305611
1.4117004986990844
1.4083232252714060
1.2423560240189075
1.3519090674220759
1.2769604769841627
1.2260651118599344
1.3685711329609773
1.1800477708014241
1.4462403866924960
1.4702071920054007
1.4449334429538081
0.9198485666753383
1.4119491987590089
0.6000571893143599
1.2733506308490641
0.8939729646689194
1.4645229125718138
1.2582536931809289
1.4539022044135237
1.4140329656234167
1.3277676479686435
1.4410694312085119
1.3399047713326002
1.1267348292447570
1.2483258020218666
0.9171398597791258
1.4210465691109355
1.2363747249414110
1.4110425329970349
1.4564099716861103
1.3767698825186905
0.3480500903633207
1.4103823502813702
0.3459212917266540
0.5478444478980115
1.3848531213183231
0.7311984960686140
1.4500132341718450
1.3591052032770168
1.3648444819330843
1.4043190883006980
1.2936659369163086
1.1657378375480356
0.9460930445025163
1.1790800951581528
0.3855064691698556
0.8426419256875582
1.3948032130643806
1.3744046245713306
1.1615449145990933
1.2182418632350627
1.4576940201678694
1.3117935861243919
1.3932409311830984
0.5393629452112225
0.9792944941568070
0.2974579370672256
1.1589261761772298
0.4930604701537912
0.9073762358272132
1.4364618378500476
1.1186751180167578
0.6758475080591202
0.8199452935437540
1.1867045885070018
0.7891144947722427
1.1355580155314031
1.3995826141577845
1.2242383124533720
0.8579704957829467
1.4208883449686434
0.9457839309997388
0.7860510081266907
1.2899033861319245
1.1883771462164856
1.3811984034863996
1.2633654956235372
0.6350000242823597
1.4371506957807458
1.4365460940916770
1.4707769437107829
1.4262424970931886
0.7249035670667459
1.4797480259169413
0.9537006577406828
1.3757809530026655
0.7816723855893941
1.4334751360013718
0.9088306525209154
0.2927949227104955
1.4562936730271072
1.3791302191803625
1.4283938356027275
1.4331663128382925
1.0645400344427678
0.4762547120823835
1.4249638046941280
1.1748889594604139
1.3663618757749427
1.2051702373960880
1.1456637650908348
1.3843528367463096
1.4781212051305339
1.3187566155799970
1.4710882396785268
1.4672126395940095
1.2070166825000714
1.4234925507210552
1.1518425325816635
0.6974629705687170
0.8048677618406261
1.4715478745286823
1.0502133670078981
1.3869597355535279
1.1918709086935817
0.8839165399532902
1.4086730472732703
1.4039482075384664
1.3181404328656590
1.3836065298172389
1.3250357889387478
1.3636428591904877
1.2353772661343050
1.0408135614691842
1.3881782427548834
0.3954664824044556
1.3988309322709682
1.4530373659505913
0.6573722574443250
1.4402401376674414
1.4792497877453541
1.0290493526776150
0.9758677519658262
1.4334062303240316
1.4268657644396492
1.4256223291912224
0.9873961163295575
1.3314336143417187
0.4458212794595607
1.0647705216262464
0.9388960305126149
0.5796679443963514
0.7725340083362348
1.3450306296844794
1.3582814883242891
1.0265284785216719
1.4021963536863919
0.4731113899840317
1.4456675193967170
1.4358657345347035
0.7559853136960670
1.4073994769283373
1.2150256312170828
1.2734678187881487
1.3564777262128842
1.4770010856310183
1.4417137818358170
0.8182360753489886
1.4128945631318273
1.4586504079790974
0.8690564338017631
1.4599697371430194
1.3425721538247501
1.0757113494743507
0.3022568844171614
1.1454442585785758
0.8430319718224506
1.0657797715217940
1.3477656931089028
0.6876886794631784
0.5816748210492199
1.2834216553548108
1.2062743155712417
1.4231215750331359
1.4659910894106869
1.1496538029561660
1.3770942173117731
0.3401310056897452
1.1058168327219609
1.4790527610340185
1.4597857458308401
1.2832416530757984
0.6813622646469959
0.9034310479455089
1.2032974599852415
1.3991364884538868
1.2635239074396538
1.2473682132277351
1.4690598370176238
1.1123599766302641
0.8483542698581589
0.6630111006523781
1.4657057372767639
1.1398113611118577
1.2119517968368199
1.3677616256284197
1.4656432128911236
0.9954207065108054
1.4352097268917696
1.2197259062578742
1.1814160754039877
1.2053197003420515
1.3791264337262505
1.2646656886444647
1.2379576166342325
1.3208578839980543
1.2119713938769712
1.4043343424327539
1.0098151216078683
1.4356881685926417
1.1198768097288558
1.4392171539840153
1.2387751026628577
0.3230490171233997
1.4736349944827034
1.4817281149269943
0.7237541222140527
1.2379473730306778
1.4208094804134324
1.3735418282547398
1.4450086043010952
0.8377876059722330
1.3262517237477962
1.4470082639440722
1.3622375570641791
1.3373286017875585
1.4560294731728329
0.9895351354800895
1.1423034612769472
0.9846570400551421
1.4465102450949257
1.3707548953159185
0.7890332059008920
1.2675391032405927
1.3199978367756258
1.0984471055950300
1.4053164450932187
1.1399537083331812
0.7564095594462580
0.3937225179337608
1.1120105267698090
0.8233328849022539
1.4418864284767858
1.4565662325180753
1.4127622583387858
1.2593419433887116
1.3461281324538907
1.4748112945733047
1.1549482089622560
1.4384439709218446
0.7475314879782496
0.8993448004162918
1.3278961575920487
1.4722336348821337
1.3476935522858813
1.3034827278982193
1.0751652994913170
1.0911869316030061
1.4198760279300764
1.4599611926963736
1.4423147455834631
1.3512702515480537
1.4237553332788830
1.3448830922544601
1.1396007996174797
1.3350731243351905
1.4778476902216411
1.4678839297238424
1.0077834230591880
0.7125340132010846
1.3815998581996860
0.6841974144637792
1.2770547637567924
1.3759846612206317
1.4084579010145803
1.4386443977225305
1.4426627404276831
0.8782777180334910
1.1895854922552740
0.5187879674791867
1.3076286471512257
1.2924137931556436
1.4464242645025831
1.4540776260731698
1.3854476215229907
1.4383506727186510
1.4016092758251197
1.4128317740670291
1.4621384105835402
1.3771126279065893
0.7971256019419036
1.2369594686259118
1.1623724585109376
1.2774690585376900
1.3101860920027253
0.3507586490860349
1.4619037375469635
1.2102179688819825
1.4095275521474828
1.3840384554136693
0.9054066483326522
1.1943475038676636
1.4201498950338465
1.3400003350162113
1.3415909748324359
1.1646507080829069
1.4374123667022913
1.4239670833634306
1.0928499198347423
1.4055540139881222
1.4206607186888796
1.2012517095572288
1.3252322737622557
1.4316341284878116
1.4118871733097949
0.9372182509439259
1.3186434718365974
1.4500240035472889
1.4086737774262061
0.8641110394117408
1.2297194591942313
1.3001410287116091
1.1734422236996684
1.4172769814368265
1.3465704385262727
1.3962953470561430
1.2599629627421949
1.3383772650052690
1.4654759239788022
1.4291302883997490
1.4152208713939345
1.2021648903594775
0.8386456247011376
0.7267596578263562
1.3785913435396051
0.9025980747664611
1.3578617594638038
1.0846035610433036
1.4194819817747666
1.4723706703639368
1.2185911690461759
1.4679012579149771
0.8874805825530239
0.6861680439586475
1.2490815805773261
1.0582916187503755
1.4349755083026379
1.3764088971240036
0.7561290133737119
1.4148204237265194
1.3594649057891961
1.3080549169486735
1.4650333450736233
1.0140414275607679
1.2760083818274377
1.1831490961334565
1.2829711197505898
1.2890621847830510
0.6587456102278845
1.2934078142702774
0.7166100447912164
1.4230861434538156
0.8639600990838756
1.1070433458160669
0.5798606271485338
1.3260260035493707
1.0813049008849664
1.2119562510884929
0.8119198380674709
1.4109362826032537
1.4032490943149456
1.4390488323775383
1.2829415121005272
1.3300469428780695
1.2500276674526025
1.2718584457524580
0.5646459742120186
1.3486441591394851
1.4044756423402855
1.1578740162415360
0.9377894674420140
0.2987973626594428
1.3721289369953871
1.4105008489622517
0.7721080165525299
1.3591688757477949
0.9193801384493397
1.4536192701143156
1.0954057210266415
1.3657217276589257
1.3836848829778134
1.3047509738848446
1.2721934931245140
1.1824304265337624
1.3102471618644371
0.4041491676177046
1.2784360429812485
1.1684815871831236
1.4119564055740772
1.4441953985621001
1.3432794260634251
0.7767064792390798
1.3028009377144913
1.4492635726194532
1.4104284274210372
1.3161779450657627
1.3396270845568263
1.2810010025770346
1.3455975196899637
0.9306034627558371
1.2660703658558590
1.3950592686785714
0.3609708512518895
0.5418717012860047
1.2772054859590387
1.3474551821070222
1.3402112272372204
1.2101582515016627
1.3937900415973394
1.4450693689293002
1.2696836712608712
1.4109372383610266
1.4005222168863467
0.5107772637802211
0.5634687989086082
1.3140198292504668
1.4538865804488401
1.3929906163756349
1.4449895854382244
1.2382794797770986
1.3096306968103126
1.4438330022499242
1.4192540411276151
1.0238997028366248
1.4510423215093455
1.3775774257347448
1.2730486575088176
1.3977644766170649
1.4097173577158493
1.4282957979817368
1.3091919050090872
1.4190922624104827
1.4310524945665009
1.3516050107585391
1.3346719989009426
1.3059542548896801
1.2511318121120987
1.2520642628939629
0.3848671808672646
0.6850269092763681
1.4292198179537488
1.0342620385559724
1.2106306671640801
1.4052537218672123
1.2720607635601247
0.5339930662727869
1.4324183791719980
1.3644033027974305
1.3134335342541581
0.7417045487089446
1.3778371830707015
1.2178720557313691
1.1310584657538623
1.3263420905888663
1.3109589174034673
0.7640186568989932
0.7780981031782173
1.4657064188475462
1.2160768187049191
1.3874567629357353
0.3488208086281457
1.3389346162941318
1.3722882576598989
1.0466823449943221
0.9249853315302380
1.0427681147746823
1.1980234065986259
0.3164252309080036
1.4503373498865939
1.3825984393369712
1.4325211652506340
1.4374720748695180
1.2637851749668509
1.1266387666795481
1.1317860370157975
1.4078544199563308
0.6137598373793681
1.3746086946784617
0.7905391754865007
1.1947733695729024
1.4293600082740756
1.2267667157264897
1.0998682497381624
1.3751968397146130
1.2546021524359672
1.2281123725914422
1.0977134250904836
1.0462921282908175
1.4385300243518133
1.0997407081782598
1.4390654893572836
1.3478124841662515
0.6257040934353634
1.3764384717241771
1.3402892695709541
1.4242762849933472
1.4217374959081122
1.0009839515521335
1.2068515012142937
1.4592032582161252
1.4304092317121591
0.6589935433946096
0.4331084129171103
1.2007778309168489
1.3472170271290473
1.4060973939098069
1.4360941391471020
1.3865551696537215
1.3931548015098845
1.4333287703906508
1.4560296519799845
1.1935065754055552
1.2090400890939037
1.4696349793585091
1.3118849978693170
1.0521023009278638
1.3709967063899404
1.4155562801790360
1.3299299825483684
1.2446888163065228
0.8610158975082514
1.3089324156357898
0.7592055833035667
1.3856422791243161
1.4140474800740266
0.9082295954721638
1.3632151866117090
1.3704403432320165
0.8381277220894440
1.0725298610012723
1.3393685977406242
1.3928028765896321
1.4237274044234245
1.4748294042466115
1.4141913601092191
0.8725562337769249
1.3170831277813115
1.1016041350606649
1.3887155029816374
1.0863664722158746
1.4391235736109691
1.3761944140880895
1.2307276690755731
0.4233942916403851
1.4717110373783444
1.2438784863322492
0.7356588462996667
0.7713552924396188
1.4173979900206908
0.7623822854160417
1.3498674609121151
0.7247450838459574
1.2416722886807758
1.2308743827057449
1.4370963803400758
1.0652919144967545
1.2015425661163872
1.3919037036236690
0.5150118208800429
1.3230294423912803
1.3605144304070977
1.1747790206841155
1.4165103629072435
1.3979197042285589
0.9088218714562653
1.4509954555786377
1.4588070940427784
0.3217334960533492
1.4067871656757944
1.2104783479947832
1.4055621654302277
1.2284118348767414
1.4223518299005871
0.7540373450191584
1.3750609530822873
1.4248301893107655
1.2213857157603407
1.2859424091370011
1.2861226760190279
1.3127750041796156
1.2184680087883071
0.8628301014653018
1.4508564488353231
0.7449721288640371
1.3442384195106172
1.2095730116252443
0.9110746046790925
0.3762461923463471
0.8239964999526396
1.4539706977759002
1.3500083637643596
1.4742319613087338
1.4401923948701147
1.2193533465038986
1.4280643225144583
0.9195626927001809
1.3655741820347740
1.3796832435848401
1.3246151696324051
1.2069268545339371
0.5527223087229933
1.3478953281494601
0.7566538936397511
1.3211932404582127
