1.0902097004597957
1.0979568630040839
1.0449389093730612
1.0853369196298057
1.0903651565955863
1.0846381634808051
1.0902713635288890
1.0806162860747706
1.0340606921576552
1.0804200815798863
0.6131795456563297
1.0548528191652606
0.5419066418590675
1.0759997034976840
0.5896408802085641
1.0931583039894086
1.0985548400007510
1.0961032345285835
1.0605125819968473
1.0286295124939986
1.0943318659954342
1.0971825975417306
0.7968679494428531
1.0981817876105102
1.0645443818170113
0.3277045387546804
1.0913664132358067
1.0840819032906648
1.0619948253257239
1.0830889191438497
1.0849809758489135
1.0884663698553252
1.0963645234179078
1.0688355464624677
1.0317370183872459
1.0935883612921315
0.3686061826207627
1.0932460422653965
1.0914742459588720
1.0934155223036668
1.0634008184422745
1.0957195876839130
1.0333199998984917
1.0553834304757286
1.0901404756547657
1.0641944110634312
1.0958330846685742
0.9201338300669613
1.0963275298201633
1.0959872877037700
1.0643122416789081
1.0925732555380485
1.0701863674950398
1.0892100762619052
1.0821233474823901
1.0961559809008048
1.0724620398256930
1.0821910456665131
1.0859281374256318
0.9758989252663304
0.9970599364510272
1.0427879591786644
0.9778257326275041
1.0775512329687515
1.0515499657805394
0.9204083380058340
1.0918945862297025
1.0879870316724660
0.4948402883477946
1.0639092715393266
1.0686277696546393
1.0970749010907483
1.0433415598441902
0.7807241350012337
1.0882881026658549
1.0866732679446955
0.7670864234719372
1.0939100587020174
1.0678907113163623
1.0778375262135023
1.0632039358514649
1.0768570274649536
1.0819054133565122
1.0959973791675197
0.8839607973154232
1.0937997590524544
1.0495471085535482
1.0964017708646476
1.0445383765048109
1.0921199177308143
1.0838763311047102
0.3227251603658650
1.0867664525647875
1.0946171101297195
1.0942444921233871
1.0327677075801216
1.0952818448213524
0.3515083776751247
1.0972922479414084
0.3188950134250179
1.0927004565369187
1.0601421376894711
1.0918161840308829
1.0969878772749317
1.0436574559281711
1.0914659354634806
0.2812353715849409
1.0852799553616828
1.0585018505269848
0.3728785711236167
0.7899055086043876
0.7139147082285557
1.0786288107830184
0.9243013213865989
0.3670558350082562
1.0931119623856749
1.0739383011709283
1.0740071499488477
1.0961556326657529
1.0956994412957040
1.0988071359086387
1.0906379372274824
1.0835486787205049
1.0865313229596862
0.9903348843464054
1.0797029048669793
1.0958232866448281
1.0532839945283765
1.0704289416678121
1.0470386020845495
0.8654713304723097
1.0963850355261944
1.0898347919702416
0.5790275864564499
1.0962292596557766
1.0794817086697284
1.0953024398173767
1.0955189757379569
0.7771830265526507
1.0910864807598606
1.0443735265831202
1.0602947199976689
1.0945154082538457
1.0594054264906292
1.0494162295230536
1.0926848169306251
1.0909971086457431
1.0798920390481797
1.0968909129013913
1.0635332437054967
1.0977434283376060
1.0790936685921226
0.3860750746197277
1.0961957001697438
1.0932233452704598
0.2815192066279383
1.0931654351911757
1.0834073658694943
1.0976563079644328
0.9658616957521924
0.3531800938697941
1.0803765426435412
1.0755469626930403
1.0927170350904636
1.0887774102182033
1.0582781823456442
1.0564633868824984
0.4050226359311255
1.0630538509728082
0.6386043552166001
1.0915109232827753
1.0614834988771804
1.0729376747045798
0.9326248172633934
1.0781833694311467
1.0909802614478974
0.5700730368597262
1.0652083783308568
0.9686206014831652
1.0909262513392224
1.0900652872006906
0.8632908899609507
1.0954222786422116
1.0711731732215559
0.9241244940762807
1.0634479890090898
1.0918048808803122
1.0657577119290365
1.0951608316571662
0.4080757294235386
1.0940049641156857
0.8015306886365792
1.0833074170206483
1.0413426986957266
1.0566456362651238
1.0805619494846332
0.4525867698139514
1.0824966413510873
1.0934117942181236
1.0962209617809953
1.0699047511098405
1.0951504011527544
1.0588272773625349
0.9864876584079586
0.9541431998355119
1.0935772875011935
1.0891508905487990
1.0764537520484783
1.0671778190265799
1.0905797390645748
1.0834687961419371
1.0978918261298976
0.9389537884813584
1.0750392381859901
1.0892389970454999
0.8601898835773377
1.0987738149546227
1.0683295970287852
1.0470564765525605
1.0877161118426213
1.0923267852338558
1.0942172340863985
1.0839531577814054
1.0662247380043905
1.0973454567067600
1.0855729496242004
1.0930367266755243
1.0960917724371411
1.0914676355726145
1.0647540201512591
1.0791373595785427
1.0099284984584218
0.8951141875390363
1.0680526706677238
1.0931800686245190
1.0686881312769168
1.0953510031000580
1.0938266165415158
1.0841785328279228
1.0595703546259834
1.0811587193566317
1.0690644501886457
1.0949228586688002
1.0958827189675455
1.0849122625942735
0.5847100107179413
1.0958023285743306
0.9147144185528162
1.0889457452694502
1.0776904176315636
1.0962415464429773
0.2870987366274529
0.5136781916358465
1.0020231734795393
1.0736174557293368
1.0557099990664123
1.0873965451854859
1.0870983445400344
0.2809660557188186
1.0459498284612598
1.0981811486809501
1.0713061678403815
0.9831412140175242
1.0648431315001943
1.0895548630371445
1.0899990350327959
0.6913721027690702
1.0924362742748548
1.0913557515751282
1.0862637909758261
1.0922517038175510
0.9788772800004603
0.9096989615187220
1.0944867991632792
1.0344124012567313
1.0533928367385941
0.9729313758884438
1.0901973942077845
1.0653370445815462
1.0886061645408660
1.0908244960983806
0.7540223832010152
1.0697097046952619
1.0888054388443336
1.0791519250766042
0.8425805547853396
1.0735320657951675
1.0908745130435602
1.0961380953707032
1.0713556759599467
1.0920661260783393
0.8772496863460795
1.0856967356367995
1.0911443996315071
1.0283554169777138
1.0703644592679153
1.0796919595388497
1.0186090010975917
1.0970241504745477
1.0984610662091339
1.0935935915323933
1.0892660382680288
1.0766635500599211
1.0318434773234331
0.8934781035044329
1.0848832481464759
1.0907852404855161
1.0676747371496020
1.0985346999171817
1.0921456358742416
1.0036592912051583
0.5034543282308316
1.0894933555861919
1.0904998924119809
1.0767728894996818
1.0901582758209283
0.8891061736050450
1.0772997485792455
1.0575794755982173
1.0952788814738341
1.0884280589762747
1.0988112720493537
0.7550438345287787
1.0953999820331553
0.9402936687898560
1.0748176328104000
1.0854623972092554
1.0937952763158907
1.0116578286126305
0.9582813543390519
1.0794100017336898
0.4109940477961928
1.0896458432813332
1.0919006337915862
0.9611063383095941
0.6373697560074628
1.0864890664421716
1.0822135503793309
1.0928457090628199
1.0768827630948015
1.0723911798742733
0.3649639781744176
1.0943884847590155
1.0900710311190638
1.0266789549185062
1.0928608379417040
1.0915531234271452
1.0736001392636600
0.9927005701172174
1.0861447587242827
1.0582867065647390
0.5441835573411543
1.0925339135761354
1.0952377587206985
1.0840856385253141
1.0884224384350449
1.0938925321431521
1.0979383487724941
0.9084817007199681
1.0778129749478880
1.0584353180612405
0.5383714934303513
1.0951428514904937
0.9312356593813541
1.0628763594354296
1.0347271027127762
1.0975718033819657
1.0736426855634396
0.2813225858054949
1.0395157246069442
1.0979120117456098
0.7716065526626138
1.0909406371217463
1.0941917891533564
0.7708478630303920
0.8689190962958928
1.0924958021841875
1.0870487525592238
1.0655279173826220
1.0959577795084401
1.0252211241629416
1.0653310260944102
1.0917565701153451
0.9356988445115114
1.0285479273748641
0.5979691530523455
1.0983861853953805
1.0952975483796146
0.9547609885867534
0.9972967966323207
0.2863410459409020
1.0928753355512926
1.0935599011302124
1.0721836992159763
1.0014934436504985
1.0312292946569133
1.0871311217521855
1.0704217790622250
1.0933677896395417
0.8770195311074687
1.0818991196705920
1.0710331150533647
1.0949956321743690
1.0908056187304056
1.0961133214592829
1.0974957765943416
1.0803944536142525
1.0008261402999548
1.0978164674278019
1.0859482419018198
1.0840557821268697
1.0982341217197489
1.0172342221285837
1.0985633554716836
1.0311067203307145
1.0925299089732410
0.5982294924108768
0.9132079887438882
1.0845389362417499
0.3576549164712292
1.0922306314080819
1.0972253325349028
1.0920064568001722
0.9624735582739011
0.4416665530704593
1.0971957420623686
1.0235332867826410
1.0885352306187543
0.2828102080497538
1.0870504335656028
1.0964287109297668
1.0953239084697499
1.0399721440969891
0.9881245092725566
1.0882986904025376
1.0892933486050003
1.0931018783394333
1.0972465287900544
1.0628693704341448
0.7493441391538509
1.0968487819577406
0.4980225698090631
0.8547032586711569
1.0709467929080292
1.0899080002828496
1.0468969433982478
1.0242851493189256
0.3490405277259440
1.0503764996299683
1.0976355902268455
1.0373055332646879
1.0844059652971774
1.0805133407724739
1.0583606427542365
1.0627373356299745
1.0908051152022009
1.0872217712517021
1.0981089074546648
1.0828021385205482
1.0860077371508625
1.0889012732661745
1.0795872856913502
1.0942686733742217
1.0639436019855759
1.0918685097776271
1.0952498338969929
1.0753848370103998
1.0917541078261579
1.0892690623963552
0.9200004203358778
0.8885482348749473
1.0914424030887122
0.7342948091881422
1.0901715971496171
1.0615857816531062
1.0940658062608588
0.9087735106002844
1.0674470168940415
1.0497187531794623
1.0913611181691163
1.0237735315720990
1.0955256303886747
0.6712365553886972
1.0553193869303270
0.9540265815109161
1.0244696519789338
1.0961015724434440
1.0622325729729909
1.0979302300494975
1.0380265945808811
1.0930185441861708
1.0552327368933587
1.0838925052954620
1.0946559671874083
1.0242495784250905
1.0171722983249698
0.8143370770462647
0.6212000473646748
1.0916033902429425
1.0282261200192224
0.3089121724979541
0.8752521382143271
0.8863479477493290
1.0778960364776908
1.0844282741087183
1.0070125894070765
0.8640072193081499
0.5402916738349380
1.0980869642245328
0.9932135900982448
1.0925941330681990
1.0467879821285808
1.0979491453608483
1.0986648560324166
1.0657932732375610
1.0963523716169061
0.9987858066834576
1.0977556346513651
1.0648734810334772
0.7024904710267642
0.7067757925161773
1.0722900653636183
0.9971582178242682
1.0916189757408776
1.0344984151503871
1.0962499393265548
1.0594990342731330
1.0733205870719837
1.0949829874856267
0.3839406807516664
1.0882390544887597
1.0775995308840276
0.6853703813275601
0.9292919270646517
1.0807228164073330
1.0937630248526962
0.2809421527917748
0.9675214275458790
1.0928965330098031
1.0826176566563932
1.0668425971172109
1.0333697771857728
1.0931742462453076
1.0755801284377047
1.0951953265858827
0.9726236003257976
1.0972489485733103
1.0763731630401576
1.0709760365193455
1.0092019905230478
1.0739229142252160
1.0877682607399217
0.7185374171135338
1.0673363230069999
0.5268721939947498
1.0839439450966570
1.0906023776928677
0.8150684804570447
0.4725096422130003
0.3660712925675838
0.9417580908126180
0.8480460042868022
1.0170676351925803
1.0960825808123991
1.0824769859314725
1.0727535576981395
1.0606500139163231
1.0910559043380126
1.0861071685858985
1.0882243361079609
1.0097455002780162
1.0821435621512938
1.0714171190546007
1.0893247614908619
1.0092424632503079
1.0487109218718136
0.6935756164631575
0.9968603544568585
0.9604548410600799
1.0764360788983007
0.3094930611468873
1.0943866977457641
1.0971519113288402
0.9763517673519334
1.0933172649189136
1.0946554231864434
1.0910866337936369
1.0617677174097664
1.0606165755532404
1.0835745427666443
0.4918069654878479
1.0811974741126962
0.9529556124166428
0.9917746414596448
1.0037925258345548
0.9761546042091042
1.0462738298156959
0.8301002921997379
1.0688053781155493
1.0913417779935422
1.0932432056739401
1.0941895129812487
0.7067560625803111
1.0861786130562974
0.3077433905188654
0.7050647532059163
1.0906598187878778
1.0871771355629349
1.0935998621806877
1.0914937552919119
0.9561475406091851
1.0433843452835578
1.0794833651119222
1.0830814513538705
1.0961687664114039
1.0735672027568306
1.0979974692543297
0.9888315009896081
1.0965037197720282
1.0916462180415378
0.8851304168647640
1.0726910770360221
1.0874193966437842
0.9499362895066709
1.0591439877720707
1.0940027296307757
0.7318955892539656
1.0975520595664978
1.0572306658810942
0.9778580417396773
1.0800657322458769
1.0960402588613627
1.0489441270204489
1.0751020017993795
1.0818582213128578
1.0689257222167081
0.9808098261079492
0.7284576592511818
1.0419374268433594
0.9400870355702577
1.0456437689627824
1.0886951622020620
1.0972882690916952
0.9279628627902688
0.3258830825874732
1.0771126404296640
0.2998328012297560
1.0898789483771170
1.0723715599373005
1.0734325099852828
1.0110001912582551
1.0245747433566537
1.0979502506381820
1.0503057952472141
1.0823549719255190
1.0926608655416064
1.0831251726638225
1.0977548171337246
1.0753060010148261
1.0929982178903330
1.0334988830015002
1.0478947003875880
1.0812759252163806
1.0799684864128167
1.0960015689002287
0.9912168703335279
1.0919461625259348
0.4186940047921495
0.3513578269861966
1.0992946830566175
0.8442179713783899
1.0655168458473168
1.0738197609277502
1.0780940373222343
0.9626855554004402
0.7954015086215969
0.6407003205045710
1.0949738971405989
1.0500212012663643
1.0618628606072413
1.0965771190308751
0.5733713047115628
1.0971988079226558
1.0800820135143858
1.0708275619289267
1.0904220754421938
1.0858589716100520
1.0838028331120406
1.0049320382827485
1.0285304390536929
1.0986546489807882
1.0741043581612402
1.0268968464911996
1.0821341284945463
0.3319013790775692
1.0885895303450701
1.0977630108925001
1.0626100152123767
1.0876576220696386
1.0780603867297376
1.0945349196009611
1.0673876825886170
1.0908788706586203
1.0877993844644362
1.0975583599078877
1.0733086107824792
1.0606436078377517
1.0936368367808862
0.9888051967645317
1.0914052994403951
0.7858376449373270
1.0490950464621080
1.0901541446570284
1.0958759039965960
1.0818570838098227
0.9720000531577626
1.0944202149800477
1.0511601060822680
1.0910086669053132
1.0925512656430858
0.8191827253294672
1.0940314892960317
0.9806927711638971
1.0914570159495807
0.9360997113151768
1.0774549751211655
1.0975967044255754
1.0891461416863972
1.0352984241827417
1.0889965186995443
0.3627415481081109
1.0424947782449732
1.0766691525964633
0.8723831868026859
1.0932671306831918
1.0810820433399699
1.0626868480104057
1.0947367807171233
1.0956601782373094
1.0663483467543999
1.0915624205703323
0.9909419468286556
1.0961068106627372
1.0517349818570250
0.9755231501416468
1.0028231944261601
1.0946340876258678
0.9520840860804037
1.0926631666453406
0.9458027723031126
1.0980295136487794
1.0815188860066338
1.0352228262656071
1.0931126547479437
1.0447529064916328
1.0945935798583550
1.0295694854679676
1.0837989997742261
1.0911067050033807
1.0875203482291156
1.0569400152768338
0.9154236162531153
0.8416145811104992
1.0836103266808486
1.0476253159188353
1.0978703506686682
0.9990830469939331
1.0247373184916437
1.0324836068939671
0.9068034771467206
0.5489359271078390
1.0480952252813300
1.0767783102887662
1.0571032361836381
1.0959198075545939
1.0951255795403672
1.0979123186886368
1.0917078804266065
1.0967122220344288
0.9191776947641719
1.0896960877693729
1.0904838535649917
0.8940041841093220
0.6649312531500029
1.0986365437104559
1.0903347881355601
1.0441251874559851
0.6690375763214479
1.0880284507250708
1.0762067411456235
1.0923902311636020
1.0239067321926474
1.0732649852824736
0.4531569214353620
1.0860676934454860
1.0755758321693503
1.0977855401148351
0.9728396490021749
1.0901564752708872
0.9911661901815157
0.8650431000257925
0.6564375558126559
0.7422177131547282
1.0947190579436588
1.0875847208709735
1.0438847883955980
1.0566920538569340
1.0953467672239727
1.0950761084024898
1.0718004505927488
1.0729909157727566
1.0818027642256043
1.0886449114490855
1.0980207958337416
0.9217071327634911
1.0560622317645161
1.0319739666359267
1.0918479247832327
1.0769764963144171
1.0860913392189213
1.0692042956260783
1.0879009152470474
1.0618729005526937
0.8050357171019431
0.8412996083765152
1.0933666969586959
1.0830130836077128
1.0165457743436117
1.0659441642028555
1.0927572584279679
1.0919041218345844
1.0768062976698540
1.0977762166959326
1.0946499716876714
1.0520812196148066
1.0931831851057685
1.0718071214271030
1.0319469597993440
0.9852022653654590
1.0974036118807020
1.0826461706431796
1.0578400656452038
0.3054469901827291
1.0918985520737992
0.9360744668864238
0.8210592199071304
1.0832853032934988
0.4132564928148154
1.0973428463714334
1.0960007693847802
1.0969982282653148
1.0890132139357094
1.0903197766897179
0.6100104398937323
1.0646070714536802
1.0345539879987109
1.0936644620005909
1.0557066140997393
1.0980437813294048
1.0781075935493101
0.8726615803316500
1.0905978466090211
1.0931408637383604
1.0909598972612655
1.0201228452107411
1.0822018351499203
0.9624999837551270
1.0941867933831584
1.0222063866878324
0.7024446696017714
1.0981605756217063
1.0953289014931635
1.0695789449003241
1.0890304902415342
1.0757281190835764
1.0234055317954760
1.0873616415338818
0.8702639839874339
1.0387916562380202
0.4541838833990546
1.0955855133199164
1.0751077952518542
1.0428880501501003
1.0834059276917904
1.0979195964651043
0.8943329263020579
0.9754736196654694
1.0939090845167334
1.0872913433797131
1.0873116416452830
1.0799383935521760
1.0974916889086839
0.4974622365711210
1.0442894809026406
1.0963995976732288
1.0979649580410482
1.0861210301140325
1.0785144135077014
1.0408530520311503
1.0876194636495822
0.8150912974805098
1.0424447355759614
0.5935000595096162
1.0785137651266485
0.9676343809362885
1.0602147832283675
0.9921137955121844
1.0975070047217961
1.0885956522084579
1.0287789059529748
1.0805342146143351
1.0829066022291436
1.0874318281825177
1.0891909772850645
1.0448690397989862
1.0952711429864987
1.0915808346815110
1.0908456686147905
0.8991063191729965
0.9602658114511640
1.0699617402606991
1.0946540984406865
1.0907992283857328
0.9722593764506838
0.7986881372651199
1.0851946101037089
1.0483010645920403
1.0927833547439125
1.0952602265022084
1.0922534303684175
1.0440675769526542
1.0936930380328269
1.0306798623061171
1.0010883942173743
1.0689163496181397
0.6907139373067684
1.0951850456491152
1.0953596166364055
1.0896483376855763
1.0958113788928900
1.0368475376362487
1.0903733397950715
1.0749218315000053
1.0944794732902314
1.0925247563449647
1.0663887694385361
1.0927173838622992
0.9051031364819442
1.0942072886229077
0.9759893194621000
0.9996846321042014
1.0756791388156723
1.0981210214800206
1.0925414458961165
1.0828534583812788
1.0933010306229973
1.0929702377068367
1.0086198938111468
0.8955218947927653
0.2931140434525031
1.0574910351606801
1.0922053812164192
1.0796277599513193
1.0938082271397038
1.0939293127532994
1.0962283491397189
1.0966668214727047
1.0974288521207662
0.3955970041201538
1.0894309229298265
1.0857284230629123
1.0543444806038536
1.0963906088572299
1.0708095021859023
1.0563044596030109
1.0808659115721384
0.9999144952744692
1.0591375961709337
1.0253479817801550
0.8609509442573005
0.8830734295936922
1.0959464547279607
1.0963420332568889
1.0712783892908817
0.7117465937601708
1.0498799722059244
1.0340890174485515
0.9699757978208281
1.0968055178367266
1.0955040122731847
1.0957622233591078
1.0429177053543968
1.0971920604760599
1.0564491057516050
1.0292771124357891
1.0886652283891660
1.0710864237596081
0.8567645120981084
1.0856203078264604
0.4736409720530451
