-0.2673975103015760
6.6472399620885074
-0.7790641175378389
0.6908400545270742
-0.7001318406193466
-1.1040972700284457
0.4256853894767733
-2.8084621047331493
2.4023046936960109
-2.1554609614712028
2.0112713620746958
-2.1727322431874976
-0.8306917397974285
-0.3828918469019610
-1.2163619016478719
2.5229881268622179
-2.1589548784372701
-8.2697760268570786
-1.6542788698382251
-0.1294166306905808
-1.0591915182827472
4.2382079340357324
-1.6237836623629920
-3.3479140603212030
-3.6574697273126349
4.0345180350684204
2.4105515333757537
-2.5537894353369048
5.9636161629084761
1.3431923042296270
-2.2008048679467174
3.3708139722325399
0.0321594127807032
-4.9979769606278239
0.7858554925526225
0.0860787474735941
-1.2257711906164828
-1.0612353731948136
3.0674810786224187
-2.0484997140943664
-0.9688938049973306
1.8885713081725366
-0.4757578314634814
-3.2123115318780151
-0.6000063148619523
-2.9511978865010771
-0.4508517337380838
-1.0761321357954061
-3.8098871437045614
4.5558283206384953
-3.1925686575591943
-0.3459081104365087
-3.2357835227595655
-5.5367861487219301
-1.4061317879920667
-1.3946505133895062
-2.1488882417771213
0.5835516232622605
-0.4323654592300437
-1.9415125933336914
-2.3404422451468405
-0.5647303637042012
-2.8468946828084549
-1.0704492999402893
5.7243994114000003
-5.5366224307568821
-3.6142247498523590
0.3383176526342295
-1.1003969109832976
2.5567548585475040
0.9393304050625684
-0.5205371472353802
-3.4080406693850098
-3.1821645395107998
-2.2292943166732910
-0.6876769453031757
2.4204693981055505
-7.8524790689780426
-3.2316417945950464
-3.1937646025577768
-1.4142211061552994
-4.4641266258531296
-3.1163449739445510
-0.2139862239655188
-3.6406584342769368
-0.3600744271658375
0.1616854014410396
-4.3137838190780142
-0.8560157957937981
0.2976446707722675
-2.1347025590958055
-5.5595532638220568
-2.2544241904630211
3.0416405883806390
0.0837799917422266
1.7331144381010550
-0.8494794366315769
-1.8968616157583829
-0.6735820212336970
-0.0828587259159785
-1.1612859536065405
-0.5647398668136265
-0.3180282113743194
-0.6006993072261940
-3.6941938363908537
-2.0523859567239220
0.0363049599356394
-3.5805009426881966
2.9611462927059651
-0.1684530881327793
0.0382856568386439
-4.9632052549594281
8.2088985596886630
-2.4833206049599141
-0.9219960624428978
-4.6928695327006196
2.0772370145352261
-3.9538545791653568
0.4512786445730675
-0.5969161559529753
-0.3465674011891087
-0.0481374925001547
-0.2009074713671253
4.1907257549910497
-4.8690642858854467
0.2214164479810823
2.2801814196390322
-4.8482214973985265
-1.0418756535670843
-0.6584627992548362
1.5918222144533698
0.9270702354151253
3.6302973887648893
-0.7764247888036829
-1.7643191479042335
-3.5987422295680234
-2.7103150870821016
-1.1914588446661445
5.4966933926493882
-3.2833036896312211
0.3005634723300628
-2.9201090359733510
0.2091967449222249
-2.9236397789589867
-4.6171119675977428
0.1705504731031841
-2.7365315699130512
-2.8326078600237747
-0.9568039469585601
-1.7928531857054277
-5.4914707788187673
-6.6193313050062441
-0.1839819728129456
-5.7130548180476302
0.1159246550258755
0.5481440322522416
-2.0157943933569600
0.4563152988641585
-5.0325713774330740
-4.0375868378273783
-2.6604308163304289
-0.8459165927397300
-5.3254642280584301
-5.2680425480719499
1.1060099618523149
4.1158757831383461
-0.3006085545023259
-1.0568758701623662
-4.6516607540656594
0.0536972235918329
-2.0777183025528885
-1.9195552817652120
-2.1781993511007567
-4.7894394114406786
-3.8278651538325370
-0.3799670821793823
-6.2193549936722565
0.4725028735711296
0.1069153771461450
-5.3886321761635116
3.3924559220174397
1.4553582863363119
-1.9750241385667344
0.5737483607819627
2.6450260523622626
-12.8541730168455022
-3.6990460513232901
-2.0303206483106853
-6.3164769943664387
-2.0519948207694858
-5.0129028013997985
1.7899930778236190
-1.6900222921093671
-2.1637566626315068
-6.7903814074188329
-3.1869121273185059
-2.2583560998891956
2.0293857704328797
2.0897646917860651
-3.5163685926816126
-2.6936409229218632
-1.1668512500143662
-0.2174214264832993
3.8864011534436722
-2.3558673030339836
-1.0871486384717317
-1.7859352194726781
2.4772660805875488
-0.2026098358292808
4.8839902071249677
-5.4934088660517419
-5.0249154477195033
-3.5082106755350702
-0.4030377972558385
-0.2380429799970681
-1.2308568432168345
-2.6486215662616379
-1.3245669726934433
-3.3794904623319102
4.8575584990729714
-5.9899591899604268
2.7133308200492423
0.2559507877150204
-1.6476304809979967
-2.6151060833157262
0.3166537411005351
0.0777242917390324
0.2263752193088364
-5.9728762346028716
-0.4396860737105771
-2.8524231324979694
-0.1282884135752358
5.2872464616458279
-4.2146844645187835
0.8110460076550677
3.3600005516232501
-1.7040167204322323
-1.8814772450078987
4.5132008198512343
1.7372402920834489
-2.2656607231011816
-0.7281483243627018
0.1965779373264818
-5.5272850176695947
-3.4951793179175636
-4.9806964223466439
-0.5297600554575486
-3.7214334803037512
-5.0545718215886479
-0.3442156688898066
-0.7005416058492733
-2.7229553698913693
-1.7287492038777494
1.5688273019940218
-5.2149945767837256
0.1827616699857022
-5.0179995121997596
-1.9091353946610174
-1.5814376828526775
-0.6027259452315840
-3.9673646614637126
2.8428513335010264
1.3631099698452325
4.2169900979951098
5.6892350446787292
0.2917106838890026
-0.5938358078467135
-1.0223234427113261
-0.8496385480033815
-0.3944922912542946
-5.1944071359966237
3.1141416652089902
2.1404567783535002
-0.1104195257653337
-1.9031729003151361
-2.4264977389137967
-0.9171403478134487
-0.3192868319826020
-3.3729551509849856
-0.7796575232095780
1.6791159049839959
-5.1657941114249306
-0.2593515913756831
0.0082054538413250
-0.6577561372746988
1.2960334625843344
-2.8351959322050027
-3.2908834335205590
-4.0916707858614298
-3.9546229673000073
-0.2296702112413885
3.4708709587093702
-2.9176390303564896
-1.3829928363606658
-2.4917769696192584
0.5986341810017237
-4.3601084231496658
-3.3949770894067326
-1.2020904265195524
-0.5243746761624440
-0.2968019262856059
0.7359387114567826
-0.4954595418902954
-0.6891137725150630
0.4278829371652779
-3.0975599272766940
-5.7906516477178833
-5.1531987256537883
-2.2042251685325072
3.6785505386186061
-0.6551200012580540
0.2881127009495851
-0.6116374849534181
8.2901474200887559
-0.0071487988393341
-3.9203287928663637
1.8724235596207801
-1.6286190182127853
-0.2918524998692560
-1.9658944528553877
0.1323902309558008
-3.0242371596489792
-1.5457471505152971
0.0674189988002302
-1.4820887699048133
0.7746569621933524
-3.2925519912341064
0.2916827871814647
-0.8273591442039451
-1.2026560364270353
-0.5853958691421730
-6.4419467183265109
-2.2111960225037492
1.5559794341891124
0.3113841499239762
4.6229363771556580
-4.1423026492255035
-3.0994090963066903
0.3172920954256153
-4.1992240438762831
-3.6531952151145450
-0.8123150358466410
0.6773072522224579
-2.0588795479380995
5.1549096753317656
-2.9472353367646305
-2.6113845640150237
-3.6355231191515966
-0.0882852591717508
-5.8740368167287969
6.8032804424214666
-1.0089294964283253
0.1171371476024327
-2.0873968549607476
-0.8905645130197999
-1.2360579876389319
0.0461767898122162
1.1907432599098837
-2.1957746158232943
-3.6045215095745129
-0.9377118564405936
-1.0431035493648178
3.1424883406863477
-1.3952874412625218
-0.8900118029082605
4.3509722501987635
1.3553065600338943
3.9011585277423575
-5.3162188784164819
-3.4830037782862666
-3.6387174303354786
-5.3086319279817227
5.4112774833629613
2.2891189941628602
3.6349074868596025
-7.1801934710808304
-3.8327694314956564
-1.6346829583479336
1.2409027055286830
-2.8188659974152550
-3.4639052023779864
-0.3982070814107168
2.2215121924659962
-1.1795685246220793
-1.4369978328248694
0.5026424287820930
-0.2278936164116673
-2.9760519055313037
-5.6695536525606096
-1.2313287725800783
-2.7052363828498400
-1.2852001772245121
-3.3387037969812492
-2.3524566519961874
-2.2866625703119148
0.0341182938227646
-0.9439107834325983
-4.5169622419743884
-4.7957977214622449
-0.8336990628061217
-0.0154622486969713
-2.4237187361679084
-2.6554766812210482
0.0866979653038388
4.0910078954066273
-6.8897265236738452
-8.2641561180507797
-4.9613197728351350
-1.7103717890600780
0.2966842513719137
2.7774600837795855
-0.3552820821892837
-0.5880631771416348
-3.0399908784022598
-0.3096172761202691
-0.4849516957083406
-6.9394469732316537
-2.4236364972687015
-1.7516922851685537
-6.1433107564189111
-0.7239464632080275
-0.6668745363622944
-3.7731117162890389
0.9501323374741790
2.4199478836564636
4.4315071234356651
-1.2223387068774041
0.4251485269257994
-0.7103343848736123
-1.0879588982958197
-2.1946804747759039
7.2613634913585887
-2.7329863042973139
-0.2868333274028821
0.4485408090126583
-1.5899619809129037
0.0601841250783538
-3.3609861754206469
0.3132487119486658
-0.3313982689169085
0.1477638465410763
2.7880550729758138
-5.5836913124930652
-5.7505586068403565
3.6658192265563176
-0.1058111073031820
-3.6015511553583686
-6.7393368236130167
2.7839549047287662
3.4818348339472234
-1.2006036867362362
-4.1242803781106367
-6.4881981157893680
-6.6678142818155361
-1.0738711145418205
-1.3550972855122740
-0.0768896234157250
0.9317353124049188
-3.4546747847841415
-1.8117231662035025
-0.3459435338349940
-1.3669094283378813
-2.6379131712583468
-1.7272917704516848
-0.6445615182155955
-1.4680540832468858
-5.6126645276160554
0.3542317873126805
-1.4780134422056301
-1.7981634813244443
-0.1342386487748035
-4.3646737965079723
6.6271430959274804
0.4726764172201857
-2.7128822790742828
-3.8454292110979500
-2.8714562104950434
-5.2129752885979146
-4.5105610848282742
6.1623894093288065
-3.7436914224958957
-4.8104076345008240
-1.0233184765273768
-0.8681167726338935
-4.1448401537826731
-2.7677874048134825
4.0601675738291538
-0.2678585828140604
3.8138023497684883
6.4342412353075806
0.6879166032194799
0.2053563310036179
-2.1223401084891740
0.0894243543554261
-4.2143538585551346
-1.5813120249323833
-3.4716036793501419
-4.1884589108260695
-1.6339218943494671
-0.0853630142456710
2.6733880635029075
4.4675391501315787
2.9364207232979131
1.9472904034652232
-0.5326863066230276
-6.6834336144862201
-1.7020324783144392
1.9800044921123259
-0.5383882398812307
-1.0207275844853536
-0.8557847940532483
-1.2346699687024711
-0.7184929900674177
-0.6321020650562438
-2.3388734005921235
1.3238920822720361
-3.0894446982737720
-0.1793155510956124
-2.2782350998967527
1.7997746534317842
-0.3530871021040925
2.2434032129983765
-1.7522543484639328
-1.1970759527702417
-1.3839105888671726
-3.3679659678651284
-0.7671020121821608
-0.4497621396275453
-0.2030781897893532
-4.5199778579602965
-5.5457335439303046
-3.1055499289156470
-1.7425259268941073
-1.1711856436706887
-1.8727683592243392
0.0169690084636537
-2.5343738986158924
-5.0155270663799314
0.0790178142747092
-2.5873619722032375
0.4711655596630148
-6.0400449243776588
-7.5611989650777440
-0.0515033147608924
-2.4301032085713490
-3.8312081749926983
0.0855668810469431
-2.2945085525317266
-1.5547326738284242
3.2204042044342680
-1.7521654332461010
-0.9654543953282502
-3.5259606236211796
2.1907785241008799
1.0487677238125639
-3.0281332383227832
4.8791555334913479
0.3426030030451657
1.9671897311611304
-5.7950372163802957
-3.2280696419069206
-3.0294310660027532
4.1581824208899576
-4.7053903713905445
1.1999543224939691
-2.1678846590722718
-0.4753329883686402
-0.9866749374765140
-3.9988829097497458
-4.5419658591051641
-2.3305509600643721
-1.3733280137598014
0.2971131001815127
5.2608016061588811
-1.3324226331586175
2.7717382964792399
-6.5244861366883722
5.7209711611009988
-3.0717099713458151
0.1570699568898051
0.2839529037881334
0.6236525012040726
-1.3745241627188032
0.5477886978299710
-0.7249850215713032
6.9837557654427291
-1.2758979257555305
0.2252891496219649
-1.0929730010957157
-2.3834974682720893
-4.1036402692489000
3.3173812372163547
-1.7956226549557242
-2.4049440691905759
-5.4673444235351312
-0.9126718086777017
-2.3272690611133715
-2.9767722443134423
-0.4101019706273240
-0.9545867812646109
-7.1060849984227481
-2.6238904456311278
-6.4068374844711728
0.3695209279644081
-3.5182658052896087
0.3843924743675181
-4.1600252874795327
-2.8219585427674470
-2.4740896607534597
-4.3212487743362935
-5.9018690493175523
2.4847362113361493
-4.1093322350893953
-4.4737951080415046
-3.0067494808092095
-3.4035872052413265
-2.4518865861106982
3.9939073867133490
-2.9425451487931586
-5.4180883213428865
-1.9416946033340530
-2.9360234421198976
-0.5671714563830115
0.0872815868565932
-5.1255766897790949
-2.4369044659743881
4.0385257023662087
-1.2284367726228229
0.0832715972213344
6.7201934196716060
0.2558384618083001
2.6639001669614895
-1.4302300162850325
-0.3259428380117985
-0.5502211052100662
-0.5681514108367961
4.5420735987825402
-4.8906299936441426
-4.2343378546510655
-4.7181544160375033
0.2713475155238495
1.4043626780907117
-4.5388647755084275
1.2668527357012276
0.7623165447709672
-1.1122469965220334
1.2915070691897770
-1.5247083292484516
-1.6107967724360472
-0.8321040560679693
1.2068546070689361
-1.0706903900833102
-3.0459472142905155
-9.6922812244083030
5.2661279759592139
-1.4239545623322354
-1.5075265655708767
-5.7178350143733638
-6.0005175350378339
-2.2476636691624829
3.0252792217028706
0.1496403652211269
-3.6396435889548440
-0.6319636119684875
-1.5034664944742249
-1.8570876005949435
-2.1201617838426889
-1.4270685350098191
0.4588985013716730
1.0684026168334679
1.5300937409697433
-3.2996352680535237
-6.4785252323319256
6.4791084063567581
-7.4285527899198307
-5.8395299049333902
-3.1365240263905863
-6.4627601045785674
-0.6281914474610393
-0.3954358998702510
-3.3665754017199583
-1.6524174822116982
-0.4910241857642576
0.9962033826747039
-4.5692618084259893
-1.0469855017107881
-4.9812517214592971
-1.7530993176883767
5.3932187296837366
0.5003722633989371
-1.0288464119332954
-8.0833518229592745
-2.8722601916955672
-0.7021892193351773
-1.0483495061870625
0.0030413931347518
-3.4470032110475981
1.4810642567951866
-5.4101807090786318
0.2817318915322044
-1.4263614790010479
-0.2511239128970350
0.8027911782034548
-2.4384997900794891
0.4502015657239394
4.8091141005795048
-0.3044555273276357
3.7742591325216184
2.1626154123020052
-0.5929320688349925
-0.7261539936879048
-5.6174275403656386
1.3859261978939503
-5.9800687468814839
2.0465680109962157
4.1343254801909790
0.0411612272911930
0.3877091857462790
0.5314110329992805
-0.9720133426490960
-1.3028325669847316
1.8557391852690390
-5.2000747052061742
-1.4914319493721429
-2.4435495089682893
-2.5786376929414359
-4.3308170524153820
-2.0501174366185499
-0.7655748574468684
-1.3109318980542366
-5.4413068863329155
-1.9178036223685422
2.1216049731398661
8.0237196484536870
5.2884792190171312
0.3597785604642743
0.2065668114003115
-0.3849808912426811
0.1185362654368753
-4.8795073463602741
4.3314156765611749
3.2884157649558152
-0.3911729585816069
-1.0020557796650558
-9.5877107064183313
-2.3524915926000349
-1.7157635001432174
-8.1832789106940300
0.3899102270820811
-4.1746655106118080
0.4251361088592976
-1.1595980640472383
0.1154244364629192
-3.8325290098442544
-0.5800695054883882
-3.5581865366706804
-4.0248608155408654
-5.7650378511108755
-1.5563463235222279
0.4885566108894748
-2.8501693347789354
-1.6097678761496066
-3.8386805159835777
-4.5707548962176583
4.5397806518050583
-1.6679075588176420
-2.8065568072102920
-1.5928319255421806
-3.6401971760258989
-2.5258331914649430
0.2495665690375995
-2.7182062247376817
0.1487107805855709
-0.7936121373996780
-3.2565412672821590
-3.1856731272017971
-0.2954142564369810
0.3665074924162295
0.1240439215983484
-3.3028602365400066
-0.6900399559430886
1.3634789635992175
-5.0518891265161274
3.5025832825544709
-1.8372702179702645
0.6499597059739972
1.0581245244336606
-4.8040822700405217
-4.1327974323522092
-1.5464009114659456
-0.2176364849766909
-2.0350638176323290
-3.0293504855399078
3.2591870600322821
1.8944409979987671
-0.0908730839446646
-3.3635777966272746
5.0703948495456377
-1.7061123069107267
0.1228528438984329
-0.8064774117884435
-0.4567413729363088
-0.6820055197496949
-4.3370872665683891
-3.4869470961513240
-2.0490838845055324
-4.7709657341292502
0.0268700847107316
-3.6061273535136440
-3.1755446229575912
-7.1165522630287485
3.7233744595812039
-1.3189935568689646
4.7698670551181861
-0.7399604993736761
-2.4175449912221501
-2.2974221697736752
0.5364903490492438
-0.4802194799404288
-1.9778357921086016
-0.4618161194858841
2.1394228719087414
-2.2816484587367141
3.8937734311749912
-0.7210040012598282
-2.6444193378820691
-5.2426670507900797
-7.0560868443251676
-4.9279075799052485
-6.0044038411121958
0.0780515939095131
-0.0389069720826826
-3.8078688935324467
-2.2609174835274151
-1.7899387932587971
-0.0165460864783925
-2.5435787005512949
-1.2928309382654453
7.1941205058111102
-1.8708114561025539
-3.3413438477246533
-1.3133024516992999
0.9994807353907317
3.8180707446126099
-4.6105872960448675
-0.6259832706334475
0.1625520429824313
-5.6590694059624136
-2.7914677929471332
-5.0626572675410877
-2.4462732783285457
-1.6567955137132693
0.0870604939151356
-3.7231483100972529
-3.6813631495275079
0.3614105232810899
-4.7109883592081223
-1.2558789408881035
-0.9793353395889429
-1.2382036483106222
7.4119421548565505
-1.6567746938282013
-3.9893480052807981
-3.0727967172604855
1.5024624396041237
-1.3425989963307199
2.5426748872752287
-1.6383354914886221
-1.2407294649459595
-4.0411538614809501
-2.2952288669258354
7.1739785419822786
0.1197410568405767
-5.1935903787461362
-3.0655252501581360
-1.3425335555697440
-4.9501614289688254
1.3446847667956296
-2.3616814533394752
-0.9012679523044066
-0.2239843832653134
-8.6921074855293821
2.4328577524341588
-4.2930450259713231
-1.0099998533497438
-5.7956193191527632
-1.5379970766097248
-3.6701496182553557
-0.7935620734172166
-3.5203694386788809
5.4469768805380809
-2.4192060154706150
0.4356178902307907
-1.9873829388242306
0.6106490802794388
-3.9072740113148789
-0.7032430763103075
2.5005663429243610
-0.7477702054269602
-2.5840962174957705
-0.3954946996556164
1.7500574260395187
-4.0649991024828571
-3.1490100228821523
-2.5501037166720439
-0.5708111102589004
1.1683115764141236
-3.9606662579050540
-3.9839411381787908
-6.9391418848830417
-3.6925222856525197
1.1728487913585379
-2.9605587272747598
0.3415945356693367
-6.6749004213597019
0.2435088047406743
-0.0985711773011905
-1.2464192711056439
-2.0901493509763256
1.2743466379696178
1.2393995792583870
-0.2825521626432350
-0.9174628512705783
0.1068160744973290
-2.9360852213810777
-3.1719488738129207
-3.1917609511931819
-2.8811898450687448
-2.1398913518141440
3.9993404004822821
-1.6080530343446788
1.5425853637402134
-3.2108934680781100
-0.0455927416404034
-0.3399747993756990
-0.4909489077500694
-3.0210506305646243
-2.2899272102511130
9.3734976078290444
-2.9513560350892667
2.1516736879216989
-1.6883139326677881
-1.6870258635469801
-0.9240217534015531
-2.5718510509511345
5.6116510823871399
-3.8011498364702758
-2.1708871745218037
-0.3920491924978615
-5.0055905548833231
-0.9713811599991555
0.0856027166225315
-2.5881194376865158
-6.4702767825438618
-3.5303089612125018
-1.9117635246606473
-1.6665775078351730
-4.0019407521798742
-0.1002338768944215
-2.1651420225039133
0.1958121297366696
2.0177203426719208
-1.7300607363814098
-2.6756889631545380
-1.1723075632516231
0.7112180248780365
0.5088082293683379
-1.1788473625997766
-0.6494386863236956
-1.2409318813146224
0.5415443528117905
-0.0679324302951254
-0.2086782647510765
-3.7709185174397848
-7.2452468026478369
-1.7561233242695395
-4.3515583519916783
-2.4134921748945830
1.2082047406808929
-3.2703647477777951
0.5921428392518842
-0.9037863496724913
-3.1716508334167908
2.4566655963941617
-1.0176160930268994
-3.7026122383448654
-0.3130188229390938
-2.6757048254874536
1.1155569533288805
-0.2578470405299774
5.3582225882952850
-8.9309447137981817
-1.0040195546066233
0.0922688371255509
-0.1497901086327609
-4.5156414421534361
-1.2815655073756487
-0.0351601279809935
-1.9602230588866114
-5.4437120489321629
