2.6804264876253248
0.0964783341568570
1.1455708803469762
-0.1651560210846871
-0.3470488274828182
-0.9362824929265436
0.8375201488687259
2.3189886589012154
0.0841753661770732
1.6820673830114956
-0.2084652042686316
-0.0454478020340203
0.8465275892767163
-0.3843402290186491
-0.8915793818038319
-0.4470306742099473
-1.0069563717375591
1.0440533596410768
-1.3319375880903159
-0.9132986998273985
1.2809142088159844
-0.6848038138080826
0.0964042792729195
-0.2110624509574983
2.6242119712059395
0.7927873278364653
0.2452517334489718
1.9203067055287240
-0.0357967565461280
0.5566850428738475
0.4148379432967759
-0.9500688735210121
1.3789858686644552
-0.0694851710275807
-0.1022564741106713
0.0663356039196728
0.0774468317452288
0.4403864329427288
-1.1827129587920366
0.4633289431119058
1.1991802239958176
1.8075038629714653
-1.6822742717562651
-1.4000101408305101
0.3936396059455411
-2.1934590350890142
-0.2213216074327494
-0.5233012235486951
-0.3319500174615188
-1.1684924510183019
-0.9689799756914317
1.2241328506719458
0.9673860920554935
1.4334366845354241
0.4299617168617648
1.3315627129956655
-1.4631689016089124
-1.0059622268368684
0.4851363882979882
1.2783516827684445
1.2124548137226356
-0.7051404037904888
0.0282604282492142
1.4110520409262421
3.1264847443279953
2.2541688802651643
-0.5140924394596671
-1.3197103092685361
-0.5186042282281104
0.0516484349417456
-0.5009241506750560
0.1114701357613926
1.5043074830092422
-0.2018669904908776
0.0780431859189502
-0.8765441638579807
0.1471834583545459
0.8984962558290761
-0.4989850409855708
0.3310293496068644
-1.9104733169488584
-1.6923748870060182
-1.9967759917156391
-0.2670858401373545
-2.2064854541841434
-0.6729683328854573
0.1115462612694244
1.2530572217884901
0.2391227066896478
-0.4892176949242723
-0.3305472372124553
0.4891972691271397
-0.1336228515644157
0.9227829487715222
0.6166048170806403
-0.4425922490895901
-0.1508084952218044
-0.3902964291418711
-0.1295331170987583
0.9661733910194104
-0.6471887011516105
-0.3634355389575271
0.4211611185053896
-0.6402395553797177
1.6871596236609998
-0.4015929035137435
0.3220201674541396
-1.1312998763554232
-0.1080905116329041
-0.7042824232771047
-0.0023991735981309
0.5723892639310423
-0.2614983991132162
0.8031450910503457
-0.3047037975200652
-1.3467339690830908
0.3163758434667949
1.5338993893350465
-0.6223636960230676
0.5144854001303814
1.1375604370133416
-1.0196708219721724
0.2097511564241760
0.7304448440197137
1.2962276110502402
-0.6464834474655023
-0.8138201744728015
-0.5399499128672406
3.9415369948571914
0.1947670116626909
0.0989226968217802
-0.3172413716148897
-0.7794798022822473
0.6550530719144736
-0.6728010611763540
-0.0636502451448105
0.8455970809657775
0.7912863445551951
0.2782407154735165
0.1102251577670890
0.3492701993916971
-0.1816217110125533
0.3086194688813675
0.7037448638958392
1.3277463535018212
0.7624546329891454
-0.3586574602828777
0.1309156224263761
-0.6740707928040588
0.3739011262106767
-0.2794148873764699
-0.9425855173380799
0.5913075662399748
1.9263991892428587
0.7861664331765077
-0.5084474452376990
0.5020407811768819
-2.2051393779959598
1.9060751068711279
-0.2219002325597383
0.3546868252950521
1.3087211333071733
-0.3739731264006200
1.2797551101397884
0.4989233241431996
1.9799867497666765
0.4316890543747037
-0.5769134250955443
-0.3761530542485085
0.6158249306201836
1.2033446293104777
1.1342176855886663
-0.8069652612218651
0.1590685308818826
0.4903362889766353
0.6935787949939582
1.8440346359091140
-0.6586513110529734
0.8548005499545419
0.1316733750766877
-1.2002978579046106
-0.5901732845266531
-0.9531320379373358
0.8197691620146601
2.4751577927572921
0.6778647291052007
0.8965745870356927
0.3069832928230104
0.3203998293780820
-1.6954549219111095
0.8892093138292754
0.6727261058084020
1.5890499036518477
1.0959393573939638
-0.4623287222986375
-0.9799353276087037
-2.0030421748319913
-1.9236653726839832
0.0725131973956642
0.7929185141702684
0.5506023819590423
0.6705293859884019
1.0825314799452432
-1.1343474041201691
-0.0684251836460115
-0.3891951190052185
0.0605523706107020
1.6820195096561785
0.0759405483650886
-1.2556971093863156
1.9135906810933443
1.6854501233265673
-0.5824426992023750
-0.3086655939289634
0.8663211120499292
-0.3144854003661091
1.4792697477103243
0.2713574877682189
0.3223868088609273
0.1057177899950288
0.6121375021128230
0.4847777167568284
-0.9111879126583782
-0.4206969772586311
-1.0713979410924626
0.5061173517390767
-0.3664522359717427
-0.4743797362116886
-0.5867798610833311
0.4985078767520843
-1.1554304399314319
-0.2390567421947227
-0.0569239577271231
0.4494548981729271
-1.7270488369867214
0.3168465589000137
0.2498445475187918
-0.4606676194506014
-1.2114696656015214
0.7393562665028296
0.8384687022236321
0.0458941005006224
-0.1087852925718718
0.0129953921955327
-1.1969213231273519
-0.0535079173688100
0.7292843284665242
2.0649066658687008
-0.3963887626621386
0.3457049880056158
-0.2931094994726174
1.5224993089050585
1.1201217739306475
-2.4964768495817178
-2.5761266871362438
-1.1839046583503647
-0.6653565525021404
-0.8285188210551351
-0.5680124110124136
0.3823318526365598
1.3718038398439880
0.5016646627831067
-0.9569488151084321
-0.6368986829113455
1.0706614259109706
-1.2668232643841717
0.2260930425196530
1.1235057013478116
-1.1112050739218826
2.1233475907651900
1.9159127817375496
-1.4063050294126525
-0.3863449248256909
-1.5893987298690235
-1.1006513902870074
-0.6950807593234862
-0.1135351155853352
-0.4074810417623573
1.2384119537658593
0.9540387604680940
-2.0614394956788296
0.4797137593646734
2.3594726977117841
-0.4382654374069087
-0.3392695860212536
-0.9053332283123451
0.4995516122645575
-2.6593194045615820
-1.9734184049986641
0.4311454594029782
-0.1917728551463534
-0.7731684237135444
1.3351113885365622
-0.6006603728221952
-1.2292479924448760
-0.8687768817307164
-1.0969564738767150
-0.2389267728322620
-1.2006249891984533
-0.0155463040180574
1.5226451595986028
0.0877526317214827
-0.6818154757542442
-0.1921691858769510
0.8228147699798545
0.7531191968277448
1.1365505924761359
-0.8750827192101184
0.1345458420742775
1.1735679083926258
-0.9192347152883420
-1.9809135880516344
-0.1997028845052529
-1.8610585724073243
1.3434219632074071
-1.1179134798362784
-1.6906825444333673
1.4826967980923587
0.3938660441181807
-0.9688929726960021
0.5904063479886598
1.1063128452478672
-1.9646058694527391
0.0820040503709097
0.2557994526028511
-0.5458989592402108
1.0724155099347172
0.1874616450090949
-0.5268689423065026
0.6277373863336964
1.9841724810600598
-0.3765028201123531
-1.7086420083715224
0.4464778841122500
-1.1224789364609180
0.6842788499356427
0.1056168582200734
-0.2776033221882437
-2.2871889216591175
-1.0230996063568465
-1.0064572170051391
1.5580493017124972
0.4881184669761243
0.2497762862517528
-2.0386652447892279
1.5651448032115418
-0.9284580177495489
0.5357228576650591
0.2996970229327768
-0.0738870309086623
-0.7016854641015166
0.2159030244202318
-0.3864316036845912
0.2080007915212355
-0.4012746986071043
0.4030858747072568
-1.2990831141331267
-0.9047153264775389
0.5827740012323123
-0.3009330942655188
-1.3674874904392003
-0.7589375415323987
1.0018642794309982
0.1696170225015904
0.0418159985683455
-0.1934307739769604
1.1798223155938321
-0.8017321723633462
-0.2716107106905387
-0.0527151145582113
-1.6601373120219736
-0.8578078236860129
-1.4371319897608001
-1.2740781722581751
0.9032497741940687
-1.2179439271282915
0.0732542170229291
-1.0876569974753894
0.3516278942698731
-0.6875253237989785
2.2603685876998529
-1.4635856556743927
-2.1002112865809250
1.0964687965280822
0.8776502555058689
-0.0937461318202989
0.0474647612068506
0.4280683233843679
0.6593636733943069
-3.7384899423801743
-0.4214675257262320
0.0147814983967952
0.7313111912921418
-0.4093559911146929
-0.6874523400842555
-0.4221578599619382
-0.2850209751443903
-0.9154330641122229
1.1831727269170562
0.1462220074606456
-0.8068907494109469
1.1378594444174090
0.1750992235938005
-0.7513683178623305
1.8019817134508958
1.3322019436772434
-0.3774423884717050
-0.0803817588291770
0.4947353507024644
0.0808448874692097
0.1778453747616877
-0.4733722722067646
-0.1422498871932328
-0.2556297931651315
0.0694288012083887
-0.9462843759161592
0.4476966576099007
-1.0196851599292167
0.6587673612405910
-1.7294989142435937
0.7246457210385420
0.0986136909976146
0.4568490189713814
-0.1234748129553366
-0.8326680502540450
-1.0877742208543417
-0.2861565585450242
0.4250566277458529
-0.2090780063868525
-0.0559378485614025
0.9565306332272837
1.2649073459781131
0.2875306596575490
1.0789884100481562
0.9411342264179499
-0.7383033746028517
0.5910981547812105
0.5142803463771992
0.1434137197396493
0.3082626896473356
0.7127314488770277
0.4277132040544243
-0.8464635123380542
-0.0221932833378200
-0.0546863959498215
-0.9786452465348188
-0.6113543921006108
-0.2481839761744318
-1.0480737938984066
0.9230814190074943
0.0298587009324726
0.5948730560089720
-0.2968216919611211
-0.4311743096873555
1.8199884277731495
-0.0311257622688851
0.4157046501760117
-0.6510725654037979
-0.7578911314088731
0.2824792616299390
1.6067634673912106
-0.3400341585360213
-1.9999847792602856
0.2176642708081367
0.3428733260789186
-0.9901421528310181
0.7998454308400178
-0.6185903354722936
-0.2286782588952459
0.8875301313926915
0.3001241359155535
-1.8584942158012727
-0.1184547825962445
1.5359395094833488
0.0643016488899029
0.6602030656396152
1.0697027730978212
-2.1838402809301738
-0.7496880976593129
-0.4926802033963410
2.0568276911169234
2.0715884788373002
0.0532871085009066
-0.1492527481094470
-0.6172992095908001
1.4961450392832121
-1.0596239607834221
-0.6923490959294877
-0.6597931135643162
0.8833438347274728
0.4626873691958014
-1.4440464781096443
-0.8446672810608329
1.6583317528255308
1.7647351271451499
0.2488446182243778
0.7435055232174065
-1.2875606036234915
-0.1643978449644596
-0.7438199438582082
-0.4627797311604062
0.0652219299748754
0.1559725246058891
-0.3262035890955953
0.8905814351097449
-1.3048038665995434
-0.8868101929909463
-0.4255408723194411
-3.4688488140058902
-0.9286609413495254
-0.8566659537819135
-0.9047560119721484
0.3128619405751721
-0.0940768972446552
1.3868080816809305
-0.1295188480118351
1.6202414090494199
0.9217846921743132
0.3986115725044023
-0.5093585005745441
-0.1654154058618774
0.4802169803360151
0.9570917654403007
-2.0995248520496719
-0.1619480181080959
-0.0252589613632432
0.5215550518713922
-0.4247143066963104
0.7896476036703461
-0.6131444473194747
-0.1517721113405499
0.5115541456811514
0.5999491283026600
2.6580410627073490
0.5868888105636312
0.9531798337431150
0.1732136032126797
0.4862217189546331
1.0020816290584196
1.5687996974619283
-0.0353693598114182
0.5254472480580813
-0.1198697733484865
-0.2275451028752114
-1.9953769565487016
-1.0129776416679352
1.2783724696218672
-0.8979772942783731
-1.6063329559465767
-0.0615044559694481
-1.1830186224854002
-0.6539961923740062
0.3038385995484753
-0.3434560570611276
-1.2170289137268451
-0.2555386806809227
2.5033884446797274
1.3652860659649710
0.8869604351404777
-2.3722505638024960
2.1491033725071693
0.1515879579514084
-0.2115901668219158
-0.2998015043210336
0.2191633549402168
0.6177625983459906
1.2231930617616118
-0.2392463902829167
0.3846043284602615
-0.3645296457899979
-1.4438559120650700
-1.5854084419621761
0.8432341897176553
-0.1579053593828660
-2.2506374469601038
-1.4802875081471809
-1.2568844394683101
-1.1906812355449210
0.7271365923659642
-2.8746364469562335
1.6931994310631466
-2.1483349940602814
-1.5746007431087712
0.8141792872749909
0.1480129762680154
-0.7826346231019783
-0.1494338510746125
1.0805983516986724
-0.7300897365553861
1.6254381819525572
-0.1168519865604010
0.4416675348760614
1.0689239906162251
1.2549052957652314
1.0177270822067555
-1.7420170341079191
-0.6840848457955655
0.1480086893954284
0.9739713285827469
0.4510659551518539
-0.3251170755952713
-0.2291138402999541
0.5395140924643649
0.4614981179296067
2.4282105398966505
0.7892826447836523
-1.6882491321448667
-0.7246602642005596
0.6224264441686932
1.6531467787779783
0.0430469875548829
0.7188582937428056
-0.5740733334772419
0.5134751929286134
-0.0185545638237562
0.1495051613133754
-0.7021740537256546
-0.0704590835814881
1.5602741298208436
0.5950263878898842
0.0819124336410101
0.3088276644906685
0.4834880716683212
-0.6903343952783290
0.1298137420699379
1.7276101192540145
0.3878213397836668
0.8105001651648883
-0.5572698943617681
-0.7233545497015342
-0.3850981425649096
-1.7845988781877393
-0.0242627220039910
-0.2524437762804963
0.5796580075087674
-0.6057185505080965
0.8538160341247594
1.1681897029013488
-0.4948591294154664
-0.1524072132349927
0.8302171429661110
0.1735460627149909
-1.8399433750594743
0.8132488990046745
-1.7554758912631629
0.0970291802659675
-0.1146522158250612
0.4139063501782868
-0.3244942864046715
-2.4504397601221695
1.3166051009723974
0.6924736810385902
0.3096082588346030
0.1331632725691385
-0.6540183358133832
0.6767514109622260
1.1249493768573362
-1.6710404825789744
-0.9870193063320507
2.3120949517247853
1.0916354362577056
0.7757332705914566
0.7577759533000371
-1.7462397986625005
-0.0408367144898047
0.6912646758196755
-0.2737847225802687
-1.1299702865571404
-0.1355508368790838
-0.7696871730312876
-0.5303913411294647
-0.9566986113273517
0.3769495923261574
1.1446381794927798
-0.4203574892373396
-0.2472423277858016
0.9016171837701085
1.5840493525146762
-1.2665585064824578
1.6481194000498045
-1.5173326365288491
0.9591016743997807
1.3277150256358712
-1.4738656885572277
1.4312352886996142
-0.9839159420262514
0.8579447557563581
-0.2314746638193275
-0.4925722748434206
-1.1581982788347702
0.8587525807059366
-1.1503381079913684
-2.9471734372715370
0.3362856525274778
0.5646858182314546
0.2678346109448524
0.4825822421408664
-0.6085693667349500
0.7944289524943792
-0.0754843604911699
1.5432467646317649
0.5102478292892031
2.0084083181070915
-0.2729667847177692
-0.1437562970152104
0.1701078036003459
-2.5572094423976846
0.9945918973366150
-0.0515436618425863
0.6524783123045695
0.3310791099728942
-0.4422270798215709
-0.2649495610994155
-0.7050213045271165
-0.1499483184783203
-0.7910590197216557
-0.0907856666114711
-0.4645740801362906
0.3924174524575167
-0.8968216425320192
0.4154186636459864
-0.3577216325218333
-0.3063038155811693
-0.2811771955215532
1.6651538617655843
-0.0166342150333058
-2.2766802095478664
0.8098734070772091
-0.8783137035441217
0.2032240835771715
0.2591467904119844
-0.4424226482617839
0.3168464325906178
0.8176398465862964
-0.7666272910309718
0.7787136330465678
0.7905474925978331
1.2463082952958415
1.8883336123178271
0.4905916908307718
0.4186052621563054
-2.0771993560084328
-0.4477070430426296
-0.5770156975736086
0.1036053097299077
-0.0495106588776204
-0.2257178348990004
1.4436894402955094
-0.8801391925584151
-0.6860369799169989
0.6906205398899746
-0.6252880536392702
0.3975220716756189
1.5841818017862874
-2.3934164529144977
0.2760762192887018
-1.6628330348760199
0.2135080567784955
-0.4923792331705085
0.6934316372297653
-1.5814678916914824
-0.0958679322959964
-1.3938730771891776
-0.3330560730214754
1.3529006474709848
-0.4689664415387420
0.9928315567346054
0.6736459117990410
1.4900020924179003
1.5529577712039671
0.6162789984066966
0.8978026718906202
0.3896992168322143
-0.4298018358613227
0.8461485693388370
0.7939553071320674
0.3904970018988980
-0.6214396918769953
0.1346726166787045
0.4529031995580118
-0.0660999056546383
-0.7386936558787924
-0.0045901769146116
0.1183718271278899
0.5655143488744607
-2.3351997751024811
0.8361464716358649
-0.4911016302347946
-0.8793832287072971
0.5269924303890912
0.0205712104214766
-1.9800507919735879
-1.7033350084936771
-0.2208383477682856
0.5336238150339226
0.6669814167894554
1.8179067114365193
-2.3889027602432447
0.8106164675376504
-0.1573440977369029
-0.0198599530561711
-1.6952616696895428
-0.5997531679448783
-0.5490713741934835
0.5628687728380561
1.5368412661310920
0.0713732549935295
-0.6224511289354552
-0.0998994605594564
-1.1393548231231647
0.0630499459341244
-0.5867405351944730
-1.7113240692841014
1.0945795927393767
1.8643188641872108
0.8414957527468283
-1.5846544997967744
-0.5976969553519069
0.5444785509666795
0.9782069370565595
-1.1076684741293494
-0.7320512736913434
-0.0433036588176757
-0.1443540301408505
0.7761800304630972
0.6734953714419496
-0.9314290093255561
0.5443939648551341
0.5465678547660191
-1.2214314606101919
0.8259880188236937
-0.5847103798228911
-0.1259887633385133
-0.1037133174264852
-1.0006287034757122
1.2101621297934995
-1.0151846464511536
-1.2445102545257565
-0.6593879349276937
1.3186283024203986
-0.3168506806874466
0.3859286502573119
1.4756967994189805
-0.4254593496336006
-1.2088787866300921
-2.1454954698251396
0.5932297751675878
0.8288676529153807
0.5460487967057015
0.8069166805480729
-1.4917907422428383
0.7221567318661720
0.9408004986780472
-0.3970836904073987
-0.2071741851559905
-0.6974569391196396
0.1758802176981250
-0.3999547988332966
1.1007643569531276
-0.7188758095868649
-0.6625207627155761
-0.9197773563406629
-0.7399881160868645
-2.0431477996000984
0.1996376766539877
1.1887612610887901
0.0282587840277377
-0.2264557441272756
-0.4491800004037442
-1.4484403409081827
-0.8146669557890641
-1.4350564701072361
0.6219173719382649
-1.2136188707731876
-1.6949261862921203
1.3447430393208852
-0.8049850692963009
-2.7298206589761254
0.3113600945742989
-0.4492297930804800
-0.3618949490535154
-0.6513959848212016
-0.0918817050271632
-0.0341521024604452
-1.4995754016851273
1.5947569669610588
0.7696013728739730
0.3265865486146676
0.8158511775061879
0.6310774643117585
0.2835836668421635
2.1122660510773485
1.1448541566115478
-0.4912640944243862
-1.0970326651369788
-0.1235545449198192
1.4540943575967966
-1.3698107041338754
0.6306253367321091
1.5704771923445060
0.5891291352856342
-0.7117602718582295
-1.6570226520276916
0.7497864716707315
0.2769671224378645
1.0470429646378216
-1.0669644319950513
0.5573454694213725
1.0981606235562626
0.0368326811468697
-1.6792306390608642
0.0387124214904812
0.9709494777165643
-1.0043240806862881
-1.4453510404418286
-0.2175705667840377
1.0506591409102182
-0.3647948763946646
0.0065373942300714
-0.3441309709745164
0.7591811878903013
-0.2257627145859844
-2.1962546977250423
0.0710621333720166
-1.2184782036705850
1.0137053904693807
-1.1625354604082270
0.5757453606658225
-0.2386510461089873
2.0597036142368537
1.5753486966408963
0.3160346568310846
-0.4627605408742014
-0.5032035240472021
-0.0535440615969716
0.4513306913843435
-0.0674217880852818
0.9008235241959521
0.5622644926878964
-1.0224441125762027
0.2557267052710784
-0.1963758739211897
-2.1368049906373727
0.7259894786995919
-0.9839075365611788
0.1825094689861345
-0.4693405879390908
-0.2619273370293237
0.1909814913256552
-0.7396286370589527
0.0571272700549674
-0.0956209139283492
0.8676372886953497
0.2834729134368874
-0.2967248605305727
0.6844676380002570
0.0773809922676961
1.5859304314432403
-0.1039722151704786
-0.9536541160340393
0.9682007291698834
0.1479137303618454
0.7215597597729929
0.8297569223824258
-1.0620285664699105
1.2644168718958275
0.0591448097454703
0.1718104450746133
-2.0036539204528365
0.5835601586158549
-1.3849687457664261
1.8561133303085333
-1.9509977689278102
-0.2401705285121831
1.8923198450990935
1.0886290349297076
1.3369094556351400
-0.6649684707021276
-1.2870694641257658
-0.5205946071967565
-0.0817734418758297
2.2343927324738546
-1.2635628459691073
-0.1238567773617733
2.2951528774859060
0.3977860551401611
0.0919085842151332
0.6546935966583509
-1.1324994773989550
0.9140271614903951
1.3442257845987859
0.3445974096129718
0.4564154394235965
-0.8227483636953117
0.5521143956157902
-0.0591933018532061
2.7438629861994808
1.4692706860922253
-1.0232310512039857
0.0417066159365604
0.4342595862280315
1.0597177876995050
0.0623003519798868
-0.4509876699154660
-1.3753977654936560
0.2525768722360649
-0.4327530674663272
-1.8604180018898349
0.5259525066895726
-0.1693744063477838
0.0870162375799036
-1.1480763419443594
-1.8876215181470624
-0.3775403200626901
0.0552745912296639
-0.4227117946563440
-0.4232532865240257
-0.2200579081918586
0.5282236821200035
-0.9154671427681810
1.7897264717058412
0.5486194220459940
0.2236579258345086
1.0001378200263982
-0.6787714040170149
-0.0202846252352283
-0.7600721777480728
-0.8558429608437527
0.0316221017822073
-1.0553529161385240
2.2628612752933135
-0.4953382593109683
1.9700327563324651
0.6931814284768870
0.9716806544033283
1.2584606704428565
-0.5204275362321115
-1.1335976313306524
0.8775557716370798
-0.1688681900431952
0.8821291967013213
-0.0858727154664464
0.0610287708963531
0.0187313804321426
-0.8216347002884395
-0.5393324805169913
1.4184779713391236
0.4748086352411988
-0.7252640251508142
-0.7147552207830418
-0.0956309887113020
0.6560812629423878
-0.6552364653738962
0.6058280558387459
0.4508048502280507
-0.1967525403195682
0.7933287228361703
-2.4737090066674576
-1.2948151202498834
-1.3464113328823406
-1.3472496072054401
0.3472189506256522
-0.4304877680218888
-0.5805241458679090
-0.8472463135090742
-0.4942497412454700
0.2410631309588075
-1.5338646474963884
-0.4870045779085182
-0.3877238975322582
0.6157725939124924
0.7082655632073573
-1.1817529191064264
1.3316766856128637
-0.0583192992672644
1.1002331880113767
-0.2347555158647607
-0.4778207076710580
0.7309397091497576
1.0883261373210293
-0.3835018559669974
1.8341556941230175
-0.1427684108625830
-0.6555579403061085
-0.7523731053370571
1.4288146693016077
-1.6046309328891555
-0.2463682065579325
0.2747347704622310
-0.4991670770740838
-1.3061616251544883
-0.3196955780213119
-1.7072891333477045
-0.1633141392849490
-0.0355576290809338
-0.4801576466608107
0.4070062639906287
-0.4320833935445156
-0.6983834587220945
-0.4782760069012030
0.8597676866915070
0.2150991865685163
1.2793172302839708
0.4328787310913571
-0.3057000784111600
-1.5664445743856781
-3.2628757224937766
-0.0487999787712190
0.1608433645621617
1.2771724766258408
-0.6452634991659926
0.0406162428513764
-1.0393355766970600
-0.7782597583118929
0.4464625393453168
-1.0434271198518974
0.7640386611401251
0.9906962697192991
-1.1040637535078324
-1.0085846300996353
1.5932568399368279
-0.5540628956128367
0.2822334699782012
-1.2327625102505106
-1.0077296852358664
1.9717043143349600
-0.6156728487549948
1.4580986067024133
-0.8776710931043280
-1.2295747126073564
-0.2850666663287253
0.1384218571590274
0.6381849768936438
-1.4625778255170192
0.1624290295233147
0.2447403918309788
1.5869191949793258
-2.0087709779033998
-0.8121938545759811
0.3672023555231830
1.3647376563662810
1.2136069807832230
0.3221791030492989
1.3711672500634737
-1.6328878894059198
-0.2819391539336037
0.5553286772816518
0.7536561714488019
-0.5012828946388428
0.6469723275751404
0.6665132482724841
0.7020278942267810
1.0859763130578262
0.5457764287604417
-0.1179419348170549
-0.2245260398526337
0.5315687104504567
-0.5048753958188772
0.0718749251957868
1.2770349222294395
0.9669949167178130
0.3685178467453926
-0.5762492207867114
0.0373270491615815
-2.0881703651417487
1.5847577522892766
0.8157254803806221
0.5682393232867704
-1.1455047847795810
0.6624871765133877
1.5334923521085577
-0.8627420970911281
-1.2690718279717070
0.3847009920713103
-1.0219417942195035
0.2968659869115349
1.7177648855605543
1.1276215141501544
-0.4576761416190550
1.9964854396536351
-0.5114452043228703
-0.0512421562982427
-0.2102165753159747
-0.5684480805882965
0.2762434358491648
-1.3184017796702108
0.5348070783320140
-1.1843397391181125
-0.1680628416755949
0.9762099181665657
-0.1753725453838781
-0.3454974508891660
0.4411999500060006
-0.0266391041064457
-2.3199309331101805
-1.1505652328522793
-0.1835748261659909
2.5842409496010599
0.3797070920252165
1.2046883250504883
-2.3370561886149157
-1.2648660650526706
-0.1764664772404830
-0.0775425878084639
-0.2251787267306883
-0.4613048799675361
0.2651482762612261
-0.0645520289473872
-0.3396756716583624
-1.2684752283450720
1.4221654679751350
0.2835570485333265
-1.1830657237646534
0.6716100087283915
-0.5780994646511727
0.3239207042948477
-0.0509323034978716
1.5933368107316928
0.0539979656573321
0.8707259274131768
1.6851185957161099
-1.6576342007586076
-1.7249982328702980
-1.7223517870898093
-0.9651213307248629
-1.0065433719866819
0.3378110963893705
-0.7219209249219507
-1.2645658799802317
-0.5492957386294004
1.4636041267173336
-1.1983409386261108
1.4462253776637530
-0.3432100762944040
-1.1445564978208271
0.8627146676642081
-0.0509855370980014
-0.0822814327249817
1.1758302345517395
1.7833816865588985
0.6541620404806515
0.6962637275735795
0.5064772820178360
0.3131545502254060
-1.1082365007306023
-1.0087023165528868
-1.2098330253234526
0.1192225441563973
-0.1167219250929681
-2.2816677540008854
1.2017869007990658
-0.1659066578913561
-0.2829513482341336
0.3260159373918462
-2.4501389226787040
0.2013556314771920
-0.7547668211064050
0.4144226290346735
-1.2550940280178065
1.1710356182553039
1.0973226254303683
1.5070199119039276
0.8746702154086808
-1.0647844671868094
0.9099662135344260
-0.3349050703117956
0.7432972210268723
0.9959154429113806
0.1560995122246813
-0.8678156524250473
-1.3418699501864646
-0.0482196539006339
2.7269810753735069
-0.1238436030434619
1.2618046302466499
-0.4123603725206427
-0.2421901862496532
1.7291110405068537
0.7216392329145023
0.2553315280628050
0.4839971432165694
-2.0347415735111793
-0.4527044173274296
0.9098838905397121
-1.4834872870128355
1.8463328719561971
-1.9174326923179645
1.5165843308579954
0.2702714719681403
-1.8914185237110470
0.7787880612703709
0.3564976991979616
0.1731219588433347
-0.0896968885871656
1.0578949131465143
-1.2871076930726690
-1.2790668313893405
0.8836899084383316
0.7877163651741982
-0.5859755279233134
-0.7583945986039000
-0.7935953819183791
-1.2630699461444264
0.6649882948250202
-1.8516154010243775
-0.8566651945414339
0.6685492036093011
-0.9118012190373805
0.7394539404069105
-0.3668857188160113
0.7937629362529011
-1.7217628197889705
-0.4540072602491330
-0.0390482175280247
0.3009348449490124
-0.1678067758196745
0.5459220501544612
2.5365459240811847
0.2008921442917370
0.8450796357494690
-0.1720326792321666
-1.1103401735598692
-0.5913065191325627
0.4468578195138321
-0.9231385174188675
-0.3281114225778767
-1.1320364055939485
-0.9883167960832647
-1.2327216558368508
-0.8335315436433099
-0.9659450486676378
0.0052401220606673
0.0564261320330013
-0.6517031008740543
0.5483171151079115
-1.3493906380758980
0.8979234527956904
1.3923440333038799
0.1388928530583662
-0.7959106967288927
-0.0262060851968796
-0.9594540950755890
0.8375968658780637
-0.4707639947619913
0.1264832381373876
-0.7532913159731093
-0.3948384888030948
-1.0279360917221996
-0.2183558486791529
-0.8697744518535863
0.4481513129986792
0.7774254400165971
0.4342474554615415
-1.7451124648368301
0.5174679172280415
0.0267690007353336
-1.8521609031166881
-1.1213921743046742
-0.0394439219905416
-0.2674158947781345
-0.9483944441610566
-0.3010690501969405
1.1627864642857624
0.4006906628834365
0.3754410726789497
-1.2980708958586946
-0.3348575817785519
-2.3697893884918493
-0.1739267994919246
0.4468026862580999
-0.8603158274803948
0.1453312606452069
0.9824111586645563
-0.4024312649555557
1.0645017031586703
-1.7776865134468220
-0.0197068580312987
0.5397883120519478
0.0401756506309519
-0.5368222790021466
-0.2541070246730457
-1.9785928968254827
-0.7544998326642174
0.3317836232421599
0.9944096501299838
-0.7881119637154578
-0.3512354393323932
-0.0757782559766520
0.0297440519958582
1.0831270201170085
-1.5278553487324460
0.6559534334480550
-2.1916646222243354
-0.5272334703887566
2.3536505402081755
0.8218073172667454
-1.2760291459056039
1.6806752196347088
0.4137771656750036
-0.0778300649419102
0.2731901641515856
-0.7392151087103714
1.3566522895242721
-1.4576125244143288
1.5680694878984216
-0.3135348491731970
0.2281152137635656
1.0429483994241440
-0.2068963218818508
0.5656585267504194
0.7372116714068023
-0.6852494762045831
0.5128746538150352
-0.3410570172666326
-0.0867563096295341
1.1181041744582907
-1.0398881599838967
0.5364979507395101
0.9236721120855818
0.0517286783760091
2.1944820554026574
-1.1721903239181293
-0.6096860119708656
-1.2830466653647634
-0.5765867306460248
-0.8140163961851580
0.5987000347985453
0.5515808774528721
0.9574056233325903
-0.3849698856340040
-0.6645879920287436
-1.1152974305204399
-0.6106017245626374
0.3370384294952490
-0.8458278801467053
-0.4687344637950757
1.3680550649879664
-0.0419008208777911
-0.3677640332792790
0.9472441349628358
0.7434102562293089
-1.9711049127406879
-0.1294406249757757
-1.9123642896599868
-1.1621690128608082
-1.1384625855344179
0.0379657909007326
-0.4150938817810716
1.0781502857639464
0.0949842289665114
-2.2136718123434367
-0.0307779804539862
-0.1495749635739574
0.4070882918147606
0.1605596219392743
-1.4645400397187205
-0.5074091075259900
0.2360766702061914
-0.1045703468660222
1.5345834049205449
-0.2365229007289766
-0.6078974490252849
-0.6455853510613857
-0.1711016222579925
0.9243893009241057
-0.5136956126680230
-0.3116640149403634
-1.3339716322373372
0.0922426383280284
-0.1073066844162075
-1.9023206217708135
-0.0836087483648105
2.2435881404270566
0.6492383339206089
0.6563287863672007
1.1791014089877607
1.5637332629432963
0.2258180785001731
-1.1465932746170084
-0.1217897194726206
1.0200460862026328
-1.0743332023788936
0.1558072414773904
-0.8594786345030548
1.0740166180969200
-0.2850519565919919
-1.5846164320763740
0.4718818547690877
0.0538946965319790
-0.7711143474553098
-1.9151886017440733
-0.8816025125287581
-0.0766816309086006
1.1513427299037622
-0.5510878939988881
0.9583787284307648
0.7115159782655056
0.2835943568905229
-0.1986715321771005
0.9326795838983100
-0.4297631203305983
1.4630950154540858
0.1804979497056023
-0.6845663114999856
-1.2096652469794333
-2.3784052029948954
-0.2366622372303561
0.2758407989749078
1.0578593916848631
-0.7065190359110725
1.3971681260244719
-1.6495269291957906
1.8068463725525428
-0.5381656836149411
0.0173995870600229
0.5945755716078160
0.2178051423474474
2.2389413346474476
0.0196368921115199
-0.5755404711478408
0.3318131486376716
-0.1275531195292351
-1.0288282467458227
0.3100928529026955
1.0103646671602173
0.5659618864847288
2.3526919969905915
0.1795332320284079
-0.2773542096342070
-0.7924105301560821
-1.6304666817469364
0.0963717281820542
-0.6674817016648393
-2.6796215606723544
-0.0271939220696124
-1.0417385344887919
-1.3012980798231253
0.5703434618647454
-0.0195971855678449
-0.8989121048598350
0.6322281776423866
-2.0636121939452914
-0.5690058471548126
-0.7920762498157282
-1.3856459857408312
0.3049509451310147
-0.1841075837193641
0.7912355294035599
-0.3390925889004127
-0.1141991245386400
-1.4841765617870291
-0.7490540295033642
1.2439742970104524
-0.3467817648512472
-2.0917563591222108
-0.2156766399982906
-1.0828207874651885
0.9196664142864327
0.1082149443294371
0.0224426051482825
2.2177772879025652
-0.5107974866182918
1.4872249793274472
1.1385379602574504
-0.1857309838396285
-2.6139352764116688
0.5476517891170355
0.6597057247672066
1.9322624662836196
1.6113218782414414
1.0038018193930689
-2.4306981152538891
0.1280240879526346
0.3522162061961561
-0.8061624291157060
0.0608252822722066
-0.5339138972250989
-0.1852641393141347
-1.9790051208797534
-0.4567352238250785
0.1399418209718709
-0.8342531666501485
-0.2993202637043416
-0.4284033410255488
-1.5450509170589211
-1.9609590981042400
-0.8959626470029506
-1.3758699704945399
0.3788136443547755
0.7257508295778256
0.3722170688046050
0.0616027861532985
-0.1796359291705001
-1.6654359913902677
-0.5537279193357094
-1.7405422954316696
2.2216501289629615
1.2735856604498561
-1.7786346038048630
-0.4808562945350053
-0.5165973545666657
-0.4230853407519099
0.6566941988608452
-0.1392835108528301
-1.8892203510207988
0.1705485170739410
0.3455365640821186
0.4565401297951551
-0.1350271308077631
-0.9904734611705382
-2.4947092135532540
-0.4947925289198082
0.9778914892800502
-0.5391039610210543
2.5777386760245733
-0.0940712280379401
-1.4125905829191787
0.3821976720739793
0.5024429875960875
0.5244678290524382
-0.2641241213599356
-0.0273726740774050
0.3628008301287784
0.0405526843825064
0.0818022530116584
-2.7690895108418072
1.0569275015078561
0.2709473426204532
0.8171207729893069
-0.4288605105194743
-0.8652507148596662
0.2536297120258998
0.7649502454513942
-0.8604261600869527
-0.1989797670319959
0.9293819606886117
0.4104957939966262
1.3754992064583917
0.8749442285781089
0.6812015158466929
-1.2777627287534530
0.1868154002743610
2.6802325194481962
0.1944515461001285
-0.8272250880850938
-0.8559983415416317
1.0639103802655459
-1.3494942581706733
-0.2766063833451757
-0.7068773630391096
0.7958947780821228
1.2757558482501135
-1.8092358380110116
-1.3611826588172762
1.9350871712375799
0.8601120116524333
0.2376604745269009
1.4420044071528029
-1.0920603591653388
0.3170600322634025
1.6600313072107657
-0.5587436442735969
0.0467289358164940
-0.2187521354631325
0.3105348467394874
1.0451236398631103
1.4139516501322975
0.4203471132799239
-2.2855969282335238
-1.4175179862361031
-3.0340136049232349
-1.7763004457191447
0.9846816133077482
0.6258016195969530
-1.2243860751176843
1.3621363670792945
-0.1230033869273640
0.4677757581832420
0.3499887882473253
-0.5907820354279102
0.0340453087667295
-1.6240818275813218
-0.2363459434344537
-0.7142400384385561
-1.2946033286511571
-1.1099410004724972
0.1498839678665575
-0.5512426739150144
0.9002658546386282
0.9241156722039633
-0.1539822373109387
0.8408382293417782
-2.4309422019818827
0.4211712038265670
-0.2238666031000948
1.8192729804348622
-0.7542027118417067
0.4422971554511660
-0.3340842500121571
-1.6387793001052988
-0.2782741321824114
0.5867844196747737
0.4928764388664362
-0.3946356919341076
0.7806471874365656
-0.1284296043365238
-0.8533328153172203
1.9335769742041424
0.7951844807066981
-0.9884777935861934
-0.3736787576731884
0.3092892953712242
-0.8304387410574446
0.3933302038270456
1.5657843929971020
0.3949211701892663
0.0000206348581954
-0.4001086838002456
1.9154466875183001
-1.9270024003000223
2.0531880307374770
1.1741741558144327
1.4865473284781912
2.1032835638997232
1.3372922181485185
0.2712424022004529
0.3213669247533526
0.9190198954509067
-2.7321516329045532
0.2112099209506270
0.4430506888585704
0.7560211051478170
-0.1354349656294621
-0.1402214329010504
0.0091409191530569
2.8882682147228649
-0.7338238688695858
-0.7896117457301028
-1.7457181889207376
-1.1204431516287616
-0.9146627129370235
0.7920519641427740
0.9285695378857504
-0.3932058699902673
1.6415845391668784
-1.3413272873877520
-0.3147610178619312
-0.9771946453514715
0.1751513845979032
-2.0413684446271043
-3.0908561371417163
-0.6497871745317401
-0.4716567324015278
-1.2062652105600142
0.6833771585967456
0.6103011896591208
0.8588748342890407
-0.7614994152606331
0.1125599309488189
1.3959705994217471
0.7506238680343938
0.4689322894983181
-0.5420468494408330
2.2924121077923418
-1.1450247170259966
-2.9059109745831515
0.5488394652101699
1.2892893599161526
-1.7277133209909281
0.9034510318151446
0.2852419153964706
0.6044894960860274
-0.5249697903150775
-0.2989160704959737
0.0550355051713749
-0.9881403782896638
0.2785430434905153
0.3681769604631283
1.7711835365856170
-0.7380725243984970
0.1929295429014376
-2.1169943735123860
-0.9064196559649723
-0.3251191854825165
0.5008752701975718
1.0196243774831522
2.1235564559687683
-1.1128926453128054
0.2361459985900456
1.4118291457869734
-0.2890072447969152
0.2638145048047431
0.4352159708339126
0.7950212207119735
-2.4091138353568562
-1.0122276617868300
-0.3599522805774940
0.7698797511037204
0.4707455822935735
0.3970146151081360
-0.1544504441986083
-0.1541383445689573
1.2601306585293377
-1.1767043223056572
0.9201044669449349
0.5606957168037439
0.8300983535554216
-0.9446460533168410
0.7566764373576854
-1.1757004943943887
0.7305397644721481
1.4525266590695274
2.0946430000830794
-0.4403349770918145
-0.5515311419229354
0.2046131960579644
-0.0868171787847464
1.4153449956439503
-0.0605751004546657
0.1135232391303466
-1.0888593224863103
-0.1113537139406814
-0.5274672151953709
-0.9388326246102378
1.3774956120424644
-1.5263489439379894
-0.6252856697486356
0.4768822491030054
0.7132770628563880
-1.0097155990024254
-1.8508162466950204
-0.7126428417275243
-0.6701745716316343
-0.9832198213517261
0.2214205526073629
-1.2804398197641280
1.2546241722989799
1.2695651543869155
-0.7314486070138919
-0.8611191169878090
-0.9752082462736189
-1.1967120975534435
-0.0382818265634895
0.9478810845211791
-0.4195386613733756
-0.6685032836559085
-0.1654373262984049
1.0965986339472462
1.0394864041236627
-3.0163206312730226
-1.3961864323283695
-0.1105850804301939
0.6474981116528877
-0.6947753716206807
-0.1637431828209606
-0.5964851251375134
1.2058408518501840
0.0011997679176120
-0.8126213651576139
-0.7331967278239373
0.3130505515520713
1.0346542701278705
0.1424824234751749
-0.7713075132087170
1.6127923579652701
-0.2431686954783789
1.5140503343755189
0.1794802533132222
-0.5546228408245235
-1.2642856408467500
-0.8361508683245812
-0.6832819080148229
1.1031079249609419
0.0161693985082943
1.1241500398411737
2.1295492095332769
0.7545883635758837
0.6536708159655964
0.4560827552282060
-0.1425168195290041
-2.2644509868172134
0.0885888920671970
-0.7384179197170123
0.3473515992535547
-0.6737743791472715
-0.0483941632088700
0.9650441541197207
-0.9039121570633419
1.1771028706504314
0.3530368886195402
-0.6750985803205189
-1.4106450392746019
1.3475660489025900
-0.4449587578550979
-1.6500261306680364
0.6863575310953601
0.1132951030247430
-0.0535065662332899
0.0722475276932407
0.2984212724321792
-0.0506735841707541
0.6861049443626660
-1.4294966162720113
0.7173662397005743
-0.3120451748343752
-0.5408282870265160
-0.8273012129555255
1.0030163944001318
-1.4467102154187845
-0.4499183128078606
0.5826328188384353
-1.3203652871094878
-0.2003013861195859
0.6774374417018596
0.5146034552072770
0.5470750725925383
-0.1332440751145283
1.2661562231571777
-2.1947729817408965
0.7673203231638414
1.7539115648879622
0.2981222745815604
-0.6360707604551856
1.2599691885330886
-3.1154040601514281
-1.5857898930830010
1.4863818290177548
0.6922280324993172
0.4880469797885190
0.0753190460162634
1.6572198359707471
-1.0573855377473709
0.0525543396439662
-0.6877429175420382
1.1199894843156737
-0.3130565498317776
-0.0931610168370003
-1.1902849123240162
-0.3226305483843243
-0.3882416233667945
-0.3432592670804900
-0.9308455991935898
-0.9090216422157819
1.7446735194664664
0.7873603812772724
-0.5535709473756714
-0.4993797729237082
1.0931945364716653
0.9331455946314249
0.2747360169651124
1.3394632031649720
1.0719596471914781
0.6796670968411809
-0.2937993027522242
0.5527171952222426
1.1475387520014906
-2.4693764772141460
-0.7473820925613611
1.0319110788359458
0.2281928641999050
1.2118191077328249
-1.2097930505101575
1.3962723086907456
0.1206824034774648
1.4605702475028204
-0.5873852070485710
-0.2069590792726488
0.1007338791590126
-1.4948235938760617
-0.6346431968209113
0.3198796350927282
0.0499056135873877
0.9764843551185518
-1.4290788630051230
-0.1648642739447658
0.5694843769200713
0.3345873481026313
0.0055164166295683
0.4804041260617727
-0.0660734532544546
-2.5981763296124294
0.3288930435418241
0.3306467746570622
0.2856037912523908
0.3067702446492531
-0.5857693941641960
-0.7880658001464200
-0.5521879794117164
0.0936056707645416
1.2312696183252916
-0.4807484871130862
0.1106264566434626
-0.7598737682126867
0.4733641060637867
-1.1785004588657819
0.4076099113813995
-0.4740566766435899
0.5511998869563587
0.4090798267647079
-0.1653548357931474
-2.1181830003149344
-0.9330474473342580
-0.2981756935750685
-0.4154562315562799
-0.9510715288010896
0.0826622736419065
0.6548908692210340
-0.8692051761584784
0.4235547946143067
-1.5344285692540272
1.5306169912802503
-0.6246773892739665
0.7586027056317418
1.0660885649301794
-1.2653416824016206
0.8208490885693221
-0.3946787000116341
1.2682849186615974
0.5754558765146608
0.9780851716146777
0.2522555805530781
-1.3562852263490197
0.0827982174129734
0.1345742713234936
-1.2871411046720698
0.2386356922106470
-1.4438352354812536
-0.7015960773978488
-0.3345141932475582
0.7858132160569421
-0.5980252380642874
-2.0223898629740695
0.4692271837928555
-0.0326709622095170
1.2730748736039639
0.0733884144001298
-0.0244647795411580
0.0658904260946088
-1.4957438737160025
0.8337155627638712
0.3670968038645785
-0.6689844151572470
0.3632951793712340
2.4887083808507238
-0.5914643407708434
-0.4492094758182247
0.4058554846044942
-1.4486439266858957
-1.9408808313803780
-0.4625510355114376
1.0652889864001640
-0.5348608693309603
1.4011862204165013
-0.2613191731993363
0.5349078841651302
-1.2044178774818692
-0.6044249192665418
-1.1042880184939605
-0.4273188505188584
0.4960851882162765
0.5977899746023994
-1.6764148635380531
-1.6478542427747331
-1.7505799386538776
-1.9051820951990805
2.2418820564123041
-1.4671235987266693
0.5599534775948775
0.4249634097383382
-0.6980811121515808
1.8611278303717127
0.4900575837343557
1.3696440019609635
-0.1518811886573119
-1.8753251659238157
0.3739776254260666
2.4935892749289699
0.6465688432853137
0.0472326063793570
-0.2923387787006093
-0.5661615224954082
-0.4755081855275072
-2.7234677370778213
0.1900510236725154
-0.1677404453409984
0.1826601020345042
-0.5002019701062532
-0.4517078076803639
1.7245833286000740
0.0069865101479913
0.2452231112562641
-0.4055921558997237
1.5304587850579423
0.8323558032252553
-2.2631113045932825
-0.2544442508123180
-0.1180264178803137
-0.2515336010335757
-2.0152427207690109
-2.7210923335561881
-0.4841461862271478
-0.5368239902144816
0.4272235555634463
-0.0557336945216240
1.1764982560279476
-0.9331252722625780
-1.0679367382330738
1.1407208016935488
0.2217827079698228
1.3306642703518852
-0.7629371695646415
-0.6623462359058597
0.1361290296119613
0.9237514740630602
-1.4122236005660265
-0.7432309461609730
-0.1990404362173863
-0.1774289328471909
-0.1693344731401064
-0.2264632987500154
-0.8051025497003885
1.3821309152527781
0.5611058536423573
0.2653288966982068
-0.4075966459114339
-0.5372751150887665
-0.3602489816247443
0.2662040410674569
1.1245351494339952
-1.5241638297248372
1.8625846638047585
0.0229340843956390
1.7417854796095118
0.3319492936885349
-0.8247309605614278
-0.5192168646960158
-0.7535014852101938
0.6187406096178255
-0.3809497376970190
2.2373414894109671
1.1001784461678790
0.5682136096764401
-0.5032757353450810
0.1614863488711284
-1.9431828686507342
-0.5767757037691738
0.7531661847667935
1.8591887334230031
0.4754221824812165
1.7687616723534463
0.8666786153450671
-0.2032004834521693
-0.2560602365574131
-0.6285734201420929
-1.0971790312052527
1.2892925536576927
0.3545471920763478
2.3023286432574364
-0.4766163410593852
1.2989083410724287
-0.5587893499295290
-0.0618059255966937
0.5941838095970585
-1.0910706450599335
-1.4310066687638163
0.5390337745958559
0.6540961332566374
-1.3364848750299942
-0.7186019935128261
-0.2805110534262692
-0.5123678120492974
0.6645558823162702
1.1717717228145412
1.2375526738938176
-0.1430861342189471
0.5464448905358209
0.9660379466874789
1.7693822897229934
2.2294398110554936
-0.7870002206618563
0.8124960745721925
0.4891631678854719
-1.2576837637575253
1.6043154898036980
-1.5139086259934609
0.8258998738515700
0.4529786746554691
-0.3481107695854549
-0.9643247996085385
1.8701046735527109
0.3312050110785665
-0.7505008147573994
1.4029807687495612
-0.9367624667135303
-0.0078625035793960
-1.1450551152714683
-0.9787574094297325
-1.1901311646382617
-1.3508161190938011
-2.5608157456582257
-0.3652294866933388
0.0053694578786203
-2.8153176104097519
-0.4846808590837712
0.1244224256937782
-1.3105973966772979
-0.0500958765264137
-0.2270536978450742
-1.0529972275913548
-0.0951572514686680
0.9811186137271732
1.6836176800126252
0.3902363199859979
0.7291248264205753
0.3084883627684604
0.9839601602612578
-0.7080134942988445
0.5000913623948157
-0.3119916001173986
-0.4503785208510815
-1.0029967584594848
0.2819552947714520
-1.0272314087803958
-1.5272195869086294
-0.1779137145458753
-0.0047455930091692
-1.9392372263618431
2.1379520234388663
0.4365036606046805
-0.1077367237861843
0.8947777254017971
1.7667979169842576
1.1882448423900933
0.1636278338874172
1.3204355362596949
-0.6372903791144331
0.0519635480247159
-0.3317704901226423
-0.7263324714772931
-0.8678237968299483
1.6628133626528139
-1.7425526055301652
0.6721000140827205
-0.6815651372860457
-1.5274769079542794
-0.8654292280861693
-1.6202458427623139
0.4496972905107864
1.1970912404319085
-0.0636739788924109
0.3546463713023106
0.2952269712813683
0.0538932301283879
2.4479079522027787
0.3223003651627241
-0.5257029642266061
-0.4906584785113437
-0.0218047671722600
0.7223102399145913
0.6517921870777081
1.8391545840951125
0.0981414458173666
1.1778810318278496
1.1318032691388584
-1.0407835190315184
0.5188342009567284
0.8400529083230303
1.0447182484250932
0.8763288344020208
-0.2359437115331730
-0.4169842190849852
0.0133754309083614
0.0169939653799649
0.1335910296778635
-0.0638608287631647
0.1222982942254653
-0.2074825426308753
1.4017771474499729
-1.7857075120645962
-0.5892199025241164
-0.7698813991643748
0.3250756860564419
-0.7925189621739011
0.9847010620947196
0.2866293652935952
0.0828797832515440
-2.4508466859133553
0.2098477483094922
-0.9884641993474796
-0.3883477064408267
1.5725407180975184
-0.0052701813496324
0.8954093347972439
0.1254450601060347
1.6818054331820669
-0.3351676896547598
-1.6072463337534870
-1.1152745050703718
0.7016594980272982
0.4012686041721266
-0.0195049055410408
0.5938317800915983
-1.1878834832006500
0.5866360262061456
1.4651183192153356
2.5106584488115598
-0.8275205774900120
-0.2809537475488480
-0.9297991137256473
-2.3982922326830374
-2.5324005765606823
-0.5448610780915155
-0.6842353332437310
-0.7187463410152565
0.2223818995391697
-1.2514746396896943
-0.2590368596778489
-0.1450051816432622
-1.6281278537212827
0.6342040254664253
-0.4818837862438171
0.9563046378830947
0.4461288650251100
-1.3986742620662957
-1.4652249788590883
-0.2724786571869714
0.4502814982320062
0.5296169783902780
-1.1039526051643684
-0.7469706598959085
2.6186775432444991
0.4377811395660994
-0.4922998073732573
0.8840487003418914
-2.1428401449386159
-1.1737135591970438
1.1422876904957928
-0.3496197019943565
-0.2287782762061425
0.5717793858643800
-0.3014806899305104
0.1256831069048125
-0.6989908639371214
-1.0928549055605046
0.2207724363036558
-0.5733846079786615
-1.0025801689265559
0.4181122927855468
0.8132974696779622
-0.8827584035192311
-0.6157475606854985
0.5682958317203987
-0.1616306286339844
0.1083074829720428
-0.1496994898140064
-1.0471560876527080
-0.1297596682710388
-0.4353656631917101
0.3958867415134671
-0.3940873229817868
0.9853730676930698
-0.3433182636776472
-1.3832960125903406
-0.3869270916134941
1.8206896278260898
0.2677726421413984
-0.2672095134076498
1.3304381283422673
1.4841622513566237
-1.5799469847084084
1.0572402288379659
1.7256906328621677
0.4930120093235454
0.9268219408664841
0.2719601184476237
-0.7803021155779497
-0.7181379812946934
-0.3227241683056493
-0.4680041121011661
-0.5972802817899365
-1.5815751856780904
0.5067462964412955
-3.1447398776552364
-0.9367661390148836
-0.4904055757869469
0.2177035847512111
0.4609160853993288
1.3986528368962721
1.6228687025932005
-0.8936837766124101
-0.8274866083670671
0.2567000364819612
1.0121175788663563
0.3129269850649178
-0.3333576995966370
-0.0073305643658552
-0.1480311384890992
-0.1447832811869785
-0.5577735231817689
1.9890799529814258
-0.3855878343908966
-0.6757495435468570
-0.4874375155283676
0.9514698902667467
0.4221377671329108
-1.3795924752935236
0.1484741303178394
0.4324650623192339
-0.0993629739012349
-1.4950135676348892
-1.8564415441758166
-0.9592149550308681
-1.9345348104949358
0.2642931279192404
0.0384172759572268
-2.0829907774778973
0.6731811708879385
1.5481828887336220
-0.5376690166622449
-0.4632013907837756
-0.1399689673304474
-0.2603700663305115
1.1216077783377805
-0.2851135160040133
-0.1887655249672354
-2.5004708385274794
-1.2985272797099350
0.7596238291807528
-1.7382110294938733
1.0420518679962660
0.5469551271814466
-1.0837320665885901
0.7471722225011046
-0.8823725509113943
-0.1537060751877786
-0.4472403535493506
0.0003639395052801
-0.1605547586901818
-0.6069161249295771
-0.1481872532956088
-0.7286591566627819
-0.2528252068396865
0.5930798655364911
2.3181334692396400
0.2696052396909289
0.6174653171074606
0.3042157131877347
0.5214394084625664
0.0689499963554066
-1.0718887215309689
-1.8758193550971241
2.1238220587490715
1.4531807744074450
0.2788325369534991
-2.2020840614996327
-1.5931045650620237
-2.7072401909495309
-0.6729903891262796
-1.4078250761681101
0.6786025990656733
-1.1206239555934223
-0.9596057609971779
-1.3733699755523621
0.3928409680543564
0.4870922675047164
-0.5184027425428070
1.1166928203736413
-0.0797469712517626
-0.3673239893126496
0.4626301126072733
-0.8240830868530391
-0.1529410182255276
1.4687523415837809
0.1633037991197687
-0.0545556501355753
-0.1131860676914943
1.4033552368373889
1.4266313801029660
-0.1146007912535955
1.1763014812462373
0.0183884109244401
-0.1314266797076125
0.2421378608923935
-1.0882664981466275
-1.8242493335143604
0.9378130478487903
1.4406155376505363
-1.4592459541654275
1.3112324356684113
0.7495805156669874
-0.3861873368975374
1.3189405257501030
-0.9716172215556726
-1.0241137159082025
-0.2661705589171736
0.7685260142628469
-1.0955176332538443
-1.5005328825220516
1.6036033443789102
0.4410058630399986
0.1092834769929401
-0.1010970935160162
-0.5237056110314635
-1.6943036465843193
-0.3667725527011700
1.7213480723537260
-0.1819175270048347
-1.3007933884431435
0.0813492162901131
0.7952666560923221
0.9070158625526630
0.2852984894898096
-0.0425058271384299
0.9811145971540450
0.0070036043229425
-0.2915719293423878
0.9800551480228642
-1.1382429587128220
-0.3444513596732738
-0.9670835020352240
-1.1166031374569105
0.4295002382702779
0.2433279045842720
-0.0959492053689709
-0.0779128755872327
1.2373699431721739
-0.5621465860073528
-1.0397374149149419
0.2018390535234688
1.0228165207529551
-1.5263876809388228
-0.9352826321412866
-0.8293861571292512
0.9399866335177804
-0.7892962258995365
0.1144510934923294
-0.2095502823181751
-1.2382906076540519
-1.3807484424439558
-1.2190620141298523
-1.0870673245281561
0.1055071878722065
1.8558563322044317
0.1714631865206710
-0.4203207428349996
2.1163875176726417
0.1576823869287327
0.2638846074539499
1.3617625761253154
-2.0656456165826267
-0.2794322657013050
-0.5441683739963569
-0.7721104072028407
-0.7863254675228610
-1.5374314135297482
-0.8198167474440309
1.6004538888426443
-0.1052386968119847
-0.4755347278321119
0.6452482211743060
-1.2262812637869365
-2.9100867223736744
-0.5163586053361253
0.3635989297445449
-1.1417593237843491
-0.7341003901589033
0.1723257489561317
-0.0594890871867293
-1.2873020558319488
0.5077442692197749
-0.0003551525029506
-0.1261093453400969
-2.2508240636100876
0.6838175311184024
-1.5966872880665621
1.6918993730693483
1.5869151670071746
-1.3526403162393761
-1.1206732429920181
-1.9297716653715677
-0.4077809430497588
-1.3434860592993001
2.1112417820840954
-0.6004992073146338
1.3428323003683724
-0.0111146439614441
0.1992077509140958
1.1038678330109006
0.4688227235749345
0.8600865815686822
-0.0189075778448681
0.0901029679508238
-1.4158071776158607
1.4757148013560539
-0.7668947200939991
-0.4300126996342671
-0.0383451622354189
-0.1295323549098021
0.7124874419131129
-0.2215102224989201
-0.7649515870567770
0.1983263771585573
0.2731498309550670
-0.7731843419857891
-0.7879018263633928
-0.6419761467386537
0.2791929401431408
-0.4942191480190893
1.4829280073826006
1.3166314666350740
1.6482954226938413
1.4704419225121586
-1.6225945720373036
-1.3252187990899427
-2.6439487371306098
0.0361412475407014
-0.9563902604630989
-1.1713742227975208
-1.4469734803523813
1.0194343632138696
0.1658267752759845
0.5571339674410619
-0.6633490857564067
-1.0944407226625759
-0.4217595947626261
0.8164023294109877
1.3605076082116709
0.1188905552297934
1.0439892324468754
0.6345448716292303
1.5923756864591918
0.3256841472460673
-1.2873243145342979
-1.2320459778607982
-0.0290518593326235
-0.1086818821924397
-0.8619706864217781
-0.6790037325546898
-0.2143415169533850
2.1963109286921334
2.3385917388448698
-0.9041659926179537
0.2041850677044225
-1.4030547087812604
0.3666070837641031
-0.9189326668050573
0.1126662300750289
0.7360438051449170
-1.5091848795590719
2.0356120769870061
-0.0162519770105225
-0.3306285270034906
-1.6510538116580731
-1.0949760210116504
1.3224355937896528
-0.0145068149990260
-0.1169561527943129
-0.1385453522247025
1.9297072747032040
0.5145700197504212
0.6781777532374278
-0.1119688300278921
-0.1318746453020046
-0.4242844038168716
-0.0071154008492029
-0.5387641902914739
-0.4664807191937987
0.1459416390474054
0.8003928241390014
-0.1268096916148694
0.1836748924405312
-0.6971721579583137
-0.3885657549226932
0.1133383403938619
-0.0227591695155481
-0.4324782180726108
-0.7184014851787813
0.7581319955456283
-0.8873737555190043
1.9630112287992403
-0.9244661246305533
-1.6826628884298922
-1.8793232803709119
-1.8646102077030990
-1.8713046053154474
-0.8633530920731669
-0.7269115774484384
0.6593859587985160
1.3198580129288930
-0.4891235841557994
0.2295330115717346
-0.3612964474322148
-0.2805188604349346
-0.2328866969430301
-1.0471287490988943
-0.2537544140750965
1.5228460775262398
-0.5003529563129434
0.6409710470620431
-0.5169332192146592
-0.5997252768974741
1.3123314977515166
-0.9704459376940530
-0.7473674810266142
-0.4083028693569182
0.2487687889026932
0.8172336197782311
0.7687658040212537
-0.2881361474867842
-0.8927614084014937
-1.8523811510944206
1.3554112275434302
-0.7666788537173452
-0.4068941017693274
0.2605900142958638
-0.5767556628276328
-0.0988056768970755
0.1319494703570883
-1.7995686473144625
0.0599213553587501
-0.0374635552009432
0.0101490740614369
-0.2099374876263629
-1.0491108849565884
-1.2080949851077936
-0.4561259359582906
-0.0446710732565783
0.4517159944194884
-0.0472203924266577
-0.6202694347177983
0.8652093533074445
1.2293372138952543
-1.2697050434504318
0.3867603432629582
-0.3165760783476655
0.0254524458445703
-0.1379339039786101
1.6189612048147493
1.1813629519777398
1.6077887919911111
-0.8934337553129285
0.4056749437118878
1.3599791674208366
1.0842092511341332
-1.7352522451064880
1.5438999617964471
1.8981426999380058
-0.6463367556654600
0.1118537972075611
1.4117419861143952
1.6444029497659636
-1.5217361581793394
1.1240285527701894
1.2030882235275790
0.3401087065605007
1.3720918135357290
0.0480403085298840
0.4497266514025885
-0.4976253115806809
2.1172004001626821
0.2992716645601730
0.2220417078114841
1.0002106473239891
-0.9790455927085198
0.1505530833323522
-1.0394495972731914
1.7981895331283522
-1.6691803250849571
1.2903515210032539
0.8908772513441192
0.6379773863549478
0.0028081719587073
-0.0798169178253255
-0.2991003911887796
-0.4665991795023874
1.1346797390381029
-0.5083352851567974
0.5252938449289831
1.6716175179074981
-0.5282379289789083
-0.3241286130403638
0.1434158071996332
0.7258435138467919
2.4544416673763885
0.8426924899069106
-0.3300257370461135
-0.5916951558741723
0.2931097943503940
-0.3871876339055168
-2.5259585429158729
0.4728993537555903
-1.0728532248797817
-1.4308608644217504
1.3317369498819474
-1.4839409996689361
-0.1497985940646439
1.0813089368228261
-1.9434319900226136
0.2686509783632189
0.5537438129966171
0.1086607700043633
0.4101360554992397
-0.5239286431431488
-0.4336976798318193
-0.0403874481853057
0.1287549796392380
-1.5609912073021790
0.3421011089227622
-0.1511566187149350
-1.3337071252794699
-0.4389101999661369
-1.3770687966949062
0.5214630451717720
1.6627978633999203
-1.0828817888003612
-0.1368749611929810
0.3289170939751627
-0.1361855165432876
0.4800732414829381
-2.1684690883470372
-0.0741413691818967
-0.2899863713682033
0.6891111604294405
0.8390413332142139
-0.5395473543277414
0.3328998561410638
-0.2323406848714935
0.5814628515800496
-1.3760194018795648
1.0441328305178010
1.2082344666614433
-0.8730461974275093
0.7209245871665281
-0.9836988595521482
-0.7190703035549171
2.9034916384246321
-0.1572446685038656
-0.9713884927554952
0.7444455044215165
-0.1641588144381114
-2.6978708672434615
1.3274106067773754
0.1598405507219920
1.1862767606867648
1.3503995032659761
2.1759208856469732
0.3349223306640419
-0.8508478235982988
0.5081658603339642
-0.1495450884880922
-1.1419106136493216
0.7780855734411289
1.2433830768579368
0.2436173654942022
-0.7985819765194124
1.2718324172750251
1.8403107497902298
1.2379171348176554
0.2637918350832396
-0.7782304426171379
0.7508901105496982
-0.2749514186114516
0.8160730859219650
-0.9170827878979023
1.8138836638547440
-0.2905856318877138
-1.1151376512946773
0.8940068544822334
0.2555708600854427
0.1196101354114710
0.2478407322442267
-0.7193353160856930
-1.2031296645564244
0.3057345400003145
2.7527955498910628
0.8489426783256835
0.2057612189502211
-3.3428602523297064
0.1523398529131989
0.1444209696488478
-1.2362733331881188
-0.1617838157384466
0.2054761915672897
0.6220141594613782
0.5106949853095477
0.2545372087138840
0.0170835405935303
0.5799322452652848
-1.2228262799741678
0.3244866673471520
1.5746454059510506
-1.1120576674117140
0.2271494371948484
-0.7063411555769408
1.7917623220313832
-0.2726621415564112
-0.7648409960627830
-1.9140292175750218
2.1735326379884095
-0.7269184423244783
0.8250207633855539
2.3906469663124734
1.3837927170263151
1.3791970485772913
-0.2705127334201099
0.7003667875951757
1.1651161571240241
0.9814466170415314
-2.4663177806673842
0.6074880567683979
-0.7646652388634612
1.0341173636756744
1.1263794049706015
0.0620730712296361
0.5111980542013215
-1.6228348630881344
0.2801496696403553
0.2484059350309490
-0.5627970164393977
-0.3693647636257386
-0.1600495452428997
0.9347024833192097
0.8644873142667076
-1.2869616093827110
-0.7531355384759461
-0.0232829348376814
1.9554221995831109
0.2764414693417645
-1.1290451383733315
1.0937858884304315
1.4310446539020947
-0.2906839138289111
0.6058316585161327
-1.4439264218041548
-0.7784634965631363
-0.3843057792670771
1.5468161011124106
1.9020411235841030
1.8947612010293455
1.5851512122075986
0.3567368577211282
-1.4206762905318187
0.1615509398442980
-1.2032065928265450
0.3277857357103515
-1.1233602283770161
0.5966242940804393
-0.8374481793290846
0.1201281777241566
-0.6976896967008127
-0.7978589768601654
-0.4088612955604742
0.2501811072593298
0.4464046798017142
-0.0456586496294378
1.0330843591825649
2.1632758090736619
1.6756993569733012
-0.2795385993790876
0.2708262376686609
-1.4549513402526923
2.3054620718232139
-0.3574121600871695
-0.6288589715295658
1.3185437225932204
-0.8642480252535977
-2.1242663829242208
-1.4388906600124336
-0.6294606315986934
-1.2668516319540348
0.8714084981563259
-0.5361784423386747
0.9901725666907201
-1.1625310091965877
0.2489553592149205
0.8934203097836724
-0.6260894182883402
-1.4727263889642079
0.8123660938534967
1.2453562181873725
-0.9676695956697580
-0.7424892389861310
0.4333733782118189
-0.1575012920169753
0.2835695729911233
-1.0068591608853792
1.2163001218567338
0.8134549240283673
0.1772393476403521
-0.2939879645525871
0.2337663429763371
-0.1032705471247650
-0.9082222594387023
-0.8728590184492909
-1.1954485202588740
0.0938058601227676
1.8187599771601963
-0.7487100288750668
-0.5433793810005711
-1.5699515899091305
-1.3900915459718808
0.5940965710120067
-1.7401709523869935
-0.1542621278791211
0.3089841857771060
-1.3601555479217147
1.0514425936899061
-1.4120466108439207
-1.5362781914133439
0.8739185549014556
0.9328172177564460
-0.0456878957692319
-1.4451810811541141
-0.2021499917103195
0.4478331866862684
-0.5080521919834944
-0.1174381217337436
0.2873994091612719
-0.4358287200684676
0.6770989334458107
1.5444868602885962
-1.7653970485467629
-0.9922493330681351
-0.1748607497724856
-0.5269715987763548
-0.4240957999064791
0.7403704739962367
-0.0633236551511642
0.5623936365981919
0.6120793073137479
0.1071758627062731
0.8662629671363469
-1.2585553378668379
0.9685403408499874
0.0882575445716138
1.8436801205818689
-0.8117435871157178
-0.9071051335096142
0.3079687280311950
2.1460759282459354
-1.7336797603744232
-0.2006445595578916
-0.8580121859847063
-0.1211179237008512
-0.6193440625295353
1.4664869211485458
0.0598486148448108
1.0461641384994254
0.4440228920668957
-0.3930691384337930
-0.1687316267883556
0.0718334502032088
-0.1792769410812557
-0.4028848433489091
-0.7531155283251504
0.2701570531633252
0.8086814439107513
-0.3583498607438262
-0.2842340814582007
0.1698690217707340
0.4216811035785807
-2.1463731215242410
0.7741458745503013
-0.1090042209025105
-1.2284897107477570
0.0442659705703342
0.2224817588525330
-0.3404266937394972
0.7243077316071004
1.3417857530838460
1.4036092646547162
-0.1305049052631057
-1.2524583958264195
0.1710501518316506
-0.5420563954928967
1.4657395535812692
1.1934526770332596
-0.4609253196672015
1.1890119496855747
-1.1879069829642641
-0.4223707495158670
-0.6574845359658962
1.6580924721931984
-1.2365037837435371
-0.9962152960773671
1.0761739025541257
1.1571753886973526
0.5550503235504460
0.9356243568586126
-0.5040082051249954
1.5399324417946716
-0.4205021360003592
-0.6403654322575695
-2.9866236064885343
1.1691497379810383
-0.5342715519179233
-2.0043826674463192
-0.9051230884173855
2.2684155880411088
-0.8467306699624660
-0.5836380934835125
1.0627389145542765
0.2987331369380875
-2.6883817559685630
-2.0803767172162191
0.3088294271363174
-0.6275571658601752
0.8949731127001227
-2.3455995967399099
1.0636249979067054
-1.7371345575506858
0.2004788010632265
-0.7259404480725834
-1.0581502898936104
1.3217399330377519
1.9074531666550387
-0.4028392576299514
-1.7220672150832883
0.6642581704885342
0.3339018387489621
0.1636284126812424
1.4458501494351161
0.5024775425677095
0.4922286736756442
-1.9569861531497832
-0.0695346641169945
0.5507187912343823
-0.0639889482508544
0.2078082546093893
-0.2734220818321084
0.6332769058215527
-0.8465427062540977
0.1670830042302274
2.1481333097153059
1.3960763190348211
1.2561426688896959
1.2087362100546988
-1.4038309940300107
0.6054748353268723
1.0751761814522141
0.1527096682689322
0.4804576414638297
-0.5418015135624908
-2.0056832644610649
0.3804030000186864
-0.5509357408986139
1.3962006194714081
0.4148935015179817
1.3940291102741429
0.7107309988715504
0.4349078141786154
1.0889260621755263
0.8814250315023964
-0.5352304303727204
-0.4060229139496238
0.1260487450386106
0.6126653490864767
-1.7048984698782259
-1.9089904604276808
-0.9630679217172171
0.7596905266555785
0.8410251183247851
1.6440016782405786
-0.4751277056303916
1.1943722792222058
2.1272551755744242
-0.8095965748594035
0.4656942555593164
0.2901309332941200
0.6411337869965499
-0.8975809272479554
-0.0110865172386886
-1.9414006619901327
-0.8732358563046909
-0.0599421664701673
-0.3519163447766082
0.7241529049883072
1.0036410152982318
0.5912726617261655
0.3971834483202565
0.4838932033829981
0.3841534012094692
-0.9837318474135623
-1.1961368649809418
0.3339892291711882
-0.7115561013693226
-1.3898383114379262
1.5045422137190063
-1.8052401811508749
-0.6555545804764049
1.4334919138315059
-1.5012131901914372
0.1981731341386317
0.6667387283739906
0.4612835607921200
2.3469072870073266
0.6727394582883208
0.9583121389740583
-0.7900348248635463
0.8985110764721054
0.0317641764906598
0.0560601826352046
0.2187899184027215
0.0050342042876922
-1.2213280707969281
2.3334859525936538
-2.6963259275492470
2.1214042242976014
1.3877554466753415
1.3285333830722372
-1.2546529971508023
0.0567664561517521
-0.8600338945637959
-1.9133718971850726
0.1047206431831379
-0.9399435384870656
-0.5587954581828346
1.4657982230441375
1.4248037244776883
-0.4262770289488417
-0.1571501545320884
-0.1500747112497659
0.4903802277505073
-0.8544690060872339
-1.1099222795387660
-0.5793333228237617
-0.0248947891174713
0.5474030728173128
1.1620885700882977
0.2052234607325146
-0.9002571290753193
0.6129083955925761
-0.4687973464569030
-1.2004036700361060
-0.5043997800720388
-0.0663561709103007
0.5029814916815508
0.0001271409810265
0.0062773400809025
-0.7315529658591292
0.3204065303003391
1.8835141425914388
-0.9693465853495273
0.9851986302932291
-0.8031405465426918
0.1211094164280528
-0.2280183141430916
0.0467815957183467
-0.5339370956004088
0.6617483888069640
1.0785615802654318
-0.2600409137392732
-0.9089873739980747
-2.2444995209990002
-0.5270671064224074
-0.5776482747147336
-0.9334163524581870
1.7675644673444744
-0.4909664100822810
-0.4175016395332165
-2.4252885562927475
-0.2058497806617169
-0.3352508231763562
-1.0035221241369867
-0.4195354491524459
-0.0458113074512189
-0.4921350598236718
0.2513611898344224
0.7863182527008697
-1.0793840064285463
0.4526767195413567
-0.8051635789157723
0.3683917307294307
-0.8044373310812093
-0.8735187874043785
-0.0841948573357210
1.6142171066018465
0.9387194264728355
-0.8101923290135934
-0.1224447323706323
1.3454430574645277
0.5418678034596355
1.5039379002105000
0.1900209565939313
0.6657367856146976
0.2063739971362810
-0.1644284418828112
-0.5064655123398504
0.6970250474782049
-1.1937037944651805
1.2501499234497186
-0.7994645590318629
0.0974884903365927
0.5159778970928613
0.3201339336339899
-0.0337829381022761
-2.4189733221163845
0.0333010711272630
0.3566124711988397
-0.3387557217085154
-0.1130808530821187
1.6536468283551664
0.7229415499518397
0.4688535865039367
0.7559386321260502
1.3096365688966640
-2.0872992799842796
0.6717788684089887
-0.2751954378559603
-1.0489760914135049
-0.0295977131625506
0.7512539399986551
0.1588078711896258
-1.7860927316778632
0.3109538615092407
-1.4556126454478693
1.5512132499988209
-1.4202084448768881
-0.1614477371695882
1.2518522613435930
1.2926221352348217
-0.3651719047603759
-0.0162148809274020
-0.5256681349165597
-1.2701861735275841
-0.4807184772815669
-0.4256737559863075
-2.1442092738513714
-0.7625365566141519
-1.4602598109493856
-0.2773879002293925
-2.6972795073745672
-1.1332402479795078
-0.7680346600027912
-0.8693926112359058
-0.2562810633638588
0.5635009474134637
-0.2421689012088730
0.2317354499010263
0.6125552893875746
0.8624903324675558
1.6270750985268141
-0.3400669009330204
0.2251899074278784
0.0522494498491611
0.6200357973116577
-0.6032603424762774
0.6247679118691361
-0.0016972826648969
0.2630019914079587
-0.1135914751080393
-0.8527076441641632
0.0928284841835590
0.3489707760427025
-1.3576941736026731
0.6543921048827762
-0.3553002173933396
-0.8962901224506084
0.9035506634473891
-0.4246475600117989
0.6022093104628864
0.8245733536417614
0.5796256762537282
0.0276605297462673
0.5834822553309815
-0.6286094717789484
2.0737521699660100
0.8986429734642426
3.2800145318539848
-0.8049245904936559
-2.3590975684953679
-0.9057839309082402
0.3103158590106457
0.2554766799124991
-0.4696307955809583
-0.2479298949277294
0.4041544592371924
0.0826441253908776
1.0871383340339444
-0.9973111361381256
-0.8947307927681089
0.7621448590645516
-2.5392183011848890
2.5840933011015723
0.6089923520553225
0.1175213922545633
1.0607591733087991
0.6734751522745774
0.6848280580566797
-1.6063051215802360
-0.9165593593493373
0.2696912344122486
1.1347654767415714
0.5974862705665275
-0.0029017096367348
-0.4830740544818066
0.3629148163613612
0.0455432212471932
-0.0897350889088367
1.3940515259845949
0.4793704913868574
0.9203691943827385
1.2165870552112696
0.5267568094269136
-0.0431045581506942
0.0345224462904550
-0.0261003948469199
0.3138710351529391
-0.1730929323786591
-0.6811391376565393
-0.1947401737690201
-1.1739371105891545
1.0294491799692767
0.9583189784201616
-0.6067645826091518
1.2925496321736423
-1.5774487602969731
1.1569840163535152
0.9544592014817803
0.4882164275670139
0.0618569750539438
1.3582688256248434
1.1448257066837442
-0.7422557632771257
0.6687100402356267
-0.7613934668867961
-0.4056535171126153
-0.7472329329090374
1.5235371712988650
0.0846224870369932
-1.1204149027393204
-0.1731034063270838
0.7409989355985853
-1.9911657490514232
-0.5531952260282818
-0.6891022940910145
0.7106472653181922
-0.5500964472732996
1.2737793368581951
0.7782067179693047
0.7684780206264011
-1.1831260100832777
-0.0271008474410148
-0.9169237740379393
0.9154839774353576
-0.1638989336347622
-0.0151580810625979
-0.2812991212755842
-0.1801624698130416
0.4529536010590975
-0.0325030110446861
0.8808484021634199
-1.5061166377220285
-0.0354110820808785
0.2647528251367678
1.9061781199594787
-0.8827344215271814
0.4057690153384544
-0.8737712314700694
-0.8992209197395917
-1.0378161605578951
-0.0157557125948829
-0.0165738911146259
0.3147159921772137
-0.2213054653452412
0.0017533960319338
0.5347541410183306
-0.6017726691760378
0.4952261146457754
-0.8733570309201030
0.6496558570618206
-1.8336481097494139
0.8943966190349562
-0.5208647744151456
0.9564631413761705
0.3652427934280754
1.9212160926827602
-2.0546759890133091
0.6855272563226232
-0.2058004539549927
-0.2460614336686634
-0.8724430877846648
-0.9208859254219589
-0.0392093288837077
1.8738081624113658
0.6354894001950094
0.6398422144988877
-0.0386305043022317
-0.8661782642630736
0.9673510261780869
-0.3058243084104327
1.1432319274419631
0.2211192935845896
1.4234400509277298
-0.3406150596389448
0.1211429638450784
-1.2010442687553520
-0.4821811765523483
-0.4340096468196732
0.9457925600013136
0.2818167389230072
1.0636132918439332
-0.3001651547671791
2.2034437750337603
-0.7468144553233084
-0.7229918707015157
0.3611151313990746
0.7355054348949460
-0.1875022283568050
0.3123527534799034
-0.4208982902959950
0.5787850373380550
1.2898793880653672
1.9240717959443332
-0.1923318966908063
2.1126544909952343
1.1085340869091962
0.9270284339834850
0.7394984212617706
1.9024458937889841
-0.6854939785061975
-0.0732796642736671
-0.1659461035447917
0.1071282499793090
0.4189638596351096
-0.0170634876134032
0.0833436968886514
1.0391386769013542
1.5237421620099310
-0.3452206143581731
-1.9783357919494715
-1.7274301896483870
1.0332315019361360
0.5375589286035813
-0.2922139187845350
-0.2428045546929687
0.1633817523146413
-1.4082609980366252
-1.1445042162549544
0.0112166718191904
-0.9548294668536076
-0.9120821363913540
0.1705860395331510
-0.1019265565706473
-1.1222745265400240
0.0644496595893760
1.8706537681990285
-0.4549731145706505
0.1630893731946587
-0.3638817242937569
0.1553760276018738
-1.6382826816147982
-2.2469489586136837
-0.1438679062561900
-1.1068211523327909
-0.2780850958785882
1.6015617659948085
1.2862857348625856
2.4699856303360321
0.5837954593112139
-1.5627257501924183
-0.7170266668081227
0.5455353046952480
-0.5165873367340188
-1.0807311012209093
-0.5848121738487012
0.2286630905468340
0.4494784897730830
1.7332307137949405
-1.0143613046663631
-2.3087534274881674
1.7801072654797643
-0.9836136868374079
1.6665195160723525
0.0511728969402313
-1.6159789969545308
0.2950814274874334
-0.6175474952933774
-0.2049437169243269
0.3277681065091101
0.1043229549162604
-1.5759028299490423
-0.6370369906805629
-1.3022039577868767
-0.1503664111504243
0.7872799453529606
0.7853815319896753
0.7608365955362216
-0.1388745171274595
-1.2131811474322036
-0.3795459380026724
0.3568291035181044
-0.7113247863039882
0.6149490786684532
-0.0605315637102611
0.4756548015837082
-0.5121622933240263
0.7876133673653154
0.5664189842779725
-0.6593397169155797
0.9256697719193219
1.8088314071165850
0.3954500331109606
-0.3203466050657917
1.8007563596364844
0.3409063581422733
2.7394200838903906
0.9717093779474654
-0.6379373382925825
-0.6928839861308869
-3.9469319539734067
-2.6162851587095775
-1.4837885381726095
0.0626616216904383
-1.7624390792817404
-1.1533208749580262
0.2796663004748002
0.6586858952604659
-0.1459346277440073
0.7184303463432712
-1.4041228202249700
-0.4603053420444124
1.5129179095288114
0.1548006475465070
0.0785184304012406
0.2101090507963461
0.3830802995594298
-1.3922802216978103
0.6587844939885785
-0.5358241383052487
-1.0490003303667783
0.2450810296013283
-2.2163916633102358
0.5505530979360483
-0.4498514372961085
-0.4563697893905597
-0.6361674059168252
-0.5260053151446527
0.2391034832360923
1.1193524886180990
0.5177443915654250
0.5414630049755284
1.3921966325878716
-0.0591947646429388
1.1205997159306811
1.9307739321196280
0.8249513773793797
0.5855905273252193
-0.2007259420332726
0.9165754678739496
0.6499242308680189
-1.2777575090804312
1.1794434588179434
1.2993813066317081
0.7584798899313678
-0.1560261392706972
-0.5642947357215988
-1.9934362632773577
1.0953953651577031
-1.4066222234385446
-1.4135821423197672
1.0047678909318114
1.0032835146249963
1.2413597773037559
0.8717188240361559
-0.8422233157787314
-0.7186789794800942
0.4037231049436100
0.2679420352625384
-1.0552274303224067
0.4389155205269739
0.4539966471361682
0.0487691415489887
-0.9561985118311477
0.6655765468940797
0.3108230641607053
-0.4807717856948692
-1.1547175983559297
1.7636527063810647
0.0892351722433175
-3.5734766743909971
-0.2936626559591956
0.5204354600625972
0.1350918303352823
0.8312623479779728
-1.2719774650190951
0.9521853919903814
-0.8993662466689035
-2.5003406313528096
-0.8752276124971657
1.5933560367625963
0.2410999652267857
-0.4336545367088248
-0.9285022668220697
-0.4560652505360836
-0.8132801145012040
1.1721509103867462
-0.2235713279415036
-0.2714907292964450
0.2848112736427025
-0.0386060223266884
-0.0319722517507453
0.5937130130477065
0.1480939464314470
0.5946871047651210
-1.1097946647566423
1.5529326949655595
0.5297482374936503
-0.1919582062121107
-0.1058028592021235
1.3164849607010294
-0.8387217749861442
0.0576633234016472
1.5722282491703721
1.3113810464638125
-0.7542974881058934
0.8023621676229340
-0.8464073926319495
-0.4538889493995522
-1.7369572632944539
-0.3567933821084020
0.3231014835527394
-1.3018866392885180
-0.1270809282136829
1.1833920508982694
0.3080502887330193
2.6487230573107174
0.4158717642571209
0.1514804774952119
1.1568325632037031
0.1155907309096456
-0.1796587277022710
1.6334178324840030
-0.1082980993976937
-1.6200986012174075
-0.3776324184037743
-0.5619417281078568
1.2456873883391537
-1.3525405672992075
1.3296242476017064
1.5127576168017320
1.3123462160504136
1.1570223115916598
-1.0172564549035292
1.1374519270213415
-0.9816357455654605
0.5390762875022409
-0.8719619395563911
0.1730470340384468
0.0672079307981103
0.0128488050284856
-0.0657920444297664
1.6671500736370446
-1.2687717612320126
0.3583703656455210
0.4079190092112204
1.1744914508189745
-0.1545121397954424
-0.5984377930369120
-0.9065243329384534
-0.1873036745757525
0.3489525049188964
1.3290049518100908
-1.3888876309806841
1.1510721542208875
-0.2816554791168266
-1.6087950643279205
-1.1240164334201832
-0.6269286633416896
-2.4775160803487526
1.0732834799777842
-1.5381545064095963
-0.4793062650505435
0.3366952979026643
-2.1704366671972886
-1.4388049857600571
-0.0107039031736438
0.9241393106732241
0.1201596284612675
0.6698159710628251
0.4705339626736958
-1.3602917475953309
-0.1534712938765347
-0.0265199651864880
0.3783656078770439
-0.3160374355751089
-0.2212149230120429
0.1830464229537357
-0.7705338759107531
-0.6526776628256462
-0.4769481228671245
0.8514250498009968
-1.2956929050858230
0.2562678307212544
-2.4554287046897056
0.1219305382212107
-0.9714573311523216
1.6205915567335949
0.6106833675350868
-0.7022630423370885
0.0989942261226987
1.1936797836758979
2.7492681706667650
0.5278382946044209
-0.2556643013574292
0.9848167955483175
1.0825332131843606
0.8489564428199995
0.9466545093058668
1.0539336457130482
1.3223033444678900
0.2674067552074314
-0.8010993284605764
-0.6918931230898835
-0.6533423928798312
1.5743566557026476
-0.2156313652885394
0.1860955273262922
-0.0474531242756905
0.9317359576849631
-1.0378544418509528
0.4821609377588554
2.0521329925417766
0.6524527807702624
0.2535057982984419
1.1275222610776281
1.1048897769435710
0.3644209232720934
0.6131844214176925
-0.9892063144074272
-1.0188307312849514
-0.9682724946185752
0.6765731425935554
-1.2123501127955070
-1.1230107241220073
-1.7956910485338238
-0.6002799267787541
0.4916801892188867
0.8422885434927129
-0.3709697885701361
0.6827619955068088
-0.7411437604701010
-0.8919730596362158
-1.0185015823657071
-0.0018707710163375
-1.2436888155490218
1.6131501976320750
0.8549838815294187
-0.7164127216648053
0.9413756869535789
-0.0076746242938686
-1.1193291307106341
-0.5114062260970160
-0.2014673859189012
1.0911232519727494
-0.4261254927993975
-1.2862759009643041
-1.3449636215939749
-0.2578678763145027
0.5790752431961709
-0.5546889159672100
0.1900786776362007
-2.0280658037118608
0.6404913337048845
1.0314456861216728
-2.6126739617793393
0.0527767155493441
1.5261823839695674
0.2098697295732368
0.2238307013134076
0.8622049570730226
-0.5834551890493479
-1.2054159873996466
-0.0269908641065502
0.6807577231699619
0.9506874133419323
0.7748256815560844
-1.0995584979670368
-0.1823053704306675
0.1198340122781325
-0.6686589963856929
0.2799934114075677
2.8167895861157941
-0.4859771576809330
2.0286004181355244
-0.6151158231583632
0.8052723313105087
-0.7042826620289212
-0.4139935023328789
-1.5602516982031731
-0.8210295029309910
-2.5381837181057150
0.2965624114661968
1.4357523136666452
-1.1328357352672771
0.5326582158985240
1.7341031137120939
0.4182487007710313
0.3425704579730329
-0.5894732293433612
-3.0049011471147162
0.2281634400560039
0.6771252261754993
-0.0197149338721441
-0.6118517793029191
-1.1081560836951840
-2.0511118431310944
-0.5378145413743473
-2.0585641721396195
0.2187814886426689
-1.0085144244989319
-0.7451233836002741
-1.4025636741390941
1.2221063545420965
0.6848349833096319
0.2097568624010701
-1.6682247038398592
-1.2987285223397642
1.1308134802495138
0.1906718236075448
0.3363092033291725
-0.0863759163152772
1.2789436403498211
0.1373618430358294
-0.2677327821954517
1.5450663376529499
0.7795661558590760
-1.6076945867432739
0.7222444379828616
-1.7283993166262570
-0.1920830690466074
-0.5235240210947866
-0.2743070628433341
-0.0601539084733939
-0.9250510689269147
1.4258551945613842
-0.8105295666381142
0.6315227958338543
1.0854547176409803
-0.6341694914173306
-0.6593862922134472
-1.0558990387857219
-0.2204829664581626
-2.1252943155222996
0.6110177904091064
-0.7018390419927470
-0.1485217254549887
0.9452662659620652
1.5736594172687521
0.0043432640767694
-0.6640182480784308
1.5434435987630897
0.5263289029968532
0.3180655025625401
1.2095268418150473
-0.9754691204814119
-1.8586005711957629
-0.7723233061267480
0.2488699543222973
-1.0056633841421601
1.9467738412452724
-2.0567311313197907
-0.2156908303923529
0.9643314586929023
1.1044365960591904
-0.7765918764409397
0.5620268358540005
1.5650564740739716
-1.4701153836390113
-0.6987990642321840
-0.0756514112072401
0.1338528227743485
1.5623760835503115
-0.3225287249529889
-0.4290572215236536
-0.0361849116280441
0.9691739315623623
0.8941131461511594
0.4933521730883656
0.2230034949295490
-0.5325292874426082
-0.3511328931754146
-0.3097570899984443
1.8776845613845470
0.5033348995671891
-0.3534089690082778
0.4681771108286262
-0.2158453477493020
0.5227293035964381
-0.2172887725805079
1.4326312375965193
-1.1480094332828461
-0.2019310157931889
-1.9194110517421568
1.2127280741180975
0.0154005627771958
0.0276273627668424
1.7043123873211479
-0.1422091792356785
0.7530725353026823
0.5575186259645110
-0.2666599168619249
-0.8477008904532689
0.4546015587033989
-0.1463669159597899
0.6692644467055172
0.4049908923354421
0.8240643749409332
0.5268912218427160
0.0876234300222498
-0.1228659792357131
-0.3377294969245069
0.6400566468141552
-1.6918423203682875
-0.2535705489614561
-0.7439127753574033
-0.1092495536722590
-0.1744769287577839
0.5507289316202115
0.4232795231647946
0.5481202493261332
-0.2119603222274309
-1.1100406457011922
0.2597474293783911
0.1446092723783977
1.1538973861966439
0.3592132156242462
0.0148579456521613
-0.3695958206174169
-2.5369940254106154
-1.1341671236537139
1.5023576380339601
-0.7059150077924032
-0.6489013132670783
-0.2543320940825979
-0.9440191445625651
-0.8519397024739543
-0.1971013071527563
2.7986905519978316
0.3034815970633712
3.6933759465346050
0.5649496428669064
0.7209800022224884
0.6135977044541170
1.3933782813152249
0.8282363285748082
-0.9829551343005688
0.4341711013244307
-1.6682712733085652
-0.0884604887008792
-0.0766705880267658
-1.7192934413914414
1.5844405141019271
0.9557408740586277
0.7045778880240935
1.0299993806663597
-0.3899903617856401
1.0023294243108358
0.0724784579877566
-0.3189143673651366
-0.8515095528369259
-1.2445855274705371
-1.4293336304762401
-1.9109364609357276
-0.4557831031935852
1.1270286978686288
0.1514908492661292
-1.1454768849829244
0.1695795467903179
-0.0912768642420902
0.1382475254140360
0.5167447263852912
-0.9951699225487872
-1.8390799336999974
-0.6737840160478887
-1.2674911160552758
0.8597399232708302
0.3453194496312884
-0.5270502905777280
-1.5605569005494353
0.2485588587647201
-1.0313872847870404
-0.2958018175797819
-0.6024918914023625
-1.2392104761711615
-0.0056848008414655
-0.0233219250230682
1.4045851814054942
-0.4186208292299370
0.1297763665609150
-0.8562350648258266
-0.6174096094222358
-0.4873187231340959
-1.0654788867994514
0.4597231768741076
-1.2383878046373145
-1.0697600231492634
-0.3723748045904318
-0.9294815825301941
0.3505098270190688
-0.0834739007557359
-0.7343523306568951
0.3078268564334665
-1.6800049685123710
1.0682875820951827
-3.1200171904081366
-0.2131210993229455
-1.0046103966132769
-0.4487147693708631
0.1202768808770560
-1.4918725472902556
-1.5281869781769395
0.3254601563889535
-0.9228262371996763
1.2427207461511467
2.4673837541329444
-1.2612409727549432
0.4005887417249253
0.2149594603485553
0.2074695378909749
-1.2461648191032866
-0.7080845271960826
-0.6951392254658511
0.2788461102031814
1.4112702737947662
-0.2732193847113666
-1.8273613787286684
0.6994290976243411
1.0634780856069550
-1.2317062176648914
-0.0000899372513341
-1.4686807609733497
-0.7116006020938137
1.5350547757950135
-1.4757747611165379
-1.3363421133588722
-1.2661718824155668
-0.1465832928185783
-0.8598527681876545
0.5563111847992880
0.6448275654287970
0.0291650383443759
1.0698129432309369
-2.3138247141732569
0.0204022857447041
0.6056789220382185
-1.8430771509929862
-0.5321341601550686
0.5682338595732610
-1.7406059880927029
0.1370934946148308
-0.3914688390079411
0.1630445701360110
0.5868984617020881
-0.3771396363294989
-0.7233499561464601
-1.0343945257211729
0.5068332079254856
-1.7827494853846120
-0.4770741700604229
0.6651554150818482
0.7230826504140950
1.3536924098336569
1.3005586375768097
-2.2637392026073426
-1.9608015233300533
0.6383043398233965
-0.8034266014241663
0.3398248605673082
-0.1415243994172423
0.1093715969749150
1.0433183595292210
0.0767722719624778
-0.5896129066327548
-0.2388017591640953
2.0901887033722466
-0.0999561338872053
0.4632212068336304
0.7537139471308966
-0.7307509738933674
0.7165428529313473
0.3951362073247340
1.1754790836494968
0.1071960415751226
-0.1905467119827262
-0.8729329785149655
-1.7047156646143480
-1.8722885165245831
-0.0400614717010918
-0.5270026427339977
-1.0336184123994581
1.3843536801236189
0.2986572083108660
0.8675719064616266
0.6064218001933959
-1.7427046549473764
1.2547352491874171
1.7477673454303877
0.5879721955151271
1.0029392263787411
0.0483663844770418
-1.0082186906057442
-1.2400564440870410
-0.1805180432592543
0.4839260902485139
-0.4396433155619346
-1.1647627074786673
0.2274976118813257
-1.4299042134520135
-0.4483572091533304
0.0174094586174415
1.7524380316477186
-2.1206541113293640
-0.2460645220370624
-0.6093311666214046
0.2846120006057286
-1.3756104286344786
0.1256687816220678
0.9155065962886378
0.1700216228788572
-1.4287793866832690
0.1033629328502428
1.6748660720450694
-0.1354815168907309
-1.6786964497197892
-0.1029454004093503
-0.2267030477268475
1.2703284221239646
-1.3352053544294578
-0.1891068739684204
-1.2894864819118932
0.4188588129046294
-0.4406753126871191
-1.1873217553021584
-1.5402995232301808
1.1438217553476935
2.2997606221836997
0.4309603755361629
0.6109694771146873
-1.0345337965758050
-0.6156572048643552
0.4881025344997087
0.4136563002608895
1.4740490453286734
-0.6679630676112921
0.7305069856585154
-0.2240184285877661
0.2264556570889503
-1.5835504815449144
0.1899678812406448
0.8537132066237778
0.9677997599484448
-0.3047655372386105
1.5706933621474690
-0.1970733813036876
1.4278163552240848
0.2837275925538280
0.6618933044323968
2.6004011878613427
0.2030065786232876
-0.3147593064261139
-0.3643250955450889
-0.2449682494874528
1.2080394908148624
-0.8336523622308736
0.9551887906503584
-0.9984807707986370
0.3453775594536196
-1.6361796528605921
1.0040881450116712
0.5122300277661103
-0.7851648637819026
-1.6109973099579109
-0.2843726443795874
0.7076752469696301
0.4559392903112758
-0.7534442596730728
-1.7668365363023100
-1.3860984514293975
-0.4074658125995366
0.5565346862702836
-0.6202328715420290
-1.0387609076267288
1.5520521050764964
0.0099012499634692
0.1031029375474870
-1.5627959696063018
-0.1774098586446737
0.4815622279512925
1.1689852100124203
-0.3272652264024619
-0.5448456552128011
-1.8487722630220693
1.0602088209494105
-2.4075096779135996
-0.2967230373589393
-0.2536246992871315
-0.5259946377610407
1.2511928805466146
-0.3725721715981810
1.5891464307365746
1.6734664584807950
-0.1325314770703823
0.3141484820279206
-0.4197004883694468
2.3596727093128584
-0.2268158208306326
-0.5096266857754401
2.2687353709283182
0.6207578771174133
-1.3781645875152895
0.9195503502996878
0.5726482744919774
-1.0993959583163788
0.9196933970499439
-1.2905889478399266
-0.9559756567859636
1.6026803032996315
0.3353673441980356
-0.8497871468012287
-0.1328794674400417
1.4724412250665857
-1.5328862008032884
0.4257233195467410
0.3729803063519919
-1.1168946519764418
-0.3943013367179218
0.7581609281969243
0.3838739056668235
0.5687345405949089
0.5862752468876816
-0.8394083808297832
-0.9667184532410181
0.5002927181469055
-0.6355069005394132
0.0301363242864516
-0.4957403639797226
-1.4184722858001175
1.3068854986760015
0.1878346314652315
-0.4401851111346531
-0.8162778507769214
-0.1968642627363009
-2.1679729403616075
0.4458996875433251
1.0698343331599560
0.1785312114055040
-0.5672352727335842
-0.3366909567859787
0.2054599802416190
-1.3696882557138168
-1.8814411293712874
1.0782181463906331
1.3332650306532885
-0.1037639095312789
-1.4495654145525654
1.0064422030242579
-0.3654978907317019
0.6435462129359920
-1.2480088756233119
-1.0410867650324542
-0.7671850515287933
-0.3192352374078889
0.6515176224338715
0.7663424265915981
0.5455786536151236
-0.1552487006239173
1.1435459214159345
0.7613700024946390
-1.3809059736124536
-0.0803311841555989
-0.0660497963496401
-0.3101825941224806
-0.1695006280738086
-0.1006674580441432
0.0097065309328345
0.5506800791373623
0.4685866183237306
-0.5909669712270879
-1.5804050303944879
-0.5685059516597464
1.0986945755029434
0.5372159690012722
-1.2781038293696616
-0.6214139817206696
0.5231137463191633
-0.3366713346108879
-0.9731722955339339
0.5461020337677446
2.1448738868919301
0.2072978756570529
0.2757894703506873
-0.1346690712322942
0.1634416843677703
-0.1849138233959157
0.7577325401172574
-0.0291749149753084
2.0415639564239334
-1.7366586115194418
0.4093664371096492
1.5243918604949009
0.8394320824118993
0.1554344182752097
-0.4772988197036707
1.8265730613824065
0.9453656707933812
-0.5855504866953711
-0.2114749257018482
0.1625180330587149
-0.5172957829152000
-0.6636023379896192
-0.8708133763100936
-0.5683557380258352
-0.3881348446842912
-0.0465191258969178
0.5965469034077296
0.4251987116096063
0.7671122006856144
-0.1958379921499088
-0.0011059627606200
-0.4601120699625508
-2.0055055341578765
0.8119887918870071
-1.5987853716084186
-1.7913459249677448
1.2006460122535179
1.3883279824250827
-0.0237678235504810
-0.5370086484185477
-0.9980950904451187
1.1926483130320573
0.7225640826018662
-0.3133659929154377
0.4363594086670787
-0.5539004881080396
-0.0065525235317519
0.2261063301913869
-0.1050257113672372
2.1156353902138636
-0.3498980571841854
1.1803867051586452
-0.8258473798626684
-0.9757682516686919
1.0605435284404332
-0.8306394701039191
-0.6323181469670833
0.8771434767612094
-1.5823665353694629
-0.4220567308245329
-1.8096183052382970
-0.8616514039441074
0.1477582389872470
0.1478346499834304
-0.7571996776442461
-0.5001047425053218
-0.1926478537555384
-1.7424876820960238
0.6921106688375258
2.0743019486076610
1.5983514351574883
-0.3025206197273397
0.9939076589269524
0.2446039126963859
-1.4360431753234746
-0.3922303481691589
-0.3046312127238441
0.3699967565602613
0.1382545280798717
1.6519423759879859
-0.4290236010220226
0.1693986102978065
-0.3117770024007269
1.3403240900616797
-1.0127644185579678
-0.1565589505911336
0.8585439729689331
-0.9327624307347069
-0.5481678947639204
-0.8225718809159334
-0.0568680964072253
-1.3476927358180031
-1.2926120973138109
0.0259302626249996
1.7373894326361197
-2.1874618488151762
0.1997017242201784
-2.2962797546658278
-0.0229943078044562
1.1743861127273663
-2.4682014131655379
1.3175564627257323
-0.6358469270974162
1.1094943945232385
-1.9048299523212371
1.6941937830472993
-1.0275912330963264
-0.5873575291527066
-0.4277337417933963
0.2740332371385616
0.5914740613990741
0.0079166941064974
0.1359740720934175
0.0095858538109329
0.0580883541657359
-0.2776009445851625
-0.4100842721644644
-1.6870694820545764
-0.3206197117602659
1.4883979930973303
-0.2898797146421599
-0.0476232059970610
-0.7223372318267783
0.9941888858651904
-0.2376587769536570
0.3896546608523514
-0.1834901542212229
-1.2657276880053736
-0.1428215727454248
1.6671919194520572
-0.0233687514068736
-0.4650278560248001
-0.9089442704027350
-0.6608836824047156
-1.5115382321452284
-1.6719788192523430
-0.3155701942878957
-0.6940949924392315
1.9191032206771370
-0.7408050039060350
-1.7575068553755502
0.0083804465453225
-0.3555086963955811
0.0008900195975550
-0.1439283761937140
0.9624340020247532
-1.0567237699342782
-0.9140823928207246
-0.0341059935141904
0.6689005957090701
-0.7006817040107481
1.1727125641761007
-0.5086073481085531
0.3858089516897275
0.9384605445019998
-1.2845764395562449
0.2453051188867588
0.7362139989360250
-0.2597165122900241
-1.0100006603939415
0.5665455648343639
-0.1441253091546268
-1.2017579540113252
0.6631423239151688
0.6332157739807347
-0.1289983986862240
-0.8811438467912833
-0.3312457900742299
0.5105370730243456
-0.0369874968483544
1.2826991519271083
-0.1624038012127382
-0.5754889786814866
-0.4179568078461867
-0.1597618301710539
1.3587221456225458
0.3840760050417492
-0.0010767391101874
0.8909684085652161
0.5910677470712157
-0.6493267482765771
-0.0840483595507515
0.7729467190894519
-0.0508973239215313
1.2641616915395202
0.2671102142499528
1.1463301860876045
0.1603148579147968
-0.4254005313664653
1.2001000652407032
-0.1294944129036023
0.6988461780452964
-0.2513621859483401
-0.3220977516421870
-0.0851016372750057
-0.4946985741896424
0.7229512167234504
-0.4298923559595301
0.1195113571152544
-0.4258720603500442
0.7502070972448566
-0.9342007179244870
0.5119733809790364
-2.0172883569231086
-0.4488447542709827
-0.7943211746054456
2.9454153698452004
-0.8963764472150104
1.1446910375344437
0.1676320521113412
-0.3951365388872364
-0.1945516012294999
0.4702574231424791
0.4139756975413625
0.2922513407384879
1.0634327735925042
0.4118621619807896
0.1338727572625044
-0.4521315083559262
1.1984323738141380
0.7353144517942947
-1.4426732205484045
0.2402964947765872
0.9048561338238166
-0.6858063291545949
0.7465933732712616
0.8831311484278936
1.2683402157562873
-0.1740744722484343
0.6644102922531943
-0.5125929782985232
1.2073520114390834
-0.3937679909582278
1.9161393390068278
0.1449034910067749
0.4943773403331767
0.5818462008843160
0.1189995892262443
0.1565907359438859
-0.9985405858305600
1.5784722211791926
0.2561451218138392
0.0844274699836668
-1.0054953610371038
1.1552894558818472
-0.0275625641683158
0.3261652766566614
0.3888805490131796
0.5460659220475688
1.5253629582992319
-0.9591030461525556
-0.5118378456321786
-0.6727882473246147
0.0746370843303046
-0.5113146162878583
-0.5811803966136723
-0.5610570902764693
0.1053647630392422
1.6042181876534167
0.0084865124646251
-2.4569970721993410
1.7129217697948496
0.1244030937807847
0.2313982049123636
1.6369392090388493
1.2106228995876771
-0.3488665955795253
1.5642439931020462
-0.9187635987408730
-0.6858896512712933
-0.7064581791799650
0.2267304020971429
0.3847880190158782
-0.3707693466650789
-0.5951229801357649
0.0539809311728687
-0.1871343892807593
1.0907871212502438
-0.1112726126208437
-0.7822937545135329
-1.7511916142270156
0.0638699742685338
1.2368247534180643
0.2296879717983606
-0.5240971601951124
-0.2768626409779907
-0.4509028221888854
0.2718788188564276
0.9272159284416470
-0.2322051780536472
0.5013817963026558
1.6295355749236085
-0.1571752688942287
0.8474071631820865
1.6693472171262476
-0.6760190488114491
1.0357742136312056
1.8213459801366425
-0.5242383621295914
-0.3398933373174396
-0.4073152043864374
-2.6477836831337691
1.2930801780031376
0.6928406883404838
-0.5923399672542927
0.0580460551164655
-2.8088743668039755
0.1899949943631026
0.2791617000239616
-0.9435536313004202
-0.9840527560317895
-1.0343303173001046
0.5732733260809169
0.8496299576706825
-1.2741210912488812
-0.2815028283588285
1.9747414109125188
1.5139133588575540
0.0618415632858427
0.1955365193514763
0.5045841491076953
-0.2101351767130200
-0.3665721261868737
-0.3460916581564601
-1.5740376649657140
-0.1694375560296736
2.8150568266122988
-0.2825155818559171
0.0757142905354891
-1.2119251036526677
-2.6138415416773597
0.3156397441139376
-0.3497547476719624
-0.5840950596415470
0.5613899726231072
-0.8442014657154335
-0.7610871617094175
-1.0264260783410266
0.0462274283236815
-0.6107501513233026
-0.9552768249618743
-1.4392046253619868
-0.0773946674316085
-1.0986360197587763
-1.1378880825583695
0.2936086030892863
-1.9355217202877602
0.9537151428140835
-1.1852558226605445
-1.9036720261267643
0.2414089329054476
-0.3166822816732436
1.2353887888172146
1.6223817008423558
0.0858086811392236
-0.2061105243911610
0.2590255660474433
2.4715844613894320
-0.0722127783843605
0.0875331712979541
0.4117750612249103
0.1088595620529764
0.1270689859430330
-0.1414738236894961
-1.7723401891702049
2.0950872230874777
0.3031742685451085
-0.2716410017141930
-0.0997004470229216
1.0193693921381777
1.4855033529793751
0.7402429252117727
-2.0856155343445679
-0.0220674550710113
-0.5027702289340559
0.2127546499404414
-0.1745790898291500
0.7628081587446278
0.2947661531368935
-0.1511015532723113
0.0036170850880110
0.8160647770493559
1.0200712186787482
-1.8462440414570205
-0.9860356203417444
-0.1238956311233390
-0.4145738566822781
0.4498130147541963
-0.0452114361285765
0.2839967153732784
1.7660218994028676
-0.6893845755433053
0.2935376049544096
-0.1625378140138330
0.7248436070024087
1.5142784918056029
-2.2474349374801883
-0.8440917577551614
0.4263551324839590
-0.8302812682854307
-1.2831765969376239
0.5729802898608161
0.9079364775701988
1.4443489773131282
-0.5663321324782221
1.0084356056129316
0.3044335347972388
1.2417023899829327
-0.5548887588799395
-1.0155944013514739
0.3197472776467857
0.0017191750923257
0.8802905131534545
0.1873957630272420
-0.2723640196198887
-0.9375061182859505
-0.2980101223190721
0.4119656190591644
-0.4960230085803265
-1.4220384937445363
0.6625439596802600
0.2905741332057237
-0.2373032074015969
1.1974485447814613
0.0549944933311879
0.5405689840857260
0.2180292274143628
-0.2940033118514717
-0.3675301768591944
1.2288521453967118
0.0642855684727219
-0.7100393711100836
-1.6007688556302282
-0.2046446088959446
0.3165537481723441
-0.5624299021497490
0.0269768085754941
1.0574443418675463
-0.3584142504847722
-1.0307479462309534
0.0861376316423692
0.4968867918713817
0.3267168806436844
0.0881483154318818
0.7609921749411593
0.7191164319018455
0.6905756741520256
-1.2912959913014357
2.6990517087724366
1.6754077812424664
-1.5211959672028725
0.8156293132345854
0.2683047703931415
0.0152439479179211
-2.0992500892836223
0.9303736455979235
1.7645404230133990
-0.0427945604609300
-0.3880127075063440
-1.3359221593963053
-0.5659718602056322
-0.2672139412600771
0.5639130873663856
0.6966271794677201
-2.1664476846971268
0.5877373071109068
0.2684230850444943
-1.3289402043999698
-0.9007831271657410
0.0190924736558930
-0.5569254860127471
-0.7132166628749672
-0.5198787026621822
0.1488571862207547
0.4970103979481177
0.3374994338971645
-0.5748441523617349
-0.2018593821612655
0.6178304660511311
-1.1308811087323989
0.0291968649112195
-0.5116744402543447
-0.8133913270809603
-0.6420303474017568
-0.1257015982014957
1.4670311379377494
-0.2607172231513932
-1.4232918049254817
-0.1943644482203191
-0.2665068649400673
0.5466807102052548
-1.1095423249891088
-0.7479409191825980
1.2875787443769302
0.9698747625897984
-0.3793323272083177
0.7279682117770369
-0.5638160521089917
1.7894008082259583
1.4650637436122773
-0.0464512887818601
-0.2748906438223927
0.5928953178772707
0.8435022076822016
0.4879063894754672
-0.0491631097914526
-2.4460145145068468
1.2888402606777396
-0.4505511372468169
0.9418867672352303
1.2448150892014420
-0.8623859566106187
0.0321758537495353
-1.5322303730274889
0.4814336773505012
-0.4582220900487080
-1.0938354530675842
-1.7846022689600285
-0.6018585507400478
0.5130594224974804
3.4954183456618715
0.4695444180843558
1.8829479268605014
-0.1524669342894865
0.6609572815598986
-0.6935923854018226
-0.9719745455717459
-2.1369667703865112
0.4651677098928177
-1.7276213571417967
-0.2363750272768635
0.7614082034303584
-0.9756136430697957
0.0722019474996784
-2.3481308624522006
-1.0308818091821528
0.5730507512813494
0.4606176039459552
-1.4032041398454278
0.2549854228583343
0.3290311311020231
-0.3368556736109856
-1.3173004957107506
0.1378861664451665
0.3467514045580335
1.0588652596165182
-1.3469621552525444
-1.4438214618663567
1.5484617159792740
-1.5467014031419632
-2.2497544082321399
-0.9472926942809574
-1.7448656968232146
0.7943957922115008
0.8790748510635832
-0.4964349827414536
1.6514303433127169
0.2174264830967580
0.0678284064309315
2.2548495948391896
-0.0681502263780246
-0.2978826568501740
-1.1030479378501943
-0.3764498255575537
3.1536016797629278
1.8118576316344164
-0.2705196522167365
0.9952076587263173
0.6524577056495982
0.7768651514945484
0.6072137450014615
0.6731424447047413
0.2987824039850410
0.3030743711505474
-0.8803861847902652
-1.0534151335067277
0.3036361571455944
-1.5437566654315003
0.1708904412237306
0.0782630887420163
-1.0771833880642141
-0.2326993358032058
-0.4674892464250126
0.7355487815740048
0.2268830685442416
1.5411200283374642
-0.5382188948415199
-0.3012698069979632
1.6912857246262660
-0.0299834279487445
-1.2426645878944849
-1.3570472697492533
0.3653349640729169
0.2079890242988632
0.0088724307456455
-1.4207691027242348
-0.2966159117683633
-0.5022904269449993
-0.0633935328704927
1.5478828933950219
0.8845375967327855
1.3101180395823968
-0.2079851467162515
-0.2502477906782218
0.4959004020723979
0.5939490324154177
0.2970348288574666
0.7245576881629076
-0.9547743411236166
-0.7957696857189415
-1.0041426050675619
