1.1430055653628519
1.3891855305975365
1.4003023847558125
0.6054604672818736
1.4104258910414984
1.4654900191350817
1.4498263828959699
1.4535772381630765
1.3782136539855760
1.3236440792187800
1.4111810335909216
0.5290724910602466
0.8805259358675582
1.3588887224319433
1.3862780623766846
1.4380043781310745
1.3422217345789824
0.7826689107717436
0.8974258222483759
1.3646179278636041
0.3713597954578816
1.4195426408973248
1.3860426609753278
0.9466084933260223
1.1507862136716371
1.4322656145437052
1.4195082907161094
0.9120897949915663
1.4097329219034025
1.1052901958725745
0.8621564116775357
1.0741972191068831
1.2559810019472837
1.3622152283157869
0.7959015720832072
1.4283332732259997
0.7656610384338169
1.2365159891506987
0.5491944520291691
1.4583634359290152
1.4417652280994113
0.6520759838777066
0.2965301574959919
1.2018553766759985
1.2823198010072911
1.3915817830942145
1.4613890389264066
1.4515159355434168
1.1485703311036499
1.2894912602323525
1.3768420140408093
1.3718386412871013
0.8919209899828980
1.3854518822264126
1.4101757032752358
1.1606396021364014
1.3640903870357162
1.1280461977673433
1.3738343011493890
0.2942979460862890
1.0034126190749344
1.4138870587774621
1.3939664634849163
1.2847554678582271
1.3910215097337497
1.3200006297676377
1.3078028108207305
1.2777347407633184
1.2535283098970227
1.3250446490706886
1.1332431229826336
1.2917064161224328
1.0853904887258166
1.3565685159470782
1.0050160387640066
1.4078368424814289
1.3309679738764129
0.9049236353835127
1.4062274238866452
1.4380968847529227
0.6012889590967220
0.4017771627056958
1.1149649137652045
0.8567213709964155
1.3120969182169659
1.1321878229195934
1.1676130459395992
1.2266402866252486
1.4479058741546424
1.4214641792444429
1.3869588518673954
1.3102706718217276
1.3819356231524591
1.0432190735097919
0.5330685885018979
0.9838193698387103
1.0856337461928303
1.3286667528976461
0.8360993847309791
1.4084287387140513
1.0679546164674214
1.2127581035583770
0.8786042655334884
0.9239409254216836
0.8222246384751046
1.2629402418206559
1.1640071602915338
1.4226379410906766
0.8985990407291603
1.4094386539825494
1.4008681077724809
1.4619293150300257
1.4286601340449996
1.4141961976884840
0.7556196361278024
1.4153474883273547
1.3491841951985188
0.7031858586668508
1.3587647532582787
1.3714382100478411
1.1803499464960896
1.4270107579338152
1.0583331533385780
1.3853773452443139
1.3395536124008778
1.1356728993003216
1.1216297098945518
1.0921373772164400
0.6300129765747549
1.0530235146426197
0.3244127170202833
1.4632896298407532
1.0459278536262300
1.3634892351277752
1.3965724596681206
1.0315662358316386
0.7330780112466472
1.4557831555756355
1.3581067187360985
1.0548238504987115
1.3668524186976725
1.3941100741036008
0.6824190492478052
1.0838205496765929
0.6830176864520098
1.4310725236808113
1.3532427119720440
1.1134888818107969
1.3765422095850628
0.8201925775486741
1.2233483283438082
0.5565902849516594
1.4454736748493278
1.4659215087827602
1.1202949740824455
1.4352895543632762
1.2923463907256219
1.3156595375114994
1.4015840785549858
1.2292393317790922
1.4276675098550844
1.1943081459698996
1.2610479343039105
0.3578072653887792
1.3862637263400639
0.4379536990492525
1.3041357683891126
1.1626663294664068
1.3175857708584240
1.4843755006977855
1.3233240786070521
1.3510178356863090
1.4320995162113581
1.4047697636609051
1.2557306040322673
1.3304180042824953
0.7504007038685817
0.5023044150224111
0.8093760892826987
1.0498684401706613
0.9617230786062951
1.3595516297514867
1.4494301193225803
1.4111889250603291
1.2446799371642445
1.4433838252809583
1.1513689281330997
1.4684756050835530
1.3712859602034912
1.4433608822504618
1.4688628413248532
1.4361234739853090
1.4426668869598591
1.1335741758067097
1.3451234666506813
1.3853947279358467
1.4407402770600628
0.9601462162310043
1.4651914486857831
1.0943332960842174
1.3380504049454189
1.1298702201137096
1.4233254188066593
1.0649993189357834
1.3449446780042347
0.9820514652000185
1.2483868208347870
1.2873784570187046
1.2984677909853077
1.4785659526435053
1.2694595137491393
1.2280458557429081
1.3113969644799293
1.4509396439588746
1.4212987118145697
1.3138514549861391
0.6078180756571687
1.3014224621170973
1.4088120257358174
1.3334960231114283
1.2105998460731164
0.5945530776422902
1.2832202438648537
1.4243881235256755
0.8345310022426869
1.3059992735889199
1.4567495430842403
1.4286664373786202
0.5946430952203230
1.4157763531945529
1.3975358524907517
1.1314413481483248
1.4388987211070638
1.2381538945857049
1.3700008896133111
1.1686950877590059
1.3267517308903898
1.0876416653866023
1.4608709740435286
1.4753310758051466
0.9252495169986292
1.4145291690171076
1.3751541239155805
1.4316767756439612
1.4481053583653845
1.0655246356098369
0.4897684857551516
1.2927838175579873
0.9414710495811720
1.0118685139681818
1.1604004560245553
1.3462280513309934
1.3407859265710820
1.2898372196574241
1.4494605512330214
1.1795800764442135
0.5925838851117424
1.4183745093120754
1.4319807076137296
0.7649595946725600
1.0967688862487683
1.4553556341386382
1.0762278543749995
1.0595600353883921
0.3660938582317247
1.1900213656990268
1.2496923599974434
1.4488738419471001
1.2272664667447706
0.8965560358612681
1.3716391732553708
1.2311016682130280
1.2805650253085619
1.0660527468410481
1.4032764618064235
0.3173430645779216
1.4531241804944521
0.8913087474745177
0.9551430026339277
1.3333379286758198
0.3363999485844439
1.4153072101373076
1.3428192557117575
0.9553722236841106
1.1308221408135837
0.9142632579735497
1.2256266314283806
1.0873110894113363
1.3515781439048067
1.3874179260821073
0.8320374014887637
1.1120556132292434
1.4609315505561806
1.3222389447143428
1.4571621387059976
1.4663961027303547
1.2719366314683547
0.9146735828458307
1.4101645239773455
1.4172345507487543
1.1995599867802871
1.3395475519605538
1.4304725810479966
1.4454339497510094
0.9904371933685455
1.2841753285361706
1.3603269102066990
1.2284170266366106
1.0079168730641122
0.9854726610260802
1.2926744844191327
1.1828063135954610
0.3911710565202122
1.4415685712452735
1.0017465280389579
1.3736262932761878
1.1709158172542535
1.4779879840025871
0.8545426772736789
1.3816212596039126
1.0239863463744512
1.3291126805652598
1.0206715998803140
1.0616146135402329
1.3245411382438925
1.0702157272337109
0.8263144940473096
0.7978206269096871
1.3239590293883854
1.4100110959710237
0.5488529786252300
1.3102905541235388
1.4721807225779096
1.4660158176987306
1.1982887557644819
1.4502451000421550
1.4233979218078789
1.3944490645944234
1.4200433634644973
0.7623516906948292
0.5580651208902525
0.5381353737303369
0.9074481302845262
1.2483684199159295
0.6960915696039390
1.3648634907563402
1.3511980529580254
0.4820312750122043
1.4509086255380756
1.2289057238267243
0.9793410516085167
0.6960374161530628
1.4640801963850401
1.4465351425952282
1.2399469003609840
1.0810651933684705
0.7581678184272572
0.9316968515992395
0.6556265799723443
1.4430114396388209
0.6508743802416901
0.5590684924398337
0.8775737523558348
0.8306724395660920
0.9893035955186859
1.4549485364544856
0.9072847431416649
1.1659309589113009
0.6824102342674385
1.3059687527687731
1.4403434998286386
1.1118992945671853
1.3091403819802643
0.7705200800879278
1.4596636900179094
1.3630585721706545
1.3382337040238899
1.3331900058310671
0.4752842956841773
1.3447934345741486
1.1673250729272719
1.2904228406388680
1.4552693659604676
1.4420827308439232
1.4183701167373464
1.4332878008157857
1.3915222085271377
1.4464542347818601
0.9527328287273702
1.4036795918652656
1.3098564962297097
1.4018299486533838
1.2059708441152515
1.3756950551910008
0.4532447631928875
0.7894645214441806
1.2430836053965526
0.7580379847383277
1.4475661375208353
0.9473306821199828
0.7906102418858255
1.3779273542570145
1.0245078483022776
1.1892421067142407
1.3998429407377597
1.3819929238951152
1.3167397717363389
1.2408080163019821
1.2558729407984366
1.4207936427900050
1.4650137325267358
1.3697312901218595
1.3522060632339852
1.4770828953234754
1.4774937459307804
1.3430056250747953
1.3155906593065050
0.9454097458113143
1.4600666304786909
0.9210950101415761
1.4699031737418811
1.4318627370735435
1.4366869905884929
1.2381827890780572
1.3588135375098098
1.3054633855940712
1.3124831509591701
1.0803353417825827
1.4138347555873414
1.3395388929052483
1.3961350722335832
1.3309649824476988
1.4526201475102634
0.9424657940037590
1.4123355183096840
1.3745446797306864
1.2504788489649468
0.9869778235522553
1.2140208860631700
0.5340196321113847
1.1997153348718457
1.1553915937528774
1.4027948917985340
1.2681155659972088
1.4180377381480787
1.2174311262465933
1.3060511606855272
0.5126086132056954
1.1684617955684911
0.9494694118713720
0.9889699632823097
1.2563865958627507
1.2801543141686318
1.4106039005298587
1.0537667442345600
1.0150074443098154
1.2263873409362356
1.1621528409013611
1.4433357872351356
1.2652120390200954
1.3715480824819635
1.3703649562888720
1.4510848104703371
0.9997656763581712
0.9987330653431926
0.4127848523697112
1.0738296615168954
1.3207804358620836
1.4608469371209509
1.3575184201518566
1.0575404680731191
1.4185850345724291
1.4119840564108717
1.2871649890743724
1.4178738155155324
1.3823147598408472
1.2360522057352974
1.4650221016493472
1.4171660103814754
1.4550547192615586
1.1471694269282384
1.3751001583286344
1.4110796815039166
1.1903271005494123
0.9779462314559922
1.4320051193661056
1.4257024932828701
1.0866282835013228
1.4594327066932842
1.1422743304070735
1.0886554144344014
1.1598538968184664
1.1491652546743274
1.1162234873877639
0.8638055587023754
1.4076252579313535
1.3929050717064166
1.3256808454783835
1.2021932473622898
1.4283849764171994
1.3275023407668363
1.4482546306136908
1.4219962758738265
1.3814002517392330
0.7355602932275894
0.9038530660870973
1.2966672504849763
1.4545516967765548
1.4191947198061647
1.4120897807501922
1.4412387102519790
0.8365814991060111
1.4297064895558613
1.4010633617793031
0.3998566678011790
1.2638467521677208
1.4296470141331794
1.3065616682200285
1.3635445553350094
1.4326035787542819
0.8900687423673794
0.4398535443006011
1.3380168906997283
0.9561802804538913
1.4523976214596974
1.2791518583348667
1.3976903094346433
1.3634533108157594
1.1885161346951565
1.4013737339224928
0.4284953621701204
1.3330649075050260
0.8251342786452249
1.4039524434507380
0.8876053613315761
0.5648135849602113
1.4042368784808024
1.4250976715600649
1.4535221316116775
1.1166282280900346
1.4507590380729187
1.3860702552859270
0.9361308955340771
1.4336262745502490
1.3815903242211511
1.3235884617720739
1.2671999269805916
0.7939251459070925
1.0946723546455226
1.4633253309182048
0.9872965337252083
1.4442618940703962
1.2697084966511945
1.4006664221297873
1.0546375837335116
1.3867670547224986
1.4574093803000461
0.5080993788001128
1.4452893017009742
0.6633726559475879
1.2244720995160074
1.4342759915526744
1.1121221109855630
1.4741259722682929
1.1003675896378040
1.0628897970224302
0.6795863621361163
1.0996613018863508
0.6168891875780451
1.0871127785947181
1.4285441060593429
1.3067479468667618
1.3587039542413446
1.4042758609717392
0.7278767199756466
1.4349208726758020
1.3658996526881624
0.8984181223651578
1.2942554481627668
0.3294845344234723
1.4451649588208177
1.3888077445045492
0.9899184126938785
0.7469968645841657
1.4594209179073845
1.3964377049541776
1.3747745977321744
1.4701794900349390
1.4573869286520236
1.3706978609872431
1.1051536243551980
1.4764876624936878
1.4588246382190884
1.1288525148692232
1.3479469442371572
1.3934915610939733
1.3311745765189291
0.7928156487230490
1.1921581814512823
1.1555495322737019
1.2481422502909822
1.3905940958892096
1.4062218192598681
1.1062335318123957
0.8429628550145252
1.3782339312068959
1.1583056481301379
1.4827094488969192
1.1706217548543665
0.9128985266462505
1.2562381694620375
1.4353227873599665
1.1069736493139364
1.1043945682119927
1.2151865877996202
1.3425634741992849
1.3328612640089741
0.8258558642385022
1.3872124468961378
1.3787336218831645
1.0662361628233001
1.2567355147138490
0.9982171528546798
1.4584113855125413
1.2920945904807506
0.8456768989228105
1.4136204615833230
0.5563317655603799
1.2714995960329278
1.4175292377895439
0.8752599285782785
1.3705884286044905
1.4499931690542480
1.4334687445838776
1.3232422222596045
1.2445618012442659
0.9683745296109009
0.4367068665086896
1.4752430587004295
1.3519631258752933
1.3995570747070079
0.8259171934683947
1.4624934999363479
1.2777670915975854
1.4023340161493296
1.3130145972852256
1.3890231985149430
1.3334426102093921
1.2731805337373026
1.1813294898630911
0.5712850161469178
1.4648430958073648
1.4156469032893482
1.3348509805302538
1.4721644506184834
1.4787662605058944
1.2947907587012930
0.4322656250624819
1.1020179030556172
1.2502477013142514
1.3001880491599613
1.2840483045554836
0.4405909599151939
1.0173737408886512
1.0542318962026278
1.4227238012847352
1.2493113728395608
1.2795192139895646
1.4307930524464350
1.3082344016829091
1.4230485579843428
1.4683262276572286
0.8612410887522198
0.6156048587141604
1.3458694613520161
1.3301459049377877
1.4251121450922997
1.4339473520718287
1.1652889032280918
0.8941754548802622
1.3751355260002958
1.3969578710907040
1.1591897810545930
1.4628396947948585
0.5229801136217184
1.1971528172617141
1.4746183652870659
0.9362389237299112
0.4405645643553057
1.1458130149296739
1.4578206772553524
1.3349992913707833
1.1138037297569763
1.3135398682908412
0.6383937189155359
0.2926886597905907
1.3543707292952150
0.5983903827191458
1.4182746878329713
0.4070902395624983
1.3378084048365504
1.4428101492260637
1.3492674659996282
1.3213141724153714
1.4735906310276727
1.4750436753001939
0.5062195780886900
1.1153909920818661
1.4560182921413689
1.3772908851564474
1.3887771784003500
1.2851289684161800
0.5891779701981122
1.2097508121098952
1.3768372087864043
1.2823630967998156
0.8452018543884875
1.1778266861223003
1.3990399531922657
1.4374888142109936
1.4387520568918224
1.2908194004531151
1.1647089130427271
1.3624613846591944
1.3209235752153266
0.8634093374349817
1.3624995638587345
0.5404324421789412
1.4560393142652543
1.0481591073187422
1.4199701503018569
0.3031934975466760
0.4268083074829515
1.2207888617106690
1.3393605180219155
1.4663491966179154
0.5592895760247499
0.5869778945463445
1.4362079867998818
1.3992282203652258
1.1788013078095034
0.7852619227457553
1.4173225604341797
1.4234126623166761
1.2073481715431813
1.4470897783918044
1.2014515118023299
0.9091177784117601
1.4436510146956374
1.2340816713848575
1.2814479039295756
1.1694351804589147
1.4323889814990471
0.6523425404931943
1.2536351172399205
1.4188202085815920
1.2015793887054391
1.4042093866319476
1.4114661636699113
1.0605843032928952
1.3501532356295614
1.3852981330408018
1.3330934513834034
1.2382422656996532
0.9775360194803757
1.4472387719574427
1.2393101137264040
1.4237058006659082
1.3005050835665797
0.6876005048406457
1.4587026844586375
1.4636723233567814
1.2593841353907771
1.0433048561785283
1.0840273016020523
1.3416530121105277
0.8833257021367754
1.3512824829204066
1.1929122210043448
1.3605945821595424
0.8495087340817938
1.4430988538038594
1.3516514342553327
1.3902899364057228
1.4694822067578273
1.3625027796320686
1.3412188601124762
1.3092477928715123
1.1331589162434286
1.4184958231318017
1.2791076953475693
1.4115191728702987
1.2476069861401975
1.3635393481933844
1.4040028196278873
1.4469886334971485
0.2931158639370224
1.2223491246265701
1.4309112092196992
1.3785567566642996
1.2960261197781755
1.3212374716657396
1.2902595095334835
1.4543879159383097
1.4371641284944812
1.4208352133522417
0.9281129549850899
1.4298436728676411
1.2600399416736014
1.2484750066041426
0.3775304807458698
1.4199078596735584
1.3319397152509460
0.3256787136392773
1.4776312364696920
1.2958605979168081
1.0327534399833016
1.3618494821875826
1.0531203103185585
1.2900264354296465
1.4025889914539709
1.3958117312668130
0.7213917846601151
1.3793553099718421
1.3952888349267925
1.3059471696742864
1.4639043363042319
0.8162035602008976
1.3349416345097040
1.1753809164058329
1.2366489450970319
1.3213480390906081
0.9204053356978368
1.2261255669100144
1.3872635768871482
1.2522535005263780
0.4149847935985559
0.9099145575339935
1.4300195191161604
1.4707726125882608
1.1634352228206517
1.4068379691531081
1.2967961862441562
0.8647970340162840
1.3626794096580186
0.7812734827445340
1.2297584937736408
1.0264342766803760
1.3710590072447832
1.0557717689182751
1.1786751641025954
1.2017312978370334
0.7567513076571731
1.3368623240074962
0.5816236447680033
0.8562744519419551
1.4784508383755113
1.0602497967323503
1.3655686876794861
1.3585552655074697
1.4630300167188561
1.4714501612177953
1.3206088218527530
1.0501315000335048
0.9635009730439833
0.7486505478909702
1.3917906154336575
1.4295502158421740
1.2930821936101049
1.4150328198330562
1.4047218609501355
0.7574996637794689
1.4379093195251340
0.9804098684699782
1.4272250785206346
1.1875044785545517
1.4300453484888593
0.6494399533356735
0.7363063950677773
1.3944845089309363
1.3552445663817556
1.3853927862903677
1.4128569056781748
0.6250157317066007
1.3643420493171139
1.4307149764905644
1.3422231067782606
1.2772183994173758
1.4180240590946018
1.4352553090183844
0.9359852500128132
0.6501553025944451
0.9990600150812925
1.3855470220752362
1.4629283048031871
1.4687833216485036
1.2086367217174070
0.5750053192985946
1.2181011524767738
1.3672637177887574
1.4379824921180662
1.4517237477944684
1.2306221299762157
1.0406192654232747
1.2551610931220303
1.3780745678086388
0.8153023001375059
1.4009730700368843
0.9668487827880060
1.3874722314395347
1.3280562621679397
1.3112954804437147
1.0055115605820977
1.4091204320860145
1.4785344817852597
1.3370584302542914
1.4535424665165009
1.4325046984027729
1.1805250652689732
0.4602164669770364
0.8335360666604477
1.3420927432792080
1.2051592031571923
1.1049197975762461
0.7384407537998673
1.1456842311111453
1.4520672968665180
1.4294155000515418
1.3259423429260444
1.2471252286213628
1.3646883319661220
0.8882382555948729
0.9691792655924069
1.2590502975217399
0.9866463147118424
1.4379266411477214
1.2706053535155681
1.3647487948382246
1.4436309351150840
0.5696356611761810
1.3615739751135592
1.3549850804635908
0.7298299856337201
1.4041156520863280
1.2435995719213360
1.4309571137620125
1.1027095551464010
1.3276084935852981
1.4617911391226994
1.1999775038351932
1.0802517628975932
1.4077458867327435
1.4467647503379686
1.1959426755197422
1.3151406386139060
0.7908832540831630
1.2745041422557826
0.3329424515342580
1.4101703989554182
1.3911893517995031
1.4713462728922619
1.3646793000588071
1.3442071231515613
1.4582414288433605
1.4249549700985646
1.4622994706150318
1.3516913808620887
1.2119353068612280
1.4374623128080402
0.7610367723795731
1.3810740990576751
1.4337782264589367
1.3325989494329675
1.3868230033501339
1.2351658892143929
0.9503440228613101
0.5274242042197141
0.9897413263994165
1.4110931220145968
0.6171983994033424
1.4471746124593716
0.7990445759525524
1.4306147095098185
0.4914480012005660
1.2409638918460528
1.2624947587077568
1.4264798778085190
1.4566806047750633
0.7147197375967561
1.2044672051449417
0.3517331506241057
1.4425706244106191
0.4297521194307989
1.1994440450118915
0.8090345928450817
1.4257134822813311
0.6257268713349756
0.8446103180881028
0.3884821641502306
1.4234772061970629
