1.0880623912726068
0.9838660648379106
0.9725701797046922
1.0858018193607539
1.0511370074786497
1.0126631320522070
1.0976534558727247
1.0480613412560860
1.0835616757148876
1.0755245858363658
0.9895450073144358
1.0937387119421158
1.0406617289436526
1.0653264729296086
1.0148587664339193
1.0490726115302469
1.0508817006824425
1.0833789798611140
1.0080854046487966
0.3469264184617260
1.0958484900694043
0.5618941995212463
0.8100732184289203
1.0425294524932436
1.0225468647346354
1.0737278426824286
0.6340754642872226
1.0919291983411725
1.0969107640382112
1.0589503363409551
1.0942019881745828
1.0903060773830466
1.0920221622942796
1.0644312684677166
1.0767827271323134
1.0771890698745947
0.9983822587245359
1.0680919109802423
1.0966726712512267
0.3206769664775351
0.9515698566212895
1.0354138779978945
1.0891663552060555
0.3999228843835909
1.0913425935596623
0.8575555388311129
1.0968293718652189
1.0928279640913103
1.0638071755909277
1.0932949160821712
1.0857616160455426
1.0879052026202034
1.0708936271993936
1.0641763227733567
1.0860234629385290
1.0979622240118385
1.0956985285610268
1.0948865445761971
0.6622541054202021
1.0676268562298534
1.0923347382702218
1.0977195694391637
1.0889139464600970
1.0901153549811027
1.0370900739594597
1.0819399034496608
1.0939193968489891
1.0986918710612861
1.0457372902875717
1.0637351665350361
1.0735623280368272
1.0713476766879424
1.0808741579938017
0.2985842602290580
1.0858950106393221
0.9802692531200132
1.0931398645584187
0.5900744445241187
1.0942013721152604
1.0825900988243740
1.0782388287011380
1.0967010947108469
1.0974484742394517
1.0834150381813934
1.0863870931789501
1.0718029011838015
1.0840768799787706
1.0875429522008884
1.0619935351708258
1.0932148349086501
1.0776817517840580
1.0940231769299920
1.0832821684818617
1.0911357309854670
1.0930075778644524
1.0770374748320228
1.0357736437292511
0.8125258005720865
1.0942299068967696
1.0991150100263267
1.0978301761744986
1.0837669936591225
1.0938346076158150
1.0864434737584210
0.6703056699453718
1.0817125847286830
1.0538977405901107
0.9728436000041535
1.0505260975944188
1.0907148888295031
0.3136908327995747
1.0812600195405706
0.6935157809196187
1.0824450036118256
1.0784657755629581
0.3541298327197889
1.0783221452611249
1.0911573224841882
0.8645947545299216
1.0904218679885358
1.0930075033888351
1.0498483150218705
1.0654454358645489
1.0618006779287961
1.0921551041786957
0.8942732435306990
1.0817940293427581
1.0951095098836956
1.0892900481539696
0.9307293909040525
1.0839420579366359
1.0897729951837476
1.0849414588514885
1.0879870836784415
1.0851260504196341
0.6922034255456019
1.0847396968861176
1.0747355133855623
0.2897008760762253
1.0907544332759911
1.0894831290125988
1.0434852796169185
1.0966694510012851
1.0813071768357085
1.0768127377296262
0.9807783160464604
1.0014174295414831
1.0953646958991059
1.0884632268752508
1.0961753132999641
0.9251093706840791
0.8465270669190671
1.0892404273735283
1.0825678587754688
1.0968467704771498
1.0867490762434613
0.9317207264516197
0.4692883450551711
1.0164483351633731
1.0799086618700700
0.7260258689052216
0.5980993137647475
1.0928056948387586
0.3361532706647980
1.0980464147280655
1.0602122866359498
1.0902872582940892
1.0226907842877366
0.4441240141256024
1.0911231160269388
1.0583377578517954
1.0967340081179411
1.0948649256711671
0.4104471480300252
1.0894706433776122
1.0936399924875229
1.0848100559064588
1.0367709808496930
0.8295756253195617
0.8863682332594213
0.4609415699790591
0.9288533024369259
1.0969879912495735
1.0981154820377386
1.0879863761338542
1.0828297142277115
1.0826019509528821
1.0540069192049992
1.0969944060956232
0.9387138669865274
0.9868668547752332
1.0527430643460005
0.9784566034352731
1.0448065754322753
0.8471612111869775
1.0839310542103247
1.0953674190284526
1.0542893097166388
1.0953370993860281
1.0851280269970114
1.0960720005255473
1.0900710331351764
1.0873936295981117
1.0811586602436463
0.3133242442711263
1.0686765858095792
1.0751794118490281
1.0935455758745170
1.0739237990195651
1.0504510965799261
1.0886184770038896
1.0314454670107012
1.0903383048208097
1.0186506604028258
0.9941094884879182
0.8087163697125932
0.9862390543925763
1.0405073738772526
1.0898097408928973
1.0815007864995214
0.6561030728815953
0.9872732431533123
1.0822711475840181
1.0752571095124823
1.0861682125681973
1.0586652174929028
1.0401614959725185
1.0085901267484489
1.0805038677305105
1.0804538575713909
1.0755627666723839
0.9928909253463516
1.0854004402184216
0.7800365357699373
1.0949998861191026
0.3063376980207592
1.0893205641270993
1.0094874682268904
1.0970783018314914
1.0912214445751101
1.0969345212112409
1.0939960855842421
1.0975927041053650
1.0923017466039879
1.0690099592098166
1.0670507353103187
1.0744547077412832
1.0853539231030649
0.8860700211083575
1.0810112058079231
0.8757050952888582
1.0939542710426395
0.8411693773034844
1.0712180755748020
1.0957137988813639
0.3729834698349983
0.4986639223587891
1.0656108187601501
1.0985032462611026
1.0845549786051025
1.0411894542798181
1.0861661245578684
1.0765809674685738
0.4611886079362698
1.0946379678107663
1.0487396673066749
1.0973178000959658
1.0200645863297433
1.0370599973871084
1.0953685934738706
1.0947902526955786
0.8681001037241790
0.9525544474730886
0.9923129453060064
0.8052860450274252
1.0793131754691265
1.0570982104245779
1.0980981561827869
0.2847367581899699
1.0968379426398640
1.0311698948885752
0.8906383466991211
1.0589454949063375
1.0952885134392742
1.0897406216326584
0.8903297861079839
1.0886026222664476
1.0858966580156442
1.0373662909434980
1.0660832834311966
1.0538930888400579
0.7143687119899041
1.0903514611327429
0.6276750557840893
1.0767830214778102
1.0842975248270621
1.0918896136077216
1.0452422608261493
1.0914690871186388
1.0941050921963029
1.0771695125559206
1.0926563091605868
0.9266974522469758
1.0774736493394281
1.0667665154358115
1.0625647519781969
1.0706952094540325
1.0921689608640202
1.0744497870790208
1.0818487154952448
1.0862090143477232
1.0948490908808901
1.0820450662619940
1.0758109689984630
1.0942632986028276
1.0454605538719708
1.0501058633213434
1.0768946880116037
1.0929662599202574
1.0747212152226655
1.0305988416725436
1.0763627637358848
1.0887242620481692
1.0675865820884922
1.0488850264316958
1.0907402681444229
1.0919755420387389
1.0788510077219351
0.9917467465817326
0.8386817311375158
1.0751545494450920
1.0849472600928229
0.9198374169460927
1.0899093178421264
1.0837883662557959
1.0161375613223940
1.0724837006992485
1.0969728860955632
1.0733782628343402
1.0977530616101245
1.0913146378994607
1.0522396494714839
1.0467698215685948
1.0935403042548082
1.0252007620445622
1.0757845326838575
1.0643210535747218
1.0807147901958141
1.0964363202204932
1.0922247559206657
1.0918443174807393
1.0674039653238827
1.0791474880073373
0.8782270618869412
1.0163848727506664
1.0377323692394449
1.0903802772715803
1.0505462353582400
0.7998604625592634
1.0871315570971307
1.0852437727148685
0.9842317227385412
0.9588197558325369
0.4361424959656743
1.0957503791244170
1.0909530254181610
0.6279565593304139
1.0847821857356885
0.9738365279837238
1.0573098036253665
1.0291843314136575
1.0674173706860484
0.8669349787196780
0.2951716376820079
0.9429316244266449
0.9329421333886954
0.8896151011160721
1.0871855294226245
1.0969244140541183
1.0598884221457836
1.0666861913406478
1.0358298360006539
1.0963992449602618
1.0698289380612700
0.4484282881570246
1.0685644133352901
1.0743632222814308
0.9804201031217749
1.0329963577301557
1.0338450340864274
1.0955558255717202
1.0210806084025428
1.0947321501509242
1.0907977993931068
1.0891297366191235
0.5424559071804694
1.0093101193718153
0.9439282895125850
1.0976084111372444
1.0184236611420612
0.7007735113698430
1.0914873846228554
0.7994003426748374
1.0857482685237081
0.8843487273686422
1.0899383169111210
1.0436930466759182
1.0765178399175341
1.0284841840286336
1.0805949253444815
0.4120539429565542
1.0939964801126663
0.9479099769696699
1.0865699975427410
1.0979046478495516
0.9863773087474369
0.6105309771738747
1.0887382474545340
1.0934059119595587
1.0933424404703109
1.0877039399346555
1.0854081276530172
1.0817326924136212
0.8545122785949806
1.0683756779414453
1.0755069432290560
1.0850526822833837
1.0032940381942723
0.8616671706380050
1.0849559746456725
1.0638991603909231
1.0869330030294502
1.0980964647219755
1.0957835134359764
0.4895371958980151
0.8671318279663599
0.9103807662700125
0.8613802364728387
1.0849529814263195
0.6903081198578608
0.8320519615613858
0.7660122413903695
1.0660718812648882
1.0935268858775620
1.0863722743087729
1.0896928659736593
1.0827098793579599
1.0958413880851663
1.0914975118822627
1.0929672922313147
0.8843234970536150
1.0608583476546487
1.0716844961128067
1.0880554612543831
0.9577843009302989
1.0963933256994707
1.0882697123990357
1.0969901507051647
1.0784521086501684
1.0531607264273806
1.0681365901840751
1.0963501824085211
1.0678117766786017
0.8665077732183893
1.0957711324221842
0.5904307232964894
1.0873916943842725
1.0771171803332407
0.2810862717454814
1.0668301261485320
0.9877529655751488
1.0968320158541145
1.0546658820175279
1.0732470791407809
1.0262650430658313
1.0895202012416125
1.0959359620847728
1.0789697061566206
1.0914074227105015
1.0962339494503450
1.0983587101914500
1.0185567965814426
0.5311829041357160
1.0967171188763063
1.0631282802200643
0.7800470610262977
1.0924787533483404
1.0858433140194095
1.0963985888037449
1.0932323219017841
0.9941953969651184
1.0306780207009822
1.0948756197915301
0.9681180819255097
0.8880857718646699
1.0758529698727006
1.0892026137998001
1.0964318097345997
1.0921615697989044
1.0981216144795429
1.0302774227939195
1.0597538736860657
1.0091871128210164
1.0906875787170944
1.0529103565624935
1.0840941052787689
1.0879437561317917
1.0899817072165945
1.0853415772670811
1.0906877360690974
0.8558590881976073
1.0571339274713654
1.0963535325040072
0.8667515655307959
1.0693974072255052
1.0800039981193570
0.7371903212116053
0.9649795093023170
1.0439937286580381
0.3556507453995103
0.9262635500643900
0.9201503989208690
1.0969388669615054
1.0552856275652180
1.0630143675895041
1.0934652696421121
1.0927577500066172
1.0944085902617153
1.0629847444135232
0.9596654755452536
1.0958078764975097
0.9372432631524512
1.0828337475920018
0.8404183391133705
0.9594777096935907
0.4710718450327963
1.0953615661541181
1.0710976799200524
1.0834717113646946
1.0882512160130402
1.0943388201680102
1.0583988359081624
1.0949113311712799
1.0940006546785126
1.0982569450978208
1.0890390982013469
1.0687186525407262
0.5202111533271655
1.0764110242681189
1.0986457134401231
1.0952321215824083
1.0619600892576491
1.0786350761997159
1.0699373588858401
1.0828934874350487
1.0770725733643438
1.0946434160081953
1.0855305202913665
0.9977395986525226
0.8907197607857406
0.4872106238056921
1.0894049686071841
1.0921770742275725
0.9816848228972034
1.0871427754796379
1.0963525911071734
1.0839064377248246
1.0871939345144401
1.0838001259603025
1.0903089474247383
1.0696760074637330
0.5430891043396373
1.0751013283595079
0.3309219934601225
1.0963064290634270
1.0415123131547670
0.7599586933997088
0.9594418550986520
1.0592134836957847
1.0927726667244528
1.0779475670650887
1.0834271749184254
1.0936814398974390
0.9656780395052887
1.0922678179883374
1.0972257198026190
1.0963540963287342
1.0970257028448209
1.0938453338279230
1.0800878114574353
1.0986661095415586
1.0754041231547999
1.0699326770544597
1.0981337895744836
1.0971145608678601
1.0938916143651563
1.0826922667735022
1.0763224074491675
1.0801316873570985
1.0892574115798799
0.9288325032979442
0.3765779059596135
1.0912268833872725
1.0738496176032526
1.0485866262248238
0.3955283562382657
1.0932853035309298
0.9727768770560393
0.7017535507860369
0.9677996772764075
1.0797545691945019
1.0949106313307617
1.0764948170751978
1.0817238639831628
1.0933503825960653
1.0969071809558026
1.0954001399704665
1.0753037782165658
1.0829050422751763
1.0853962747932508
1.0941464789924202
0.9680978438139487
1.0401089970045707
1.0885272993542605
1.0457386395616464
0.7228338461241973
1.0960717879654822
1.0982467109470540
1.0850609045627484
1.0660800874725707
0.7570220380848574
1.0476527512662464
1.0924666901438638
1.0346419923223362
1.0066205095199821
0.8034620457976205
1.0868970551578916
0.5038946449409560
1.0859370255928722
0.9558992349325320
1.0945825240760727
0.9684577654533287
0.6415165819226830
1.0754957621174286
1.0372171497977398
1.0779841101236409
1.0963566875347035
0.7901135428170825
0.9326378409794428
1.0886803118767536
0.4388734762185872
1.0773461528054633
0.8408126929777349
1.0831495285760608
1.0864101137021522
0.4190582755032786
1.0931238082697639
1.0873405392945024
0.7425475887014402
0.7452567017544203
1.0740499881056840
1.0696696557166552
1.0966079702797871
1.0950673846699650
1.0912177837235242
1.0907581268939834
1.0963749294560858
1.0762224235459912
1.0952298124442663
1.0912688572183726
1.0966171418826287
1.0974076361145095
0.8801595808849826
1.0903130575020248
1.0975449106513924
1.0743831540200768
1.0983827531947854
1.0721967587842822
1.0947902477672702
1.0940315173280049
1.0828315960573489
1.0790901830564166
1.0905797656242640
1.0846505247197791
1.0971525151158013
1.0839993024233516
1.0175403542223558
0.8014440833309864
1.0904861253819904
1.0932180690814945
1.0945430713810056
0.9817522696562541
1.0962933731864544
1.0958300483956727
1.0964061312411202
1.0841499930781551
1.0956086839475896
1.0978874643562961
0.9857058326471370
1.0820441767749052
1.0892763868045590
0.3072319141058817
1.0972194086305354
0.9498729061976375
1.0655271001876554
1.0803472564024128
1.0963266062901109
1.0927712608878080
1.0855649778863969
0.9653227317054009
1.0415609667957542
1.0934448729632866
1.0427191092319421
0.9600558403806557
0.6016401353662443
1.0301249169320725
0.8423106970314698
0.9998367258793165
0.9336339524463716
0.9614213311982625
0.6369805865156386
1.0401085170050339
1.0851099820659005
1.0644546372344335
1.0142444472870440
0.7131070253265029
0.6338452320428613
1.0624419889265133
0.8096984812177369
1.0976270571768700
1.0801792341756755
1.0806980068396961
0.9255768784125353
1.0535813388683086
0.2995551728588325
1.0412159464636583
1.0617700078983057
0.9989005237901347
0.9042691924321682
1.0787097618001353
0.7555460391702407
1.0957738311675618
1.0984403869446431
1.0888600093918344
1.0684838127087746
1.0384458545655286
0.2841352965567766
1.0182049947271874
0.9643573696799153
0.9616494492035688
1.0658104017184415
1.0835081824328581
1.0464704644397500
0.9723559309538595
1.0970212920727005
1.0822177644797226
1.0498732509954747
1.0016521582962279
0.3344409006015528
1.0942368817584835
1.0959020481815260
1.0663524307126915
1.0959644287281229
1.0945384244695899
1.0957915559309628
1.0534136234464737
1.0936965307999973
1.0905732254391516
1.0899093987602533
1.0675304493527116
1.0530427283217176
1.0521172597133135
0.3548057535586529
1.0620116014449525
1.0893134617315090
0.9464449346418160
1.0686651121696558
1.0916817311956752
1.0854140538916734
0.8447181393300238
1.0944785334418505
1.0886021535803152
1.0884991093891381
1.0870743729608954
1.0692994558179800
0.8949152586117930
1.0620252794925991
1.0366724277517565
1.0971302453358778
1.0733937595963154
1.0963372873180073
1.0901234710627825
1.0794482256939621
1.0621766198826770
0.6757796872727309
1.0577834916582909
1.0844360126962880
1.0945258266782119
0.3635604704856619
1.0843369142589543
0.7902613840514209
1.0669889780775019
1.0810184776865059
0.9569950047391157
1.0793784177276140
1.0939943255396161
0.9991010022102552
1.0474743281346464
1.0858902410556794
0.2809392483760019
1.0833746466454024
1.0858799449145942
1.0864815141416948
0.3295390924362110
1.0750932691405055
1.0660208280013965
1.0855372535452756
0.5102951107071578
1.0849836544221616
1.0313044961136228
1.0960905313635130
1.0936216635406910
1.0923768780645697
1.0190287127612394
1.0965343158270793
1.0925134325756694
0.5995287711970098
0.9784957960059302
1.0730362039089520
1.0908578138905221
0.7997620174604674
1.0969384018098132
1.0515597413573026
1.0400280450182504
0.9810561827644612
1.0917556973225677
1.0925893633146186
0.6092866000071676
0.5359436515537903
1.0904918473917904
1.0872926973049908
1.0863903880549870
0.9779937704408149
0.5420317710743681
1.0982479342079523
0.7137753188928976
1.0767291928985907
1.0663302947158957
1.0939096828011750
1.0955419584761850
1.0982775428833329
1.0661543529026083
1.0770581725462960
0.9158958657960916
0.9140719035099855
0.9426784411672201
1.0890100399709697
1.0764303134261846
1.0444067638989434
1.0076514779161876
0.9877397119384412
0.8255910300649573
1.0117905017033824
0.3092385666896962
1.0962840532636977
1.0123261913543544
1.0923300894665218
1.0580998624011497
0.9680517633712016
1.0691580718401075
1.0946673935533091
1.0947482702866507
1.0970382062030748
0.9106086660144845
1.0949789062597670
1.0945318069941707
1.0965540444411339
0.4269690868558132
1.0865351668955479
1.0718828255802932
1.0965934013169638
1.0922502528330016
1.0931123840340036
1.0915751894320953
0.2958674949275583
1.0789867111988791
1.0577207866876162
0.3643764053538200
1.0867411989906939
1.0828731621705372
0.9976634299819139
1.0900907301634277
1.0947484677493389
1.0971018192516615
1.0959095691439604
1.0651902185988769
0.2877065200214095
1.0985119283594942
1.0981285979046460
1.0645536194198790
1.0863455901598715
0.9929613102965739
0.5320942280522614
1.0911301817436412
1.0898440188165563
1.0182227998676550
1.0384198362606385
0.3126717381638050
0.6819865323610099
1.0471521141407012
1.0008545518827621
1.0967888278418578
0.9865764120211551
1.0811074490068977
1.0901168739857470
1.0943143681459129
0.8397936811886633
1.0790018523353933
1.0932697221493564
0.9436440951319067
1.0969089249115078
1.0826349800169672
1.0704283525940725
1.0449773609618029
1.0837573728339722
1.0923256238608832
1.0603372247894010
1.0518261885941451
1.0889195138502441
0.5911663421524012
1.0945363738090133
1.0938896769551327
1.0860978786975042
0.9961057847696690
1.0474450921988270
1.0867047065866184
1.0919390095089190
0.2839964816224586
1.0939037303890524
1.0820395930490003
1.0929105305031708
1.0744485253077751
1.0013342945318429
1.0973376749592925
1.0861468967382792
1.0967791694589395
0.4392700520460660
0.8741216803107369
1.0960640156135231
1.0951486702564877
0.8567500097626120
1.0830077198559964
1.0960090599260721
1.0736296159219947
1.0898426484872874
1.0884912203932504
0.7335472609333228
0.7362349978639251
1.0075048819856540
1.0982306827045216
1.0574992466104969
1.0541601283629081
1.0888015645054172
0.3718679966222448
1.0883733860528115
0.5457310598938907
1.0966235433968921
1.0948199139945458
1.0927994489217554
1.0696549974869682
0.3947587858763908
1.0077370975367148
1.0946836214220463
0.4253293786716084
1.0697437013246003
0.9520779702985337
1.0933648399168001
1.0148711167618985
1.0942577323835068
0.3159547606036770
0.9650473761632505
1.0869438748425360
1.0401111812873041
1.0746892991286237
1.0914864971979152
1.0870940221124363
1.0140128547693401
1.0973394025215677
1.0002274359636949
1.0902527526253221
0.7901730278629026
0.8790514218851369
0.9778802354549873
1.0392492403166538
1.0956450364991808
1.0806465765188660
1.0751637189930545
0.7138931780112718
1.0900347631595038
1.0937135553706328
