-0.0291451946643669
-1.0808499507282117
-0.4002963161755665
-1.2240715784737966
1.5745722308161001
0.3660891259266993
0.7542210382699758
-0.2200741898891213
-0.0692868770959711
-0.4142917939093855
-0.9870010062790768
-0.1716110603756603
0.2830232792407990
0.5006413439825892
-0.3367502981496724
-0.6811617294042770
0.5345265632549611
0.4409404524585138
-1.3137363463419380
0.0803255209582240
0.8511053911517633
-1.4381922987209170
-0.4041861437075563
0.2130287755106711
-0.2415291507678025
-0.4763352403637417
0.6803029711060132
-0.6944177813398218
0.3222840477138080
-1.7209548597409634
1.8630597418347881
0.9681929171491707
0.5443839080548236
-0.0901046575586334
0.8407597834631345
0.3423331023552152
2.1384518042872305
-0.7308192250248152
-0.2467943248170157
0.2418852102032884
0.5457236955490502
-0.0872564566411318
-1.3136158158745559
-0.1170832976514992
1.3834730817572420
1.3633805245441759
1.1689309095592120
-1.0991995168308704
-0.3726767794898670
0.2270432315248410
-0.5064860706896217
0.1284215863187514
0.5946814149393080
-0.6440384756654246
-0.8316262191991747
1.4800589540785161
0.4177225068142331
-1.2802434073356159
-1.4005311389060116
1.7629141302102533
1.3494412943513476
-0.7502208950694038
-0.1238982444702723
0.3655706795668988
-0.3535655039666443
-0.4872593062682118
1.9586301837036550
-1.0396174197346164
-0.4111513081319196
-0.0522449038130018
-1.6281440858679304
-0.8491653536865863
1.2585288269377244
-1.7776920693801868
1.7476062260568737
-0.4939908182476769
1.6468742629318447
-1.0596631779712014
0.5140477026974800
-0.6894025985614233
0.2436042502182934
-0.9645848743321156
1.0481933505410506
0.7532777937469984
-0.9259377253829594
0.3634411488702565
-0.6297871309272026
1.8122587125650016
-0.0690989680529259
-1.0036028483720081
-0.9517869930512668
-0.2343098857119901
-0.1171099848389520
0.2328905661138509
-0.2668705577768391
-1.2128354201642908
-0.1912163825582268
1.3362001647490735
-0.7199252644805576
2.1842820601806512
-0.7145991631568519
-0.9559026847529644
0.2030766281656569
1.1200794260934164
1.0474203041886947
-0.8423599931562064
0.1894437678373924
1.4261736366013864
0.7862004939773777
-0.4599112486047978
0.7988899446837512
-1.5448041825817762
-0.9411485615308784
-0.7846848998000031
-0.2129813313598505
0.9332882293859734
-0.4136079132697446
0.1268889347429573
1.8804310999399423
0.3835113568381479
1.1313554255939324
0.3581772269759930
-0.7054195730300482
0.0878158208320433
0.2765569761184323
-0.3430033983622492
-0.5747152048336687
-0.6474036729610652
-1.2682486555295489
-1.9259680818523133
0.3637658576202267
0.3870346385466020
-0.2450819750806074
-0.8975990776534992
-0.0035844581360981
0.1901975338825073
-0.2023521584608462
1.1935131223042181
1.1462580152556960
-1.3103149352505530
-0.5897900513546714
-0.9289587569298305
-0.6986017724938993
0.3775588388893582
0.1280847225906127
-0.0732899052526690
-1.2146478414778472
0.7753606757665756
0.6871511500788903
-0.9702502489469704
0.4966251371799151
1.5428473546393366
0.1099548323873280
-0.9178478804845662
-0.5161475032739772
-1.2902358435011680
0.5301214368939924
-0.2450130376483899
0.2737774325891413
-2.1896632741070325
1.0353374580667043
-0.1927704874088330
0.3399292653083830
-0.8428440607243044
1.0932087490776026
-0.4734635892454452
-0.0919338474065882
0.8484122823890350
0.3758519820867035
1.3580785710988961
0.4177266448950132
-0.6940803787301106
2.0831897012892964
-0.1910090323532488
0.5320925674968675
0.2702916715604461
0.7306305503668008
-0.6981075952756964
-0.6177806106065131
-0.0965656125689018
1.9826090823367815
0.1594415709155264
-0.9613523719030533
1.0858760287913662
-0.8427694445300092
-2.6099565636712732
1.4017349868158078
-1.4655859296216640
0.4906739974120986
-1.2955987286617552
-0.8717396703961495
-1.5126098591483679
-0.5677544820145890
1.2921228672692462
-0.0227129559203090
0.3293836964934823
-1.5425147588244588
-0.5625819966856378
0.5250138894063979
0.4522653951341910
1.5227531777863033
0.9032767079934649
1.5936864292828357
2.2426933872577943
1.0527061392100188
-0.5395903472383097
-0.2377632818991775
-0.9575905725838958
0.9073918161158500
0.1721046987780425
-0.0174827042189207
0.2975285454867846
-1.7567475236518966
0.8651251484918395
-0.2500143950962627
-0.1118980845006310
0.2311817559160367
-1.1949814355805721
1.5562376964464617
-0.0502840809677849
-1.4150035117195381
0.8900476628990001
0.0504146508622638
1.3693762508805245
-0.7520753539448093
-1.2258908618434980
-1.0026428292779719
-0.3009716087236113
-0.8854104527190962
1.0192007687904370
-1.4868762488861489
0.9596701003722117
0.2962750413653609
0.2112067326746528
-0.3517132004539483
0.1671075627565117
0.7413697256797501
0.9564562319650356
-0.4352524134246797
0.8465033195934256
-0.7340515282876304
1.4942703221955085
-1.1596602203017292
0.5238590888582363
-1.5099537351128394
-0.9294389894829133
-0.7285127561062074
2.2815913370052794
0.9167412365905554
0.9558353841838461
-0.3797189285593620
0.9703444222359334
-0.1316313144294274
0.3213704392430279
0.4239845358881428
0.3651613201372796
1.2756658339084592
0.1378311594039846
-0.7134160808754761
-2.0620219436630953
-2.6793377095602731
1.2703972376460391
1.2401122429598397
-1.7824970235598943
1.2156135935900059
-1.7511037593047951
1.5535659548793148
-0.6531564767216582
-1.7514286053506318
-0.3579280950269039
-0.4740287682406314
0.6093032160073686
-0.7140739325181806
-0.8611845816843285
-1.4783164840156058
0.1914677621389518
-0.5322140665374318
1.6701927111325119
-0.2213843574130181
1.3197690279436225
0.9601783190990548
1.4023290133069910
0.2407923068027480
0.0123504443994379
0.2001038903738038
2.0147149096940318
-0.4086640397677679
-0.0087527485070720
-0.1376504357121217
-0.7452225281492622
-1.4440458894343584
-0.3151482914446955
-0.2212285511403250
-0.4489158198154952
0.1443095298589634
-0.7698717459833119
-1.1107520632450287
-0.7726612564838875
-0.3123605311513993
-1.8664759832930888
0.9416214460782832
-0.7430981373687523
-0.5831507021438753
-1.3867887828652887
0.3552965444501544
-0.8712668224214329
-1.2328308859864228
0.2710052327648472
-0.6422333337883370
1.1176335189145443
0.6616709236475263
-0.5697637680790949
0.7582730155027774
-0.4987833216526703
-1.0170427836733260
0.8063682576351132
-0.8603920596270651
-0.2174501960916433
-1.4861611318661110
0.9869015818818695
0.7547259834765886
0.6414012771735587
-0.6415522335637011
0.9446141871446488
-1.1309932652201820
-0.4897434958459395
-0.1435871561463044
0.1833552467586803
-0.1537236630207943
-0.5986360294088533
0.3127430338082495
0.3696994522243094
0.0082291719535366
-0.1725056971981302
-0.2440118846840475
-0.9633174636625084
-1.0862068553814677
1.5612801692234477
0.2506077477159153
1.3149323798059180
-0.2038109909048696
0.3612740132466781
-0.3450081152599191
-1.2072328606770650
-0.0264403506893611
0.3667529562111838
-0.3267732909674339
-0.2467540834320830
0.3292266473862595
-1.0638604158988174
-0.1187793704014995
-0.2114552973238835
-0.0381726014954992
-0.8841333480804104
-0.7260075934950012
0.0528340741288285
1.3661499401556934
-0.5903555610711946
-0.1636623225614694
0.1362390802466179
-0.9996758431031667
-0.1861503588819490
0.8328312460215881
1.3289527179269656
-0.9954458912217012
0.0659154938511601
0.0092678463596319
-0.4411418966680417
0.6665146538317008
1.3948410804536149
-1.2729020667843955
1.2582169667130603
-0.9135492965637469
-1.3212030506985144
0.3926594649670440
-0.4497517477642938
0.7563414001512622
-0.9664373059231466
-2.3514593790353566
-0.2433844818098057
0.6945175334959680
1.1952199363444098
-1.1109440610589818
-0.9692576359578947
-3.1100709274109466
0.9253334340729573
1.3084947313811963
1.1501304275908488
0.6001337744432329
-0.0181498643048359
0.0331340529224530
-0.5752033294956755
-0.4997307806292941
0.7989839126644895
-0.8324811266238840
1.6109863484903479
0.4732103949816458
-0.1861248319448386
-1.6252137484600138
-0.6461174450144669
0.2374426844564175
1.1799138477769084
0.0556683955848357
-1.2513072348345442
-1.1065048931224442
0.0821120643932415
-1.0888163602572356
-0.7657968906580612
-1.3750114681459724
0.1169955921916936
-0.7269410929723633
0.2791342373601531
1.0362461171343449
-2.3153776793382974
1.6498891354737379
1.3315743474886366
0.2071472012305726
0.4066062980950524
1.0763809049009070
0.4911592396113827
-0.5521558936996449
1.3466173418808578
-1.1847823482187594
0.5902799812466898
-0.9700860650841330
1.7289578059151374
1.5912449752309952
0.2886577230314484
-1.2008922912648985
0.6069336993263886
-0.2625927845130768
0.4572193720631258
1.8021495385490818
0.5125214146476352
-0.4125070110317747
-0.2821025062538741
-0.4956216344155417
0.2209892469304812
0.4995786625158094
-2.8420809715296582
-0.9479207505476237
1.1908866078661733
-0.1023240323053394
-0.8992240454452181
-0.3251788071280156
-2.3192630520008155
-0.7062292891249646
0.7809487252736061
0.6234261123240715
1.3859507677195224
1.0546311454491164
-1.1529149271745207
-0.5325365917886921
0.8945467444062331
0.4464777896081428
-1.5713621976378152
1.7940702365789678
-0.3211771605849686
-0.6313945342226801
0.4110951546703746
-0.5036194388776838
0.0657172184336807
1.6624497161440146
-2.0103760234977082
0.1204531342060343
-0.4286969397234498
-1.9390837689602138
0.2810301667557710
1.3669254685544800
1.8462314211950950
0.1996159325225189
-0.5006776987155204
0.4510925088308210
0.4074554705186890
0.9978690248049262
1.1564466205122870
1.2209890692333478
-0.5735934327721102
0.4530146345689939
0.1849047119945067
0.7273439420696444
0.5772674071717054
-0.2352337068833940
1.2060422100494825
-0.4174027538088996
0.4328978119758685
0.6796930910383889
-1.2456003398886579
-1.9721106065177532
-0.2784629071727182
1.0083249070202218
-1.8831793150613376
-0.8088915560380380
-1.0972336774725628
-0.1914294817088804
0.6687732711464661
0.4655337828447984
-0.7882596349537412
0.3146760969132452
1.3979198910981083
-0.6621747763350641
1.1219739581746704
-0.0058421519315408
-0.5969280042569097
0.0382563745764492
1.5095101982919716
0.4281825469016897
-0.3679383744206663
-0.3279789053636631
0.5332848667081369
0.6570645766090537
-1.2450081861292219
1.3096346529199427
1.1244090364811639
1.3020008000003249
0.6446940278059561
-0.7300496691854351
0.0949897190375564
0.5033072420962932
0.7069632211155431
0.1415075589377160
-1.4730783252763215
-0.3653253211988639
-0.7181910147808351
1.2295396677844688
-0.7511303974109155
1.3071052617156287
0.8037897120476659
-0.0836868135645415
-1.2664538545573969
-0.8625012171696034
1.6432069915656362
-1.3683724293494881
-1.4368455645561049
0.0854652172217271
2.0078194247872672
0.0062912665297052
-1.0032335273347674
0.8905873342825782
-0.9269908082121551
2.0113149516134552
-0.6438289674801498
-0.4582003159573509
-0.4099478885332976
-1.6363532053252443
0.4394316558786895
-0.8208441590936018
0.0097273771893933
0.2041992244852572
0.4737300416899449
0.6275122989536216
2.5752530724721869
-2.1833976236389478
-0.6131234640661496
0.3305910248197461
-0.1245247988059097
2.2028921546431244
0.5294961509469603
0.2931890504481365
-0.5627873538068382
-2.3353770198458235
1.8939706931327438
0.2467956718179250
0.4133443305286132
-1.0271317576724808
0.0665494544981798
-1.4410260034690336
0.6158960132381669
-0.4234426766735355
-0.3295610855482081
0.0362756416700738
0.7321559728463650
-0.9458675861044518
-1.4052035077021685
-0.2906080752495456
-1.3978314758054433
1.0175089819788909
0.8468934066525184
0.3864613888062492
-1.0973654929034657
0.0305977347369918
-1.2831485987620563
-0.5383333392606926
0.6591604441867491
-0.3425669028695617
-1.0593280474136910
0.8910024578586822
1.3673889036734024
-0.5368595697330820
0.8644692851217695
1.2232191558960235
-1.4928126742314951
-0.0332852529400301
0.9262381656520797
-1.0793907380028958
-0.7275943065175533
-0.6344170418772473
-0.5335345328151203
0.7492880632609323
-0.3256151971456459
0.3602723935541010
2.2671435511203781
-0.8404412924379382
1.0544798622150302
-0.0402861975264983
0.3415904129647940
-0.2371420896908547
-0.6638666595904993
0.2516533691412010
-1.1736263751853735
0.2769699860239115
-0.1992978236059526
0.3013757183306423
-0.7685927496038372
1.8672911119601692
-1.3737145537414888
-0.9013885308290310
0.2887983720396227
0.6786810849544977
0.6899572445798405
-0.4967551158542111
0.9045372475634359
0.7701483587561191
-1.9925568313216788
0.2172110867205533
-2.2850314088742425
1.8725538641711561
-1.4610507375040021
-0.6270222821981901
1.6945669276577937
1.7510631777314987
0.5423259353933294
-2.2606244486863045
-0.4197268487197975
0.4035086239188265
0.7513191404279859
-1.7649784322198410
-1.1277263240716264
-1.0334453093155773
0.2361910194972583
-0.5409447319084717
0.9731344924066843
1.5146852556843111
-0.6242352460127559
-0.4403530252587856
-0.5128127891456344
-2.3664440246151597
-1.7186996627274180
1.0282634166888909
-0.1903725527082733
-0.4262941844636037
0.3668167859170938
1.1886531514167376
-1.2210441635251281
0.7918008643210011
-0.4616831633639286
-1.1408386336755689
1.2821535032568190
1.2074632378701229
-0.0779346951015724
0.0826482938397303
1.1625579163815747
1.4780435391486200
0.4027348403261097
0.2769632167036030
-0.1981867251168508
0.7675270559510484
0.1976309003864825
0.2567976643316815
0.7688416793398336
-0.5429625230834897
0.9991960153400677
0.5085478066455118
-0.1851098731247398
-0.0676785914023272
-0.1717363751846257
0.7404474868261327
-0.7878859040523495
-0.7037200536739725
0.4717809373526293
0.9824590553691219
1.1587187365242828
-0.1449821379522153
0.7757030933853502
0.6420665895233012
-2.0515066021757713
-0.1335475927362915
0.8528383326388054
0.7380690762975625
-1.1099798340508689
0.2163724740669329
0.5585888860882831
-2.7443959089921779
-0.0001029794355806
-0.8735666658891689
-0.6981674631893452
-0.4197772517783009
-0.4459618758337514
-0.5825744944234235
-0.1653542014809456
0.4858718999712210
-0.7170128894887734
0.6498635081003779
0.2266094602186525
-0.5083466698495797
1.3252491353617644
-0.0913679807971864
-0.4510398314097813
0.1383325123882439
0.0594038719161614
1.7959812078664033
-0.0508203792440928
-0.6205008730588857
-0.0489606439537764
-0.4955491159011138
0.7191430078401170
1.3441216764418715
-0.2343782600002338
-0.1711156007560299
-0.4508895445071534
-0.2237088653128897
-1.4648021456659337
-0.8447307018882549
0.2363460249258696
1.2542967598258887
0.4274438962432074
-0.2673694397626215
-0.1795916743195617
-0.1137409116731113
-3.0342558172598264
0.5060305043538156
-1.4736661668756952
-0.6269258568035208
-1.1348629763294293
-1.5480993121983859
-0.4371376592935133
1.5133773536933814
0.6678219591901552
-1.2495266161035434
-2.0159306759078661
0.8472778422551684
-0.9331960887656963
-1.1031367281782494
-0.4720522034370523
0.0797364713254725
1.8743757057265473
-1.0716162627767938
0.5278639924011860
-1.0963062094057039
-1.1883584856165981
-0.6562126628290100
-1.8574900530273295
0.1393050280524553
0.2907205068887276
0.1313777674304999
2.5682440008246039
0.6004025160818369
0.0227009298643097
1.2276413163210251
0.3434999294719667
0.3693423432800008
0.1788203879418202
-0.7968646166343855
0.9169338554490778
-1.1420011782652346
1.5657453290012475
0.3642097795884051
-0.0517695169249150
2.0584311515990161
1.1929193472915165
1.5819262265042606
0.7711941223249338
-1.0952888314248839
0.0618239567726944
-0.4374096682199417
0.1994108293249482
-0.2104212777562792
0.5282180420626200
-0.9001156204158108
1.5790619531789447
-1.3522529187896504
0.6875760701444740
1.1312730169296674
1.6138972520502626
0.0893615869932355
0.6013536994510601
1.2829760756894084
-0.9976930875924885
0.3283925227577557
1.2274453587066516
-0.5079250248672347
-2.9783076840144052
-0.6844297575787340
-0.7976584367294993
0.7774536607403696
-0.1915935906424667
1.3038954486119751
0.8728852086539091
0.7776562122293351
-0.2996615554711542
0.1306275170670205
-1.9483651094336571
0.1368560370122965
-0.7511464175740389
-0.5060261573719139
-0.0789921811889220
-1.0126497413722082
-1.4132463334026437
0.9715978059200384
0.9760016471283858
1.0374179934160104
-0.1950932241068241
0.7360375528832279
0.1544408850392540
-0.2563391888781393
-0.9365158676744073
-0.1246853624449355
0.5775335905506563
-1.6817071306128364
-1.8322159193915795
-0.2806383297455189
0.7172943711574590
-0.6672669872957889
-1.9210470746914179
-1.3833827566559693
-0.1885891590583779
-1.2844123753431138
-0.1588863108215746
-0.6089934915024405
0.1847167275846709
-0.1247364355637438
-0.7332161281930294
-1.0105800154831110
-1.3000047839017261
-0.4177420987689962
-0.3467136818082104
0.2559058249207037
0.7760788076786179
-2.3461603033939493
0.4733791471476715
-1.2979678447803231
0.8451858227170965
-0.7389048058139241
-1.8153257033008381
0.0529003004370857
1.6436473844749437
0.9151703445265466
-0.5544773690522519
-1.8964001125465506
0.7081967038800965
-0.0627791378021118
-0.8698440496329022
2.1282366356639253
-1.0449239453004884
-0.9897187259114066
1.2328060244629990
0.7524030493259967
-1.0938075651185950
-0.1084591738021599
-0.0814808302765070
-1.2195923649943829
-0.4485425019828771
-1.4641400907982969
-0.6638265033162255
1.6941083778765988
0.4555455616398248
-1.8302526154562420
-0.8903835014491430
-0.6281153108851851
0.4827703082435939
0.6518681343997027
-0.0235264158827948
-0.2775296656688300
1.0307604312813148
-0.5440020867333905
-1.2245564067225299
-0.5792922224071814
0.3394492815746037
-0.2220050365898920
1.0949940353162484
-0.1472155984942139
0.6080042759496933
-0.5049153736877873
-0.4167988201636163
1.4015354379858096
-1.5516974304672349
0.3904993661906824
1.2390157912079207
-0.9282418090432785
-0.2574802095375953
0.7542345820472022
-1.1397182904492467
-0.5548090507247668
2.4505649677436603
-0.0688644214268476
0.3535315831778428
-1.6775561842392133
0.1761481974921757
0.8700528539857133
-0.1401544390200812
0.2783211477878425
-0.2687495975429683
-0.9842882057378751
2.7869936927309973
-0.1626597533102724
0.2781532156561415
-0.6175288761453371
0.2924100005634263
-0.8918257321886430
0.2165228176549061
-2.6101184138363682
0.8528265977524975
0.1436203967660718
-0.2109913588634823
-0.2532228289445893
0.7896202499474269
1.5495555673323198
-0.4720722565130728
0.2435125110209089
-0.4715180245898723
-0.1111055162311196
1.5013075129684448
1.3460310724175124
-1.2758932370069287
-0.4629936397947142
-0.7737109068321406
-0.6309619861960973
-1.1628767670067872
-0.4931563651594402
0.7239503612338204
0.7301248480032435
1.4600986076212168
-0.6757337821818573
-1.7511136583772107
0.3543310996869570
-0.0630580481004991
0.6437375378400004
0.5516653364757409
-0.8996232240388580
-1.7322223670468251
0.1817996931656023
0.3735566586020244
0.8830139410086738
-1.1247859050736875
2.4004368918724954
-0.6848013682827960
0.9412175632707531
-0.3653156385821844
-0.7154537393860757
0.7553958190172416
2.3966207717491437
-0.4518587041782851
-0.1158089550991545
-0.4142763135679344
-1.0447733009489242
0.5304171402576114
0.8812587166326856
1.9070809027108964
-0.5148714031927996
-1.1256856185717281
-1.4262341364238009
0.3027095923566867
-0.9101035428018023
0.8944105974218622
-0.3577488010767022
-0.6252207820450811
-0.7641678433202199
0.5100159359933413
0.2353861289573894
-0.8786245963121613
-1.0682527327866289
0.1422504304782451
-1.3517901079576913
0.0448474615636197
-0.6101453961805750
-1.0056420597430851
0.2863836536314581
1.6105619180367212
-0.4861245061756874
0.8357260706895474
-0.0791834949561675
1.9540777042173145
2.2464237492530090
-0.4761304374204290
0.5489072173354417
0.0626728862323967
-0.7346717613260472
-0.1321651055044406
-0.4540268602258390
0.7415299499070853
1.4618082629647933
-0.2902410690088616
-0.7558872998230679
1.3262171532808338
-0.0453079881071066
-0.7012448812857069
1.3382553971507289
0.1026734351287270
0.6316282774033741
-2.2954629649276885
-1.9499932688576058
1.5027602817227499
-0.5453290211302230
0.5303936236263839
0.3489679945182425
1.4067535973212832
-1.2161434322998481
-0.0617046415340430
1.0735182566481567
1.2285731122043957
-0.8625981026608319
0.7330449488548559
-1.3351593299982853
-1.5324863478985737
0.1395068009698686
0.0737290597191751
-0.3459611682312365
0.4470427335576970
0.2228669012788910
0.1172173435718897
-1.4400563387539755
0.2023601036410089
-0.4279788374683778
-0.3635867620278393
-1.1192221587252273
-0.1687340642025887
-1.4317836632342062
-0.4947765868299558
-0.5724416788302574
-2.5110097086970620
-0.3916341609000849
-2.0612649460113346
0.9799250568196344
-1.1965100178185657
0.3699013750854905
1.1780764682966427
2.0074438586263650
-0.2336085399744625
-0.4054045744031541
-1.3660081109414395
-0.3418746954499710
-2.2114709588829609
1.2231875518514739
0.5847424661763301
0.7588076270628614
-0.9206650111356034
-0.1289810923693412
-0.2868644422779434
-0.8156112055691523
0.9703082242458402
1.0140545560493244
1.8354066787123686
-1.5441312550379982
0.1383300561922377
-0.6881214628170264
-0.9885356067973847
1.7154557485388806
-0.0648268608089037
-1.4579647416843284
-0.6972534994982983
0.4661912692248650
0.9461640013935058
-0.9365209963814051
-0.6334444450836328
0.8061780471738387
-0.0342608026959357
0.0398868041967846
0.4107817764985212
-0.5492648253963471
-0.4296897605109883
1.2313998232437826
0.0412375480379699
1.4635846116611784
-1.2908012406265954
-0.4013942029499909
1.0476295099270951
-1.0202952037952373
-0.2898408973453726
-0.6135763479888533
2.2065153495341092
0.0638223415804663
-0.1532850655637542
0.0063174875664711
1.3135013869841581
-2.3322625788182392
-1.9593357156900524
0.8153522155939129
1.3531884040679565
-0.6661784989116337
0.8192757763887258
-0.4194726936522239
0.1022394889172468
-0.5777745075149093
-1.9950589397633030
-2.7075313766550444
-1.2411376229650644
-0.1383316998746839
1.0874260254459494
0.2564011842031967
-0.4851571731813715
0.2754308712861461
0.2708907308005249
-0.6966258405278513
0.4499281559598715
1.4281884817879256
-1.3274557777622895
0.2527982060170372
1.4948683296975922
1.6345776851683507
0.3746770062594781
0.5089645125332011
1.3327143255773741
-0.0812040383195742
-0.8503871822805849
0.5378014061546724
-1.4355689526381135
-0.6972049755357514
0.6721368375861909
-0.4676182388088908
1.2383843489362634
-0.7874038526440357
-0.1307412886234377
0.3510031027004500
0.0448241198921001
1.1898682612133324
-0.3737143450215772
0.6139750080317875
-0.6342768472401940
1.0876036551577020
-0.5539367674007194
0.8476238308807748
-0.2210018896571277
-0.4268679303638266
-1.4889560308447414
1.1019684035282840
0.6184029502444637
0.6518543695197468
0.9257489085015748
1.6535755629811877
-1.2082144591593269
1.0500776109700394
0.1045765309746324
-0.1454185994173106
-0.0225537258513144
0.7522011995733864
-0.5740250484045389
0.2938071515194278
-0.4022034281056614
0.1870515320327783
0.3726910496077288
-1.3300487256053235
1.0386449940134665
-0.7003494033170211
-0.4039676941515652
0.1406126729523245
-0.3985502535619157
0.3657283523128127
-1.0839851220530323
-0.8095772380930748
-0.0408873019702656
1.5604545831747212
-2.6324234981962853
-0.2177276991955073
-0.2806713313312002
-0.2663195283358193
-1.6251449903392003
1.4826771255183082
-0.1544840419108836
-0.4776225637824785
-0.5422239912607593
0.9071617806295434
0.6162667647103767
-0.9002093735886797
-1.1830924706001371
-0.0067824679175971
0.1248633558283635
1.9321027539277467
-2.2235646772035835
0.7701748206643453
0.8664623010367923
0.7696780522708739
-0.5954445607248238
2.0988615658111240
-0.5926495824741793
-1.0045361398935189
-0.7688814535676178
-0.4911337097518246
0.9601820314477750
-0.7964238157711130
1.5243315524979169
0.7579297576602350
-1.0016528143306862
-1.1159519818262167
-1.9999844397299802
0.1771954456207327
1.7003889165351314
-1.2157664980441727
0.6229640146693873
-0.3147848282055808
0.9768300814247094
0.0515188548696383
-0.5554064038607908
0.1912563556485636
-0.5748081625941257
0.1558012271668976
0.6180972405082266
-0.1224966340369079
0.8344892186523046
-1.2660567425014895
-1.4631585975211208
0.3195073680709530
1.8194245793242088
-0.7131337856595656
0.2717303766304812
0.6510908351458120
1.6465712367091925
-1.4742227820708054
-1.1745578985628173
0.9584887596307570
-0.0729014581652265
-0.0295677454664311
2.0023862189779726
-0.7828362548540034
0.6323706218065055
0.2088055862709535
1.2378317036007813
-1.4120974853345536
0.0441965340390839
1.5617775096614097
-0.5659107893156510
1.6953625220492481
-1.0440653719255375
-0.0370987425633867
1.0555339273945354
0.0144613925235251
-1.1411395411515735
-0.3976315933289409
-0.4622753785540212
0.8680299359939174
0.5799574369660573
-0.1706195281658209
-0.0822332558346073
0.8148440832344764
-0.4619480345487957
0.8946936119674638
-0.3875368047815773
2.2726210501639206
-0.1574337899246587
-0.4777464272186485
-1.2752315983568945
1.6703443642430946
-0.0485454924285215
0.5402708326316994
0.3536144194890881
0.4784209201170377
-0.1399795004377866
-0.6514653738483064
0.6681675403181652
-1.1272427015292927
-0.6443124276213944
-0.6831272639674071
-0.6655531257225501
0.7582609437708233
1.4066922691843382
2.7082956389771304
0.7063770816382198
-0.2224688466655781
-0.0480334247987959
0.4693962710397474
0.7381416406593370
1.2852160758527429
-2.1277186243468331
0.6977244734145416
-1.5113621655118232
0.2837553245564253
-1.7623319551885004
0.6370040456623580
1.3509955006307630
-1.7896096713610490
0.0926735710925281
1.2379502389814916
-0.5400807687672662
0.6203804883074207
2.2606797793136404
-1.4354710750862083
-0.5880099341969425
0.6557274458375882
-1.2776447134206774
-0.4117861550057188
0.5035780115208049
0.3042683562002282
0.3661220167105607
-0.8223055085452874
1.6132567747781428
0.9132778719275837
-1.1220863251252802
-0.1903860270624598
-0.2948928688613515
2.1938337100431542
-1.1202487067205664
1.7211520435775645
-0.5848213210122777
-0.5208639947367106
1.1995738085814145
1.6994077507298868
-0.3831352665730691
-1.6884451438360670
0.2433957532388688
0.0851800383172120
1.5454304815937743
1.2891080127352885
-0.2720954724150296
0.9263571597041733
-0.2324621728863243
-0.9078493129067634
0.6323693166754946
-0.2419190019807514
0.0892180474232477
0.4659588747922860
-1.0650478612381096
1.9386053168974873
0.7668635743285419
-0.5198321784702122
-0.1683475276698027
-0.2624695533632753
-2.5314260412245608
-0.3244428624340332
-0.0783458366266776
0.4647035738003663
1.2497926314353009
0.2753516517896583
0.2806383313933998
0.1289018954287880
1.4064007171546946
0.3733909083236638
0.5057684776168545
1.0743376234053061
-0.2714726015469284
-0.1166600389825575
-2.0015536911066971
0.6314949894710713
1.1115095744906365
-0.2428393012735487
-1.2421866195034694
0.3969656265493262
-1.5660995612544906
-0.0405528824521754
0.1257159890197712
-0.5125115912105601
-1.1896231598151628
-0.1397644952947323
0.0181636940285231
0.3456013092740672
0.3217494843062235
1.5296092877937040
-0.5480678081633289
1.5008866956309368
0.5197417717408694
1.3355004475989247
0.6587912014827144
2.1662871248599487
0.4825241028441538
0.3558141844401672
-2.0116500906435593
-0.4614179223763673
0.6108196995844803
0.1282195149974504
0.4920072333393731
0.7672524652041174
-0.3893751482209228
0.2262475307201570
-0.3170176441787899
0.8390845865954544
-0.1255434980966625
-1.0641560992392773
0.7282206310780713
0.7559719282009904
-1.1692032686812965
0.1794757282526586
0.0849270088222842
-0.8769380333441287
1.3082215584079255
0.4201650063369283
1.5108216129974363
-0.9301199471077020
-1.1865704298622219
-2.3516317874348216
0.6799523656608759
0.1175080103617963
2.3657014494617958
-0.4185332840791613
1.0000161552477178
1.2792685967517341
1.0137830071654994
0.1822863728411067
-0.1972027404137484
0.6703180455595863
0.3318443205494254
1.2440878586313460
0.6461311994107239
-0.5272150718613612
0.3121550191686485
0.4862498798754705
1.2632125013242110
2.5224275209116445
-0.1653387987984361
-0.6755988720457989
0.3240069115317616
1.1289335972764127
0.3850821452749140
-0.8886896429990576
0.8163874769124310
-0.1033779928378169
-1.0517811300157882
1.1015521288815164
1.9160453010179652
-0.5488849770337494
-1.1618204470207214
0.4974537163045222
-0.1012794540784957
0.5943029700105856
0.6601192840839457
-0.9615710668092891
-1.2712678849147279
0.8386392039802639
-1.5464227225862255
-2.1658008540501630
0.4252892917223384
2.0763934925279588
0.1976885124926112
-1.8257459693103684
-0.1091169592350996
-0.7616120915613788
1.7125362325779920
-0.7700267625073077
0.3637405363376804
0.9917618610692094
1.1115931024133878
-0.2569467462192212
0.9378967032705722
2.3375911859906280
-0.4594330660458572
-1.1712494040668726
-0.3162478052091253
-0.5038885080349631
-0.5281084091575472
1.1742681335863161
0.8011040589861422
0.2315455105390343
2.1232202788145877
-0.5681059028412178
-0.4565374136309210
-0.0219987672217257
1.7560595660640874
0.9171282601962532
0.1885487542144214
-0.4146457040905053
-0.4319518132151170
0.9487875336267091
-0.6191024484484013
0.9557617753578806
0.9001203381733370
1.1645185700318998
0.9193422838026962
-0.6669389498044213
-0.2514295440741655
0.2178229802182572
0.6826455596820914
0.1775748187614463
0.4387164365359385
-2.4310281324852983
-0.0804982961797920
-0.0979529569353672
1.2217625612788474
0.5316368358916704
-0.6291694016546148
-0.0662098273046132
-0.4113021179499978
0.6766056627271108
-1.2605608977334908
-0.2262066363125842
0.5336972877706709
0.4990842575811377
1.9670906444769993
1.5757865819968604
0.7270283288022692
-0.1909486081110768
-1.5959745824790497
-1.1811674528531320
0.3799022793520200
-1.1698550040448785
1.1244661419448871
0.0165875196294201
1.5310332885508364
0.1969927660691851
-0.2641885982418476
-0.8363786247646409
-0.6291302025947305
-0.2109233012033454
1.3601623411223616
1.3727919445808996
-0.3509257491568927
-2.5025786436357471
0.6538473469668070
-0.3997901518540060
-1.2868053949861129
-0.7739813185645480
-1.0326369700646472
3.3467111028721237
-1.8823127164373574
-0.6496544000465589
-0.0013854130399924
0.2779720207163685
0.8184444701663199
1.4567115617818165
1.2907399707415341
1.9941430040326991
-0.0994525170740133
-1.5891222316794726
2.3151174984488296
2.3269425964587653
0.8891058871379384
-0.1629914004183084
-1.2241112943076577
0.2952568548756507
-0.9953656753946106
1.3128778882565357
-0.5699199031852132
-0.2524328160732616
0.0061475178872180
0.7054018501798032
0.1309167031006502
0.7296470607106088
0.4954707109013662
-0.1250704782277515
0.7808047103166649
0.2725796297639431
0.7807317383899612
0.6971751928380183
0.2254444823054141
-1.1099300578990587
-0.4328632792315861
-0.4774022703931066
-1.3510417159569788
-0.0420106960406754
-0.3978300267527608
-0.6967497008223602
-0.9716458698406411
-0.1900637757912660
-0.5889044236796108
-0.5785246205795262
0.4611028246713420
0.0057999439360711
-1.8827567227388189
0.3176371705141089
-0.2986412634474216
0.4094286014963108
0.4663363337940353
-0.0649149619320587
1.4871992932144356
1.2620234587514942
-0.9308953247459881
-2.2018454550503526
-1.4686115543481060
-1.5111913974698368
0.4046071838270637
-1.7531728536111215
-0.3711532567411319
0.5162286759315149
-1.1112167273827578
0.1530229286976143
-1.0545301936650513
0.3430732532122293
-1.8328057169297809
-0.6775944432575590
1.1567568775437813
0.6534383532725868
-0.9619569389792394
0.3546749414177294
0.3064246355090171
0.8046629502794646
-0.3535257906485168
-0.7885637696810393
0.4493009260404598
0.0850455373569751
0.7956220435386354
-2.1097039603920376
-0.7196137927793402
-0.2618413462265084
-0.3491302621013744
0.1191509181592381
-0.4348298580937680
-0.2528580850016549
0.1290793344229722
0.0545219383780980
0.4409244327188048
2.2476307088139929
0.5348491578771636
1.0898255328364344
1.6752268278577962
-0.4552316674232091
0.2194063941599652
0.1228909534714271
3.4187186035791939
-0.9293709346933170
0.2954512304988527
-2.7610288464677644
-1.0818351844413689
-0.6335046357495583
-0.4289727316103500
1.4299429850817393
-1.7771247463960604
0.0370201784793658
0.5347090651744967
1.1679950980781098
0.6105977230209167
1.0428947571944049
-0.1631428456503120
0.3177418162030397
-0.2057660482978694
-0.0198749360086657
1.6069671771677874
2.0390799333829719
1.4069866565273172
0.8033013372774904
-2.4175416548785487
-0.2717470894059204
-0.7598212034392597
1.5075964670688804
-1.2976790535582308
-0.1160430114861625
1.3309767217414816
0.6713697175779759
-0.0844466076361922
-0.7869670932340582
0.1033823749426168
0.1675900855027826
-0.5962591294891922
-0.3476006138850793
1.2065815577356680
0.5767218169118936
-0.3644706425593924
-0.5118837988423536
-0.3128552822316437
-1.8017950568957299
0.3601525235318400
1.2882850021891172
-1.4797782084161515
-1.2136425493835699
-1.7077330960914336
-0.3333099887251089
2.1094754493476517
-0.0405228317027467
-0.6316992386816808
-0.6932884661059179
-0.3333355848535802
-0.4045173279074758
0.3556977808253287
0.6512111436263883
-0.0082561275825217
1.4539910106181515
-0.9693956036057557
0.0662533991175797
0.4579126957513256
-1.3293909667524855
-0.3886062071492049
1.1390165119117610
0.1840514313699399
0.6539918428836353
1.5128789106828999
0.1281879608905133
0.6802638789347666
-0.0264534538658539
0.7871579546881682
0.0557049183238433
1.3611743451160829
1.8218775896925856
-0.8049347433782309
0.8174276723795801
-0.3504271594054433
0.0541053361594325
0.7026258997231412
1.5789320042259980
1.4651371739140486
-0.0375247996402620
-0.1358553100890489
-1.2180984523094018
-0.4723503176093072
1.0066814256626690
0.8739216253552820
-1.9131084680746204
0.9700146330765067
-0.5755205679015456
-0.1981735001834062
-0.9963714148669011
0.3043919126571098
-1.1370927163582747
-0.2630513508550367
-1.6230171105195614
0.7182646665131120
-3.5687530344892320
2.0872203126811129
-0.6203124599176254
2.9839993090030967
0.7518671617471212
-0.4013295007329979
0.0444161995509881
-1.4368604128440117
1.6225926228294898
-0.6994460680796780
0.5575296959449089
-0.2823302830552661
-0.6552965289595525
-1.4807017344998505
0.6119571378586732
0.4304736684339749
-0.1728518505707986
-0.9188902696600285
1.3884556228739242
-1.0916957997219947
-0.6620930640427484
-0.3283192450949193
0.2828904714764785
0.4496657115092894
-0.7258163838992087
-1.0132038067655482
-0.6666303419881601
-0.5925038993626752
0.0056292043171279
0.6970147334637771
1.7029241224692819
-0.8177338870915543
0.7284696387398892
-0.2954189713369509
0.2404706599194683
0.1181168571899387
1.5305294123594932
0.5255891202627717
-0.5329086400253588
0.5936099160421414
-0.5628782948428547
1.1723833464244933
0.7048335384745028
0.2013991766632828
-0.3878854539128271
0.3458347767786843
-1.0905195712180187
-1.2065522129359130
0.3147104686412397
-0.1916381728533278
-1.2516287243559734
0.1874214255700834
0.2998562159785649
0.1606469653689662
0.8707553536902816
0.9533268015188255
0.4200062645646956
1.0836642886463259
0.5152813091405573
0.2420490708840973
-0.6226068202042120
0.2607780766615875
-1.2599359294548866
-1.5355086730501886
0.6111612965452567
1.4614067573298850
-0.0942750438850819
-1.1268883642485903
-0.2357385770309615
-0.8303820409323106
1.5904071302088885
0.7504808501649411
-1.4051069825673881
1.2570182767575664
0.6969732591190437
1.2146025358829835
-0.3548923983761515
0.8978840962794117
-0.5611081998184692
-0.0366562544692956
1.0505375991914103
-0.3225833166460648
-1.4621458503849445
0.5653810629840831
0.0824871350322614
0.5534047613125076
-1.0584122507259268
-0.3593827083777492
-0.7081710921212269
-0.0701202897290587
-0.8809255248784735
-0.5510303005829709
0.3011863882887119
-1.7686535503630467
0.7576408768332600
-1.3594401116203130
-1.6735773946832233
-1.2757306190261466
-1.3454104923737020
0.5213195879061974
0.6188490153793954
-0.2188470614195550
-0.1746088466667622
-0.7134754838202343
-2.3279637214638322
1.3556962023723300
-0.2818981047745832
-2.4389177872223744
-1.8744200931246922
-0.8731058596103032
1.2861253343715622
0.1059782582872598
2.3304281002673535
1.5628773958827074
-0.7947959918381523
-0.0687068426495955
-1.0372083639304255
1.6606946558270657
0.7207416234787688
1.4994198645160568
-0.5027881299289220
2.5728794317671682
-1.1844186024745778
0.4377722389633666
1.0471487132394139
0.7732608793408552
1.1184368166815029
-0.8134685703570783
0.4760354681635052
-0.5182116772077886
0.5994315402409169
0.1055808717244656
0.1630224684074526
-0.0801532579399943
-0.8065043060301693
2.4693802352253695
-0.2810766424526172
0.0032214044224330
0.1539735589487070
-0.2016996040394606
-0.1879267091391677
0.2492516415043226
-1.6982472409226523
-1.8545696524399033
-0.6453732923473702
0.3767492948231270
0.6902344283170695
-0.9334759686318077
-1.5049411822122054
1.1065497364354848
-0.3031053377181210
2.6718411084335449
1.2796431397243127
0.1028551387272876
0.3114509971308477
-0.0228442606888600
-0.6700642207173610
-0.5012441608657884
1.1028014289745327
1.0329157100509057
1.3646214354788671
1.4449545787929468
0.9399650995020125
1.4011676306163616
0.4957112209422030
-0.5345436008412243
2.3857200135424113
-2.2697426391204925
-0.9462125154970171
-0.0549573788286386
0.8386452968338945
0.2936338648448525
-0.0562918142428539
0.1562158526198653
1.1991635117896180
-0.3307370234555365
1.8766795014418856
-0.1101976822514923
-1.4850118912164136
0.8620120575982945
0.3029365717719401
1.0028223548272990
-0.2359474804077350
0.1373860526542025
1.0594275865871297
-1.0621929358465985
-0.9889219717609106
-0.6506205823080292
-0.6082804054692099
1.2261307013646481
0.3842265697859167
-1.5225999679072288
-1.2040984406222603
-0.6754869337307290
-0.1834921846873103
1.3237892446975503
0.7032449139620832
-0.5760391605843581
-0.1650741213330814
0.6232762567065431
-0.5562992732745562
-0.6969110340798718
-0.2533493814645303
1.0833618137938343
-0.4143224989349181
0.8422454235322353
0.4268153356198560
1.7369461025148871
-0.6445289171403985
-0.0985492937838940
0.8796319764058593
0.4574115110479323
-0.1971676442885149
-0.1099860663636486
0.4014684065201646
1.2582227065248990
1.1077331132907979
0.6818283486352309
-0.5076948042704987
-1.4537298471440849
-0.9914321629217121
-0.5041587034902981
1.8502063854104833
-0.5223654685619912
-0.1705976052777961
-1.7231574802933192
-2.2765134107458396
-0.1568654268552698
0.5373091367526729
0.5494288265579110
-1.0796050698153246
0.9825850291737188
-1.5629029926647739
-0.6918123219970166
-0.1985405447380412
0.1268589150757582
-1.7755997484824309
-1.0521401271043349
-0.6807743817023910
0.8940622688138337
1.5967663484620802
-1.0678087165992820
0.1331899947737282
-1.0148136973010120
-0.3565362984749616
-0.8940929765876642
0.9138319311128146
0.7743741423605752
0.4664202449698602
-0.3954801685876662
0.2691331523248825
-0.0717845689572228
-1.3835510007881600
-0.0950295180330852
0.4081144338969991
-0.1222164979294598
-0.9039544632159742
1.3411943519396266
0.1283499650577595
0.2372048771293352
-1.9412951969364292
1.2159623910748865
-2.5116015845304074
1.4869902460747542
-0.2323593307670605
-0.3108966727263126
0.3350389448828258
0.9989364866133257
0.5042125257542682
-0.5610362326625401
0.2652046148728096
-0.7438632423559564
-0.8715743096177925
-0.3574698879970383
1.8362343167516015
-1.0211530429554603
-0.3623764951710726
-0.1113761658796151
-1.8430437631233618
-0.3177962664350902
0.0436842232011190
1.3223268539777397
0.6435124432668093
0.7721473997370342
1.8629152315098298
-0.9869897429847243
0.1313022487902179
-0.6748210022984127
-1.9219232557658008
0.8205404969005945
0.1600480360289463
0.6540239143709833
-1.1811198628834343
0.7329377664578219
0.2105258274493228
0.4242369773906652
-1.7223225163722464
1.5358847573933729
1.4829602321472970
1.6846583360410934
-0.4258460564202708
-0.0090492200352407
-0.5161199987264941
-1.4577910435058488
-1.7085281048510232
0.4727894514498069
0.3848494115940639
-1.1226993249525625
0.9715028913158233
-0.1709476136223897
1.2537981878854592
-0.6894149730119753
-2.2244559096997039
0.9562058351500429
1.5904897084085017
-1.7216623538701643
0.2013134032491555
1.4447344344568385
-1.1226261434064064
1.0907688786734535
0.4838889802807674
-1.5278063962118822
-0.1690055630423870
0.2009076438762939
-1.1159918341025852
-0.3682317134732754
-1.7187243436696555
1.0323222835925669
-1.5801751663551431
-1.2739592783930984
2.2607530702214795
-0.5695962403066467
0.3402704545645600
-1.4460349073536285
1.3509522655909756
0.6665454527258399
-0.7511635170144747
0.7986137051362914
-0.0768310081748053
2.6722813027963146
-0.7004089152179096
0.6717456968985852
0.5449956172716630
-1.2481277281978256
-0.4889801585077039
1.5814013913994389
-1.0597779928275721
-2.1322871168136199
0.9300848577023837
-1.7254525556635691
0.8128617181560539
-0.2564208818163922
-0.1982381856706825
-0.4966074984684190
0.0641075351234957
0.0465768888257126
0.6080935131666946
-0.0705239965809466
-0.1376823318976356
1.3264562718605131
-1.0623919446177641
0.8323735601085278
-0.4781340648328540
0.6157633702051852
0.7496275088472981
-1.8887050177950317
0.3161289652386711
0.5723483759468011
0.3151159727258318
-0.3199964965374337
1.1067787866232586
0.5609390380718055
0.2382092340579206
-0.8583576852972816
-0.0750974533457728
0.5428001385366813
2.0127075690040366
-1.4122998106478271
0.5189054662402126
-0.4113272678941107
0.1484467498154912
-0.4591607383962575
-1.3240630416080807
0.8079315083901508
-1.5382189761214022
0.6022017894972244
-0.1584219405784806
0.5730746740755394
0.1068538515147188
-1.1401258453828171
-0.5444827306334368
0.7066976639861269
-0.9669088275255684
-1.4269821663565754
-1.0071681390716687
1.2936065094021585
-0.6756554257943602
-0.3103039720549836
2.1228991468148792
-0.6025305990923658
0.1868889053337471
0.1743474076142089
0.7895204624325098
1.0341584861345772
1.0774630065626065
0.5000553226948964
-0.5167687246218587
1.4540735091650576
0.1072684076828236
-0.5245513487673459
-0.1009160033763099
-1.3818331120579892
-0.5766081116771667
0.7473754832464679
-0.9028592107015472
-2.0340467305462999
0.5065205131603429
-1.2192868106329307
1.5826477442311508
-1.2603469621734789
-0.1688309620675160
0.5246888973565867
-0.3998929875567870
0.1708831610584864
-0.6703027186478465
-0.4662957689602429
-0.9040519480170193
0.8030627092680117
-0.9364926671534829
0.2922688697679811
-0.0858985862812520
0.5670658884505755
-1.0665422970324325
1.5307317023227671
-0.6811809994972555
-2.1784994966157725
0.2184697005317815
-1.1964347238481341
-0.1057897590484135
1.5511096830084656
-1.4931802556087035
1.6419297076648218
-0.5048553692065521
1.0452433487628001
0.4439593557213779
-1.3132894630505743
0.4219244454036522
-1.3453453429616635
0.5660250360915214
0.1209274926849611
0.1415917038187479
-0.1888418040844269
-1.1491111371410099
-0.3500546988871452
-0.5696612963300205
0.4218140328128980
-0.1804348461883918
0.0441329169062875
0.5832352250121935
-0.2531921309336821
-1.8287108331313111
-0.2120393609295113
-0.0258835568219293
0.5272862853153448
-0.2642903390606540
-0.5762229798592644
0.7108133248424074
-1.8114256030402747
-0.4023741246816908
-0.8620775541185892
0.0750609803008715
-0.7194516092167096
-0.5376719363516228
-0.8655756733735455
-0.3172321182253367
0.0942906485549777
0.0734056933072386
0.6331404162173380
0.6985041920685010
0.5526845998749245
0.6708080576508175
-0.7866415149761463
-1.5834747824804056
-0.6470855376597882
0.6124795126225505
1.6191511159780341
0.3346559656758497
-1.9648673972941855
1.8855827562569194
-0.2745574275530534
-1.8965545857066657
-0.3754774633292621
-1.2194610248605926
-1.0489435147500104
-0.2581197498219223
1.1747237399321397
-1.2960125737506745
-0.5340021094825418
0.6677398910082242
-1.0076263046262652
-0.1417019716641879
0.3572493845298650
1.2627164921479408
-1.6435088566993430
0.9714365912779765
1.5614024080307212
-1.6411574252594801
0.7000572645831138
-0.5907250075598703
0.1974132270025989
0.2314689676674188
0.1326314280871532
-0.0365019043233235
-0.0924602210981597
0.1405376855473421
1.5105082147243860
-0.5842978870497806
1.0848244621328120
1.6779864021641566
-0.4047725245269050
-0.5157613814610045
-0.8079442788300579
0.8119119836680163
-0.3453070335209593
0.1301264872886694
-0.5775622151173807
0.0395315302644239
-0.3299063555295778
0.3037810842848421
0.0753986439198382
0.0521614505789254
0.4392873360311721
-0.6360529362859755
1.6551326923157867
-1.4802849926642534
-0.9472024786704941
-0.1313296947915130
-0.7862936730079492
1.4242663716780364
0.1336813073669404
-0.0394668952032187
0.4068527365118416
-1.9685894700813249
0.1277263144624806
0.3831211844976375
-0.9198136275244769
0.3748607590222444
0.6201195246733895
-0.4867616386365458
-0.0461344470714617
-1.1071306962659266
-0.0468266315519672
1.3513055891239334
-0.4763852495565210
-1.0148361175576592
-0.7886117137693268
0.1992137589728276
-0.6834180207343398
-1.0206090221047468
-0.1505377793163602
0.3842015641122889
0.7445637337362914
0.0248251762626282
-0.2051125393617360
0.2170638550003585
0.3029242554127523
0.3104622967380287
-1.6933058943248009
1.0101041322969397
-0.0325183667219840
0.8602429367350333
0.5250262219657723
-0.4465325645645888
-0.5083734282551471
0.3306208483219832
-2.0737620077691425
1.3700669186056058
-0.8518680041949789
-1.1866365696451830
1.0661683444293211
1.2833269456761911
0.2920510356356170
-0.1791181268525864
-0.8572749453038530
-0.2644320683182433
1.1493973591936724
-0.1846733054036800
-0.0223236824490749
-0.1240604252898039
0.3848569240054883
-0.0352138527132956
1.8644274072380069
0.9412181165335385
-0.6122272126452868
0.9334247269970402
-0.0820840093810373
-1.4694145685045168
0.2602043948973730
0.7947925665592384
-0.1513375927844151
-0.2256199492255980
1.2110280377984313
0.2177387834510850
-1.4140954061862481
0.7722416005767594
-0.5173512245813184
2.1951625009993547
-1.5534162000346232
0.3622165745532013
-0.3455427144992895
-1.2956347936309343
1.1333560802297380
1.2516091234048388
0.1816417403487017
1.2447653490671646
-0.7597357043681253
-0.3879330043223898
1.5845032237969701
-0.5914246385544379
-0.6583817191435928
0.0757554104410028
-1.0144545117648489
-1.6228112968697519
1.4009008743019518
0.4560497461661656
1.9134872583401243
0.6627569434495184
-1.3681854087132226
-1.0012431633559633
-0.7118953855234439
-0.7111833235477634
2.1336147973731547
0.2180764353178120
-0.3756123034564797
0.0097569490317508
0.1932889463831956
-1.3677498104394215
-0.4477314071297978
0.8321753841816432
1.5713113291042911
0.7978668800218288
0.8381229158277966
0.0791677565604364
-0.6671772709529568
0.1558590750331453
0.1226120176443075
-0.0955535508227947
-0.2012038687175162
0.1548906553711242
0.5459880729219585
2.3377550088320280
-1.5116442147615328
0.0473804016426705
-1.0969935470596095
0.1880335606729420
0.9651424641581831
1.0703179556218354
-0.4559194572855782
1.3457732880600923
-1.5019152308536741
1.9278489243552401
-0.1162264365788710
-0.0042529707333074
-0.2845510671559089
-0.3755869149994743
-1.3732907727899955
-0.9518835208274644
0.3799769674366046
0.4772418354737583
-1.8270104645982088
-0.1404058202793114
-0.8524255742261552
-0.1555024952710174
0.7158579939201088
-0.5742312571009613
-1.2978606950843365
0.6710530160453088
-1.0810536655319227
1.6972379376555866
-0.5591101599333892
-0.6810909539561824
-0.7795479906027514
1.4220958113152435
0.3146138335566950
-1.0557421953898496
0.7946063313339815
-0.0804782707901942
-0.1710930011448774
1.7291820142284027
-0.6715441682537415
-1.3868856864158887
0.6784744577195762
0.2376771987947891
1.4124166897521804
1.3783996852754403
0.1467044485332678
0.3251864742146557
-0.0316519311056990
-1.3531003459347644
-0.6040441133774828
0.4368855351582297
-1.2231419172255122
-0.4423167055864847
1.6163677486326440
-1.2897000177731690
-2.3137239186053944
0.0488704386338669
-0.2837085934393429
0.6778421134668534
0.5087243299061427
-1.1308574938881792
1.5519468532847864
-2.3669039663696507
0.6074663739206174
0.5349523344368645
0.7023993022511164
1.0271820861617911
-0.4027127683427990
-0.4571287292148509
2.0240181850170429
0.0809557048919872
-1.9761678693606441
0.2957382911415505
1.4481044476069871
1.7731703333371256
-0.8590357129703167
0.9666182767300316
-0.3202390789411425
-0.3649430248935228
-1.1061176593217172
0.3893725298623618
-0.9275639712188590
-0.2692494525282100
-1.2219187774989158
-0.7853575950008423
1.0858016662085204
-0.1012789055596307
-0.5068147946121371
0.7688219759537449
-0.0513543264656755
0.4090405007176280
-1.3867233467509159
-0.4058810600065907
0.3114054588326146
-1.0867527591755366
1.0539342308124038
0.8247294398036636
1.6453249517262469
-0.0416379511544163
-0.5964693575417400
-0.9391005569522834
-0.0002144431609605
-0.8942229219517688
2.1951187149990723
-1.4598362160043856
-2.1581124287671090
-1.1863710143860144
-0.2770360119126312
0.0481210706148927
-0.0089521516231669
-0.6241526666206395
0.7594892072140840
0.0297787774052651
1.2080107522434622
-1.4195270947050429
1.3799746311001075
-0.8875161139090431
-0.3309818225796216
-1.7581394612429779
-1.9478485902735818
1.0738559768807325
0.2724897395887980
1.1681705681141248
-0.0827552334230691
-1.2703324146908079
-1.5914019601949820
2.3560114093496303
0.3885018019252716
-0.0526288514427863
1.1728275464019704
0.0918227551708524
-1.4208168356099338
0.7933276795927738
0.9363091682683387
-0.2754428228143272
0.0790337654314096
0.5844184612006844
-0.3106979104833243
-1.6310741486834925
-0.7508819275860790
1.0661516854152993
0.4227538538864128
-1.3401715662110296
-0.6199330195778888
-1.5485093332302264
1.7766012426017448
-0.0346058686016104
0.6191293860830173
0.0249700311489144
0.0245690317581209
-1.4682479162433046
-1.6906535024715261
0.0438356648615797
0.4163826381967377
1.5609811528319004
-1.4880304027204518
0.9355204402318985
0.3806528111075214
-0.9776044759883401
-0.2064076450597039
0.0451401687863904
1.4529301469291576
1.0386065294919895
-0.9910168977688945
0.2800778272996599
-0.0573041121296196
1.9675861116616784
-1.5758035590825106
0.2284351634925565
1.6305424528609691
-1.2243677961202208
-1.1646989398806882
-0.8359213267236274
-1.3555422238783370
-2.0638955987664809
-1.9894976583321087
-2.1732814124062929
0.2720717446929040
-1.0490928014287115
0.0455090175150908
0.1643972623661622
1.1251244172573551
0.2206926253804506
-1.0763567669278098
-0.8389071781422072
0.3697500340387120
-1.3582301490562383
-1.0223921867953927
-1.1539948152603876
0.5944090350580488
1.5136957073304249
-0.7029435324057310
0.1908417678465179
-0.9599457959989049
-0.7987514897979459
0.0096633163218652
-0.8481638515700803
0.1825707533319405
-0.6556985794943018
0.6490423488194441
-0.1192220804335101
0.5229358825723112
-0.6314828968910362
-0.2766776063853096
1.7821270842753860
0.6106184159381435
-0.5663657304113401
0.4951477368988134
0.0226110604589231
1.3803324899760141
0.6798602530022576
0.4373106595054322
1.2217610994006625
0.1141657382934898
2.4425344311718797
-1.3929337595598894
-1.7775679934162125
-1.0301796582076828
-0.8559986060749221
-0.0679918124789215
0.4904453701128132
-0.7035166953394579
-1.7322958056929518
1.7282041597697524
0.1600444173716260
-0.1177583558672564
0.4228172591582270
1.3594272492700186
-0.8346082224052190
1.0147162701639345
0.4914308496259878
0.4340057351262032
-1.3877832861566777
0.6943701427392585
1.1719053518390794
0.5631366654520732
0.2727601217250099
-0.1985241064077057
-0.4116667459258516
-0.2557613558032160
-1.1066974328599251
-0.2252421005976042
-1.5599084538114343
1.9769414512351071
0.3261770537053831
-0.4285558099402168
1.2951111830073130
-0.6063337266468420
-0.6859458214752112
0.8498843830541170
-0.1329555313315917
-0.0050210058644679
0.5588633976154685
0.5717157406820685
0.0545596996883578
-0.6295911461565757
-1.5868407753453537
-0.2711862507146663
-1.0198351731120676
-0.4232291462091531
-0.2853809811719522
-0.0357858305339702
0.3375976902662758
-0.1566943000012400
0.1620906130043766
-0.1876698441707558
-0.9712963754720845
-1.6160192480218984
-0.5447350114086715
-1.1296394922879196
-0.7932248931568223
-1.7218097708562055
1.8200560309714271
1.9266706849639830
-1.0148268171111117
0.6727257895816203
-0.7235716791743273
-1.4396284153737358
0.9672001478478636
0.2861840597753131
-1.8449604954654557
0.8761698569740080
-1.3438479719624978
1.8722817893083210
0.9192334617667030
-0.8471577037061188
1.2908996793674266
1.6602879845418879
1.4709268588584554
0.2175715962740811
-0.2233382140867162
0.3716411096875319
1.2654200525567105
-0.8721983973120619
1.0050651527360961
-1.9573207356865419
-1.4156838107378629
-0.9011378970715782
1.3186688742715822
-0.1635252816434290
-2.0127018487586281
-0.9870273787044751
-0.5668901295499736
1.0193634254319721
-1.3322525494847064
-1.1593072039981671
1.3477222844676728
0.8517633189632856
0.1818321019988366
1.0629360245271404
0.4556577746108731
0.8167376097234804
-1.0033262490935677
0.6082142865327176
2.2282224536034230
0.4468629770183771
1.1999705329239843
-1.2470642072625697
1.6223868285320659
0.0165416177298135
-0.2564122914790495
0.8058800426697436
1.3557695066252704
1.2026208213413563
0.3697451607400525
0.7473324500514363
0.1901099515697628
0.0964345802850979
-0.2274962967319138
0.3424486103249281
-0.6809501065105037
0.1240492461583985
-1.1417238022066591
0.4919363227421957
-0.3357557147963655
-0.6844316713949347
0.1322204632161413
-1.2309895778290596
-1.1928100092082041
0.1399822193104758
-0.6275586745860828
1.2473132228513566
0.8223509953675455
0.2058892251541474
-0.7129768727509429
-1.2881944448057263
-0.8622633196234175
0.1064545307944161
1.3071318261869955
0.3347959843461820
0.6509599654826438
0.2508009552158297
0.5179861958543018
-0.2183799268481267
1.5276863581251032
-1.1301817731161570
-0.7071340717230229
0.9372993530032110
-1.2839596969072129
-0.8103011913569714
-0.6495697919655828
0.2728700387203470
-1.7668107556247112
2.7142726864980462
-0.5353067544581449
1.1151972271105253
1.3047193407708111
-0.7261530258404411
-0.5619576289028561
0.4015843137961935
-2.6730500535473447
1.3408307027580024
-0.8655621412356935
-0.0694762673913273
-0.5175246260857295
-0.0741453883423030
-0.1664662813142296
0.3687655390173897
-1.7676076690250073
-0.0812652311989841
-0.0386394872749929
2.1482736393723729
-0.0523031184868568
0.0755133031138456
-1.0470336445647217
0.4076037488132715
-2.0875887459681830
1.0722296107672498
-0.4039843324450703
-1.0623321117196227
1.7504692526706547
0.2301615661963313
0.5268474461566678
-0.8652592139361912
1.0932519701640595
-1.3383654879566866
0.4845563707004727
-1.4347793154369424
-0.7661992611474518
1.8239852176215099
-1.3966949106515887
1.6588411092588553
-0.0299691545508316
0.3167210914874735
-0.1729877429604664
-0.4974805768508545
-1.4461549064927495
2.2114269484041809
-0.3202786367003759
-1.3089978686894357
0.9561149013681173
0.3364879387101368
1.9315366159991452
-1.0175239251865615
-1.0227020975047640
-0.7662042695174442
1.0351749916688824
0.3781378349709250
-0.8273432074013729
0.0981329454849826
0.3161963254917845
0.0310639205009438
-0.8760627049070283
0.2652728823823531
0.7587857871290781
1.5258388065845347
-1.4334953936108517
-1.5045004282950576
-0.5138808161201242
1.0620768114199244
-0.9266678197622348
-1.5017993931852212
0.0712387495394031
0.7831850616574723
0.7736747981774147
-1.1570030037167758
0.1459705168222156
0.6609222169140647
-1.6585562093159090
-0.0108983238119142
1.2058662173251162
-0.3830473974709532
0.6871702026076123
-0.6618908734215899
-0.8432589724701020
0.9990110524503086
1.6257766351549761
1.0489675346136316
-0.5027995994780226
1.5352440720086553
0.2772075131990834
-0.0418808030671162
-0.1500855951284146
-1.6057671846246715
1.0612212155122420
1.2012136331276277
1.0908158988156600
-0.9706439110049794
0.0040496565058189
0.0263095965239808
-0.5622558308633673
0.7275175295906329
-0.4447898089285976
1.7192277798437954
-0.3438146313382726
0.6726234465834698
0.6409913146011736
-1.3994289864580463
0.5199728360877337
-1.7445225288126929
0.0315681659484922
-2.0400264154718242
-0.9379163189792999
0.8903238416902095
-0.0908966421510888
-0.7461320676809732
-0.3685411874415737
-1.3255432936903344
0.3955099411499139
1.1103283632395282
0.2304218376808180
-0.6825773161803836
-1.0485833922909622
-1.2139388349667706
-0.3605115900407580
-0.0163107244494998
0.6088967525413532
0.5749442047804437
-0.8085334412633622
1.0925415083946106
0.2370263171324528
-0.7507029160177445
-0.9658141246870192
2.7964513616706230
0.7694688927259361
1.4582917299590064
-0.3684830652923320
-1.2858684248534917
-0.0887335230153623
0.8147947088941009
1.2327439056639971
1.1706526748674757
-0.8997935309356868
-0.3437889053714497
1.0377046790511129
-0.1011270339965506
-0.9983554101118277
-1.3216657581741749
-0.9522875404593033
0.1874230141506092
0.7873038382970804
-0.4049371398626693
1.6591427883305891
0.3493548677486173
-1.7839869794304744
-1.6698533863017126
0.8629605804558382
-1.5474582180874863
-0.1442923009332262
1.2181028550232536
-0.6169822085428873
1.8726401592407527
0.8392155968438881
0.4111027592932833
1.2597661020797466
1.2707328056185068
-0.8378529001262669
0.6163870820001397
-0.3281182179706501
1.8979928911877997
-0.0682521008712223
-1.3751103426302356
-0.7869142699583798
-0.4183275430424272
-0.8948411936598275
-0.2238898901699948
0.1466942443996219
1.3305775640094819
1.0099308835503469
0.9521067842446356
-1.7814680979926725
0.7543778548856755
-0.3457938381444659
0.6692499941154350
-0.3453893599910686
0.4606695970961228
1.0073092814455922
-1.0711889861748400
0.5192271767741296
-0.7452072961058057
-0.6128468498918054
-0.2465981269122316
-0.0712257035325904
-1.4326906524054297
-1.0170802213874424
0.1190498253338196
0.1631030630390704
-0.0349732061887363
-0.4162150736022081
-0.3570913963734855
0.7370687689767967
1.5569730379232953
-1.1112721432613721
0.3551653949374057
-0.5843627924612113
0.3508338476828839
-0.8119341132039926
1.0102808525967475
0.4129255681592560
0.9338204823088375
1.6981681987816739
0.7198113423877879
-0.6212235657609830
0.4349593191186402
-0.4866381875312636
0.8021717178098701
-0.0523548634543354
-0.7509035562903469
-0.6671785491230932
-1.8629000625648162
-0.8978915463462116
0.3477810857261546
-0.0276234309802473
-0.5022544211170089
1.8472957438538731
0.0269236675330831
-0.2087846161091260
-1.1834089698864807
1.9614908432607787
0.3519504522697021
-1.7961845243159047
-0.2673188589927578
-1.2712783509027932
-0.9281925085833005
0.2359382025290549
2.1185794613372586
0.5502412034371980
-0.8636915237756918
0.1472556750888751
-0.3277856095499428
1.0785803968259924
0.5206190039471804
-0.4217214521487210
1.6500097481586882
0.3298079278088832
-0.6254246296393415
-1.0811697807822362
2.5258804152751546
0.0545065725748146
0.3886139161636302
2.3530978974695822
1.5533528211204986
-0.9648249640429090
-0.1269935699605035
-0.1485955230859617
1.2343813393739389
-1.7353965198991697
-0.4058246719684026
-0.6674711241134124
-2.3808267981065123
0.2573797875456989
-0.2977879908843172
-0.1081133357500284
0.3394106387337896
0.8740092177629887
-0.3412720227519392
1.1086063055710149
-1.0124366956820599
-1.4104699345265361
0.8745435750812273
-0.1628619363830137
-0.3011345699253358
0.9563858096716734
0.6581277017886068
-0.2472877839919830
0.0732498776851946
0.5821782890257962
-0.4398793459272595
-1.0526530411918984
-0.3860541315666121
0.2156729588098898
-0.7551418091018134
1.2230719878599208
0.3544504201604834
1.2641094064864629
1.3726226082474833
-0.9993012398877270
0.7713246094123167
0.9028293607590557
0.4386681870823977
0.5465726584822874
-1.8559921079150503
-0.9364704700113994
-0.5287820009194164
1.1914917824930642
-1.5296012070407670
-0.0937159770672950
-0.6795485372243035
-0.2402141764103319
0.3698116119359116
0.6928870378154381
0.7892326201122889
-0.2042640958142269
0.8615374954693590
-1.9515338136968499
0.6830406398485326
0.4056866495928116
-0.2871670306562285
0.8261620963684746
0.3486268015760828
-0.2601643717691824
-0.5467811459533186
-0.6216072165548318
0.2916183358238700
1.6918875198846894
1.3209256840761359
0.9588288238641427
-0.1987736159598414
-1.0545973568296054
-1.2368311181934926
-0.2628919458004906
-2.9160042536310780
-0.0437812117658707
0.1077992906610812
0.5074057312905845
0.0686282866708679
-0.0302836044577373
0.7977352780609401
1.4011493122970302
0.7480471236108701
-0.3113824657650933
-0.2777160179303683
0.9982281933144735
2.3615371747842575
-1.8242355874707874
-0.0575616628869933
-1.0365749562920932
0.1168549499106864
-0.3862682836332578
0.2027109916462435
0.8740133908446488
-0.7922042338609866
-2.4135337880133538
-2.5030032638451303
-0.2013683785647614
-0.9343103687248462
0.2852662390798191
-0.2307674769041237
-0.3094344273803451
-2.8887194970493946
0.1599055906948900
0.4452322939617375
0.5862546729654842
0.1456735754174083
1.7719686766938008
0.2998259222191924
-0.3687875147472687
-1.1572857757329953
0.2257259914683989
-0.2488435784669736
1.3983281935137559
0.1319044647808555
1.6905567986623964
-0.6452569812154948
1.1941363836977559
-0.2544375088154901
1.1636935255878564
-0.9327950191846268
-1.4721464860453259
0.9812837869122140
0.7843975675524653
-0.3561335331198049
1.0759210347255213
2.9329421923007617
0.2406169481237510
1.5299003638476061
-1.1596668241579522
0.2486453049303583
0.3375110217879552
1.1811274027910070
-0.4070402507745718
-0.8606699469422546
-0.6189844220335647
-0.3731398522020793
0.1418051763057164
-1.6243116300229068
0.9728302851990641
-1.5634728957603516
2.0205579646695235
-1.5683351101286676
-1.6410089695470418
-0.5438403040055604
1.2597333029293161
0.7918138897027510
-0.7013691196129165
0.9733777316727232
0.6993587791707530
0.0441278872653346
-0.7661394943759494
1.9183459990567431
-0.2859266023422832
-0.0270897277327029
-1.0122113006356048
1.1192001767482553
-0.2385737484804845
-0.8113055789775011
-1.6810798429715941
0.1153666576326926
0.7959509385050534
0.0627260503604396
-0.3473666347898276
-0.1330351604609869
0.8931097010719374
-0.2714885448554573
-0.1377230162533407
-0.9210191123289717
-2.3398780071387244
0.9907035952184164
0.1064625798019716
1.4308118245858144
1.3370531821589844
1.4877305403894654
-1.8269651406243910
0.3001200501794869
-0.1094571866104283
0.3907102543602671
-1.1027944636809994
0.2687645064583052
-0.8358841708723708
0.6342593329586306
0.1600447858142604
-1.5890937942223862
0.1329466704449253
-0.5482144027092294
-0.2147868233445270
-0.7481750828903130
-0.2848593289115075
0.0969813228921419
1.4043781629657290
0.1415052434723502
-0.8029007430654784
-1.8132342628523357
1.2514538955692782
-0.3442014407761300
-0.5899892285294230
0.6001775419250689
-0.8392763125033308
0.8046348838204601
0.7565112376451152
0.7709358851588539
0.2366843461242764
-1.2805058474573328
-0.4983333895583976
-1.1685088191420707
0.7516134453027432
0.4826905731013933
0.0116009445106940
0.9382907012165362
0.3953224377665849
1.2973846568835543
-1.0093493460713399
0.0397684739623846
-1.2270364710418167
0.8686173152298365
0.1168964531261720
-0.7205908084793555
-0.5148584916169390
-0.5670085120725276
-1.4485931920950350
-0.6267081433058928
-0.5334004123247577
-0.2863619605825887
0.1635348530614855
-0.6922103333796222
1.5091362684973306
-0.8416490786393774
0.7661073905679749
-1.8312663688177153
-0.3919396748670828
0.0508089271202094
0.7126866851384709
0.9361231860311253
-1.3067250965017572
-0.2938186732217529
-0.6091344899128751
-0.4040067620290947
-0.4253488881467895
0.1035094856314481
0.7018088110911318
1.4883081451951630
0.6513103573520560
-1.7667918562020579
-0.7056766954933298
-1.2669359784377385
-0.9527971185397474
-0.3624296173176297
-0.2866123071729648
-0.0182831460135215
-0.3965795252073523
-0.9809700656754192
-0.4250078417537393
-1.0632970509900082
0.4395010176287934
-0.6216125119576271
1.1703069692292611
0.1693983163263312
0.1897049579542952
0.0125368177198185
-0.4435231537057803
0.8467544137606352
1.7565019706304354
0.9197197970854319
-0.8623217788090283
-1.5743090260714552
-1.1301811415382945
-2.4532562973946850
-1.3031784342410742
0.6080383153091036
-0.1132262389889813
1.1182494835921348
-0.1351006125327943
-0.3307538746676187
-0.6739679166564546
0.9778178531267594
-1.3496044332243600
-1.5203647856682814
-2.0554824982097823
0.4228268909657387
0.8861604134310433
0.9527795870171248
0.1018301270496214
0.8777831847109155
-0.8974047074131427
-0.2069989088133700
0.0834265944051130
-0.5592821415528035
-0.1103684785596218
-1.1954141087986898
0.0254997959190153
-0.6427489756652521
0.4741174950098304
0.6952558160608205
-0.6581777138726239
-0.8720035883255700
0.7143618652190405
1.3218535132352658
-1.2730446852715311
-0.6247636452439563
0.1196508221520940
1.0030824028243339
0.6136547580717376
-0.3561088646358802
0.0346591549699285
-0.8254629681033366
-0.5334182687238084
0.2153868617724465
-0.1885954456286890
0.2519474674272587
-1.1198797047765274
-1.5027174530036080
-1.2068703908023590
-0.5908550525349959
-0.8567002360747902
1.8912778491777791
0.4600310102993946
-0.8615839296769555
0.7106746826974886
0.7150166229066509
-0.8929798600053455
-0.0299954637676318
0.5275893786334864
0.7640998849599567
1.3324205108892504
1.5611241426702764
-0.5981521609303988
-0.1304740710843860
0.7030796347833176
0.2614965948248182
-0.5637638771692499
0.4688982720068995
0.5719289365583481
0.2200946670937801
1.0470645126033307
0.0367152764657220
0.4357169490985930
-0.8511496281378090
-0.8669754754391111
1.5832763312865379
0.5068606520980008
-1.6611635070463879
0.6507015367163517
1.8857181368949438
0.4912350190221724
0.0941260355002954
0.3832236797528193
-0.5679264231890776
0.7453019425859497
-1.2607534990064924
-0.3895067779946088
-0.5210739405326147
0.0297174534740883
-0.2957676316220256
-0.0754355146053231
0.8995391459121368
-0.2239842388418140
0.4807373977885230
-2.0741838527907239
0.1084952110237413
0.0949146290812453
0.5551063571811122
0.3129241375597804
0.1912237577063411
0.6033664314624563
0.7615655181673652
-0.0016299822031282
1.1671865451821950
-0.1688523456128977
0.3861854886628684
-0.0575970473206821
0.8621008428859123
-0.3244876334884925
1.1007696600914501
0.3786468161509708
-0.1398519334720700
0.2275144897731955
1.4603045321451862
1.2729880120173320
-0.1832787747444536
0.1842529898239837
1.0679014287569926
0.0055017265273997
0.1579515145837294
-1.8997192784574919
0.5195126046358998
-2.0640998849999947
0.1748887206586605
0.8545042669558788
0.5174095811698238
0.2094788442533285
0.2019734325825281
1.8004529498591837
0.1192362368201924
0.6097109711981196
0.2032317175689421
0.3872594115163330
0.6643368467552550
-0.3861489010656404
0.8341431102319665
-0.7616722597146564
0.0223689137408858
0.9903999604579863
0.7951564826467564
-0.4883537942516135
-0.8440832438387446
-0.0541071871902556
-0.3178335880397991
-1.5240228477764388
1.2714746693277283
-0.7546974568711937
-0.9116734025643980
0.0806772029620358
-0.8102427475206763
0.0714474316802994
2.3898697400933342
1.9232044641732127
-0.6580621490003346
0.1182739680829853
2.2380555343900208
0.0065441103389014
-0.5378959407246227
-0.3149491790488665
0.0752145298090812
-1.0697463582230429
0.3071679205763357
1.1769558714308703
1.0941166673243332
1.0498016309743567
0.4302834039079299
2.1176825189649335
0.5233118125612636
-0.3066306397457940
0.3842862114636670
0.5273007741273993
0.2596927881798842
-0.6609933630431544
-2.8170320559446833
0.3770978770607167
-1.1845996904003167
0.8164794390389711
0.4522087923748290
1.9534001454295016
-1.5996060399020235
-1.3733620601558620
-1.2937038414984290
0.2406906100278475
-0.0619133950036682
0.6257331518235418
0.2804602307212297
-1.5526628973952254
0.6189244889000678
1.0525415308534651
-1.4091178218933995
-0.4285471406331474
-1.4320179154427652
1.0330041393670477
-0.6191105128776720
1.8863759092741637
-1.7614536178247884
-1.4887494623908830
0.1777933320173919
1.0033710583827737
0.7075713984050749
-0.6954429601494655
-0.0899550980301725
0.1186243513150424
-1.6265126659438440
0.4655124258070176
0.0380149304047028
0.1228424661588315
0.7564632428946207
0.7375719707696483
-0.4459004933696674
-0.2169803291249607
1.1846502839564228
0.6561028032746746
0.8473435038310853
-0.7268566944151633
-0.8677331671528132
-0.4498196856466677
-0.5224396653838848
-0.0128212303503815
-0.7220045282527768
1.0107305793232289
0.8255157869337580
-0.3535971237203951
-0.3413661958409213
-1.6459172863502884
0.6103729536080601
-0.5431005997225107
0.9205644871973541
0.6065508415287277
1.5581888943970619
-2.2325670904444310
1.0933417893092954
-0.9704790361912075
0.0009515928712826
-0.7642575970708488
-1.0915165381582377
1.7818684928621258
0.8490137688483488
-0.5711371892251348
-0.2243239376293030
-0.7254410615126951
1.7810800058478498
-0.2858619404906843
-0.0067128893943094
-0.7626487546550397
1.3490862110815871
1.2575406042593469
-0.8887939001629642
-0.4957124629964521
0.5232568097356730
0.1610290867470917
-0.9834741525293358
-0.2397240695947809
0.9341494245991432
1.3629325689106069
1.5178643947672439
-1.1416443547389568
0.6804166080672509
0.5885349000801234
1.5869278595116860
-0.2864993016454688
-1.6682329271694041
0.4050772233614484
-0.7780166836365812
1.1051694521698294
-0.4314645553627185
0.3127499345842278
0.8832196091746576
-0.8996210172805182
-1.3733690221762755
-0.1298103611824488
-0.2450021987264883
-2.4778048171319775
-0.5275045707555189
0.8882661642300921
2.0302455002483910
-1.4684822669064086
2.0710605714803667
1.4739441817838737
-1.0779647511136590
-0.0241996197478507
1.6868028955450380
-0.9070747575156540
-1.1604648716545551
-2.2033466674251319
1.3887691631833476
0.4251865257647999
0.6330533714986537
-1.8330056793703684
0.4774030830485462
-2.2324046978159862
0.5743782105303425
-0.9515146409671691
-1.0304926421324532
0.1489667187839644
1.4800713630507760
0.8896211508384391
0.6107435841808435
-0.6351851944470406
-1.1569310955608239
-2.2843039362601218
0.1318757562163919
-0.3593823207119672
1.5165452718527013
-0.3876136505203741
-1.1512256256205631
1.1082277825711331
0.4743692968331052
-0.4391646334988095
1.2836203934814843
-0.6545758174675586
0.8703503856300168
0.3314850572000267
0.9218040413786113
0.6726720168129398
-1.1524915833330358
-0.2750621363277185
-0.3156051102453283
-2.0213558614142024
0.4370813771165159
0.2277925997588438
-0.9306264309939563
0.0700141173330961
0.2312760297128348
0.2077613248202990
-1.2459567034225016
2.3953810277085914
0.0338631247509032
-0.2284918826936330
1.6014168416154384
-0.1056570272189518
0.2556903877671186
1.1084743371432821
-1.6261073180720211
2.6611176182198983
0.9141222472099785
-0.6587387787014160
-0.9275913207840296
0.0642384546310123
-1.3563932614468819
0.2172000529275014
0.5428474995992922
-1.0293526500430665
1.5429322294726424
1.3296257755770051
0.2000891341476561
0.5648381097016194
-0.2341286105077366
-1.6509512609431194
0.5758490488083420
-0.5467842540009012
0.2023171051827600
0.9694450793064624
-1.2262248305575700
0.5798539746282036
1.2586679913177972
-0.0694423605091348
-0.9627260964587481
-0.8096067514255624
-0.2616190566159210
-1.4353744980918812
0.6404547160432054
1.7734418899477229
-0.1905199191497682
0.8868873603871114
-1.1285731499917597
-1.2821776755316081
-1.3507888994342354
0.2561391239902753
-0.2512353606799072
-1.7777911463940401
-1.2785599425014613
-1.1959244253685306
0.3240736857370660
1.1782792165909004
1.0810381874156787
1.4002083415615125
-0.0694559878079486
0.8060737139200183
0.4409846047478571
0.7574969651605588
-0.2241380912040005
-0.9178959587778771
0.1571239397191440
0.3339848608727305
0.7652768020891274
1.1964440330372716
-0.2302633832346400
-2.0211559568362731
-1.8790973195282377
-0.8839807553806807
0.7449183992047580
-1.8754911254162145
1.4707965599847193
0.8268585658955203
-2.0237815511867465
-0.2929392874323408
-0.5235810175929483
0.5216051785488087
1.1020442558706913
-0.7803507153533458
0.9890866459600630
-0.4281806699484125
0.7660524125551694
-1.2280694685507454
-1.1358579153586803
0.7474364449347016
-3.4983604091887903
1.8556534022344766
1.0329445856418031
-1.0205170112015585
-1.5382431904414229
0.9622381469807593
-0.6359239320320786
-0.4904857448207357
0.0923427115509448
-0.8841871220176019
0.3565082750350854
0.4776340278101691
-0.8264451379039747
-0.2525422328591087
-0.6074789026792992
1.2908942009277835
-0.2749823080103314
0.4980067969122213
0.9783267502951833
-0.6430458721926366
-0.4786015925290614
0.3284563485306482
-0.9489182296031743
-0.1074440208687449
-1.4063360732657124
-0.4887125057847087
-2.2774197541498706
-0.4014003414927726
0.2834042380508403
-0.0120830402264112
0.3392494041858599
-0.2494176004895793
1.0252986869045986
-1.8035334571258645
0.1611607412073492
-0.6803594572999402
-1.0631890090198690
-1.4497898660622330
-0.2044569917490887
-0.6208097191906848
-0.0148420061118836
0.1977628048875307
0.5968542094021752
-0.2686255261389735
0.0616083516487047
-0.4502617365329589
-0.2299832056435882
-0.4419923675112450
0.9169308148311296
0.2673408468599912
-0.0008178962481002
-1.4800236172144523
1.1543318989362241
0.2332141483850166
-0.3293970592456955
-0.1969559880426507
-0.2288421806287274
1.2339543895058394
0.8349324133743962
-0.3373167452171856
0.1520694449929944
0.2524966024280391
-1.2501603943414974
0.1674667903092391
0.1100412708889129
-0.5257965752053887
1.6344303308949850
0.8221465960272651
0.2584353641189157
0.4176588977415090
0.4395839062915763
0.2482824705580237
-1.9034758854583487
-0.1312836975118440
1.2751768520864182
0.4576084218290054
-1.9506062871033094
-0.6713550976821682
-0.6482713801229004
0.3925298281557359
-0.6703532525095515
-0.9430229536968145
0.3182511130918683
0.1603310565008687
-1.8469494063000276
0.4171432335843199
-0.9509811567737259
-0.2501229466077758
-1.9428422761361259
-0.7371080414169203
-0.6818530472199413
-0.1960509880919142
1.1656963732093129
-0.9228209085191825
0.0075426863316680
0.6790284012208803
0.7608211519017637
-2.5714338660214060
0.5975154571326523
1.0712418243728348
1.8823157565177067
1.4223813099288432
0.5915005331633041
-1.0098135789197231
0.7595712114449644
-1.7920919964519524
0.8886178474864170
0.1222457300289735
-0.1115563829023299
1.0450591229492034
-0.1467062804883066
-0.3238555409060295
1.8456681210781420
1.2170505193343681
0.0732510229793020
-1.0593173540292802
-0.5069636917490257
-0.0713823700537296
-1.4650891491394347
0.4222512535972504
0.6319276785582156
-0.2443753632323870
-0.3907285292198648
-0.4537011008633274
-0.4025971616969282
-1.3020284326371470
-0.1773631177822969
0.2614211407590811
0.6809588085415603
2.2158646307591146
0.6055888916370313
2.5629413861534118
0.8604537040004501
1.8004915440179345
-0.7831988822472281
1.3392045667299457
-0.5431857925021369
-0.3210790174162121
-0.2600282316934368
-0.7108827396071736
1.8030815560982301
0.1500850994451695
0.0204977097510380
-1.1863344869345158
-1.0406745358582121
-1.0948648966216659
-1.7950015715604795
0.2237797551443570
-0.4361136203559703
1.4453931110186229
0.4751094869697178
-0.3890986020835691
0.9123146971880900
-2.0307922656417468
0.7641943598600649
0.5731884631600824
0.0320363518200083
-0.0461959802682105
0.4544896915929196
-0.2338895632117336
0.7050632013757633
0.4319882683171513
0.8070721860689521
0.9996622858427791
-1.3174887783649838
0.6008365485717619
-0.4331603814288778
-0.3211216980510778
0.0470811672931352
2.8235941337624220
-1.8990597233758939
1.6467698390023673
-3.0916703796340830
1.2016011066792736
-0.2111273037627939
-0.2513319636175824
2.3041272127647745
-2.2220786510196731
0.8667580039759893
1.0947268310255873
-0.1964821115838919
-0.5681164125023409
-0.4954350553303402
0.0215548121265514
0.4361422735910834
-2.2116284097673184
0.4882898957002480
-1.1108558535565118
-0.9306460336765344
-0.5932154284084530
0.6682757584645288
0.7359667177752379
0.1701103850308350
0.4109615919975289
0.2064017858814289
-2.0386754825394595
0.1668567306892015
0.1376901035695131
1.4683590901089678
-0.5291353132084046
0.2659291008264865
0.7263848074179099
0.5709833388477519
-0.0681904514648203
-0.2351938408497886
0.0221245242355938
-0.5306385436349236
-1.1231237552284001
0.0605024242537323
0.1742022591537278
0.2442613062054518
-1.4311544256353701
-1.2350958553358498
0.0311926101776940
0.8537174791124853
-0.7775702266782539
0.6176642980610818
-0.1263050383860037
-0.2526860380687639
0.3722719608832709
0.5349023807411113
0.6433200591027524
-1.3204070607812406
-1.4021714957304299
0.4010144629852482
0.2250643298798892
1.5312633186138245
0.0923383827703868
-0.4557311517134518
-0.9148675912169144
0.8194858210395611
-0.1159382619113280
1.5087435336289166
0.3986432005740783
1.4653758272674968
0.3913896776576723
-1.1157174414454174
0.2801748432075390
-1.5702365914378711
0.1315893252876616
-0.2310024397761529
-0.0928861168686818
-1.0676534604323067
-2.1945073414636225
-0.4865689558803975
-0.5681445053543314
-1.3097238266203448
-0.1960005533796271
0.2347678122621747
0.9857132144008267
-0.1931536805053639
-0.6733817567707996
-1.7083775692538241
0.3981036558877094
0.6249677839063501
1.3611611031819519
0.7246958375836631
-0.3992309455664120
-0.1610061337709984
-2.2126445370780150
0.8156704414833020
-0.3519398180082597
-1.5350632515559322
-0.5937067916184776
-0.7151420382954689
0.1618716169347373
0.1946346092194028
-0.6985373859538340
-1.7853710004521843
0.5066532588003680
0.4252636875964916
0.2174776041009069
0.9494784914825877
-1.3734005115811270
-0.2435053413527299
-1.6589128224522112
0.5595640422049984
2.6922330087009763
-0.8965566839346429
-0.2834962546246073
2.4151569056245252
1.0580389350528832
-2.2803875580642230
-0.1391416192026363
-1.4354811978979201
-0.2645876813545039
-1.0596898837551907
-0.2790646800515193
-0.7614887096177644
-1.1051412854973079
-0.5650070767488530
-0.0060563416384311
-0.7283826894809361
-0.9733499080917445
0.8310816388118022
-0.7008753161967584
0.1072261972503388
0.7255971956752164
1.8514218542889105
-1.4336280136834527
1.1458312359304543
-0.2250338759934689
0.2856829890987327
-0.8701139738096682
-0.7280395579934923
0.3494303830762726
-2.2125300683441003
1.5976221764359591
-0.9760704566521724
-1.9430263861001622
-1.1726441972140396
-0.5694454521626229
1.0511298623403975
0.5560279393428011
1.7450984193388259
-1.2483938099024456
-0.3198547874429081
2.1737304284394123
-1.4006638630730905
0.9782138645323961
1.0178212798042952
-0.6030026825068767
-0.8252030684772934
-0.3147412537577005
-1.6184453041662434
1.5151591719099620
1.2101864600703285
-0.1173601553001479
0.9424594252757601
0.6533202723836696
0.1159396263468703
0.2331402224491747
1.3372555994108721
-0.9419642916584310
-1.6155302894468557
-0.3595029388411131
-0.2826498053537031
1.1382886004109922
0.0403738470909921
-1.9091122227445063
0.0480485515385948
1.6839739028122216
-0.3360787031995217
-0.1442126429734207
0.7398103943144774
1.1659216350606254
-0.6257852099290671
2.0888212327471134
0.0715266705776160
0.1700246074026719
0.1664532613613744
0.2697512825178908
1.1773141861758123
-1.0069669133393135
-0.0754486233174496
1.6026587668590950
-0.6397317647539672
0.7234213535899681
-1.5174210663503627
0.4536240166639601
-0.0708716261771661
0.1371356109784320
0.7495091867575997
-0.0118905139087754
-0.1129169219388635
0.1112280918131072
-1.3982111507327160
0.1580876123581039
-1.6249610301479864
-1.1935592871573244
-0.0417019492003799
0.3330693077149548
-1.5843035556084817
0.0995361784851340
0.8652066089215336
0.4646331479127540
0.5750803322662470
0.4396526460529022
-1.6667448049296372
0.8599903598691240
-0.2565751233019914
0.6467745263823939
1.0237042780406953
0.0418690353828492
-0.0091798472085850
-1.8380949250071597
0.9215306186486526
-0.5204220556385336
0.1222043752376173
0.2610591147304016
-0.8593075764981972
0.0010627058477570
0.7754317982181363
-0.0281521732265888
0.0351264962120551
-1.1667138586969583
-1.0663861707319156
1.0165218401178227
-1.5642130225149051
1.6478454779536897
-0.4053219257744859
0.0230366886182846
1.1405901937691398
-1.4699916038696206
-0.2527046880688129
-0.1994800568605929
0.9353440657578037
-1.2967436986601513
-1.4059856606682473
-0.6178515472261111
-0.7878557501831180
1.4117861884572467
-0.7251966404720450
-1.2626359599138433
-0.8790129311544678
-1.1262057475621436
-2.4849907136468770
-0.5624083851738302
-0.6048393335584571
0.7658785684231241
1.2248204042333297
-1.3970562605111387
-0.8707233506827884
0.0697155490826362
-1.3898322583204512
1.4656836618961613
-1.1907936351580408
-0.3092505415487986
0.4990350979421367
0.1449290312767002
-0.2352025404271188
0.4836444232260593
-1.2846011672057227
0.1696514891936610
-0.0489656724170797
0.6481327671298815
-0.3475010522922314
-1.6961954365091994
-0.0208741881593485
-0.5324384892890365
0.8593593474760085
-1.5336737998841674
0.3806721620468369
0.2634184396084219
-0.8653092948448476
1.4521827906307003
1.5383408649636234
1.1234956507926199
-0.5609064095944762
-0.7978804575990819
1.2764986135433205
0.2110897052541989
0.9126686171640396
0.4256953129500675
0.8737941483206003
1.6203943722894736
0.0012929872446185
1.3281855263425573
0.8632834449516141
-0.4327984213403108
0.9687324045828463
-1.1379205076681411
1.5016084694603220
2.0330394213232248
1.8090370513742793
0.0123244906888034
0.2727453573907568
-1.0638514593790840
-0.6078173549744660
-1.4569365942251669
-0.4673158273671500
-0.0318775807853327
-0.1416881210570497
0.4440939459617869
-1.1307165061313795
-0.9678964033969188
2.4584264590478919
-0.8754662999131434
0.2084911345668717
-0.3110121156124216
-0.3247185744279016
-0.7569013749314205
2.6728296369736446
-0.1083639796635299
-0.7340828372448036
0.3689354610367805
-1.4519643617396734
-1.6519458459255176
-1.8983002091761512
1.2894294455800139
-2.2859451865127411
-0.4447906777868452
1.0113534031046019
-1.2000105079271324
0.7288953689778908
0.9353290695406596
-0.3075579604966406
1.1384990751095792
-0.6570669072667652
1.2566310825030826
-0.0940578116023503
1.3033431563164821
1.2555212874743109
-0.2198898180712827
-0.6343529474039932
-1.3859113941487833
-2.4486089677697245
0.2280218278061286
-1.3686633407482391
0.3010242656403033
-1.8980389287359265
0.2636026926642471
-0.7478716479397232
-0.8032004858351530
0.8511766510581178
-1.4494065755874985
0.5723583774264962
0.4893206565696471
2.6793700224756685
-0.5414187977789628
-1.5473443504318019
0.7853535712662660
-0.7070670254270740
-0.2428812329315271
0.5000715473513471
0.9665317803654321
0.5855946350443640
0.6492039426795941
0.1824990015420966
0.4388426004451709
-0.5457256151341827
-1.3570859564115725
0.4660982952399567
0.3102283158132688
-0.1825537295909919
-0.3111108255216388
0.7398644504342711
-0.0528640763158066
-0.8208952474737978
0.3594437118760188
0.5279948085122207
-0.7543355852516632
-0.1321681821276185
-0.4966654645832972
-1.5173748375884191
-0.0140576690408333
-1.3509397672438579
-0.3784480406542141
-1.1061527910807767
0.0224148651251183
-1.0230090235671669
-1.4375967289362663
0.6261850254209042
-0.8310348986187971
-0.6980077184091558
-0.1224439594354418
1.7990057926157632
1.1265821871732005
0.3790930840429710
-1.1222967346336503
-0.9094123695080657
0.1478342929194934
-0.3389377817448355
-1.4925603598241803
-0.3812901437320888
-1.4168991468650258
-1.0401591738565723
1.3296778333675801
-0.6139901792237731
-0.0715224930727319
0.6425711486712843
-1.5490071556912199
-0.3448898448457414
1.2111658835949695
0.3411040766963711
1.0492343602882788
-0.0431934171679215
1.4222042164083679
0.0149840288504656
-1.0950473432050172
1.3173647621383033
0.3656016487028407
-1.1513446292838005
0.5030014069653709
0.6565678850836730
-0.4317404323991164
0.8248006921096583
-0.6226402390671372
-0.2385816484335369
1.0411874333767592
-0.3892019596285884
1.2316453552269810
-2.1039741000997623
1.2446091547849059
-0.4894023203463108
-1.4689313272095494
-0.3566647571987177
0.4929245766633127
-0.5572112091724629
0.1533267337206190
-1.5863012432736099
0.7380140623251096
-0.1834023122128136
0.1210813667301685
0.0060499916960526
0.7487379896046529
0.2156033667064003
0.7620536885586980
0.2492619611972655
1.4084672297761782
0.4182833067369711
0.6649408801612878
-0.8508369511443561
-1.2789957986205593
-1.8774982221430223
-1.7641609434422743
-1.0208910722224607
0.1959149000620289
0.2970045631692977
-1.1138098744148164
-0.2630040615864429
0.6508392698516200
-0.4053066896990099
0.4476833928645551
0.0892548334893049
1.5295801648780114
-1.3045239958945480
-0.2724664615322670
-0.3744517451723257
1.8620419496863672
-1.6236339979587007
0.5888257877741320
-0.1778797546720191
1.7425245673485923
1.3531770150750486
-0.1398472282717537
-1.6116604689479510
0.7055075413156517
0.0583196701825069
-0.2433466751983535
-0.5170362185469621
-0.5838643289797932
-0.3270685120571128
-0.2382845335092199
0.3347337531632095
-0.7265723197185456
0.5228465461699984
1.3934022746235530
-0.1569429397370694
0.4259115138962651
-0.2686732739057864
-0.0703111991127710
-3.0952696461509865
0.0235360282538949
-0.3888528181108633
0.3303659662472933
-0.7541570959969344
0.4340275862447610
0.7250784925688121
1.3045963845629627
-1.0262201203592802
-0.0703477496343618
0.6149749989130320
1.1192806076364663
-0.3019043412578996
-0.2435863476006053
0.2131180240047577
-0.2221601598997860
-1.5058301523311350
2.4846008377935189
0.0050116334155817
-0.3966927779036444
0.4528699334238457
-0.1914647674120301
-0.3571479047647821
0.2603117420834326
0.0637097525057876
0.5703185806682418
0.0813698320502161
-0.8029503363187641
0.1211682762324073
1.0833122857193085
0.0936620503356047
-1.5856893217330612
-0.8073174891704710
-0.7225332142839869
-0.6843889365389569
-0.6129678868761539
1.7299213626156460
0.7010400677063784
0.7023308036259177
-0.0598644080478495
0.8986823306646465
-0.1338806752135621
1.5987596841592340
-0.4253507235440410
0.9677828176015463
0.8127833467868010
-1.4176726918916993
0.8941536222244699
-0.3855220586900047
1.2133427432092867
0.2906251279166122
-0.2354274133994523
-0.8738035779589346
0.3361907162975032
-0.4291274479784766
-0.2061805653562118
0.4298308440493961
-1.4183194482040959
0.1315208350651426
0.2341872286902519
-1.4765877055280414
0.6299765238927691
-1.4048858541142686
0.4132632475181200
1.4438974582739676
-0.1994055243094292
-0.2654952153946339
0.7489698488990757
-0.6613573136824880
-0.5735051072877334
-0.0176453218978334
0.3622452593639512
-0.5860442295058242
-0.3580322964707444
-0.6467036883167129
-0.9402187587475992
-1.1704721148161927
-0.4786629031981991
-1.0705004893183068
0.6191852732194101
-0.8849022553694531
0.2958725039399481
-0.8865860140095846
-0.7059467827288439
-0.9959314454079652
0.5736350371755516
1.6401110877438205
-0.3995038782212891
-1.7774863864920296
-1.2791139001264722
-0.3670990864613684
-1.4651633549616503
-1.5429479000657529
-1.4017948471821071
-0.7530368086813218
-1.5475802700793719
-0.6958621294486096
0.7582205941328932
0.5557321751046640
-1.5861924601513866
-1.2379440074112704
-0.2479482544043367
-0.3111238577626121
0.5948595973204485
-0.1482412237408998
-1.8425999134606363
0.5362778548950167
-0.7217864507604557
0.8118999372113079
0.2202675766969334
-1.9668053541317509
-0.0202002099848341
1.0259443305366294
-1.4224710042439532
-1.0915407348663753
1.4820048651841502
-0.9342540216501598
-2.4602291440827111
-0.3382957135026565
-0.3999046111540709
0.9589272578427914
0.5963447895795928
-0.1156703068994564
0.9491841440419886
-0.6125106250807694
0.6031536905604175
-0.2951187806590019
-1.2065720998408693
-0.1829207997887574
-0.2862411887812264
-2.3976652489742190
-0.2438116395742969
-0.5082044216734791
-0.0001656751933022
-0.5618844443060463
-0.0490197648206216
-0.2765161570182798
-0.3243725293975798
0.4154776903891822
-0.1035090318167858
-0.2367374531850776
0.2344191888680406
-0.0078682874811613
0.7647567088000155
0.1627631542664907
-0.0563428670162854
0.2579905551521776
-0.5606070925585545
0.6159945646965598
0.0521303391484476
-0.3571965898365200
-0.8007017083880191
0.4354599287606807
1.8420495976091209
-0.0865421488720156
0.8617493547337397
0.7003337144688311
0.5578198006231689
0.1196447444019631
1.0088948326900609
-0.0114861414201466
-0.3597449924708467
0.6176272147977577
-1.3492073359261081
-0.4117945955945540
-0.9060131883793573
0.4532136544202185
1.1644002555315927
0.5030067607975807
-1.0659382729567615
-0.0283803336346233
-1.1291853255353483
0.0554538731650281
-0.1188642256320306
0.4248245022384782
0.0756468614153750
-1.3594153256723225
1.3800471242541008
0.4880653520739945
0.0476349518567341
-0.8755267608986771
0.5971006383759976
0.3135790888073589
-0.6009358926208823
0.0793167086377490
0.7218004921182472
-0.9267821511324874
0.8884435607898805
-1.3566744637331412
0.5233368351074487
2.1018058949507137
0.7756980765205108
-0.0049762581801214
0.2463853764254410
-1.0326038838934033
0.5213040632053109
-0.5348544337623281
-0.8582870563493578
-1.1542032232867014
-0.0756837534324161
1.0776019649323560
-0.1485343285278123
1.9733235275484011
-1.6364855510547680
1.7867911985988980
-0.1952534361136618
-0.5299056345848745
0.6280223900146630
-0.6911844712552497
-0.7244687369544212
1.9887311681406887
2.3285924293207012
-1.0887693905448996
-0.7978919613343117
-0.4602737795283436
-0.8062446911664046
-1.6442258347198007
1.6210554423586607
-0.1039622593121496
0.3359352680941810
0.4424689060467230
-0.4947321858006989
-0.0630260799683174
0.7784958292138799
0.1122780881942383
-0.8064227480537278
0.3434387647356587
0.5286944065372482
-0.9139896796157109
-1.5020553385635098
0.1486284125993168
0.1545668269373804
0.9511067480482541
-2.7411784949312215
1.0765174170065772
-0.3123240065544474
0.8198143760626222
-0.3497349268370211
-0.2964436132441602
0.6565752900438647
-0.6998250420540204
0.4134525079353603
0.1193008651093360
-0.5733270889297237
1.5332355153074797
0.2459030890186945
-1.0439504671885995
0.6266457857899629
-0.4155390031507743
0.0359883010245094
-0.5865910066627980
0.7189934842160056
1.2020904153837448
0.3260576518069450
0.7217341807990172
-0.9000551312418910
1.0950941931644955
0.0407924248611602
-1.5358766345212489
0.4436233724489602
-0.8505938903458453
0.6975011849361186
-0.4022140946151004
1.1574417474663798
1.2303380458090216
0.4802457772993488
-0.0110573565572427
0.5914320467127024
0.4254320561680538
0.6250726597333680
1.0972680536048565
0.6153821002101014
0.4481690891946623
-0.6584246400077535
-0.9431361768361272
-1.3522121816323380
0.7984699536461505
0.6829528348176490
-0.6626710601134336
-2.5646787900752899
1.5402220009034311
2.5943327961389890
-1.0769381057210354
-0.1869320127970298
-0.9929582641026832
-0.9413530561486121
1.7727629704962455
0.4559586320419644
-0.1810844151516786
0.6577780618381978
-1.0474648261411430
-1.1221470050577680
1.3797566048342509
1.9941169676852655
-1.2896604662479771
0.8846225636488093
-1.0949694763101678
0.4409698640823261
0.4960324394472309
2.1459323590093340
-0.3202354781243136
-1.4309251853752201
-0.2549744504832439
0.4852061018438397
0.1187382215290662
1.2188334015634636
-1.1159960791499126
1.2643195066732982
-1.0506756940505892
0.1810527041170247
-1.0605741784285889
1.7187384958973748
0.9623963895166997
-1.8189677989282147
-0.7223465963067193
-0.2800710508515266
-2.2730462668359248
0.0288389205217089
-0.8516936847612977
-1.4960650978404360
-0.7111182109746728
0.4840374081878370
-1.5989493948400544
0.4737773715810032
0.6517441465706576
0.1518411591484317
1.7335939737649328
-0.3058294535775153
1.4510908281485686
-2.4428029259592541
-1.5718748323129572
1.0675284767428752
-1.2238782790013727
0.1825089914882007
-0.4157220173966335
-0.7458708101867363
0.6442234953720823
-0.0445338005770410
0.1941282405206239
0.5881675972680367
-0.2141705570905406
0.4008333711864818
-1.2471456145881943
-0.4104798507638489
0.6100634899457783
-1.2520961646153954
0.1639785486838043
-0.1057824598954950
1.4413324638967893
-1.1413388862729621
1.1291174724092214
-0.2925679150598708
0.1921948259239364
0.4090932467162897
-0.2484681202153580
-0.7723840102154774
1.9669550932608018
1.5832135586214000
-0.5959721069184157
1.3192591022234614
-0.7812869238694452
0.0990544978575571
-0.6469625662896563
1.0645309732075579
0.7924309567858323
-0.5726163618228876
-0.6907318774252929
1.3049621706362997
0.3102623673860881
-1.0883357426127904
0.2695344574185903
1.6978961358887568
0.3677320439484920
0.3027728688323281
1.4062827399205067
1.7492918492347260
-1.2441040341184004
-1.8139263998726962
2.0208031097334529
-1.0111998886353237
0.2919630773069083
0.8557742439409267
-0.8864501092184564
0.9995936386267003
0.1971228946146013
-0.5060836623882309
0.5773296029257624
-1.5751832162660455
-2.5465671846905180
-1.1730038096595639
-1.3721432279146726
-0.4757533157277160
0.2185656777047191
-0.2322097519782070
0.5167248028842983
0.2084304819588236
1.1839059815886115
-0.1811062045576516
-0.3692269770545802
-0.0245748675264552
-1.9693823972198345
-0.2156057725215623
-0.3047890616248949
0.9797191681643660
0.9817129814036517
-0.8723226806064042
-0.6085766228440233
-1.3069475008086116
0.1523068426269761
1.2023423484652420
0.3649402439812870
-1.4021663773440600
-1.2639448125121500
0.1522342345624501
-0.1045999602478751
-0.7793602044728551
0.1272302186349094
-1.6736766180745339
0.0782082515868561
0.2039404670518141
-0.6770380239981391
-0.4070401842582444
1.1055518365403785
-1.5491387764304503
-1.5833164845981442
0.0831047317365640
-0.1436794194192184
-0.4300249595304559
1.1489226258267178
0.4826155666185752
-0.8889806583267864
0.5038770343458687
-0.9072078740612665
1.2808514054067470
0.3145455547237230
0.9138257272642277
-0.7768672372588292
-0.3012355943651933
0.5976980922183639
1.0084418501543522
-0.4957893088293905
-0.0668411773114137
-1.4238714613679315
-0.5603192515943862
0.7269260396702604
-1.3636169749464155
1.5325102147280680
1.0829181373336483
0.4922387371673660
1.5769235189689190
0.7336232954587173
-1.1060353034491559
0.3169839305759183
1.8749330419411081
0.3043627040253100
-3.3008019332532239
-0.4512042750693100
-0.9036560322063465
0.5427629231182873
-0.9417324665534311
1.3032503731978697
0.0643334693987151
-0.0029099444266391
-2.0300457712922091
1.7347052172747293
-0.5135798330513800
0.4861486123462918
0.6439131210648160
-1.4632136253556023
-0.2954239807570547
0.2382997077507114
-0.5424875539458526
0.6981031165863002
1.0299690492556910
1.2664237878733078
-1.3262553911798585
0.9463605177772848
-1.0238384475816871
-0.2195772263459315
-1.0813290792398083
-0.4936771110000611
-0.1220909008903652
1.4532601923300279
-1.2334941025641393
-0.5408328308588396
-0.5600918896176040
0.6160851029493335
-0.4756436406705402
0.3621716415255887
1.0163957708919462
0.0076291407338888
0.3705643002104046
1.4785479673297548
0.7807156633851846
0.8267704447362527
0.5865762904811299
0.2344911978445668
1.9233497257538015
0.0817083840582010
1.0603621451382448
1.5003547904600618
0.8350905667743773
1.7359586381038645
-0.4324055630214755
0.7613021255898954
1.3750036129183667
-0.4664730157083045
0.4906441059281144
-1.2565471388787306
-1.0696758778815509
-0.1916763965053928
1.2641981821187196
-1.9155910334880206
1.3730926261492788
0.4406263774623445
0.0464521257001743
-0.6955811614162364
0.3460907105103350
-0.2749972016043782
2.7213797461758955
0.0931377886650979
0.3753609493737556
1.2563732793811586
-0.7500734388694952
-1.0906691739050385
-1.7945451291950956
-0.3581991755983647
0.7096944359063070
1.4101100326878380
-1.2518884126451726
-1.3407736946364122
-1.2779842353012894
-0.5018946102889313
-0.5176930322742506
-0.7203172642988529
0.1925302643702684
0.2785768328649709
0.7597337177524702
0.8755241465696022
0.5722047258830192
0.1030169210293792
-1.4458757405500158
1.4174422394594197
0.4863207371064776
-0.0995857700043138
0.4794673897389425
-0.7045187143062605
-0.5508450857903775
0.9679849367028743
-1.0097220149739807
1.0641923060219660
-1.4655608829589830
-0.1025345164873864
-1.0037946710229866
0.0909045807135380
-0.5700997292473682
0.5046406415677810
-1.0767457731285639
0.4475324799601627
0.1966817446513748
0.2185441285246605
0.1964493373066938
-1.5663199464134854
1.0594273699281145
1.0648008555281017
0.3554731135751997
1.2604538239453078
-0.1177071543829755
0.5388708975280013
0.3062041588674960
-0.1050446403855757
-0.8763103083826640
0.4763993474350624
0.5183707089644921
-0.3196676736152538
-0.7343417875068511
-2.2575349800505706
-1.6401561351866130
0.3465230970734489
-0.7993863299385922
0.0076661772329922
-1.0395974330280284
0.0514539547205606
0.0440652413008346
-0.2865903393523354
0.1436469147575348
1.1975283382154867
0.3556256998862911
1.4692413696784661
1.1992446446238449
-0.7196185389635039
1.2951724342856634
0.0768454149590661
-2.0432646341620742
0.9461665698261287
-1.6028011627619088
0.0770238003316715
-0.6522151328040678
0.7244162598684137
2.0582164018347515
1.0910289690029373
-0.5199492279131783
-0.5731105993142140
0.1707037051944281
1.3473638276880708
-0.0139981715755282
2.2945410492659675
-0.2695795796763795
0.7081653599402259
0.0427105960964631
-0.2930664624684970
1.0296845078492640
0.0693201607993261
-1.4444749230374456
-0.3571701301543767
0.6227370319875962
-0.3038243526920114
0.1903213730368113
-0.5729469690966634
-0.3588350549187990
-0.1373331120757860
0.6176730176421724
-0.7567564195069864
2.4303921803069866
0.0525340957000562
0.5523064149841561
-0.2640407730036317
-1.4351286186565830
0.5209119505621342
0.4291229980852974
-0.4819760224406284
0.5142712222725965
0.7356515638621146
-1.9330237971822664
-0.9967990757992686
2.3099204130717368
-1.0708329898310460
1.0455572217302296
-0.7451024158483991
-0.1382364413043334
-0.9312841794921897
-2.3041071526600327
-0.4510448338988302
0.3452237126875758
-1.5621476561600474
-2.2074782195044271
0.0657179982729847
0.5557425379261216
0.6656519572085178
0.5315112602725828
1.2812314290929234
-0.7185301597457660
-0.8695352736665504
-0.2225143780444813
-0.0208467598158260
0.2745085032108081
1.1872279887556598
-1.3427946621678655
-0.3413647439741317
-0.9781381744157428
0.0612763326593067
-0.5722986086973531
0.3217111911981027
2.0856813613264409
-0.2585289318009742
0.8117770395563467
-0.3633102744599673
1.1594165194336887
1.1481331775750483
0.7622586483302721
1.1207824286958576
-0.6325488375693230
0.9612505558817840
-2.2725523406090256
-1.2996741350893812
-1.6545528882587843
-0.0800153748578726
-1.1295888354692822
-0.7098462530283097
-0.5988504679072653
-1.1817408756638621
-1.1624148663974412
-0.7456804129654901
-1.4140407584636310
2.0192314890465259
1.6022227961942270
-1.3421630644411715
-0.5671113226647534
-1.1810911209476171
0.0490036575871863
-0.8734808845613208
-1.8022804094832394
-0.8898305898855264
0.3189085234122354
1.0776332757650611
-0.2557759314510344
0.7970545747400009
0.0569781008361402
0.4887530635476218
-0.8124562981608288
-0.5427961209785653
1.1147576260474907
-0.8346990171038889
1.3873695429197046
1.5736992165875061
-1.2169778567497072
-1.0636906839267379
-0.4793762174363098
-0.9590892769485644
-0.3939026216645417
1.7082699486576676
-1.4969074091253447
-0.7403402986251160
-0.8130901734938362
-0.3743439178461809
0.2036611733238027
0.4185275405167175
-0.1661241191957966
0.4627462817797127
