-2.6606430851221492
-0.4462997222187685
1.3961691072313589
-2.3941059208637445
2.0264098178482333
1.6131205108185729
-6.6706922991052231
-0.9775943580387429
3.1859778622090245
2.6902882428889003
-0.4741942519474685
-3.8793527959136602
1.8757785393779989
-1.3284735675832704
-0.6290554763999013
1.9931664552440089
-1.0221877212212240
3.1708739439073188
-0.5816812727029766
0.3846104248448212
-4.8851329321523531
0.2206022966643405
-0.0204040620169039
-0.8996562320667252
-0.6898894694059380
-1.6116963530853998
0.8361557586598490
-3.3530439795480778
-5.7467508306672066
2.1736988207293644
-4.0522364453910518
-3.0122186090207053
-3.3756483366851500
-1.3042964088483062
-1.7506140574006226
-1.7711453854856456
-0.5219232136943850
-1.4093885521720646
-5.5182342023857318
0.5882091109566396
1.3177797712806640
1.8141824462745524
-2.8200213106430119
0.6602300457414305
-3.2188849010535061
1.0937939125102538
-5.6657457055593392
-3.5895861104475433
-1.2879667300979813
4.7307968364099047
-2.3899456463189219
3.6397345183733196
-1.5026954850118335
-1.2975748757550656
3.4173612642498776
-7.1962390502785807
-4.7899474048063171
-4.3494013807594616
0.1397893525440422
-1.3950695549881413
-3.4546345727982031
7.7741866106823636
-2.7815005975226472
-2.9777637468385785
-0.8330392574734842
-2.0599769952552816
-3.9444319730049435
10.1100032703027196
-0.9434351747997587
-1.2861093421914449
-1.6048580834210979
-1.5190758870413175
-1.9859901793624126
0.4418585490166199
-2.4038173472325721
1.4296137578613295
-3.6823162523355344
0.8008861735819948
-4.0519929109278072
-2.1083897760034085
-1.8267981543395382
-5.5442095556988074
-6.3757720277142527
-2.1738353300869955
-2.4567302739449963
2.5358894918968340
-2.2299529182319393
-2.5930580386268027
-1.2427819698402431
-3.7055505924869441
-1.7967802279413598
-3.9831353833647105
3.1629701744567202
-3.1747707980080793
-3.6422313680591847
-1.7634226240267021
-0.8181691660768498
-0.0238156548971953
-4.0633138023490689
-11.1866739844447594
-6.9577832819320014
-2.2032533122513462
-3.9135372300485267
3.4629750347441930
0.1326578477028364
-2.0436589173925452
2.0742352732570466
-0.3973076302570981
-1.0163603962641830
-3.0896027829953305
0.4202172564346126
-2.0120533764129283
0.1113558332096418
3.0973551151594303
-1.8393567079630060
0.6220519695578953
-1.8313859304126963
-3.1793030450726327
-0.1062341316421768
-3.0336349294974800
-3.6422091208023040
-1.0054219679123535
2.3317559348803796
-1.2381644032307955
-3.4086666221324462
-0.1645980542177629
-2.0494705395386306
-4.4593881451309025
-2.8393914364937758
1.2539133945952805
-2.2182424047736116
-2.9183407000958344
-2.3087251523874031
-2.6505750347617716
-2.3264214797906249
0.1125920060934654
-2.2897489507364557
-1.6547522168550786
0.5408817710013061
-3.0973581984662402
-2.8703049117890127
1.9123196682679899
-5.5153122725129959
-2.0152934279486101
-1.7521121016013004
-0.4319319468560052
1.5397062616852830
5.5948639954782156
-2.7158720345358280
-5.1116141180631951
-0.2385197313407421
-0.0752119257656516
-2.8315809613971150
3.1066895227487938
-5.6827980206789226
3.4975105791511849
-0.2567014350869972
0.2881747209190816
1.6409665781412817
-1.9240717257659223
0.9206588774315797
0.1928552091200115
4.5831962725224331
0.3951144692209895
-7.3607276656807512
-1.2013991709750611
4.0087739661232584
-0.6911109475671549
0.3064847784051045
-3.1721304349762045
2.1607007177849691
-5.5747102249594285
-4.3391188398820519
0.3316424813624832
-2.8682803125692828
-3.8449704809504102
-2.2963237060085744
-0.8293934378460308
-0.0485736338868032
-0.1480138597023738
0.2942216988168830
-0.2486978204478344
-5.8266232042951591
-7.5038138609729552
-2.6504808883904447
-2.1269159051308018
-2.1092971938335849
-1.0762128772413804
-5.8333957311569353
1.2770313686361698
-0.4607916031321714
-1.0537331424862300
-0.4214711582931172
-0.9303504755515574
-0.0762521050690395
-2.2172930994087232
-4.5963696511486276
2.0813601263211914
-4.5796798528229186
-2.3266127392923814
-5.0369774704164856
-2.9698987327046895
-2.5744028535815708
-2.0051301489679920
0.4206801664974316
2.4278350677079237
-1.6745369794034084
-3.8128256337155371
2.6198754241546451
-1.0151391907239347
-2.7380391824291763
-0.7722516949410931
-3.0181407792036690
1.6580208378979737
-0.4981371023864273
-0.0185318497285246
1.4577149088370092
-0.8738543874415499
-2.9245754244403690
3.0287244219415399
0.1451558869398022
-0.4627961732826817
-2.0843106934371445
2.6780540729213200
-2.4328477848278758
2.1676136655090246
-0.8695691255504188
-0.5850361192958086
2.9617041594020930
-1.9584767534252736
2.6920508019256451
-0.4916031746709663
-2.3533403896912826
0.9812671043114330
5.4043942660688487
0.5699979387536998
-2.8442216423093916
-0.5910669400092322
-5.9240101373859986
-3.1928609110071564
-5.7710004223764528
-3.9729355380285734
-6.5793715883004467
-3.4460719939028697
-1.4385828239209535
-1.3777473023292723
2.6425009807521711
-2.3487239699921965
-0.1474042277471074
-1.9951568310708019
-0.1268877612567915
-3.9573268867535916
1.0665541979529714
2.5143613351722069
-4.7994113952449817
0.3615192053460670
0.2669653098234058
-1.3363469537310739
9.4830539212993887
-2.2727007780856767
-0.8824126792924469
-2.4326226756068969
2.7406169349922442
0.2940424356287262
-4.2349451219021850
-0.9879898680170905
-6.2056586684308446
-0.6693257952806428
-0.8326944651239945
-4.5970194272238860
-4.3040950065696082
-0.1126106283588900
1.3211016455159832
-0.4885409810538203
-0.0138458539706289
-1.8880454832777547
-1.1352409864240498
-7.4671892749339461
0.4729741585235157
-5.6741283236888895
-0.7694714326925128
-0.1568689298880764
-1.1735949727902877
-4.5532712142986940
-2.9128754714875567
-0.1562210465167846
-2.7357547388915258
-2.4039898799647896
1.8362170441529333
-1.3496443498971902
-1.0741511668841826
0.0911454252903001
-3.0205668968784729
0.1691322241343891
-1.7506287363257838
-2.2494401792165042
4.3435366806285094
-0.9364351209514705
-3.2466442950799794
5.0144018784148194
-1.7701447911111481
-3.5410842342588280
-0.2428002978290509
2.7858507984043124
-1.3693657756085984
-1.2566639409089955
-1.4956556971829522
-3.4121563036182065
-1.6422880810291425
-2.0533945301434424
-2.4372568377412382
-4.3316284043361684
-2.0676299554974191
2.7036091970040910
-4.0766684861243991
-0.9395104619587932
-1.0095527227321011
2.7562175412918473
-3.6299431047546271
-1.6541235277087385
1.7637612528830435
-1.7299480177099349
3.7534038522520770
-1.3938438416016010
-0.9902438145672640
-3.0945744592206563
-3.3642635946641422
-1.8611311361923504
-0.4855638301209220
1.0626114135399658
-1.6734149977331236
-2.3092763741279345
-0.2246812543531819
-2.9416410062779055
-2.2050703110899574
-0.6386122619558011
-1.5617997861547834
-5.8107608236884873
-1.5973275919600436
-6.8283483255453765
4.2128316266055332
-1.0450236164620690
-0.9583414777042891
-3.8110516183518395
-0.7129578469870201
-1.7023697343424438
-1.3013819341885846
-1.9754527767293286
6.3144047726768342
-3.4263017650751815
4.3327423944621577
-1.3883141818628817
-1.8782947240706198
1.1317631310125942
-0.6404847824540503
1.8404603013642211
-3.0258981081527163
-1.0166887527646373
-0.0065684263971413
-2.5424460558985325
-2.3378791545285713
1.4480370403384080
1.3429886453372721
0.3123589020415035
-4.8222892445541730
-3.1370688041134698
0.8310991035733294
-2.2937139364222658
-0.4014713725747936
2.1395098099552072
-0.7499065946029377
-1.3887185379161873
1.1104773306413895
0.5521531153728393
-0.2898897241777381
-0.2601676711341749
-0.1547252800620564
-2.5489475536993118
-5.7606494782330318
-1.1941678069567279
2.3670162427765082
-0.8187947970248421
-5.2842629687969751
2.4657286041258413
0.3033332621823514
-1.4242566920522195
-1.6385526504064511
-0.4302992475538028
-0.7882076144925789
-0.7971684876689155
-4.7038724655791277
-0.6776294945340924
-4.2773588419733519
4.1059203044004597
-2.8143501403651441
0.2350635069913403
-0.5898682195413952
-0.2929980103143316
-6.6026485027434276
-0.6562323245509505
0.8955544706992797
-3.2507107011267724
-0.0059586207817178
-2.3885683042198629
1.1439072621975330
-2.9466582640063921
-0.9151138284230375
-1.7375152244733467
-0.7431967619831412
-1.9676123124334488
0.3304153970020969
-3.9730835829294984
-0.3056952724435059
-2.4771309877577616
-7.0894987990324889
-0.4583903855804485
0.1830171615168348
-2.7554512635400763
-3.7665447131032459
-3.7459936049387474
-2.6135480923254106
-2.3541054127932375
-2.0450901494334230
-0.0885593429546641
-1.4182783652422373
-1.6894751776811914
-2.3193488582794495
-0.5510985048437820
-0.1010024958358313
-2.3101050080363317
-1.2903473237872556
3.5188741119708848
-7.4636405434565498
-4.8432679599757096
0.2735535873301819
-0.1108367770290679
1.2011865661201500
-0.1004942283684952
-2.3098203134547388
0.8856297497673080
-0.0523314641293179
0.0355359783548826
2.3493202187205657
-3.8065457976888117
-2.4550953224331722
-2.9048603292324642
-2.1176029430333960
-4.8805094341206328
-3.2529669873816927
-3.6302488058530464
-0.1438562793819244
-1.2160872991398475
-1.5314777020380470
3.6597126379561185
-0.3392789413893370
6.2794936822320473
-2.6888570166171570
-5.8289006527389784
-1.8385948626923718
-1.0610632211427824
-1.4107804801717641
6.2450828164727907
-1.4007265681564089
-0.1096986125462217
-4.8354002253021031
0.1988374021136923
3.5741632496524911
-1.7674736141131351
0.4933117773079645
-1.3712323986093780
1.4651757301367034
-5.6683280261804114
-1.0882972879247230
-1.5920075674692038
1.7225450481755995
-2.8763375468201926
-4.9430670539561357
-1.8679595273012186
-3.2330355498097236
-5.1553323510513298
-8.0776537030855113
-0.6572804169878658
0.2433472915406374
-5.5590018379306061
-1.2706689274126073
0.0187199623186444
-3.4926672497735338
-2.3984182879138332
-5.2837337096246202
-3.7110253516580518
-0.4986017875971058
-0.7645489071751230
-4.3441971391944572
-0.3781012783492409
-0.1515470945908521
-1.7055825438500183
-2.8256650043769240
-5.3107127471986306
-3.4102937825216100
-7.5168982058557106
-0.7605772225773348
2.1911888212311026
-0.5890387830970805
-3.0842755062110783
-1.0566576907068799
-2.2314597379226293
-2.6448250608257156
-2.9542058904587489
-2.3475024223590060
-3.0843061333656259
-0.0908655487872012
-1.1359593885620858
-5.2477329796972958
-0.1101427741598671
-1.4512910347399981
2.9299871647319811
0.0676566895505761
1.3658712578961918
1.9191843844495056
0.6234275718636872
-0.2416254386948133
1.2254873393465917
-5.7754667253030583
-1.0999006665873869
-1.2678125469942587
-3.7860334148099719
-3.5695390766222248
5.1361592556243085
-1.2670718678023776
1.3460468970248629
-4.8588513765361627
-0.2726566074623067
-2.1272310411452775
-0.0653587922826620
-0.3453656868664001
0.2868848602725897
-4.5931351512806406
-1.5100097556043017
-2.1785092037703078
-2.6863097210953155
-4.1073062120527757
-1.1619840411284663
-4.3612709325594290
-3.9746509612466867
-7.8229795359950955
-2.8004347373873189
-1.4291819187878914
0.2513534209827881
-1.7322950514759110
-8.9445524816443029
-4.5231263470166745
2.2419787012090646
-1.8488541565519903
-1.4694041545142125
-2.1319116028169316
-1.7652039101168513
-4.2373681857612047
-2.3663669567552268
1.5182551214477720
-0.1570400863934414
0.2752323214981149
3.8576896020138403
4.4142038698795707
-0.4360949230325222
-2.5437940672668677
-5.2469878997174151
-2.2151729072395452
3.5499637073468251
3.2060715894645364
-3.0127448190869472
-1.4605772656858091
0.7654038024113075
-1.6710188487542712
0.4005054562192794
6.2108020591683344
1.8865144616107226
0.0425374152566179
1.3452357518430675
-1.1793705866535207
-3.5737736144648498
2.8109630022296819
-2.1748342506201155
4.8593080096322172
1.3685584708012719
4.4373232837961769
-6.0930684827647568
-5.2481793636033700
-5.8667507527480103
-3.9174103351158198
-1.9352223903759818
-9.0166029822542519
2.6847539233771798
-1.4692450313666239
8.5430660421874869
-5.9643891220083169
-3.9342381880753887
-2.1162422823829656
-1.7279908452818773
2.9379760986627623
-2.8342482662878199
-0.2486404376224609
0.3585186145677562
-3.1940176932863240
2.6167684529444610
-0.9856269145183542
0.3432156579297581
-3.7277426318414411
1.3970294777605192
0.1035025872628243
-0.3768420128351342
-1.9145983208855253
-4.3609346134117599
-1.7363871000892450
-2.0444614675631896
4.7485490731139741
6.7431177192137577
-4.6145657394889241
-1.6801744890939392
-2.1328197244762830
-2.3529261138880098
-4.0304473209957976
-0.3780211111451341
-0.8689218511174717
-2.7249662384938484
-0.9434543821764214
0.9173877930422480
-5.0368269470663103
8.7986014127305214
-2.3201389012499445
-1.3495534816288743
0.0458825201799710
-0.9714281971651086
-3.4894398338827619
-0.8057370611090552
1.5720923226418295
-0.0113812252728686
-2.5146635304330691
0.7368149635224346
-2.4082270639032215
-0.3326211842879583
-4.2104945339987383
-0.3794494175426553
0.1576190105433073
-1.6889603425939723
-0.8344986903801347
-1.8129326575533380
-5.2502321694115235
0.0061137506246894
-0.2593008724385884
3.7469943140267405
0.6896558222540818
2.7792285815701110
1.0659859253739050
-2.1522513629029794
-2.4592753781370442
0.3251035387362277
-3.6773895202271478
-2.5678494350914578
0.0619086333177722
0.0589652927621711
-1.6251908964356496
2.4603641448378890
-5.4603265193533508
-4.4380392420467842
-3.1920828865826856
4.0980851180706708
6.2647459305495019
-1.7231631641349707
-4.5219033554375399
-3.2029813154842635
-5.4684341110986203
-6.3212301949466871
-0.1355486271409602
-3.0134987900590215
-6.5099223013407519
-1.6394110813851845
9.1413047626928812
-1.5507645304389845
-4.3040927198754284
-3.9862894674517082
-2.1270629230801936
-1.8749490819292882
-3.0634707054758237
-2.2814808210301454
-6.0074784698615327
3.2231966426591758
-0.6493406604390271
1.0086759288542972
4.0456874722158691
-3.7065615428478820
-4.1933228597853978
-0.4364064653805559
-5.2006903705830263
-4.8731515861791630
-5.2898262050873397
3.2363654333901346
-4.7352666163102937
-7.0584902973073040
-0.4551205960240282
-2.0675649456040310
-2.8372357114819442
0.4287494863080078
-6.0855567902478862
-0.3121257798094985
-1.3340188621843314
-1.9516380773686821
-5.2265349317036867
-3.5733739697336673
3.3698469223189162
1.3671891757618668
1.8871354554021569
-3.7793068785823776
-0.9021443259766033
-0.3474672169835373
0.1900713787361389
-0.7590739284530472
-0.0683792667819051
-0.5303486934280787
1.2621464590664833
-0.3524793826911431
0.1614239675320570
-0.8689159368934298
3.3248680629571443
-1.3049160773006254
1.6245378072348235
0.0924002067579974
0.8359644957260035
-1.2536542250333498
-0.0198859179417078
-6.6305800351276609
-1.9409704307532345
-1.9743506024323902
-0.2397743353751525
-1.0685428245041917
0.4402568261072839
-0.8827480103199515
2.2374332430282577
-0.5249055446791390
1.1868289124981333
-1.8530795249580321
0.0475514788320051
-4.8371122487508416
-8.2998285305547199
-2.7734386042808525
-1.4216971277908770
1.8488359510496921
0.4751592466108452
-0.6545162533089510
-0.3634942760253560
1.3533234479887588
2.3419310166575373
-2.1815296417504513
-0.9539764252587523
-0.3952793766804723
-5.8620181361100325
-2.0803435176377021
2.0058205474431072
-0.5411141540067015
0.3968555274260943
-4.0660937593293909
-4.9203856101335868
-1.3573425398149044
-4.9623253378958800
-4.1913125351850402
-4.8483972654418865
-1.0655485012996000
-3.8645632627718509
-3.0622200901613641
-2.9416549763076327
-1.3921392377668662
2.0589826144842811
2.0429265249989887
0.3773354366355712
-1.2432163006470596
3.8430956041278472
-0.3009703804862325
2.4274681806880070
-3.2947238202350801
-2.3546955789503934
-0.0722629290940803
-4.1656298258420765
-2.7356872800523631
-2.7209557439539105
3.5356019070656974
-1.4480558330613942
-0.1659821305800963
2.2435453370485754
-0.8282728327109786
-5.9820921167986558
2.5979586160504633
-5.2349157903935088
3.9792096731641275
-1.8960795542188895
-1.2471976644780787
0.1277367300643831
-1.1491802728593021
-2.2618811068550424
5.1858753926334016
0.3695709587270481
3.2529620035622662
0.0059249866427639
-1.3759170339246700
-1.9956459716632318
-0.3364763754103824
-1.8919169427331832
-3.9722752669965988
-0.5260650590927652
-0.9687576468488583
-2.4033179894326415
0.4958494974881621
-2.1705187111254576
-2.4022408792288328
-2.4672103504879290
0.5980316673246762
-1.6706566649527463
-1.3478708922364280
-2.3670459942725275
0.2585522738517869
3.3127417263569190
-0.7708274049571803
-5.0501470639700115
-3.8386746099028981
-3.4656519222247586
-0.6610155568466021
-5.3963866937382470
-3.5019886792622428
0.1917330493264802
1.4216453956725670
-1.5835363315941773
-3.1178693941153948
1.0064378599948183
-5.7749882162887962
2.0334724248394549
-0.8679253942887761
-0.4332032259816374
-3.3118807917829836
-3.5226253988270515
0.1840101888225821
0.2398568657877223
-3.0467666276525129
3.5619788964144092
-2.4570941552057741
-0.4194195421142851
0.2353763985003627
-7.8015040294349047
0.0917361095297557
-1.7479489093350653
-1.3567059705608018
4.9408598418641887
-4.6957288172111076
-7.8727008159597860
-1.3516682910160225
-1.7644725641993810
1.2146899485257066
-0.2101641454446040
-0.2891044655329353
-2.7960098482210518
-1.7332351288140353
-0.9248283901643035
1.5788180956793596
-0.4651097943746498
1.0426167457086759
-0.6069467460158338
0.5739930071591174
-5.1935047263837149
-0.6107262034010918
-3.4534247006909315
-1.1557285534136890
-0.3778386417493120
-1.4434129696733122
-4.2480761028506189
-4.2847322026292041
-5.8802237978869094
1.2017339996482552
-4.3940749355478843
-4.1884541290328992
6.4133123096381821
0.3191689580885996
-2.4732142187409587
-1.5388830418047037
6.4475150083672901
-3.4328165136804416
-3.6738945583753839
-3.2704076158893498
0.4465750666161201
-1.8689424740642191
-1.1478909767814156
0.6311378534900464
-2.4966055035412587
-2.1303164081220918
-0.5178225598895474
-2.9733875276124015
-4.2848227321690349
-5.9501135068309736
-4.9253912804746340
-1.3247344952294604
0.4640541460471512
-8.5092688482411578
-7.5318764233885984
2.3075474725330460
-2.4521579629584558
-0.4919776895589305
0.2426799779372507
-3.1736086273176238
-2.9304217855544410
-0.6546557381623015
-0.8485280345388087
0.5784901030501000
0.1220821543265299
-0.9639684402386715
-0.5363496204474296
6.6265471166899381
-0.4593652087154005
3.0016532666463327
-2.9780342312552674
5.0973198257258998
-0.0643678822811346
-1.8698186769744813
4.7228058137374704
-0.2921089054431267
-5.7448852369312045
-2.1118308164145776
-1.4862983074394607
-0.9327272038854446
-2.2024365573770708
-3.4522635388289022
2.2042120808731736
-1.0379706422934203
-2.7823360921445950
0.1982662474446324
-4.1904262021416780
-3.9335299128962826
-2.4252928450165459
-0.5090763720942597
-0.9683213255970429
-2.4924230651761707
-3.3554111729186107
0.4756910183791994
-3.9386751805617499
-2.0672300110883608
-3.6135387479982155
-1.6422334984337126
-0.5392087725198460
-6.2307229339480017
-2.4305520960211484
-5.6173184324258658
0.6899479531137724
1.1238633972645131
-5.0313313586274635
-4.4794828665124644
-0.0924001465814835
3.1409297506675378
-4.9929323624517092
-1.6076304135313098
-2.9301875000583495
-2.7198360294715034
0.0715121707882322
0.9313281744474077
-0.5778551777614848
-7.7608471350113506
-1.1433582843075738
2.0789996976540697
-2.7647683619372292
0.6375421427489200
3.7032466014114931
0.7673561189546398
-5.4741125140013187
5.3179165350971971
-3.5814094070727345
-1.4598725678692488
0.6561774269409734
-0.5793815063359055
-4.2553641406749474
0.3203939404382137
-1.4628527194067418
-0.3194902374199612
-3.7532126190783912
1.6291467818662579
5.0744342625557302
0.4174075950525547
1.3661314826820496
-2.5201509349224014
-0.8689487652210309
-1.6527220814988688
4.2505131799395333
3.5379485350520272
-0.6228467839726277
7.2329148121749176
-0.5326418886818615
-3.0024838857438390
0.0060378129681117
1.1333725878617884
1.4189179510030634
-0.8584382329608292
-4.7571877995528764
2.9709820003328544
-1.6738286037386985
0.0916188647347968
-2.9635014605123415
-3.8705145387488376
