1.0488199593797312
1.0954436029002605
0.9422612931091623
1.0665403267714153
0.9593170746057598
1.0081364620999784
1.0936884560747766
1.0889442344667184
1.0537822813058624
1.0972470253774200
1.0192920499973548
0.8932048840812272
1.0359437806009839
1.0731059899130682
1.0985731451543821
1.0836668260331670
1.0956866810583605
1.0633606885730977
0.5517801507512617
1.0636171390924687
1.0975740423820011
1.0942799221740962
1.0889690642257415
1.0977910818071654
1.0879795190655313
0.9256709552079668
0.9306108998609006
1.0949375548275064
1.0475945942641096
1.0594020847689254
1.0897527192229766
1.0893292852653471
1.0277290033899960
1.0316562790999351
1.0653608591532182
1.0987291462698983
1.0889396688615052
0.8727043136924394
1.0944307236855886
1.0490260827458358
1.0073608072930782
1.0973872452932674
1.0966401305674374
1.0446543559860726
1.0901846019433810
1.0824980112509248
1.0947071741824317
1.0736932022513244
1.0477344270426137
1.0964868751603436
1.0893310535511254
1.0559286817075495
1.0893078324913414
0.3037656313485069
1.0521290551437894
1.0954294309921389
0.7733691290514936
1.0904843347528554
1.0466025151237870
1.0786165284197411
0.8670342798108426
1.0465761347156100
1.0976865034946799
1.0902876439734457
1.0838913504182415
1.0357577011519743
1.0960684445344233
1.0884903011114098
1.0946994208953515
0.9713486767996424
1.0933733810370276
0.5592643704663912
1.0929515885608412
0.9304147376504510
1.0447253901558249
1.0900962734789588
1.0952842956073434
0.8340409752422158
0.6280404948883561
1.0758299277197092
0.4945360889849820
1.0946561390558103
1.0961964564547699
1.0913222965569243
0.8501698385882664
1.0812806176895799
0.4341538540393614
1.0860889077299218
0.9018061742007781
1.0794453566701987
1.0305969806511011
1.0930582327103489
0.8806402891139596
1.0803159937380686
1.0526204708246132
1.0933742474723267
1.0795948932163071
1.0952940443517771
1.0389645365708717
1.0611648046732307
1.0528731190840011
1.0697545035259317
1.0919988960736928
1.0763387021130140
1.0916678510029090
1.0281906005813224
1.0818960716286925
1.0883894878427465
1.0701150226057139
1.0908915892953732
1.0813017086062484
0.7391935808885469
1.0941824931073110
0.9465792926908451
1.0975592293171867
1.0019855482362467
0.5453265060738262
1.0837186272290080
1.0625346504298434
1.0428719443187962
1.0804805711022059
0.7769675899714612
1.0044857606835254
0.9294755028810183
0.6868125459932344
1.0697795613011156
0.8150864245080379
0.4959446084612016
1.0908815760835049
1.0931561228626785
0.3345149679405292
1.0897364077995684
0.6510216159860663
1.0931836063619800
1.0606679997967323
1.0904126472759126
0.3421597319171962
1.0862464564922381
1.0948326402813713
1.0656391015914164
1.0901682574372920
1.0317193170623995
1.0730678314683011
0.9145044551332918
0.9903232876955632
1.0813948689285064
1.0698156601609703
1.0959288394151439
0.3592131711072475
1.0289469237728841
1.0876673356751938
1.0908375335567451
1.0944403990245184
1.0951002166594537
0.3139527729135783
1.0328919267164347
1.0931464287469852
1.0974696991984374
1.0397957819085355
1.0269423353784370
1.0877904412905566
0.9729818213013887
0.7188148882445696
1.0755212963309309
0.9999661393972776
1.0435509688789322
0.6362968428525372
1.0484798186136617
1.0836285477715750
1.0887701903882705
1.0956825908285686
1.0463641907837702
1.0103395458025299
1.0766575781873073
1.0978307261743261
0.2944805712211734
0.9888881420279054
1.0946996383773240
1.0943247032703676
1.0967043780045425
0.9331773600932348
1.0922240441932749
1.0971544920982790
1.0866324300514956
1.0917772567866182
1.0953913193236164
1.0509750388021866
1.0355268462247795
1.0972540030925673
1.0383231771995252
1.0956330453390095
1.0930020391675497
0.7735998701467223
1.0865000219159788
0.9880095202605278
1.0831084772377850
1.0963399089700021
1.0923703739459671
1.0883890158368121
1.0962984841121979
0.9536683330427949
0.4079470640947896
1.0387757166927971
0.8625921361987439
1.0961586585562064
1.0711380398659125
1.0977437737823272
1.0928621304863342
1.0926093524540141
0.9835459412802794
1.0680541896804474
1.0459088407169002
1.0573153136099931
0.9587187653134854
1.0193613274445901
0.3082508783786392
0.9487457167719858
1.0802671515505418
1.0736250671948275
1.0953369680060754
1.0881792347272998
0.9121471984575144
1.0126314406619392
0.5615775020319754
1.0897887535187558
1.0577285990717145
0.4137986280683126
0.6605122093215937
0.9146987750097136
1.0879382630326053
1.0888341111477573
1.0964395263504503
1.0771710278914817
1.0946251775636988
1.0649270273046445
1.0878058587691171
1.0932246835225918
1.0796548030701298
0.8368052210865239
1.0762577456880118
1.0893244957196839
1.0912353578890097
1.0825217703566301
1.0603037899893095
1.0583789615790342
1.0883926024993777
0.8862780178317601
1.0354178886655174
1.0969667481269565
1.0544210190607142
1.0885216306469401
1.0509183414276728
0.9042450121272353
1.0894548974966458
1.0677748434557697
1.0902851721025757
1.0599724901701870
1.0633525316872090
1.0902612794341071
0.8081651952631463
0.2848090346995510
1.0870720839155679
0.7913798704351971
0.2847327802492922
1.0883329755365800
1.0956927838119461
1.0464039874464577
0.5696582319057837
1.0654971742063066
1.0744312510632339
1.0619679308267591
1.0610304302637747
1.0974082252047290
1.0604034302042589
1.0564721120895904
1.0485416416978934
0.9095645118479702
0.7983735529159630
1.0852600470049898
0.9986081699730736
1.0939051822551076
1.0950149124897088
1.0982821720730291
0.8187126662327282
0.3357821681636839
0.5907516367543282
1.0495864644543975
1.0374507114152758
1.0479949614369382
1.0492376229236815
1.0163963825251769
1.0675744375621283
1.0788477828448844
0.3646435933314136
0.9096391733583764
0.8732752119847993
0.5014859947567595
0.9269636484969792
0.8996529709809356
0.7749703473175842
1.0938143484699443
1.0768665003358413
1.0186880552559225
0.9938887673644397
1.0306554539296418
1.0955884848803736
1.0818564810991598
1.0768715643601563
1.0855897112543627
1.0938513175683302
1.0172048778967098
0.6720627606756699
1.0844420376606385
0.8464506324715800
1.0509599877656397
1.0766418274684653
1.0720941999417100
1.0974141215794817
1.0840496404415152
0.6046068006903605
1.0775179535711885
1.0192078992815274
0.3704015475698386
1.0718216916680858
1.0674905496455225
1.0951951320087208
1.0346376551204379
0.6903085654156070
1.0965514466003778
1.0815022411221888
1.0819081883275790
0.7732730285272642
1.0763125406525347
1.0978952462283991
1.0902677999761448
1.0546073050228693
1.0516558303544323
1.0733718519544819
1.0039240383354469
0.7254484135116455
1.0531879752859155
1.0923234448842469
1.0581683934534174
1.0157558038524235
1.0944590622558004
0.8752560891815818
0.6325598465640269
0.2821155780841662
1.0832492131109557
1.0813059289197935
1.0965663815625024
1.0913821624482585
0.8791395932548439
0.8203598861905805
1.0392134406654174
1.0802744249174907
1.0162408848753257
1.0952806790347267
1.0906716928271523
1.0887274077324036
1.0761670866668682
1.0975194878499996
1.0953003308680085
1.0817345488995638
1.0712935919452309
1.0051480768807102
0.2968424657290673
1.0413181986723914
1.0235370010461045
0.6500935721925387
1.0847361877300992
1.0969872604112996
1.0905691567418190
1.0972933575146961
1.0797810728039017
0.4905712408159226
1.0821889818757477
1.0833783808029234
0.8064032463013975
1.0928229536448897
1.0758893591626320
1.0898744667999885
0.5186054539593080
1.0973609008275036
1.0967311663098198
1.0776946292031089
1.0682517098572706
1.0771405211756562
0.2871333099629466
1.0910177124820788
1.0288040277368737
1.0935701208915742
1.0863976272790177
1.0923819009848654
1.0957743054767366
1.0949110560801714
0.9856582175919342
1.0916930928162876
0.2944032143041330
1.0508421682363296
1.0965709456911610
0.8818592167209370
1.0852522267428995
1.0917034511055026
1.0801140202934845
1.0949477030257631
1.0889526962783864
1.0898151997754100
0.7942171038864462
0.3334924095807250
1.0868202321113396
1.0941820591999603
1.0947990017485720
1.0737080127593503
1.0614896753613032
1.0944225127444003
1.0314837541506496
1.0983035368592233
1.0710948006179628
1.0399829363805884
1.0902300345922376
0.8523997948054904
1.0907004537621663
1.0934026248661322
1.0624402208390546
1.0813962959233225
0.8093700991976059
0.3525548430627852
1.0119628167051846
1.0891439858609433
1.0897745698006576
0.8590513825817577
1.0914519095310726
1.0690204993521528
1.0841969227897124
0.3241445613522991
1.0026733420740188
1.0239061058075567
1.0736075301378865
1.0698164790347500
1.0835563581464982
1.0681279423428627
1.0011753628982727
0.7592067365161104
1.0872079367449210
1.0885334765999501
1.0876313429384237
0.9621239564671888
1.0731171489695293
0.6741507455961974
1.0867478897108935
1.0916417923654487
1.0537673008293151
0.9175969473477031
1.0888652948812465
1.0977855749344236
1.0844822499410469
1.0935895089050316
1.0656227916369463
0.2809271948282022
0.9717212210606752
1.0565007180342814
1.0940515361463854
1.0937147149425392
1.0955417397043830
0.9841976813896076
1.0213558247673571
0.9688311533129181
1.0789684961262238
1.0966692569905108
1.0907496954844165
1.0856928189087365
1.0759396860725723
1.0074740155617741
1.0688470074832801
1.0937050597388369
1.0623687967208919
1.0663926714825569
1.0845293709690844
1.0300116826750105
1.0972593496483858
1.0913050461401204
0.4052572796170135
1.0621455697685549
1.0976269774892535
1.0979333785638028
1.0762385308478959
1.0297460497347803
1.0937519775653199
1.0895667562547824
0.6290386860323006
1.0533093644902689
1.0692153784731129
1.0973732687908109
0.8231681627004485
0.8743518989707183
0.9705180533609506
1.0474527137717966
0.7976620229979923
0.9874626213294503
1.0901787590153542
0.8157511831927836
1.0398642729915923
0.9635946373681409
0.8582030536764229
0.7694244035763298
1.0950044454544707
1.0957483048445884
0.9860759164615756
1.0582064484887845
0.8301991389334841
1.0901682041947132
1.0896441503077579
1.0948033561004560
1.0557911713736265
1.0942201465874819
1.0735318557387150
1.0073732572558365
0.9526353418336654
1.0326760488470170
1.0722431041734763
1.0866045193941023
0.9809669384524063
1.0984553774215366
1.0834921606506245
1.0858239668223373
0.5794065522780162
1.0859864042615504
1.0536465775087491
1.0706264261349931
0.6627469696846424
1.0869531840593540
0.9242189208309558
0.2960184962088672
1.0952042048739856
1.0911704143258825
1.0589801444015081
0.3204136038888536
1.0602336721498959
0.6338821323511332
1.0931875940946314
1.0905112089347349
0.3113406294401840
1.0955084869832961
1.0923966738481150
1.0925602681583757
1.0978063234223758
1.0569708083456946
1.0968110412405574
1.0815291412779682
1.0814386610611890
1.0610378685062503
1.0832468222465601
0.9498632000202366
1.0954925484981477
1.0785791559866549
1.0596538521129029
1.0876919860541707
1.0984026937305817
1.0425712091855033
1.0954704107525732
0.9037703262097412
1.0735305756758311
0.8544266906588371
0.7076984438496806
1.0877407946326505
1.0939722983048565
1.0939810221280590
1.0839965228490542
0.3108753487873733
1.0976149165526674
1.0934571940108841
1.0511057918582198
1.0008241490820071
1.0907247501155344
1.0978393599148808
1.0975091076654178
0.9793285529238200
0.9604339553027968
1.0633358640160517
1.0868142363401498
1.0953584145749420
0.5918480459634807
1.0882645437904401
1.0395180596506912
1.0864141535744045
1.0935298417014738
1.0060079754110434
0.8876351829480290
1.0929659294064631
1.0208794875220430
1.0742843722764714
1.0031528963515515
1.0983989243986059
1.0981259548463100
0.3729814113230905
1.0952448946666871
1.0753493140894872
1.0972052428815924
0.6060637872870240
1.0687700537387927
1.0703869362462033
1.0583525950280421
1.0948422316281086
1.0618353489347809
1.0957684548215283
1.0807022050403787
1.0457841143920998
1.0953791574555647
1.0184354056627765
1.0519029160800353
1.0664426315279694
0.9955659554044594
1.0828914093307997
1.0640839239622679
0.8959604498414695
1.0191200496961343
1.0964988588610995
1.0956084877023227
1.0783315434046221
0.9035998898015445
1.0932815773827538
1.0606756663560781
1.0868708101766102
0.8919463512750072
1.0588627691292740
1.0970194553056825
0.2929168121262774
0.7088556184410381
1.0907235522324938
0.9658260576804225
0.9335960814490711
1.0938020194107787
1.0967595776111101
0.7968020808045575
1.0472619375357322
1.0852955519877214
1.0942200216607048
0.4409618657956914
1.0826345032481917
1.0853556714422712
1.0615560419560763
1.0869210978176249
1.0509766235884357
1.0850751229899154
1.0931693992718630
1.0973713947991817
1.0075251581157474
1.0760606957989420
1.0647889735650318
1.0803971903104925
1.0724522122814233
1.0961097612077308
1.0806802545476220
1.0356615194987213
1.0798690260480712
1.0773051574856536
1.0938618498928439
1.0446897142576388
0.4366857007082484
1.0917962582173910
1.0182219452779360
1.0959604866014561
1.0945610950416469
1.0346619586214669
1.0259666989192213
1.0952765609271229
1.0778130154818737
1.0885761104110903
1.0925220811490832
1.0913708025365578
0.9839811378495845
1.0539838511913882
1.0891420508179499
1.0615939043151226
1.0559438170336966
1.0821397391847183
1.0983621843058240
1.0947101775340990
1.0681103312894271
1.0734932493398524
0.9922297165097851
1.0765611634956034
1.0782342513146759
1.0150091744189926
1.0961533126414116
1.0957033493056585
1.0921665378073602
1.0911318867840225
0.9164635207411581
1.0949755411021924
1.0979343114457536
0.2847959327962554
1.0931326525419154
1.0952479276450957
0.8049678932793957
0.3328757976260980
1.0945562782122829
0.9809155341255993
1.0020810812985168
1.0786847079476907
1.0954010773751159
1.0561950613235522
1.0379213166905052
0.9157818781042449
1.0789004148560983
1.0553928637398857
0.7403348106740399
1.0969390215364963
1.0705929090453001
0.3844034380891738
1.0886701591528523
1.0814179420357568
1.0947201030921450
0.9010369552642397
0.2951661780811465
0.3488899139950568
1.0911162239302266
1.0510815338780664
1.0834625435300522
1.0757473868499619
1.0978965959009019
1.0001572930429292
1.0962203814984424
1.0950397446760358
1.0968476206648474
0.9119162608796512
1.0847205481168882
1.0855345682022273
1.0185367135101806
1.0311026796519767
0.8863002588297381
1.0979388560663581
1.0935490186364274
0.5129652410539329
1.0987745331828340
1.0953311163458201
0.7532262767921625
1.0938299610946769
1.0812360268374750
1.0271714601779869
1.0816272727117056
1.0627753316802364
1.0816833653993017
1.0898043991849409
0.9649581948540146
1.0814439379610488
1.0852219002244248
0.6950841435487910
0.8489059778339858
0.8943923793691937
0.5447470781687036
1.0626247677951641
1.0938819735204064
1.0022835916226447
1.0901602467672402
1.0303619409721918
1.0774978227993850
1.0892748839088777
1.0961249653185214
0.6022264368283046
1.0831503388430113
1.0718280160822276
1.0378122054909995
1.0962506591596564
1.0740225494405091
1.0949281936778588
1.0966957657012870
0.8309720993069420
1.0793810228812248
1.0625442404146728
1.0650316808028719
1.0893733387860289
0.9006536049917239
1.0877137443761991
0.9712912248362621
1.0941715026629477
1.0922495907908560
1.0851234197195034
1.0948405901196019
1.0953824136307528
0.5881610051249794
1.0765413695098218
1.0933401077410345
0.9591732467564104
1.0920453542876531
0.3037750209648448
1.0956830631267855
1.0505885148991230
1.0956938023318810
1.0856607460216767
1.0821469140475022
1.0339674983461415
1.0968843093510980
1.0884336432509221
1.0647145847667141
1.0651895140515375
1.0812635698733406
0.6251483860671372
1.0947998279539515
1.0298260882067773
1.0734913367774124
1.0717212073382165
1.0981783736454467
0.7866781538329960
1.0643978843457911
0.9508827580862210
1.0750534561727481
1.0649648376851171
0.9182422995181624
0.5957458537122211
0.9830092102466893
1.0271586009349292
0.8529205414147317
0.9656243086252826
1.0487414139989657
1.0580645741158310
1.0721483996665140
1.0910179166153207
0.8006901832173291
1.0804909623821877
0.9553518376458702
0.8597808252768931
1.0810779243393465
1.0331625400627586
1.0984220529657645
1.0910450062632560
1.0331689393289847
1.0927583696473666
0.9738858261578539
1.0865052671602156
1.0395775125472064
1.0890821897494731
0.4475825146067457
1.0981405483414790
1.0850240903783952
1.0930567328013259
1.0974793577717543
1.0673809024280920
1.0958445011440581
0.4010890373631517
1.0981183672029236
1.0643591973350697
1.0763616422934250
1.0793590695536563
1.0879365726064985
0.2809269305057219
0.7970832262390926
1.0720376866534986
1.0814638116353792
1.0930890672287958
1.0523562315409762
1.0860026191179633
1.0931903091678323
1.0679908705980030
1.0511776902988113
1.0453468356928248
1.0877799460761783
1.0158080797296847
0.9814325833686595
1.0922068063129875
1.0836170252530988
0.6052024836182854
0.7668862367103707
1.0939902671147874
1.0630118200058909
1.0916592548525477
1.0909658204118486
1.0974226817185044
1.0761303463055729
0.3194777998259682
0.9603397241522806
1.0897948299585292
1.0920336395126344
1.0177511201843972
1.0964410553639390
0.9081918240618478
1.0431963210616273
1.0920719418648641
0.9034782569063159
1.0585768241542115
1.0709058188906997
0.9483853210820332
0.6260405940436404
1.0950597926252865
1.0979362033647733
1.0953572892114793
0.9394990298466230
1.0944856673451813
1.0680328297160424
1.0705359928831273
0.5451785726718208
1.0870404214167735
1.0813764223861599
1.0919400867479037
1.0955874858545380
1.0737193414379529
1.0854314628783353
1.0876514133537725
1.0948120662215493
1.0942173983813901
1.0894253348043230
1.0839032769734844
1.0972875237338424
1.0845176339938081
1.0774375390481110
0.9527490485651352
1.0927422886021494
1.0968565228455083
1.0817988974726038
1.0818961723103226
1.0972281843580067
1.0855673831581032
1.0962407419718034
1.0732527252550861
1.0904691061787595
1.0824520155350148
0.7970793927583673
1.0562892069221523
1.0902800181233083
1.0980711169344430
1.0264124844002023
1.0686220547856913
1.0875089205753337
0.9684996763966798
1.0951164545177985
1.0934002171939927
1.0939198016833134
1.0415524115725741
1.0672603604908242
0.4502105014696148
1.0737373271028601
0.5422917733104504
1.0898662486752158
1.0841118267371455
1.0011137693676890
1.0939608013265087
1.0884157307649187
1.0787197587010433
1.0863935108356086
0.4013708454282399
1.0929815654221977
1.0974234532983562
1.0874374555037214
1.0946705666306806
1.0621614356738429
1.0961398998456739
0.2987664525712580
1.0655560030436959
1.0936480534013997
1.0966848060025307
1.0917880626429093
1.0956026222090736
1.0648131973957466
0.7575807085140731
1.0661486455809259
1.0963068592098770
1.0954352493536959
1.0946300804306408
0.9584530178572597
1.0894531828122473
1.0812138247376750
1.0798276735362557
1.0890583433193277
0.7545513791077872
1.0469070012905146
1.0964323110955274
1.0914658601810892
0.4230569851279314
0.9897721296079928
1.0420673921535955
1.0742716614190548
0.3417768704223179
1.0807715482117950
1.0942715463038655
1.0829686383134780
1.0644360042882595
1.0954585762127707
1.0961659796174930
0.2968186204657240
0.5107003522531435
0.9554180960944557
1.0966358975299222
1.0840322941805451
0.2890450479282398
1.0818499312460996
1.0094905115608763
1.0738192765902979
1.0672706699916861
1.0402709109990171
1.0825860378804693
1.0967575784562411
0.5883201543652297
1.0725128303639688
0.7344632297898261
1.0778504148212711
1.0943880882804939
1.0936833173707408
0.9989888098689544
1.0095860340555234
