-0.4048470716596872
0.6194606539720552
-0.8501802581363058
0.9580281930047301
1.5670229945645002
1.3010705028646790
0.1579967072447252
0.8396778518276656
-1.0062519517163260
-1.8759007735326274
-0.6648588039446871
-0.8814152565731057
-0.2475790545659790
1.0999597071269853
-0.3751229525887896
1.1396617919020060
0.2945506956147702
-0.2877553636695984
0.7331533288819924
0.4178789557802235
0.8723173956883784
-1.4718281340358510
0.2655535508003180
-0.8712731408443433
-0.6893564657396307
1.3533858901803595
0.5124064710605232
0.5031416457528585
-0.9077137239128197
1.4800239071323587
-0.4850194297976925
0.1671368394700941
0.1933487880805030
0.5387154292594940
-0.4613910352060767
0.4190698422178384
-0.7824131034073004
1.3782314537805584
-0.3539207492899332
0.5112733154786279
-0.5706501351409902
-0.8566621788390710
-0.7798144114694768
-0.9912029047256307
-0.8072760265661293
-0.6876875678425900
0.3450467075721200
-1.2130453742320726
1.0234744895697294
-0.8311598172236175
-0.1506008722624458
-1.5684631860522400
-0.9975641159227768
-0.0345909573239467
-0.9889335728725562
-0.0074380301549573
-0.2070033199761642
0.1295500619191550
0.7520088424568009
0.7314071868430697
0.6646243768647003
-1.9614512579826853
-0.0446103395116028
-0.0057099631628242
-0.8242454521360214
0.7076936033169693
0.9750153746025291
-0.4689633623595515
-0.0708955384220290
0.0638613050133615
-1.1822330672656824
1.9209241262416892
-2.2578882283707125
-1.7660139973957343
0.0873450625352383
-0.0985143491752802
0.0830336243534018
0.1181020627669248
0.6722559791794621
0.7636652650262645
0.6651955967889358
0.6564061731578524
1.5764274219157701
-1.4291444244018439
2.8085758390204640
-1.8419373369129268
-0.2016503651015800
0.5006018113125622
1.2583084205975474
-0.5939328131012107
-0.3121129271733041
0.3643969176951218
-0.5104908510734808
0.4468762745444735
1.5171564968031268
-0.2787881964319574
0.3183142478500324
0.2565073561891489
0.1268590496708670
-0.1291226706288559
-1.0586262681308491
0.2143054022982755
0.3145471358247299
-1.5796964106609808
-0.5451150207920784
-0.9767954504478014
-1.1572594252519182
1.5106969757034812
-0.1509800945788809
2.3783829926655011
-0.9326022549092091
0.4462660489430734
-0.4757484320576543
0.8061376423790395
0.3368798880468257
0.1957958658967693
1.0913935049223205
0.6923852286007695
-0.7331377411228263
1.2937774793353785
-1.5007069854040251
-0.2760606597885829
-0.9409100193711102
0.2010206816469106
0.3847809553347459
-1.2132919133316324
-0.0155337350772463
1.4567742272360691
-0.2147000181540370
-0.1918052736637769
-0.2478569780753752
0.3277044853968898
-1.3860215878444913
-1.0257415420219309
1.2707196544967336
-0.6323005807938932
0.2651380089090432
1.1440552202578715
-0.1543715457824498
0.2022808144950664
0.7860748829539806
2.3837949845924227
-0.9301100325689906
-0.0656276703061448
-0.3098159756568420
1.7724242724006483
1.0843687825886597
2.9484843956095137
-0.2515884811817334
0.2320412965885934
0.3637544281850512
0.7787025270973079
-1.2979039164506414
-0.4148544916355653
0.0490386727264192
-0.4307298317759733
-0.7751504734459979
0.1756499507193917
-0.6391828259800698
0.3378370575609629
-0.3693230692500396
0.4228764964062734
-2.6790997054982491
-0.8861234003732318
0.2249685062546666
0.4570847409075457
0.8798937411514943
-0.8583918408813945
-0.4293103653936886
-1.6289011888232738
0.5925748207689120
-1.2115584013639755
0.2957924845864791
0.8308036433018785
2.0621470644330984
1.8180845149604148
-0.8582545387622000
0.4292569521170757
0.3215950732168298
-0.1507665650628957
-0.4194858327238013
-1.6934124292778463
-0.8893240529058742
0.8549386890596421
0.1851060127342319
-0.4703306916972981
-1.1387920857803231
-0.2624785156813936
-2.2850112928442874
-0.3102839922889593
2.9354057203568824
-1.0341774492571036
-1.1927678510813142
0.5294844436981165
0.2406551961989990
-0.4091784871054648
-0.8163117084381499
0.0006796376001727
1.0804769175728177
-0.0210069880903701
0.5606327633968193
1.7728316421540755
0.5046788044246729
0.8878878820659124
-0.0661413978363370
-0.3303639694482395
0.6235578515350473
1.4781115477647866
1.1122329846985006
0.2097737808152960
-0.3749164509093787
-0.3164742272326637
-1.0614108894992325
-1.5120360973370295
-0.1827439824309240
-0.8964893833177155
0.0765223271936688
0.9367620768272398
-0.6146940679213844
-0.7603060876028198
-0.0045880449280619
-0.5498917030090908
-1.3715834493347017
-1.8453761886763651
-0.8168739904717754
-1.4245574054397696
-0.6973744739665729
0.0837694571929417
-0.7178588316255990
-0.8807921897797840
-1.2255220026227440
-1.0564239769142203
0.2743194898162989
0.3169447342706394
0.1457699837604106
0.2161546780705274
-0.6234897306578543
-0.0799305436798542
0.2802838834058808
-0.4379008891860132
0.6537600251890451
-0.3168525664044628
-0.0635322560153310
-0.5456988177678068
0.9065155069488747
-0.6449344942249273
-0.0178764413236278
0.3656910380388802
0.5816176534763802
1.7127972879712721
-0.5391148284440597
0.6719729610159532
0.6280012082467463
1.0043701853764606
-0.4617090400120071
-0.0688389461012995
-0.8714166101920464
-0.3487406661087388
-0.0584333891210531
-1.5873054411817982
-1.0790698117109518
0.4503367956094819
-0.5108741761643968
1.9385119075330801
-0.6565136967060521
1.6037594357294480
0.6210798012334544
-0.7594235434490773
-0.2925657920545514
0.9487490628895268
-1.8866635951907400
-0.2511122731074604
0.7461402181532140
0.0468759521457881
-0.1066396499667837
-1.0157168680847015
0.0887363214819893
0.5139823975143004
0.9845986624121905
-0.2290536668512100
1.7273537053581143
0.4619550759717905
-0.7129711499322351
-0.7618890042339554
1.5543773837481714
0.0357540327523323
-1.0074379271166107
0.3277261159369709
-0.5555667514580745
0.1744109810405737
-1.4312410359931540
1.9630269854440712
1.2224048955611089
-1.8826126605006384
0.5014373902413063
-1.0055335654389399
0.2293815101528740
-1.1195846688511446
0.3717266299546964
2.2566351274776832
0.0364464044179091
0.2816514988500984
-0.4738348404409957
-0.3390039446079668
1.5095391644079927
-0.8350982381809449
0.0019013791593262
-0.0503802900237203
-0.5774400723141841
0.4813404536259458
-0.1283629915357854
0.5673701322367641
-0.6015975272679683
0.0326373888490075
0.3521043097717658
0.8203232547408410
-0.0165590451171548
-1.1350481532831067
-1.1916790530990722
-0.4610038416328021
0.0682616033336275
-0.0783810980779596
0.0098862204508446
-1.3674486737460145
1.7110018361383530
0.5942175909756354
0.5456201503500840
0.3494276831875210
-0.1404125933459685
-1.3753627602350962
-0.1247264050256874
-0.4932319984518880
0.3284836070793961
1.9774622900625332
0.9240139638250413
-0.7039791011701400
-2.0010476235786059
-0.1597683617989538
-0.2298456360082211
0.4883912123093847
0.3100019337112078
0.1124181781949056
-0.7794400126274963
0.9532113862889744
0.3814801101690496
0.5320322036518377
-1.7412774427403677
0.7455564710480117
-0.8315351605839236
-0.7100802165673332
2.4889035982388696
-1.9391689048112366
1.1850178106804314
1.2938598905156400
1.0016481488028994
-0.7336144996603822
0.6664207934328016
1.6350543743301136
-0.5141084510035014
0.7298942856545151
0.3099072044308872
0.4863698640298737
0.8096859064280622
-0.3286095893376022
-0.3579218010571957
1.7923999552128873
0.2906477481997738
-0.5395705929316889
-0.5172373187593388
-0.7874056228184517
0.3426688790779068
-1.3767201332826784
0.9610661473140487
-1.3002264558675949
0.1955505783343675
0.0177356906471470
-0.7781642082721548
-2.4389780134513455
-0.2688887397027082
0.6873412596588946
-0.1893602663722767
-0.5460806594115976
0.6754351942243185
0.4217639104850124
0.2933562220471601
-0.6713734129685733
-0.1274517331658387
0.2873332806859237
0.3313767208372447
-0.5571339283450872
-0.0399666806124932
-0.4779047959829986
0.2381925287540304
2.1920854640770373
0.4609708554780813
1.4110595194222242
1.4984795254903005
0.2066863653359112
-0.4874627776305745
-0.9660458148407506
-1.3435963946044647
0.3433413989319229
-0.3136680545417075
1.9686107296233708
1.5523368161812769
-0.1363865788591770
-0.1564588927604594
1.5845215129393586
0.9598452883732349
-1.1445222856805504
-1.4104199403857653
0.1772708461350365
0.9951723304233439
1.6581660781932861
-0.4177877761197249
-1.0475903284664800
0.8862249778981570
-1.1751526842546640
0.5856077278466111
0.6740617576753601
1.6704288976932415
-0.7764234270745110
0.5527711055808870
1.5670362360608159
-1.3557315292737799
-1.2584435434909000
0.7563184622094942
-1.5069590595989972
0.1170425019243815
0.0054789561785611
-0.3902714634011654
-1.0116439180871235
-0.1352683931101912
-1.7176936136948340
-1.3973569467592808
-0.5125173479102325
-0.1929238967698334
-0.9550335739689069
0.3764179034134343
0.9135473162649184
0.1142967944727433
0.0821372034366104
-0.5068320139237765
-0.6710941678278930
-0.7142578970717630
-0.6629069937367013
1.8945831190601372
-1.7409016599754412
-0.7808876668831872
-0.0002819955143404
0.3755031432543345
-1.8978038321935533
-0.2059866196247998
-0.9835740213726974
-1.0596904857397713
-0.0657618438725148
1.3183581995795266
0.0515209783518593
-0.4074270801340623
-0.2168432967765537
1.0860360032967240
-0.9850907279763090
0.8645992421457400
-0.5470661362847453
-1.8586743624058080
0.1868901070855827
-0.2588347164614024
0.2678620215672535
0.3427512690822084
-0.3027503046045106
1.1474488819948281
0.6308265625505753
-0.3619467082724968
0.4517627123432881
1.1394911825341458
0.9224530402800308
0.3910933230751875
-1.2283930815193256
0.4815255859114378
0.7861039129527702
0.8822505872716053
0.3777796578542219
-1.2855095843009114
0.4388085392855729
-0.7614951808356155
1.4078307578095905
-0.9972797776817111
-0.9400304774740248
-0.6587584601827803
0.0299168942286628
0.0600513687602767
1.2591296817658659
1.8922595806004179
0.0930797601409021
-1.3648650590520104
1.5345176279224235
0.1886475872893751
-0.1074601135826899
-1.8886824215376659
0.0757213767055143
0.4935644034905131
-0.7987505935033726
1.6796249407997881
1.6592693547688409
-1.2880650991122140
0.3189739314737718
-0.7833691029773594
-0.8518326107522872
0.2762452775974855
-0.4792121417905432
-0.2373546979773288
-0.8319534009894197
1.4935342881909512
0.4519641279321360
-0.5393134650562956
0.3347207612270241
-0.8429708947194853
1.5182033646514494
-0.5889859534378078
1.1454367204660165
0.6124881457397804
1.4033237816867119
-0.2541605298317959
-0.7663050265163899
1.7858736107397741
1.3804267676497899
-0.7703807893223321
0.1563298252573422
-1.5389237233554580
0.3592919372298943
-0.4668119667899860
-0.9450419431491843
-0.8776997038116294
-0.4211312012648402
-0.3445630073414389
-0.2675813868122273
0.6000747264013420
-0.2398663406237658
1.1106193650756839
-1.3675162299571848
0.9668832301530446
-0.2019111369357516
-1.0819067259485753
0.9496813322490876
-0.5099089469792056
0.3446976446737866
-0.5241207147786440
0.8251962286400453
-1.1730040591865263
-0.0047782383446975
-0.8669436970361295
-1.1433254938393391
-0.3027324215096567
-1.3436467327551496
-1.3108429080923880
-1.0793600144656434
-1.6971596300585745
0.7735290172711105
-0.2401912934609594
-1.2871122068599825
-0.8805045165274112
-0.0684107304654993
-1.3458167848970382
-0.6286715837498694
0.7571273610517251
1.2542137226128312
0.2541684575083989
1.4335230949692508
0.2429538158472659
-0.2457154650245028
-0.3596228118733494
0.8955083950947342
-1.4872092125178191
0.6158412510517146
0.2795754542156967
-0.1610862866199266
-0.4284338258824423
1.5753451301469210
0.2893084845976239
0.2115183905610750
-1.2176426569839682
-0.0406078848884064
-0.1073126566124796
-0.3633621673537189
-0.2691289488778411
-0.9275227457610927
0.9974876193146578
1.6972788147330937
2.5736672786448183
0.1421356104371383
-1.0334550442825015
-0.1818996548684054
-0.7073874791304762
0.8920900938396377
1.0720531054163154
0.7804200458131116
0.1158652156785369
0.3611542919157891
1.1993087281462258
-0.1800893562910358
-1.0022379897724416
0.6430086370344282
-0.2222102357001577
-0.2005074451658426
-0.9260110052749295
0.5423334064029706
-0.8306600843343710
0.8610819555113739
0.9948428873195228
0.8537415429615567
0.5593567137932649
-3.2800003824414903
1.2851789496671653
0.4067207331154036
-1.4959020961127074
1.5940736231026602
0.6214259720776416
1.0024638086269242
0.0715207507981708
-0.7088878175129464
0.0870650310555068
-0.4344069256034946
-0.7339891552989994
1.1659249404040821
0.0627007325768340
0.6264155136741799
-0.5258359847277848
0.3297344338598264
-0.5381527169282866
-0.6107704973351694
-1.2744720413043262
0.2288747354468367
-1.4747260296329048
1.9842428365195584
1.4467827393403234
1.0440242659544545
0.6257458545377216
0.0984279502628935
-0.3916665489481049
-0.0613483453307364
-0.6979278447610745
-0.1531778989435206
-1.0068739091262040
0.7184887342531133
0.2020897864191780
-1.0081818891343166
-2.2429524846551989
0.9869244543545973
1.0497011642856897
0.7603236048127259
0.7850982168682575
1.1570643314146229
1.3753983338393003
-1.3743579377455082
0.9634581414988336
0.9237986272582662
-0.5916754754610808
0.6953977389379703
1.5467925606881652
0.4441526807306358
0.3145046482087426
-1.4906582828887482
-0.2003866940074870
0.4933310837796106
1.9187359556888421
1.5569735751919236
2.3720345833240377
0.0093432800050600
-0.6683961949287379
2.3401770290260768
0.2335017052855960
0.0685494615136380
1.1901831482184206
0.5284064002593556
-2.2375450482953148
-0.0870696663730382
-0.3440044581214762
1.6927686177095649
1.0441106329322722
0.3040696037461126
-0.5817279477354557
-0.4636516177356970
-1.6584303499826090
0.6164418356338343
-0.3075251112876622
1.9040074422311566
1.8220952133483812
1.2825781732564694
-1.7759301875172877
-0.8199346377069804
1.4227641577949810
0.2823943167403400
0.0222304244382632
-0.8937935710694727
-1.0511862739543030
-0.0911083688322412
-0.5349386849469782
-0.2789186252737523
-1.0815325149325106
1.3712363935808289
-1.5606492691906539
-1.0689555122410912
0.4030917181860297
-1.0411793816235002
-0.6499986816462404
-0.5409852855965982
-0.4359861685484899
0.7683928262316418
0.4239891048502000
-0.7146236012235405
0.5661527444099600
-1.4274709792757931
-0.6870552356482862
-0.3859557349199450
0.7485553122783738
0.8336322389994453
0.3930395663497197
0.1565137116445277
-1.1198322260081803
-0.5735793214418534
-1.0727394795927101
1.3532972666372882
-1.7965478440651816
-2.1862409379529431
0.1694999013315205
-1.6950143548105538
0.5729625660420646
0.9660628467621590
1.0377316835943924
0.1929142097755127
-0.6548317414800745
0.9483893804116864
1.0063990395177604
0.2260490026235418
-0.0157310230015576
-1.2423333944661472
1.0537217706546946
-1.5850166761151256
1.6762799967820003
-0.8246057541961317
0.1343955568114399
0.4142930077207448
-0.8143228018632681
-0.6859381435838662
-1.0212070318087005
-2.2243041147752551
-0.2492089662599487
0.5326271297995626
0.3658476785288922
-0.3403317749744034
1.0253060612117233
-1.0664377834049101
0.1096902139739173
-0.0820157216424672
-0.0122619742347897
0.2107092419613170
-0.4054806888653791
-0.6601089888121097
0.4019034086556005
0.6112467850852760
-1.8105037290260912
0.6133657263138013
1.9806156979232838
-1.6960615850472358
-0.9123802933797805
0.5576625974457297
-1.1035755642582878
-0.1924981108069697
-0.3160023893235094
-0.5293343572344373
0.8102470553864356
-2.0024190484426247
-0.1587914932213922
-0.9115370769921473
0.6751881702420541
0.4738038425689673
-1.4392866421943504
1.2197903199126110
-0.5101621172021461
-0.0727625974084590
0.9896984163121768
0.5357125566252819
-0.2643374904855923
-1.6009947608459660
0.8499498030655201
0.3524671313495547
-0.7778554065623353
-0.4516069156155013
-0.2745272962535976
-1.0463869370184107
0.1595831359715260
-0.8533026670937820
0.3097172097481273
-0.8524466701218307
-1.0728829875353136
1.2637992078447529
-0.6278968759284567
-1.0626422436185301
-0.6143415407461126
-0.0080130328757726
1.4161768996437951
-0.3541179993303604
-0.3814310684934357
0.9362163320515469
1.2495147824172506
-1.0297983491266969
-0.6724903843566207
0.4073165200790874
-1.3561782618162659
-2.1264260023635475
1.3970894788241439
0.0723079873037505
-0.7335223433355620
1.3882395618865599
-2.3162701440905837
0.4547339805289660
0.1876609508970885
-1.2888290281950610
-2.1502113256783129
-1.3536893470641775
-0.3863837535589152
-0.1446339111722399
-1.0174998054958118
-0.0946491097435956
-0.6550028894817953
-0.8642042844882140
-0.3502905334659612
-1.1824260338597290
-1.3432111843362620
-0.3173733914932604
-0.9570649309557540
0.2277801402443627
0.0451326845435558
-1.0489316293797357
-1.0082043991453618
-0.3523023161009970
1.8095390026769533
-0.8909764176966719
1.1082756706318342
0.8587591151141051
-0.1605456685798273
-0.3727938958752539
0.6044651996676077
-0.4905388130663005
-0.1202583120963094
0.2589027982017293
1.4527901991174208
-1.2143840136415212
0.2424328609364552
-1.5664446956400442
0.5418268157287733
-0.6516404003420589
0.5216645658637268
-0.8051952892196423
0.4740909285360945
-0.4505226402642188
-0.9617579329146975
1.2096990552477076
-0.0402424794452311
-0.6997552113214575
0.7932193687404357
-1.0689817529520274
-0.7501578567060231
0.5719678506626618
0.1453603296926967
-0.4771103306768213
-0.2685569005148847
-0.1425729955493128
-1.4474357844226033
0.4859021566364745
0.6189562024906349
-0.6711732191272602
-1.2733451465854322
1.5574408865805813
-0.8063185294201829
0.6952261588696053
-0.9129669305924205
1.2174896394709953
0.1833883789756885
1.8988903125952232
-1.9719241582558651
1.2714987436519178
-1.1632598322631027
-0.9761542683909934
-2.3709989988572957
-1.9525127079571898
1.2566648468038515
0.4525553987198103
-0.2745240423679162
0.8814593118452317
0.8737899841053409
-0.9412896497391515
1.7210333276650307
0.8260680556467612
-0.0266712643821462
1.5979201919112598
-0.3634039347734420
-0.7178742301071892
0.3796512144758034
-0.0136854903351408
-0.6585894535927490
-0.1864867570354616
1.1067507781262298
-0.8252398572981272
-1.5335371875825718
0.7149277292611858
-1.5782559800055660
-2.6731713769186429
-0.1329735154872833
0.4433867390102768
0.6791974193601632
-0.5253595912141378
0.9212295433682498
0.9624542711705739
-1.5151914682045409
0.4544502730413010
-1.2829724336653154
-1.8051627445434872
-0.0446518981545174
0.7971419018871874
0.2331312953339997
0.1856846214738226
0.0487574028204409
0.9102757795227568
-1.9348450925900169
0.1520751185908487
-0.8686415421873569
0.3195827456074560
1.2079174408754740
-1.0206714911496508
1.7101698757766217
1.0826810508239710
0.7378382885116938
0.1342530810638034
0.3389930191366897
-1.8891199733954898
2.7551700803065429
1.0354497092783395
-0.3208064516121056
0.4977618507984057
-0.1031978877210035
0.9985169446408233
0.1109664795730840
-0.0720421254060147
0.8544008475942712
0.2960618863961661
0.6658270304094925
-0.1344489163555436
1.3958782176235087
0.7423637130446458
-1.1071154251482371
0.2813728119500647
-2.3058416375757562
0.2503090098370920
0.9490022064595947
0.4516912451075174
-0.2359846302606222
-1.5262999741997885
0.5886655803523023
0.6482250709960312
-2.3481912049767226
-0.3727534047972786
-0.0276129585395971
-0.5034582907188546
-0.0180501608525272
0.1456508322834813
1.6199361525702174
1.9269401956295404
0.0295524290485387
0.1014222502223450
-0.2986687038985625
-0.2406232228563467
0.0193545498709989
-1.1923577836222741
1.4193807644051275
0.3320392824425291
-1.6316950684599107
0.5809126883088848
-1.4950728265637050
-1.4485682149570975
0.4245350273383460
-0.7759812221455249
-0.5492286175440362
-0.5359820025108752
-1.0669336697962928
-1.8271677531624568
0.4009587063445228
1.3546416250441675
1.1984366157294168
-0.1095647778392331
-0.0884975078777625
1.7782617895980455
-1.1785928885244441
1.8382367663265260
0.1176539342711899
0.1403360875752383
-0.0972046292205815
-0.9510025316839146
0.5173388242106219
-1.3322173377517361
