-0.6746031029575575
0.0136933886237147
-1.4118993012957006
-0.8374129735446988
-1.0092861307715248
-1.0485071930074483
-0.4980965368417412
0.1688611154440485
-0.9278191395597901
-0.7891712680871462
0.0000507885736942
0.1979562459586809
-0.2186436631170112
0.0148431781043871
-0.2981631991280706
0.0387256458681532
0.0480641916088294
-0.1824700070996996
-0.9127382989825743
0.2007989940558823
-1.3472023706639547
-0.0479410541497139
-1.0997435495135259
-1.4758381898995609
-0.7055586496319015
-2.0673470014452384
-0.7874481640178260
0.3006063626864520
-0.2524649967297631
-0.6679415093876915
-0.5481772596311140
-1.3905963450915251
0.1591936652055481
-1.6001356708869947
-0.8747013663566376
-0.9669758073163645
-0.4292491121020170
-1.0478190725002592
-1.6848014224553822
-0.0669160858162391
-1.7932620087872493
-0.7984939018159434
-0.4861297800741515
-1.4754500450557484
-1.3030633908250819
-0.4227544406240497
-0.5658213313214144
-0.0524722461050491
-0.3893746353687267
-0.0720285130890273
-1.4486578843111957
-0.2512693272264049
-0.6956832652771799
-1.3683014772686584
-0.4777850963032803
-0.3540411926542818
-1.8650203112825281
-1.5284371333251900
-0.0943262479006668
-0.3599742401247180
0.0662034601302863
-0.9205794767670036
-0.3241981209835698
0.1604706835844415
-0.5012243888693847
-1.2973702719165385
-0.8493458174926625
-1.3519780616884138
-0.5290735433121573
-2.3643755792352406
0.2331538267241725
-0.3890477080186364
0.2398479349015405
-1.4798107172466657
-0.0075896592341582
-1.0560280591243174
0.0612057728734282
-1.6506383673254326
-0.3681933597174948
-0.0736783727794380
0.0693779224896101
-0.9742695286964614
-0.3786851239695514
0.3459490299640350
-1.0085323786974534
-1.6518283228497410
-1.7271198973053750
-1.5007087139049309
-0.9027631750153775
-0.8830655823592553
0.0741280589888466
-0.1046066194831266
0.2038630253344485
-0.5779736088530880
-1.4675891978652957
-0.5970000454054589
0.3238670576181134
-0.8279677366240721
-0.3721850149484285
-0.4869737138304265
0.0412810063574932
-1.2716467910653095
-0.1913967709304066
0.1473150566690783
0.1952842854937064
-0.5702134165730898
-0.0513323299924994
-0.1906950459341290
-1.2729390096460094
0.2366827170766059
-1.3682341248701095
-0.2050901038449917
-0.0013797884486461
-1.2007718754237822
-2.5272970643154218
-1.4364841244059301
-0.3289302349696656
-0.5934977368120326
-1.1994459699612772
-0.7326537222637687
0.4027463393936994
-0.8544590136374215
-0.3240202256430010
0.0329416644377377
-0.7367446051446471
-0.3517007299234989
-2.3451422103160922
-1.0349230522126354
-1.1227180478304490
-0.1542592881810989
-0.9401981592128469
0.1688579001235025
-0.9110073529431696
-0.2377368523923774
-2.5879798850219289
-0.2041640202801256
-0.0776835993928016
0.1376329463271371
-1.9150204950475911
-0.9220123704934203
-2.4221922487311804
-0.2325137258331824
-0.5773667242764502
-0.8222278600528061
-0.4547894162760132
0.0554298732067814
0.3891714069024267
-0.0924247747851307
-0.5790259022362644
-1.2921034694857150
-0.8627874020445484
-0.2511152038884596
0.0734876523127733
-0.7461959133309300
-0.1785540629495899
0.2850089033560749
-0.3155092878844579
-0.3796680336183297
-0.9843472072378791
-0.0310905204401255
-0.1936604615300725
-1.2276001204889921
0.1406934785221183
-1.6734768310964891
-0.5438360849872638
-0.2556373328376231
-0.7670973634605487
-0.5396565493314193
-1.2771078379975325
-0.6204123640041610
-0.5820217148419197
-1.7128066380024738
0.0793094943734597
-0.2890373649168818
-0.8416169199301390
0.2492687228210991
-0.0803180638736623
-1.6366435812022451
-1.1771409176664562
0.0183812863638976
0.1982946891367583
-1.0196993538897308
-1.1865201455124343
-0.7126777151435516
-0.0146324547210312
0.3438498923254394
-1.7703492088617299
-0.9684174661460895
-2.7794240469845723
-1.9123502236520720
-0.9723632463719281
-0.6283066307049984
0.3002268705209979
-1.1509648166382562
-1.1109770665789305
0.4706072121958554
-1.1708411264387859
-0.2734705152916892
-0.5141333805266873
-1.2577475764822843
-0.2485518856497095
-0.0872391977789676
-1.1255133468893936
-2.0170585924015207
-1.4910401295844706
-0.0958556328081624
-0.1282253940211055
-0.7031751279406147
-0.9257704096275238
-0.2981215555623256
-0.8530284502713917
-1.3472538919319674
-0.5429294251932328
-0.6220500355121305
-0.6282446269674203
0.0217636716089989
-0.7766904219734262
-0.6250897963308609
-0.5016632085887333
-1.0906133913614509
-0.9305853574687166
-0.3852966819359918
0.1525611607961608
-0.6726476324211137
-0.0262196909416120
-1.0867889004059423
-0.4971151103063476
-2.0560759724210245
0.4349719980459610
-0.0123047698075405
-0.5078472905421474
-1.3263261714520711
-0.9839774933197832
-0.9368243506720829
-1.0950960140671055
0.1417328632471734
-0.5608969311568850
-0.2853809234972579
-1.2880317221388300
-0.2523079720358977
-0.0835070189981528
-2.2239375828707888
-0.7856024431218228
-0.4174422561806418
-0.2168273148666882
0.0715849515430987
-1.2163483815401090
-1.1643497489996584
-0.0778329406354289
-1.5607699412041798
-0.4042837395077224
-0.0821438185830375
-0.8373690236832498
-1.3905057683357691
-0.6157116414848387
-0.9939004636714784
0.2073211013674163
-0.5402970117341052
-0.9708112836864173
-2.1162851711543906
-1.1176433996710355
-2.1050894893182299
0.2298194342595061
-0.5240106153926521
0.0676375324085270
0.4459931510880379
-0.4743081171061912
-1.2791349656894171
-1.3336995016833177
-0.5920682422132504
-1.1535442844921742
-0.4803728288221994
0.1407606305708724
-0.1102525866398958
-0.7451914712619853
0.0199613946546963
-0.8271255921857306
-0.3595679733141020
0.0203375051610586
-0.2091156721550479
0.2608236100698281
0.1350480566738610
-0.9822267927460224
-0.3210083444734347
-1.4915027411840407
-0.0757944987761157
0.0865835356228241
-0.6891451386805011
-1.1102537208262484
-0.9402907203624532
0.0707059707076439
-2.6601735092240659
0.0160511994697435
-1.1692181208022461
-1.0285161753458558
0.0338760833336880
0.0513195697707831
0.1336101894170553
-1.6900133902450745
0.3753435982706140
-1.6038357648886297
-0.6636836432594654
0.0366036465418527
-1.5163713434007633
-0.1264487406989094
-1.1360109187867609
-0.3607768106747422
-1.3571866155308052
-0.2484579307440743
-0.1038475450495412
-0.3337938766477527
-0.2761430956598857
-0.4433282824573652
-1.1579928083029249
-1.5641004448921638
-0.9931567792598106
-0.6484111708881045
-0.5295001844212408
0.3504836912001533
0.2690158947095670
-1.8958083588585217
-0.3434974895574158
0.2438899735383224
-1.0964002268533162
0.1469993588317593
0.2017313175500773
0.1684490340075066
-2.4689287682907750
-0.5507367045201090
-0.1424967152905421
-0.2690036197443884
0.1850743725013350
-0.7352625725541168
-0.8189199859566849
-1.0929356469392875
-0.6637054366500917
-1.1117869643464520
-0.0030489553821672
-0.5250808613705474
-0.4858019882802998
-0.5560859163914983
0.0097009690101453
0.4162561813628011
-0.0431181626165520
-0.9621854333642157
-2.5087316317574033
-0.2275277089928481
-1.5645622009831710
-0.9769299990615243
-0.2458437905700924
-0.8344553170352000
-0.7283602534188373
-0.4674452534377009
0.0055768899231582
-1.9252756116963317
0.3968522234642246
-1.5541779635171227
0.0989266927224359
-1.4641684711886283
0.0440554630766869
-0.2596254498273137
-0.2936460701057811
-0.0779133216949789
-1.1207004617486924
-0.9769686365415233
-1.2368107789631189
-0.0806265868051564
-1.4702694481830894
-0.2706000979343137
-0.0208562886776501
-0.5714148984612671
-0.0806839746163338
-0.3124273724268385
0.2314309625911058
-0.3438541613996405
0.1829630744858127
-1.5485512985697907
-3.1164057747060987
-0.3995043049557730
-0.9183910404257928
-0.6750801072884501
-0.8301847383703473
-0.1889014079407518
0.0216997123027812
-1.2416263744414782
-0.1509955923443515
-2.1956384682154773
-0.2249780822271046
-0.0933330622637911
-0.7580072160699329
-0.3084053299923997
-0.8571864280822959
-0.3393862878720843
0.1584282306609265
-1.2492658630740079
-0.0066185764758552
-0.3453149557178246
-0.6331537909214683
-0.4927596234767533
-2.4819340573324689
-2.3994005314817231
-1.0985546458541784
-0.4075924329732552
-1.0738311039641169
0.0335330876314639
-0.5160239113334504
-1.0490910716577804
-0.7279276493766479
-0.1419759352472422
-0.0192707122973361
-0.4978763685216142
0.2003781397987011
-1.0235876160355215
-0.0528258304416030
-0.2799240089456895
0.1698380653399139
-0.4221618454934117
-1.3341635786010924
-0.2807537761944384
-0.9356077749908658
-0.7021160168242658
0.1095493441035803
0.0863995592564656
0.3473242874092682
-1.6501072927367701
-0.0707898956477318
-0.0581150702124219
-1.3869027562403109
-0.0555633523889543
-2.1708706830156528
-0.5737524137664791
-0.1779498048887773
-0.6616002233120035
-0.1841143671498536
-0.7555869733805363
-1.2121604688652459
-1.5840242534204219
0.1197390155094535
-1.1605738915265593
-0.5661225885749656
-0.0362312712408453
-1.2848565317633860
-0.1327027371842594
0.3739204172432678
-0.2355930828468650
0.1409869369293769
0.5398286969335180
-0.4756717152855688
-1.2307033310413027
-1.1778292028118302
-0.9897170696404739
-0.9408298407401572
-0.9298747667853835
-0.4647400238412577
-0.3781438108665174
0.4167670575499556
-0.7638423294306302
0.2585162031383928
0.2704115194615029
-0.0729143498975395
-1.2521989448468984
-0.4346638955119105
-0.1867608271647389
-1.5383074087890496
0.0178815280658018
-0.5677293184398929
-0.5310849105847869
-0.3655335838993281
0.1995441729828921
0.2611652588410400
-0.2180243288334789
-0.4110346668448036
-1.3027921994388485
-0.4879911944490661
0.0850030726295813
-0.8590595694867771
0.4376404266983484
-0.9399186104335705
-0.8064513106193324
0.0301144268553497
0.2786476238751748
-1.2124449817114473
-0.1976078097303856
-1.5329164069439427
0.0356705191698577
-0.4633378443985350
0.3178994164839316
0.5112785169764358
-1.6399692688748408
-0.4153631554484803
0.3070679247965413
0.3240103336626390
0.1546185275933527
0.0464793617397504
-1.1470197030936471
-0.0581843611102605
-0.0707207045565244
-1.4066288707491508
0.3654901180750775
-1.0427721324875661
-0.0808652588933525
-0.9724461060476716
-1.3702317660859931
-0.5944003474730558
-0.3262886668163188
-0.0648563604563197
-0.4674276474019132
-1.8016938794434427
-0.2218869462954728
-0.7534883933432716
-0.2671690046560709
0.1751900894152760
0.4545592036041242
-1.1043094454711651
-0.7286244371768816
-1.2804371719346799
-0.4748466613551366
-0.1240470164910455
-0.6764387771866575
-0.0866343993747874
-0.9885684884262959
-0.7052223006836489
0.1966700426552206
-0.5960751957658981
-0.2486061054241646
0.3287440427959286
-0.9745866263336989
-0.8747012597540894
-0.8772632171625769
-2.7067699062470680
-0.8287359873737129
0.4519790341634806
-1.0235098989637543
-0.0763257521710086
-0.7736164842617120
-1.7356333755630058
0.2536574161081906
-0.3278772347606020
-0.2852404521744045
-1.2601154316575136
-0.4281996591548684
-0.8451466124776411
-1.5851471654920413
0.2314581749968643
-0.3923159582683783
-0.3489129051069325
0.1285557620162639
-0.5561778235611288
-0.2039682012483859
0.0957206616658268
0.0897508782860180
-1.7204974339532662
-1.3134429271002732
-0.1709030042902472
-0.5805684836107201
-1.3367873042481142
-0.7308315624968067
0.1402169059591301
-0.3942978402960338
-0.9894929010337975
0.1975925138257340
-0.4941606036366694
-1.7044006426123848
-2.6026431057919859
0.3558072321673469
-0.9740453177695739
0.1628122830971571
-0.3740712405009721
-2.2919068332167312
-0.3404307406193170
-0.7599865217987217
-0.2282304194907246
0.3668293800972189
-0.3824268484097700
-1.4099820685031286
-1.3129283118662123
-1.1207186040629078
-1.3081918463337763
0.1354737117650007
-0.1523305305416060
0.2352120544626876
-0.7356705498847923
-1.5539118911383976
-0.3413459176478204
-1.6485849675663733
0.2525200858116520
-0.4487734552369530
0.0745695438814526
-0.1374237330408326
-0.0767346565883850
-1.3160417334922021
-0.7494327140288793
0.2642558283655875
0.1276773777229678
-0.1827940022616991
-0.5068895244835451
-1.2009246700512242
-1.6287669469834551
-0.5368318613616733
-1.9514292661979085
0.3575848732035660
-2.1922273564881452
-0.1018169725790541
0.3125887250498814
-0.5311793711089242
-0.2796532894912652
-0.7662136409972138
-1.1157396451971067
0.1923282638339067
-0.9193957280588835
-0.4794297673213088
-1.7554256358173763
-0.1832532972549025
-0.5856414822682172
0.1073249774010682
0.1483762177817153
-0.3972609034813574
-0.1961264269370577
-0.6204384691205391
0.0204617766814280
-0.2738097823167209
-0.3593267152992675
-0.4864222828614344
0.1123116268553888
-0.5045984694746740
-1.0484672461302225
-0.5973842374643008
0.0653519473459780
-1.0267324465281802
0.2296919153573765
-1.1457756599319686
-0.1342784161909326
-0.2885445292511892
-2.3130277659353577
-0.9296088786186234
0.0877531219667215
-0.9028992103273384
-0.4972904687724188
-0.6594194593153807
-1.5286210404976255
-0.5798700287432628
0.2213857786376739
-1.3076872459664381
-1.8810253503472938
-0.3527380764493278
-0.5497327252870804
0.0208162616143236
-1.2329872125357999
-3.3042510176669833
0.3098041592129389
-1.0671881525943459
-0.1763573172107644
-1.2746228361855465
-1.8083399158221871
-1.8704308710118362
-1.3950268640266368
0.0486693389195050
-0.0858297197455585
0.5168171522824138
-1.9484620522845988
-0.3520173600465992
-0.9248079601440079
-0.8097069409714128
-0.2278801955977080
-0.8314250920005278
-1.3241563944693877
0.2511774242945068
-0.2929374267485290
-0.4653403856607447
-0.1679815820112728
-0.8319609549596877
-0.7964683664201799
-0.4670637256657336
-0.4471496640056313
-0.0480234611603154
0.0669036778223605
-0.5873556935786608
-0.5523599608994961
-0.4791302593067406
-0.2739763539868739
-1.5152623592348002
-0.6655099648853875
0.2211159222530595
-1.1648613620459136
-0.6638255116921891
-0.2269848374361204
-0.2434960678244450
-1.5981024866598734
-0.3395868992146618
-0.1705133113207541
-0.0402742799041353
-0.4733335343029275
-0.5552214312586167
-1.3106203966156629
-0.4545882155078841
-0.1475326285594540
-1.0863422476244360
-1.6417346370947739
0.2913793840795836
-1.0751597756401139
-1.4114249854458454
-0.3647662364076147
-0.3459562668845114
-0.3962908083858646
-0.9255867267092741
-0.8303737933657980
-0.8923000803039747
-1.0921152431783703
-0.2324851455956033
0.2182480139387576
0.1173197834489184
-0.5723255288780533
-1.6562946528848401
0.1209553245423288
-0.1103405249814420
-0.2698416724010355
-0.5113430083858824
-0.5214957655018764
-0.1128419687674721
-0.2756517112663107
-0.2441219532657201
-0.2063593091435526
-0.6987100580640634
-0.3396220214252993
-1.8095553345679254
-2.2022003603919544
-0.3101043609851858
-0.0157069057108945
-0.7465338275699777
-0.3101159509843303
-0.3074240425832883
-1.1830783592952829
0.3822650181819440
-0.5431601364404296
-0.2896927191090621
-0.6799282931324437
-0.3024441732377483
0.2002243359129726
-3.2146611329925285
-1.3370209978405942
-1.2818519547604914
-0.0784033189576851
-1.1929432708739094
-0.2326235084668756
-0.4444113171727529
-0.6786342062859495
-0.5321871253737616
-0.1005515247143426
-0.1918019993011351
-1.8119188863273521
-0.0110352269674505
-0.4018239201035068
-1.4093706431675403
-1.6880131536884988
0.3353317092200804
-0.2118712068679947
0.0704456458153888
-1.4253119929103641
-0.2070866394894022
-0.6275830175200269
-0.3315193783881590
-0.5391543734020215
0.2103631258355400
-0.6207812807828509
-0.7911909127930746
-0.2980052769351567
-0.1781409231288408
-1.5266240117610008
0.1973749832076624
-1.5975652970588214
0.5071195526957639
-1.4012569076483912
-0.0466530720607108
-1.8245716892465804
-0.3953526972674112
0.2393367140656753
0.0992068385376280
-0.9002666333944276
-0.3310034193510777
-0.6362135617755150
-1.6361830389833614
-0.6537894175660056
-0.4591169311459680
-1.5706470933577978
-2.3627073888390635
-1.5958957958387900
-0.3171060653876579
-0.0120677700807224
-0.0545621430739155
-0.8448917280514657
0.1262493356253577
-0.8480292614057215
-1.4554943073414117
-1.3025490181231687
-1.1823953386267561
-0.1378879287983333
-2.0870159054296136
-0.0986289445430662
-2.1835869684280604
-1.9131416364629548
-0.3795961315838782
0.1845053179402329
0.0210128017485698
-0.2746897462835901
0.0823914048263828
-0.2449831860176656
0.1653407509067583
-1.0001428676779065
-0.8407359110448993
-0.5663838447377554
-0.0368202650864654
-1.0911147903713996
0.2469752936563186
0.0001244511078067
-0.2212026738720047
-0.6638653185943224
0.0207434920374743
-0.5004737934215817
-0.1796937609269146
-0.8945607601274906
-1.0756643862212087
-0.7626197135696431
-0.4531279352977785
-0.0855055456229497
-1.3192563614889585
-0.5222225759522525
0.0751307352579525
-1.3097619207406408
-0.0553448228735187
0.0858000954035322
-0.4501511441682770
-0.5861892465450979
-0.2714783594779722
-1.0081787795242656
0.3147936878858689
0.0361284687020898
-1.0935325024952485
-0.5292347246074620
-0.9317012194392532
-0.2353572167405081
-1.0138942014979337
-0.4447977991699127
-0.0581266374014258
-2.9547002560640974
-0.0085617222452186
-0.0520488234926538
-0.9319439749994092
-0.1833356396424414
-0.2356720217010083
-0.5791030570515435
0.3386203952008278
-1.1226514707062871
0.2039011352462836
-0.5371375193470906
-0.1488389556006171
0.2147590355224165
0.1476083867407987
-0.9455012679593685
-1.3596364274904658
-0.3554870119415101
-0.6642234361336591
-2.4699294199947861
0.2888752294507691
-1.3439722043537630
-0.4354614351443543
-0.6784773275641921
-1.2376556040446922
0.1471568582684085
-1.1927854261999025
-0.3727237784663812
-0.2806086806146598
-0.0917981899027663
-2.2267403733144335
-1.0143926076932048
-1.1393444859804875
0.5941337557016053
-0.2132279983065676
-0.5052497855760437
-0.3682271222687444
-0.5987231636268471
-0.0334601284170051
-0.8589410964551821
-0.3593027263708486
-0.6547606223489423
-0.7307071607054376
-0.2622977268429728
-0.9584232594778309
-0.2431528359422146
-0.3880987189790210
-1.1680917063472174
-0.3573745396351464
-0.5088332088911831
-0.9225640004863001
-1.0152515512096125
-0.6969743570782592
-0.8519124123711648
-1.0498680598328978
-0.7780945953983063
0.0330080465331473
-0.3623944110843659
-1.2198198029809975
-1.1104031022560321
-0.2695633516166685
-0.8000980304444930
0.0514215396890640
-0.1521891744050392
-0.0509288447523181
0.2094112973123974
-2.3288206073398436
-0.9888498454149950
-0.2624898573281993
-0.2984010634498593
0.2581713476673116
-2.7075555487085863
-1.0719970934504408
0.0883791237670566
-1.9483338668003691
-0.3863860738284754
-1.3282858540551901
-0.5334183987899214
-0.3087543242683021
-1.8091779123382794
-1.3505111194139492
-1.2568447224301367
-2.2503174319232504
-0.7585915269698537
-0.7520514174366130
-0.7209955826221487
-0.1969255016954239
-3.0748760445530929
0.3236527351209830
0.1211935459836469
-0.2479633767728864
-0.0470307532961254
-0.7134430014791608
-2.4624283892941023
-0.3991365208361266
-0.6006870410577801
-0.5326094379607820
-0.8787983307265604
-0.2796653651284535
-0.8693106960456283
-0.3755192587365302
-1.4326390082094687
0.0762073741606632
-1.7750511661235566
-1.1398086272399277
-1.9121005777086035
-1.6462597849341198
0.0968121713842526
0.1997897084194740
-1.1122507616645376
-0.9317456470790226
-1.0090164274104034
-0.5428156815257713
-0.4352175789502468
-1.4695284803795825
-0.4260607770171195
-1.9270676264369058
-1.0663019210095417
-0.6552371095484605
-0.4765865502603934
-0.8671613516303165
-0.3752705132753857
-0.9466149898784255
-0.0684520242061369
-1.6552371867888902
-0.2988131634058001
-0.7566950603728354
0.1889499077319523
-1.1689832218601828
0.1828223434652990
-0.5143560508741802
0.0492455808179863
-0.2090782582805403
-0.9551472568617158
-0.2247848851310357
-0.5071499570778880
0.0156123631902956
0.1993298180679818
-0.8874681887117651
-0.5370994963476490
-1.3734806045305115
0.0989201400089837
-1.6150819251104529
-0.1861602931040188
-1.0167534294634168
-0.8915010153501941
-0.6043106118267857
-0.7438357972965484
-0.0337851504999321
-0.8571598471683165
-0.1088261401053524
0.0039588837212047
-0.6684138162439042
-0.6326851769282498
-0.1350579773625400
-1.4472582069322160
0.4255709360367572
-0.4546032735084075
