-0.2269187026638975
-0.6935354205281288
0.4647376071649406
-0.1873384690484790
0.4803909389602424
0.3260356399847406
-0.1860154421579823
0.2406936215448220
0.1398501309700650
2.2627098872061957
1.5897891047912762
-0.5047231751196204
-0.4874584651185987
1.3818437091365907
0.9214261853674052
1.1325825664457789
0.6129197889906105
-0.5470988461529827
-0.2804331982157734
-0.6630881710992477
-1.3960618454250691
0.0167723593161926
0.7239341911749727
-0.2280773374543750
0.0007015973611743
1.7589978892957905
-0.6900055358128021
-1.2324623901065874
0.2012075753965246
2.6403641303002070
0.8728951831295741
1.5307216347422641
0.4183236240494773
-1.5815611742165112
1.6831283856415724
0.6285446072607160
0.1320408948624541
0.6917961055228122
0.2731942914281943
1.2897756342699600
-0.6604809566865700
0.6019082181451193
-0.5628844337233445
0.3194354438225649
0.4083006685408133
0.8821562672523783
0.7621938202868791
-1.1178857942883949
0.3350970497522873
-0.0462129400893738
-0.3737858622823169
1.7534673745204463
0.5441179175412862
-0.5115578342872791
-0.1046912678443813
-0.1666120796046646
1.1966847711350210
-1.1148150050784091
-0.5387574479767737
0.7887014462241955
-0.8203806338325031
-1.9243582259706988
2.9087558475855020
-0.9088415748053988
0.9699548207790686
0.5603146207370954
-0.9496439575604116
-1.5813678121824544
-0.5993863504319102
0.9688340688972954
0.2836193795813562
-0.2455258656114661
-1.4741578009752561
-0.3454475908196240
-0.9915270461183301
0.1845959754846105
-1.2291027903422218
-1.1567256492384188
0.8134997298948172
0.3776042590738746
0.0861330717680596
-0.1521913322193228
0.7254912878501605
1.9724011892074063
1.8931905591284208
1.1923734741882650
1.3265844409398064
0.7270084141322157
-1.2535459122124475
-0.3792135486876141
1.1262795602619156
-1.6332424643176591
0.6358873597942630
-1.9248295392997701
1.0239167384760333
-0.9340919143353223
1.1622327057774269
-0.0028522213451489
0.1664205965552831
0.6831838419825386
0.5938852771696628
-1.2471474636101072
1.2774831259945938
0.8111359714219342
0.1092209124522192
-1.0541052988260744
-1.5428463832108887
0.3853984296689403
0.8612600448373712
0.9229024058640143
-0.7058804439362031
0.9937402139480039
0.7134553012513749
-0.8947431146890323
0.0891233403575626
-0.6366195831629754
-0.0962469767181517
-1.1404342100110543
-0.2013942155622121
0.8094048338166668
-0.6981042567221342
-2.4076173976961646
-1.5252989498664531
0.7538840063386570
0.7616617231639407
-0.4007485224013429
0.7984625064497195
-0.2398315664252964
-0.8678096016697604
0.1288963123520307
1.7647771772160756
0.7136399244007158
-1.0524855377315883
-0.2173197400586221
0.8421888330729073
-0.6338215766042421
0.7051675729543646
-1.2381826489629644
-2.3492670325391729
-0.3818130442497351
-0.9080697188250721
0.0009119709247573
-2.1570891110825681
-0.7309281415421043
0.2480556123665970
-0.6572413464206710
-1.3469150047371421
0.3091441671965358
0.4551293033879535
0.6834541618788050
-0.1707871817175279
0.3074895831564728
0.2575713841517095
-1.5731072876696739
-0.2229876408662209
0.6767243681850353
-0.3572080969862393
-0.0491264119867704
-1.5470123782785017
1.0832464107242648
0.1430536393153999
1.8456450184906819
1.6093894029863383
0.1208157735634426
0.6663929793532547
-1.6018423207858885
-1.0345355251904533
0.0219161510208920
-0.0303590238671745
-1.2351043509978896
0.0359092177985492
-0.5613039219481647
-0.3036575722758756
-0.1233468160663867
-0.8039537309764362
0.7122065397721884
0.2511643811961398
-2.1026281554096071
1.1707265637995610
-0.6454798533514031
0.1584283195562382
0.4385772800304431
-0.2508008270341105
1.2874430844382787
-1.4762133000684261
0.6661513695804331
-1.2093870756641822
1.8715332158487248
-0.3848359639647253
-0.5472427613115263
0.3326707892419745
-0.0367964651007750
0.0972074035613461
-1.2585194248563121
1.7548550302444295
-0.1158488904718380
2.3479177318924798
1.9391680571831316
-0.1073009146572898
-0.6190758498421667
0.5599763535799956
0.7777841359279253
0.4618983970624505
-0.6386042330748295
1.3482896522907895
-1.6863439150449191
1.5640488958551302
0.4621925083102827
0.1493108227970217
-2.0786048291830652
0.3570671316447083
0.8529489381618087
1.3819701180976940
-0.8931993177730716
-0.1675731510153531
-0.5722140904740304
0.4801367777174719
1.8895918495001423
1.1119350702617228
0.6797985386087013
-0.2243178641364123
0.1591236895542517
-1.3501366575575859
-1.8673215285722629
-0.2201325123703448
1.7047413525905382
-0.6038408038792060
-0.4478772017734370
1.7456811292947374
-0.7502397709569252
-0.8259796843428739
0.2895901539149414
-0.9771261928066798
-0.2459671179868733
1.0043015560197865
0.8748875762530275
-0.2117164056668955
1.8230922991463208
-0.2668494253594617
1.0876792177264583
1.3567623641236437
-0.2354988840188817
-0.2415483249566726
-1.5818076989783729
-0.8083543783338074
1.4327488072690449
0.9228571727968030
0.8030993993934089
0.8652374051609322
0.7127427212231334
0.3208592150194882
-2.3440930529091193
-1.4774708901736862
-0.6665990245222857
0.7012545773939749
-1.5691358811567773
-1.0632800791376114
-1.6411544448920670
-0.3766871840994795
0.8993355973861974
-0.8923715728098095
0.4656649547836254
0.8291586906693629
0.0477280200768436
-0.4579441002657675
1.0068837072980539
1.1332408987274651
0.7906427678663936
1.8357317449495705
1.4657170141664209
-0.9117426769101081
-0.3989647883242041
-1.2417168340006473
0.6503177934505616
1.5142532165049312
0.5178564492547589
0.7381366602967097
0.3603545075888293
0.6380877829569079
-1.1717809150694238
-0.7792209932287298
-1.5836060263571481
-0.7475104750476901
0.0095064401408745
-0.8035605931003061
0.5396125867409248
-1.1871833087447494
-0.5657233411153187
-0.3568200028780458
0.1501675120902288
-0.8028678600195360
1.8134435700673535
-1.3970230339144236
-0.0507850889217698
1.7980450336137148
0.2337476620356755
-0.3801827466494632
-1.5290380134213899
0.5319280757838982
-0.7749168975830819
0.1018436499530682
1.0210330149789832
-0.0482969141497922
-1.6074411160362327
-1.0193695838909780
0.1989062378771315
0.6544720746455892
-0.0868168744990204
1.2608405997345673
-0.3417164937786653
-0.1508680125399458
-0.8021686289318836
0.0866594657177068
-1.2163992541235464
0.7517162353077789
0.1499552711070851
-0.4383339506661912
0.6705850567492946
1.0770974970291864
0.4803714727841813
0.0921125879698098
-1.4475882622097556
1.3038230948810250
0.1376537793823926
1.0506526985107139
0.7409317204324243
-0.0964805196428190
-0.8166271788963242
0.3854332578925658
-1.0302429823280737
0.1117880156575601
0.8699828250871052
0.4353379496774027
-0.4885717491619774
-0.8052988673475303
-0.8310168107142842
-0.9985465080120511
0.4513840516502012
0.4765673104518701
-0.4585835676123152
0.4141026787195220
0.0880367857202344
-1.4170240241529228
-0.3654553014621928
1.2836333910487068
1.4627735713568935
1.0329734395786583
0.5423763006210760
-0.8227563931828960
0.0746612390846835
0.4442781008538897
-0.0333694084626658
0.7368365094035748
0.7847783748300876
1.1616090897684892
0.5932252473557985
0.6889979397329324
1.3258463953359672
-0.4765954727279054
-2.3994040476567333
1.2816751779807516
-0.9590770785536630
-0.9046367394442248
0.4689133891893326
-0.0083270528963339
-1.9306117138228309
1.1776999605583265
0.3554175938105535
0.4092518179817800
0.7711500015877004
-0.4577836313998799
-0.1322750243176403
0.9220689099974375
-0.9167587476546400
-0.2750219027936444
-3.1655587065380568
1.0229711954955616
0.6990451375086641
0.2329860656163543
-0.9838996499541860
1.2558494122958108
1.1725557268900406
-0.8248671991409527
-0.5173979706488548
-1.0397612860162613
-0.0949533250031602
-1.1695361543750655
0.4707489829577958
-0.3236330108407268
1.3802250872655983
-1.2864601388334140
0.2698732290064579
0.6079960654629708
0.2073022141405265
1.4309988984738653
-0.1329285411009779
-0.5290408799019423
-2.3110895452655553
1.2187818561236565
-0.7608743392979682
-0.8860519952215169
0.6883505912594130
1.8552219887908996
-1.1790570819129149
0.5011363371705340
-2.0225009820288493
0.5021262366624195
0.1974838348734501
-0.6909389773091147
-0.0871902996791780
-1.1265188298671567
-1.0907025152575944
0.7624736084020718
1.0534392940547623
-2.7869475573926312
1.2395373983118103
-1.1356497649552206
0.7607193895744134
0.1932680473094621
-0.1627316018509641
0.9366270780133709
2.0756140899236493
-1.4813544368823559
-1.1367916992734051
-0.5924245669557824
1.5423544726505263
1.8136932075509076
-0.4815044834917295
0.3218797493138308
-0.0654965175776535
0.3710145317401221
-1.1176353752712689
-0.0180954396849755
-0.7149724986219419
-0.1631069228007528
1.7118330280395599
-0.2446847585635672
2.5924203843743703
1.3327757264926829
-0.3430343248863541
1.1070700365590740
0.0689683848963737
-1.8475007890979296
1.6329327701663796
0.0100491508373644
1.2098232415319483
1.0954086526613795
1.6076826581718142
0.1159422422588448
0.2551330720614865
-1.0343949962857417
0.7477160148430112
1.3881571022055561
-0.1078288436110593
-0.7520904375314114
0.4723858188310654
1.1669810204445914
-0.8477145531009393
-0.0811275800009838
0.4976929667399787
2.1508774998612110
-0.1898059851555434
2.2893080209052297
-0.7594721419670857
1.7681688038125922
1.4759970688132151
0.9958291333411214
0.2602663608099782
0.8222042173911400
2.5463614731758590
0.0363703018167011
0.6317199024076465
-0.3928540412255653
-0.8793348074098993
-0.2430151109836590
-1.8025630155741372
0.2117929798957263
0.6552658162007894
-0.6013242537586257
0.0318185994948466
1.0050417704763690
0.4070116424048457
0.3421258682480691
0.1002466238902254
1.5512956096739670
-0.1154130371599415
-2.4212637968660626
0.6578726346151628
-0.0793689277349494
-0.8649291350389322
0.3582051771451809
-1.1976309709068369
-0.3504702041975529
0.8891869181492763
-0.1121503658410487
0.6412473474891296
-0.4288434522731894
0.5647650075536425
1.3328160940560281
0.6296944904155829
0.6165032109235349
0.4211794543150325
-1.2021520638739913
-0.2460699119923362
-1.6122956253581195
0.2764204538212647
0.5368168091268652
1.2349742649686790
-0.5486438856350859
0.3057136777467564
1.3924155338385207
0.6574394781503610
-0.6273635567671332
0.7919596278978381
-0.4894323625272129
0.6314662892511518
0.4930880717380178
0.0577790761493991
1.9217386396982419
-0.5147634270505418
-0.4167737405920626
0.2222665723701633
2.0385610511618291
-0.4531855410363939
-0.2246691598030604
-0.0377968268677663
0.8512194448357121
1.2645429052174382
0.0891013794933095
1.8293659840188568
0.1331775844845008
-0.7245368591364012
-2.3962067592424376
-0.5030992975235123
0.7425501838863705
1.6347748612499309
-1.0804554451467991
0.7379137932050041
1.5053776050706285
0.3823337740702525
-1.7917612977594053
0.0477023760482577
0.1943361836790823
0.5785160159805319
0.9782870260482641
1.0064107091209267
-0.6898655135091677
-0.7497850146096423
-0.8771157631545885
-1.4015194464588316
-2.9102325417454562
0.2375856022537884
0.2083530960635174
1.1153324481491107
0.1351338863969547
-1.5330593519720697
-0.2787663699949453
-0.5605682822758395
-1.1623220992506238
-1.3668359717853256
0.5521122414640528
1.2931175040273764
0.3772244457869232
0.6200747727855541
1.3290931809386897
0.2383991065687942
-0.3222595072137218
1.7012684994771086
0.0469290502489381
0.4168786523949476
-0.6443673622347780
-0.8073778456157140
-0.0860143311424307
-1.1824334008077313
0.6638631053295431
0.1319322826569640
-3.1319205385912627
-1.7488618652011052
-0.8007860668609870
-0.5595672005178681
-0.0763816802374975
0.9432905514606431
-0.4330910024546379
0.1621418224470603
0.8156981120574369
-1.2918837977647373
-0.6257554392314013
2.1391750728486589
0.1192183693933304
0.5047924187865149
0.7377415902241478
-0.4864758900109082
-0.0875757218579976
0.6141906061214629
1.9450018754419585
0.6188995993253319
-0.9825270969745171
-0.5650530761544209
1.5236851617620168
1.7545836416533669
0.2694083279242468
0.6687644276496899
0.0468099380359424
-0.5133220633982086
0.7795152150132512
0.7907953548172272
-1.9540311187589634
0.8446545585796710
0.8268732575628118
-0.0328980154710803
0.1724034972964220
-1.0532065997426898
1.1852029809487612
0.0615630320610471
0.5481549247440012
0.3535089912624655
-0.1490865835043057
-0.3111581242673819
1.3491399004631628
-0.7600059663836187
-2.2192509719900357
0.4489932624053293
-0.3364949474508135
-1.8728603818434917
0.3384422904915969
-0.1431503483760083
1.0797799491345217
0.2477427119808503
1.5199877637579284
0.6777719618172321
0.8052126593917782
1.1549926057499034
-0.1383872050340102
1.0151926283564205
-0.0824453584714279
-1.3193805270564836
1.1550307934808659
-1.4061891373429505
-0.2261825691610737
0.1194035042797258
-0.1125945370102042
-1.3899911621707288
0.8446380731918984
-0.5821105056458458
-1.4803561002021375
2.6135801561176040
0.7333067262361948
0.3038457738917431
1.1493903329609600
0.4378703579677151
-1.9118579889021268
-0.5217925658902633
-0.7194525330699848
0.0368836570334626
-0.7144718572330456
-0.5692359135511275
-0.9135829174032923
-0.4194192032617192
-0.4821469883339403
0.4250758841471106
1.1070694101065031
-0.3627378304624518
-1.9806522851363930
0.6731747753625160
-1.2303965630866325
-0.6971673757766276
-0.0055380381023693
1.0854051126670021
0.1890439637279678
-1.1687728085991465
-0.1184482327091370
0.0904042825443430
0.8346636318214531
-0.6031752293559779
0.7571682576752896
-1.1410172517735657
-1.5231141091062861
-1.6743652793980648
-0.3683000108347491
-0.8162376902013081
0.1761155754686486
1.1836545382939627
1.8263177248651821
0.1862216148853080
-1.0083157689620252
-1.0160332316582326
0.6245948460651515
-0.5695262128024392
-1.2593789177494641
0.4855442343159073
1.3096678841366578
0.0896606341079161
-0.0788021584947359
-0.4974339849091540
1.1877484870679400
1.6897239698784738
0.1869361157839836
-2.1186886549768378
0.6401251878567980
1.3940805322865364
-1.1944119878509805
-0.2754688195846448
-0.1111475197066024
1.0685086151274739
-0.6558399840355180
-1.2525164856109419
-0.8221429935262364
-1.1728661147481698
-0.5176639656166886
0.9097532103782803
0.7251066468730966
0.1466905748536689
1.0066315886353780
-0.7169731853836536
0.4236395198889072
-1.5661212426653865
0.5813018665218859
-0.1932054791654698
0.2257127059433943
-0.5627925197254142
1.2116593266107201
-0.6767234552761435
0.6580326847404554
-2.9090628214204197
0.1675387452312341
0.4681012577217936
-0.8351104146938720
0.7066356632494366
0.5091118847316133
1.9887933810866611
1.2863453328810666
-0.6137624029216999
1.3817966921770350
-0.2025602689304219
-0.7329717653199794
0.0014243230527173
-0.3644161004283052
0.2783622921152807
-0.0966043613499540
-0.6708385977454976
-0.6619435319749970
-1.6736377809490057
-0.8613917713621113
-0.4776697720549596
0.1006155266683770
-0.0473969495003326
0.6091848421686639
0.9863550870887630
-0.7062791917701156
-0.6258357629699784
1.0248374594815046
-0.7695590886809610
0.2221757268554572
-0.8309410379372528
-2.3882941123539179
1.0382257610568513
-0.3830447352732204
1.3334382172051102
0.0299293510949798
0.4978999120545146
-0.2548563290197353
0.8960843548460310
-0.2077715344222403
0.3294635511226237
-0.1461549200477517
0.5803933290038852
1.8647273861412639
0.7950769545780648
-0.7594371781737056
-0.2207352251439202
0.4186931737733929
0.8865636267325963
-1.6511652775771779
-1.4796559581285669
0.4779804877801510
0.1948780207271068
0.0134028504168522
-0.1201576029961507
2.5705395479012152
-0.3117485280611799
-0.4042488560769109
-0.8388837915458396
-0.0205722579331684
-1.4260549026717346
-0.1879250791927535
0.7185747458189278
0.9970344445364150
-0.0335952573794411
-0.0416622679508673
1.6547547318045519
-1.3372966668488393
-0.2215771211853772
-0.4702883886875653
0.8871500226595227
1.0617836857088336
0.8446244848492521
0.3224386651912685
0.7109494598501650
-0.8635520027947149
-0.4552822100323080
-1.7108391079107406
0.5871631034200108
-0.2842222871774688
0.0767593107465523
-0.7774295729194859
-0.6923957114838473
-0.8998666808327423
0.5365786473595164
-0.8313386729322167
0.4584259920709211
-0.0985005232360671
-0.3462834288892301
-1.7556572335401281
0.2756878982635746
0.5601430186843384
1.1214394029666777
-0.7907450774712336
-0.7739990738398294
-0.4483212591466509
0.0816932261155641
-1.6911039477969829
1.2294161563922184
0.3830559938691539
-3.1992604843679975
0.1562617559015873
0.5000838878759767
0.1557163778833497
-0.0205746102921373
-0.1245188671547003
3.6118695993402472
1.1279103788718330
0.3206031516227674
2.2707481620175525
-1.4126584446032606
1.5594375056037280
-2.0054923038454602
1.2548621189728237
-0.8615559329353094
-0.0270404799135394
-0.4490429830906018
-0.4133699303140655
2.2004641238599558
-1.7284506606808336
1.2920848390706765
-2.1068905581548631
-1.1717726322857616
-0.7334883794609766
-0.2993300374465535
2.1592660989724157
-0.8518307662179602
0.7674106551184285
1.3808601809084802
0.5334482745284439
-0.0709260821305064
0.1772570835865014
-1.8197029638948303
-0.5392924752162694
-0.4182845352259902
0.4407255264707185
1.3518165190221978
1.0700282261836949
-0.8857232677162514
0.6571841977809275
-0.6639109392114909
1.6752299192065554
0.2848951344295865
-1.3057564802721366
-0.2260203530502401
-2.0820248996232675
0.3533273499914353
0.7724140892319122
1.2265936474486452
0.5109181541128471
0.3347083463869209
0.0988641181449025
-0.1175099862760558
-1.9707536868689968
-1.2931876475220463
1.5014235386762997
-0.1272288958230968
-0.2636122172568008
0.7797678612932977
-0.8230105657493201
1.2748841232301660
0.1045499361494693
0.3744734170838473
-1.1097217809448496
-1.4217795617629376
0.4825412168175297
0.2789121026864261
0.8915523972731879
-0.2388648362698834
0.9870312615065885
-0.7933238674434532
-0.7338962413911367
0.3123159299948688
-0.8660814721211442
-0.6419353445258852
-0.3579367694976817
1.0878225268280104
-0.9102293494109720
-0.8442235394068102
1.4656073482027301
-0.5565800916237904
0.7089709868261834
-0.1035118690216254
-0.2041956838699041
0.4375582182764329
-0.2130766599067743
1.3694730308025240
0.8145732264784628
1.0030576963777327
0.4015643388346269
0.4099249940231535
0.5925319540943470
0.3168741119590449
-0.5242910955653419
-0.0447561309965107
1.1057071024481275
-0.1001018143935477
0.4446976263368463
-0.5331236549790095
-0.8081260289629163
0.9355261260452213
-0.2375966508270406
-1.0903352705440572
0.7660609238516389
-2.0199636234568605
0.6022574931814864
-0.6416651729707509
0.7970562633670651
-1.0293371931635567
-1.2271040792564920
1.5414421191827541
-0.4161114751261910
-0.5467356147439288
-0.1710688417229728
-0.3370123312737313
0.8435342985698815
-0.4817776473656197
-0.3346828245215187
-0.1771049753213038
2.0946789986542518
1.1232455432398225
-0.6864423673152753
1.0881775290230671
-0.9287744000294679
0.8221412403862693
-0.2681489430098410
-0.2026375955064376
-2.0238485919125946
-0.4900638638347553
0.0145799684942864
-0.1368479868730177
-1.3990152059194521
-0.8077258977830208
0.6809544587725288
-0.0472681874379499
0.9443761859846175
-0.7691033729742284
0.3580949372958518
-0.1814304956997050
1.7686367719819318
0.8379238720875917
-0.2748363265729368
-0.7622813854974525
0.9949246168758289
-0.5027681095877328
1.3292670496704715
0.1801876324378486
-0.1822719833710325
1.4675693925478959
-1.1795331840612175
0.4283266207225216
-0.4833299917080540
-0.9605594410191622
0.6476973222086169
-2.4832305140867197
0.0548124663935150
1.8375047267753977
1.8539015806043164
0.0273749920048673
-0.3185080045748913
0.2732008492172824
0.3411972543291384
-0.4185518762256947
-1.8443603008366891
-1.2343353624712501
-0.5816148745021694
0.1579234477346176
1.6146046155883351
2.6575678508720126
0.6968209300488301
-0.9193795641404419
-2.4700201606607353
0.1220009819294993
0.8335126854525370
-0.4264408438660930
-0.8708758022623256
1.3510699375543682
-0.2613893490721075
-0.9651483661040728
0.3181970551664959
-1.2806216624602995
2.5953390405824299
0.3541669512760874
1.3143052806240014
-1.6861397880039519
-0.5311205477982225
-0.0333473503726195
0.0635405028793528
0.3348030808125316
-1.3764172693177152
-0.6750215861206896
0.9346581374424913
-0.6586158058920133
1.1267959565528620
0.9867592205628022
-0.1106615836050859
-1.7240729283878011
0.2463666908164842
-0.4840684709477935
0.4308986034933456
1.9534261616405517
1.1139492163061484
-0.7783364551544797
0.1238891817283640
0.3399598128659913
-1.2076694373131209
-0.0050950369380235
0.3267115639077187
-0.1586058463196766
-3.0665392882010569
-1.1423093148186709
-1.2979121771395603
-0.1821032873454447
-0.6242703830523701
0.7318906799030380
0.6607781143897201
0.1300362472304644
0.0037151751061065
-0.9206408284917739
0.0514050586116283
1.2552238222142820
-1.8781324238401582
1.1924653332294504
-0.0216649981936114
0.1147394918113542
-0.5816237504987768
-1.2943697549115885
-0.4142936900719752
0.0389741023923391
-0.8307319598840932
-0.4491509638676227
0.9709639390396635
1.1390851395385277
-0.2761685909952229
-0.7816332026002890
0.6912304648976689
0.5053339064399207
-0.7314236547917068
-0.4097337219279007
0.1045829489745238
-0.6164244895146332
0.5106902136063112
1.0873110620604900
0.5478981213548082
0.6009747631444394
2.4380602053731528
-0.7345023607360143
-0.4842674807818395
-0.7415699326746911
-1.2731925731772478
1.5225878932338950
0.0750358080879554
-1.7258398379231668
1.5644923789771621
-0.0519456559143738
-0.5924886505602289
-0.7471891053127938
0.3621808150555562
-0.8622742566328766
-1.0802621564579959
0.1302365868345770
-1.1052162438275803
1.0736922277196099
-0.4890872657221660
-0.0412237412905168
-0.2754627104509324
1.2988033668180430
-2.1645121661686977
-3.2378786249129425
1.1695653191779718
-0.1381607536684117
-1.1791385372032117
-0.0106306509115929
0.2291254691207663
-0.8475134850006022
1.3425709898422018
-0.4750356069732361
-1.9947563187396895
1.3523965781166998
1.5338289418830826
0.5636137758309631
0.7757400178490979
-0.9226231001328042
0.3524120252145597
-1.1376643763524010
1.2654438954226483
1.8374768154270797
-0.1095775627623649
0.7947625238059716
0.3159345970841000
-1.7299990870840194
0.4734525545726810
-0.2522117932212808
1.0151644590003794
0.6914471316150352
-0.6047690975266149
0.7397053782876289
-2.0192555616838730
0.8422434889188742
-1.1560630761132760
0.5549794539318923
-1.9001536456638410
-1.5895567340327645
-1.3090938673786499
0.0858316621307114
-0.2340416058801592
0.9853477626982244
0.0754348304296036
1.3780976308495350
0.5035592334594854
0.7935373349371514
-0.6375731961081715
-0.2623015104155828
-0.1975261557952420
0.0767393255353183
0.4917835708315389
2.3597981514149780
-0.3525735853975185
0.4792398561213447
0.8231515706433631
0.9476781205605267
-1.8068130229831407
-0.0508711088829039
0.9655812086608547
-0.8543782363090794
0.9436294810363060
-0.1990417281753655
1.4529768006184076
-1.7143469744174396
0.3540555966259002
0.7967260204838098
0.6568639557275908
1.1536528030584960
1.0973413316456646
-0.4413689996395862
-0.6623173485200005
1.1039956636458081
1.4225298226550389
0.1817079206247718
0.4188163032009439
-0.3005921538579691
-0.3844732381822590
-0.7462047009599033
0.5867192407112606
0.3494158410045606
-0.3532008566549204
-0.4550526191477874
0.4583541044884485
0.5771481772153110
0.6698491195850241
0.2679184752167584
1.6875535354868285
0.9818981380781026
-0.8507985209402884
0.6066589993806394
-0.4262296232089158
1.3292645487402062
1.1475035593203413
-0.2473692324425644
1.0814851436303463
1.1598389761541970
-0.2701869855445145
0.0131479738320694
-1.0087854393370665
-1.7144831685905821
-0.4481734951843578
-0.6246831764408766
-0.4279777750270217
0.5669771890368491
-1.0215235468690591
0.9896898700865430
-0.7252246819373573
0.0571791426199427
0.5159120814024117
0.6810184675973512
-0.3392776311341796
-0.5294760979100257
0.9491776663694228
2.1509476714362283
0.2288321611066702
-0.3420999978780168
-2.8060664492627816
-0.6048723512274409
0.1467547988410646
0.5686405965713179
0.0638193618875802
-0.6808074024288805
0.6715606799697276
1.0445933701647065
2.2863904615370227
0.4453848516597294
1.3915972253892408
1.0239445810150083
0.5822121065384696
-0.2293553226015673
0.2149980124570011
0.7753738318392408
0.1589781555180870
0.3981305033088445
-0.1033892337680322
0.1745894321160446
1.0902725159168973
0.2387603683924158
0.2340551864826573
-1.0147943775430794
-0.3046472003666915
1.4804207895471622
1.1242523327686651
0.0512448014114732
0.4083133614488629
-1.8943370003480902
-0.4401054935620479
1.4035770819104485
-0.9267794792902841
0.0535374076154971
-0.7732965234238034
-0.8652119391499363
-1.3344936405033074
1.6207126410454020
2.2758850587507187
-0.2167002568461969
0.6012526127994843
0.7095152994248624
-1.1152122621179754
0.3506341343412468
-0.3824460746187738
-0.1204124661584286
0.1321135353449963
-0.4211308908970182
0.5392484941312337
1.0630121848234024
-1.3104085182899305
0.8765852866860420
-1.4216820189341748
-1.3114686679118590
-0.4256211695488680
-1.1869470369600090
-0.1659795134041215
0.9003603362789606
1.1294031184717614
0.4965140008458931
-0.5278903742376028
-2.0876558482669183
1.5294133148725850
-1.7240712967255609
-1.1323956119956058
1.7883280015590102
0.0119062423807204
0.9572115004970400
0.1462561851355485
-1.4081200278002470
-0.0892922900529210
-0.1959288499388542
-0.6804546681063000
1.1161876644414250
0.0405524311409358
0.2748366230267718
1.3956997600961867
-1.2638673339151458
0.2691183453272284
-0.4425583452698621
0.7045725218599527
-1.2783992543511475
1.7803495021054667
0.8824084853803095
-0.0217569537064427
2.1386271055788191
0.7945524232895088
-1.5325218851243734
-1.0757188418906467
-1.4206561627003844
0.1417087922437810
0.1844362318714424
0.6257487399759106
2.8629520581841477
-1.0593877101810882
1.9835573419268673
0.3230661318056452
-0.2376233071428900
0.5594408193296283
-0.4205303081616325
-0.7090696251456152
-0.5513298323011278
1.1973657904510793
-0.2628230390525895
0.6243202445193353
-0.0889780238520045
-0.2211647841678972
1.8224901062751697
0.6039297979813657
0.4308626177179361
0.7579242749667794
2.2582666336485957
-1.0786609954942803
-0.1835407335981445
-0.3191543856498257
-0.6354945337960142
0.9078246948970075
1.7915401252578451
3.0805570699150233
0.6390919568367202
1.2317313870470263
1.0375052312419946
0.8568809625700178
-0.9095884078986168
0.1344997835616795
-0.0119531363074431
-0.1414934196261194
-0.8314380475387309
-0.2076932809351779
-0.9732536468082325
0.5845131011571469
-0.6888408009633746
0.5478652936278136
1.5745422875493333
-0.8742609260076353
0.3262045571134838
2.0909898582607886
-0.5411792797941799
-0.4684314592354684
0.9614552963484785
1.1179062291262414
0.9886152438890292
-0.7938268453942092
-0.1796064104265936
-0.9761184907507904
-0.1470856671947736
1.6123164079083208
0.0719058628179112
0.4998777644643702
-0.5192663194241868
0.6807443359864345
-0.5714853126561984
-0.0259029383079003
-0.8788486341877888
1.2468799000576469
-0.6422293835189773
-0.7087459383289044
0.4490214687817046
0.0368021005852184
-0.1784417458186902
0.2119073964788908
-0.3882239381566180
-0.3131595614811059
-0.3498166290973979
1.9261482582339535
-0.0948431783214682
0.5515360829910907
-0.4036568112071773
-0.4140281145412898
-0.8604981777432605
1.7898803921891031
-0.2059052403854964
1.0258314829419231
1.8053398679694759
-1.6551212106036872
0.2714266100961221
1.5150632526424719
-0.1041773812013343
0.3665793994024242
-0.2675378206057797
-0.2896225502843612
1.4042013641418976
0.5710514821474784
-0.4554105236934741
0.4512900831981748
0.0746620183659483
-0.6978571337771380
-0.8698654898610505
-0.9874857397745690
-0.2148013915282290
0.8813517658661382
-0.5484836917744812
-1.3419881109302965
0.1499704179233245
0.2583217937979904
0.6753331467423407
0.4459617913389401
0.2733402581058401
0.4601369973702472
0.0750395763752099
0.2394327938471530
-1.3011957459821597
-0.7206993346642431
0.3171671132822922
-0.8933679978929046
0.4268304443710392
0.0718127957354993
1.3592576669222245
0.1161406694884627
-0.3192319585394547
-1.1353637209415961
0.3319380276104700
1.0851928716930728
-1.5260064986609192
0.0231512279861942
-0.9669135167995409
0.3252422098649384
-0.4039198649457240
0.9657799699460622
0.5138899626673464
-1.7655566724892686
1.4873958726621419
0.3143010408487926
-0.8211494778125136
0.8284853888975841
-0.7536906664966472
-0.1968229337544495
0.9611869705033078
-0.8499745447175426
0.9453876042503438
-2.1134205312962497
-0.5682339919752388
0.3370509271467164
0.3614620213749657
-0.3488240025623887
-0.6982189986503519
-0.4731372500352929
-1.5972778161696868
0.3084095597478579
-0.3871476692975975
-0.0645701418819646
0.4070192755919090
-0.7272454444053136
1.0084157757895396
-1.8678721653568273
1.4932737556227109
1.9015329437137765
0.2356326988770644
0.0280700297192194
-2.1637277118267653
0.9843436475534204
0.7396738018934288
-0.3636424000289266
1.4168882865432459
0.5636744747980532
0.8382570106983467
-0.1097230983507258
0.6915958441398046
1.2742917040522612
-0.1066042549452238
-2.2830219137679006
0.9621235524896081
0.1509121752392997
-0.9687737999382445
0.7343917805362985
-1.0338602721077788
-0.5812454183583897
0.4374494573866813
2.0033476910955450
0.5927042450513506
-0.7603562366691456
-1.0637068590070087
1.4266117408869994
-0.4833003403452164
0.3998869267708966
0.9960460099427705
1.3767299187451547
-1.2208662250610283
-2.1629939925517325
0.3951009364404656
1.2721879872442405
1.5113799768112690
0.0412054057387557
-1.2295454538678570
-0.2763613966105162
1.2298654699889922
1.3988216896968100
-1.0956045772820584
1.1583093614085371
0.8370933626130165
0.1905766201953916
0.5779583102976652
0.9621827015325167
-0.5596244443570237
-1.2828748565449586
-0.2527238774503955
0.4470948195026970
2.1024264488546152
-1.9122179629072997
0.7619444617584008
0.4043673452154673
0.3316590840354958
0.6868135884599542
0.0052958939854376
-0.9211547091541046
-1.5313972402238811
0.2403330074683295
-0.6013896671328247
-1.1107044819342513
0.9340795430583428
1.7668600883145757
-0.0442117936564109
-1.2368719713133989
-0.4068285022380631
-0.4463822618707106
0.4712989173480133
-0.6623314111028838
1.8406678488246921
-0.0009080443037185
0.5991263963258243
-1.0006177189586329
-0.3223397665281392
1.4278779894740736
1.3505921057434205
0.3152941920249640
1.1435012186056763
0.2020087498226138
0.9720483705843371
-0.6776362689070271
1.6640710914213259
-0.3889117289154158
-1.8181132199340970
1.1087953561773185
1.4403007715521206
0.6420335691818801
-0.2496536373737067
0.4203686341526460
1.0421113080520790
0.2896734255526066
1.2849677746321804
0.0939508413050189
-0.3651911351678750
-0.7524597713668714
1.4699972789582878
-0.4927151700112982
-0.5953607666307259
1.8119034279847153
-0.6771264521334146
0.5858143049490001
-0.1564351201250670
0.3716960922963432
0.3677666593552494
-0.0449233708947620
-1.0964496149010394
0.4612655545861588
-0.0521698805339582
0.8270958413806881
-0.1295822560158514
-0.9743020522056134
0.7085062977152887
-0.9873373677870620
1.6467895562600883
-0.5150090510412608
0.8112201546298585
1.4095689144932613
-0.6521691351519946
0.1156773310249185
0.5335210922830905
-0.7422028710364545
-0.9649628920203890
0.7242692257015955
-0.1530624395522154
-0.8630479682952528
-0.5455967667042864
-0.7049782356037440
1.6181669964126393
0.9281774267523539
0.5868317128636094
0.4486488128343961
-0.2538363692126575
1.5000176321173133
0.3355320650418485
0.7500706382913873
-0.9851651875961756
-0.5091256663480801
2.0828986164958709
0.0285566140823255
-0.2206443990741530
-0.3039698877092940
0.7644419354272527
0.2652466636763457
0.2841576886150422
-1.5834999790198234
-1.5147695411912490
-0.7877074682673159
2.7177392064030914
0.0496208434042973
0.8321529931553205
2.6464076773032286
-0.2533432345819332
-0.6275845834189433
0.8356364191089749
-0.9743753307490126
0.6536965922785749
1.5588819128189753
-0.3952583138735518
0.2516586060530909
-0.5162701994447235
0.2207332573681147
-0.3313783031049418
0.9959638588744175
-0.2705265516951829
1.1547780314144784
-0.7819860134557787
-0.8238313544910614
1.4773120997502007
-0.8501239815532751
-0.0722681990459813
2.1713684577598436
0.9372196089029400
0.4731105112031166
-0.8453409059007709
1.3975763948086326
-0.5296434638564175
0.7173477411420892
-0.0295233433296799
0.7718119002593995
0.5160491803319762
1.0585793467997486
-1.1647825448869826
1.0140682439388653
1.6436112236637586
-0.8230062465554984
-3.7752250298731176
-0.1076710073655206
0.6991951121386014
0.5415389177602298
-0.2217525439210742
0.2774656092172031
1.0795840664608911
0.9201199255141098
1.6292407120490355
1.3634817619761144
-0.9566193530985539
1.5340892443263858
-0.0211247684318262
0.4155956317057081
-0.5445028097361804
-0.3030788695829994
0.0267110034593915
0.5642619206884258
-1.7460485061022513
-0.8798069639103107
0.5322498144839442
0.6512739608921446
0.5469675993917529
-0.5000304094689794
0.6203038673909854
0.0845749590441902
-1.2997848419769840
-2.3173368321833703
0.6392450890220048
1.5489453725208979
-0.2097855357369040
0.3294687410890551
1.9821672676457140
0.1669614712080117
0.5052424915871943
1.7507009118176540
1.8203561076404335
-0.8423180450107504
-0.0675269669348531
0.1417779630509010
-0.0911073896106822
-0.3688990044120449
0.9766824503634339
-1.7125421147710578
-0.0923215856214290
0.2570175049198390
-1.3655358948967218
0.2804207216530705
0.9445637687290968
-2.2326084961290653
1.5811244662056285
-0.5981612265116835
0.7067634534732893
-1.3709229605161120
-0.6969288008784891
-0.2191517500574540
-1.6178874785323927
0.1360693483911946
-0.3165686125255521
-0.7346759568089420
0.6349400563547017
-0.9399802202656938
-1.0542586095994857
-0.0483124751203495
-1.6881346141422340
0.5761369580815112
-1.9146888338858836
0.7907406233552814
-2.8966246154582249
1.1343222423858006
1.9412348031132920
0.8550162322830793
-1.4705506007475211
-0.3883052982310286
-1.8912300263840578
-0.3906344335530859
-0.0975039306460183
1.1976641480041401
0.8725963821111723
1.1298105003301666
-0.0977176231762350
0.2288233900886561
0.0490178142627648
-0.6805764194040905
1.2785124060327646
0.7814274045589352
-0.3581444641978909
1.2054205441603709
1.4806820865564132
0.4746775785783868
1.3594159251914937
1.5963703410432606
0.9013748696600685
-0.8638066670215254
0.8024108391254655
-1.7206526912154114
-1.6479271999327174
0.8421902860852510
-0.7998087265969318
0.9217666956705508
1.5807832652360070
-1.0778504011251047
0.9441127576112441
0.2412131713572156
0.0051729569782003
2.2292111516954760
-0.1427037226968801
-0.8450607662301326
-0.8006850032251487
0.0285598551384051
-0.5723936613744621
0.3028572621276682
0.8318989359798834
1.0301265447641734
-1.1987476686996654
0.3526109710913520
0.0657746913278749
0.8929426921862574
-0.0266768944126339
2.1361518956320151
-0.2633485522193076
-0.8034811861918906
-0.6382459670215443
0.0449785372642662
-0.2992523321252324
1.1556732697274283
1.0594471230892157
-0.0855141116044262
1.1390365485327658
2.0703642956673218
0.7887309685847692
0.8130229467795738
0.4472880528671962
0.0517207175153398
-0.2952553643553362
-0.2778219050556946
1.7652888283803720
-0.4094629637495290
0.6225778103945333
0.0827467361250303
-1.0010495058962872
0.3890087093602769
0.2238253287285084
0.1522834422389836
0.3566990599515080
0.7648453320386261
-1.1669014383168832
0.8878543368232615
1.3118581715198632
1.3083686459617079
-0.2546505206623396
-0.6581208168582751
-0.6292753482738369
1.8173999998511974
0.4984908893494306
-1.3012957393569657
-0.9345539044958447
-1.7871367980800998
-0.9793351332776499
-0.6074924018250696
-1.4751418951021480
-0.7746432532915526
1.7179869306451439
0.4726481144221997
0.1779785578715001
-0.5341440801580448
0.8596767198901486
0.8499770041209640
0.4602215808424853
-1.6024611498207493
-0.0604138636093208
-0.7286416233579707
0.1914315726078875
2.4095759592292412
0.4603266922449798
1.4705902993728268
-0.3438318500709578
0.2483908637535605
-0.2919224021295893
0.5391698462001961
1.0512971365985857
0.5801564257018683
-0.2987801046447431
0.6622566986208963
-0.2155429554329971
0.1377571510424954
0.0286866895590713
-0.4548072382703868
1.3668544856963019
0.7839682350635897
-0.1564665620443133
0.0648798370802726
-0.3803634461637457
-0.3948417111741235
3.2605360090453037
2.7179060317318604
0.1510530429862854
-0.0687533137775042
0.3870559727768977
-1.0948026324736106
-0.9540310897017086
0.8616921642893026
-1.6383311377250738
1.6627025979758219
-1.7619709250904441
-0.5278248567712929
-1.4213850143238251
-0.8146651534645091
1.4798568039826168
-0.1614834803762317
0.2414398846307734
-0.4719234047089094
0.6179644213084022
-1.0992745421540662
0.7030417544839569
-0.0459888749807888
1.0918602853317285
-0.3379971255720517
-0.1718494701770411
-0.2048519847838425
0.0655945947323066
0.2177546044399266
1.5406857244571890
0.0824619003691005
-1.8931842428212882
1.1304833387637832
-0.0635212535177598
0.8266941231760360
1.1121988557006977
-0.5881709620695512
0.5098034447111099
-0.1239560976255412
0.3699877928239796
0.1452614492769842
-1.8735677298342954
-0.1630645124638981
0.0122164602794106
0.0904523178205816
0.2855766900650397
-1.4011377732045911
-0.2485933595598164
-0.2198751045736189
-1.1448428803643114
0.7692982873775167
-1.5948811732897463
-0.2848683247997598
0.3305220513543869
2.0803721127244805
0.2482314094203179
-1.8489463278270972
0.3223578938223894
-0.9749372765512628
-0.7222095901330428
1.3429184708097173
-1.8551193062542175
-0.3487643238775761
0.5149978551505312
2.0306319426812554
-1.9804948023914848
-2.9150906849840168
0.5758046498664198
-1.9637137673232155
-0.6492386842819493
-0.6454314515096302
2.3417265473492686
1.3200280363149688
-1.1212439226348139
-0.5650455437356370
0.8324662809524326
0.4658283048738288
0.3664981296825928
0.8893116638829429
0.6977403526481450
2.0085797857641161
1.4352501027028353
-0.4752025116234988
-1.4794987795873664
1.5377618318717621
-1.4754639866095747
-0.4392718921160469
-0.2344228836478933
-0.6587129370013469
-0.6469857651620275
-1.0291645158164489
0.0855397215116864
-0.2906345936788978
0.4436768892465306
-1.8601532702476076
-1.1981383685519484
0.5061594733003892
1.1307954217019363
0.7288874704058016
-0.6746963622375837
-2.5578498188535965
0.6737124532673565
-0.1836730394837393
0.7347219863274260
-0.5167380720902290
0.2303124313379608
-0.7336148855455364
-0.4421058709310581
1.0095604467034511
0.5708941156478941
0.5252807128072797
-0.7976520853666257
2.9724792977647274
-1.0905014720369643
0.9967300058597406
1.6410726581272448
-0.7907667631156399
-0.4661306974393593
0.6318220209074497
-0.3612840543463143
-0.3490918017398280
1.1972487529661782
1.1288555766450246
-0.1221775137608138
-0.8019085146945280
-0.9125538942778947
0.0247389975964714
0.7175631983346997
-1.4389315995907588
1.2151552305780300
-1.1964142888973317
-1.0024228063795162
-2.1799100121909536
0.6352624099830826
0.3629221030926849
0.2614650912353972
-0.2303409351811486
-0.0527013625024353
-1.7487171763739999
2.1318159366024525
-0.3443983751665275
-1.6352626087460376
-1.2677668494593801
-0.5600424074591170
-0.5988149529447887
1.0916542065056933
-3.1336475827183730
-0.7647196001531656
1.6400305284842691
0.3413332841625026
-0.1949420305264257
-1.4549557135145925
-0.0177698338024421
-0.5643983076455144
1.1332379615536501
-0.0302746176255141
1.2962987450951478
-0.6909014301175535
-0.1933482605879175
-0.5665616827154081
1.2914575672286244
-0.2490946716984287
0.2569779591099988
-0.3968618861183975
-0.3772059712442964
-0.4050229515233859
-1.2039216426613393
-0.6186993799100774
-0.0885991044157202
-0.3864986215179296
2.1011622380729893
0.0343099366275577
0.2779605613531839
0.1373389765098486
1.1788891478508199
0.5009918841150390
-0.5237164904973582
1.4123006656419079
0.4427851870539532
1.1984719234959906
-0.1921174824680189
0.8337746760291846
-0.0469825251821271
1.0041289344267623
0.2941452687923545
2.5903624588333676
-0.2677468500581646
-0.7041803295702780
-1.4916686345252166
-1.4312662748852125
-1.0944467958430066
-0.4617266779723038
-0.2454598336488415
-0.1252500700312555
-1.4882067111171482
0.1922759873430338
-0.0414595088548916
-0.5411567808434891
-0.7620357083529280
0.0639749631359638
-0.0331490191001983
-1.1970292706586840
1.4506467542230188
-0.1143557312687599
-0.5687857337835724
0.7279068470452111
-0.2736452474299397
-1.4318634477479519
1.1818656876376563
-0.0180572986990444
0.0966082344293833
-1.9645157319235831
1.1154528282834502
-1.1439114107910930
0.3995213884366451
0.5661985341651428
0.5022607945292288
-0.6246749875556867
1.9130842962978070
0.3620198271018851
0.1708627693014403
-0.2219504411458303
-0.5287843160234638
-0.4104420791572131
-0.8166735512903327
0.6642755924274074
-0.0818930349353530
-1.8351789306807464
-2.0615867961538701
2.0620810186106513
-1.7996895001536386
0.3931927383525943
-0.6360150714495292
0.0211690270835776
1.0714495212981725
1.0508297418648591
-0.2446182553811739
0.3287024593693235
1.1448557906363215
0.3682143290080012
0.4395559423250104
-1.4208656801296911
-2.5590265362108267
-0.6573085214756478
-0.4632480433696350
-0.3456467652305484
-0.5543289582466868
-0.8115385542565474
0.4771995210594242
-0.0890689626023248
0.3009303573072095
0.9192080577109731
0.4628338595478486
2.2936002044394179
-1.0995648131286384
0.8255855849431887
0.4636578853494187
-0.0617996391726318
0.0137666445721001
1.9779191673949221
-0.8741499980437023
-0.2164862228872241
-0.7666250384209163
1.5164085596711454
-0.7654011125652149
0.8970192664895396
-0.1640757444850254
-1.0465009943408050
-0.4530444120343861
-1.1178374820977008
-0.1546222642435391
-0.2730646811498447
-0.6924469925825366
-0.0040900805751165
0.5592698328384351
-0.4355323957239578
-1.6670260091845193
-2.1551157600204034
-1.3371478663082346
0.6216135080648779
-1.1141504810875913
-2.0794901793838285
0.4746452513311760
0.6425062793567909
0.5542054633428667
-1.5093218881997188
1.8857191878344350
0.2553300795109676
0.9563293339264447
0.3357914158020596
-0.2438205245716674
-1.8500059879650288
0.2630124488937818
-1.1937583684577571
0.8264014122781651
-1.6783980132825276
-0.2948065748107172
0.7766658444560830
1.0593160934146268
-0.1146326853896273
0.4278146228174005
-0.7013166191345058
0.2882113609310869
-0.4234530810458904
-0.5437934748293045
-1.5558052805421043
-0.2878693830197219
-0.2688834857160450
0.1274240023390354
1.8121513347610514
-1.0365126696153613
-1.7937441743168241
-0.1141651514000536
0.8393989084444038
-0.4414265021258030
-0.6575631474351185
-0.3548203474880254
0.7383932584599874
2.5658898382370396
1.2513480123638232
0.6471673111821422
0.6087004057321724
-0.2602080014268419
0.7739197732383741
-1.1555927893594042
0.1560331137001212
0.7889120430704860
1.5302630572543907
-0.5439261716516219
1.3849922875692084
0.3821526014653548
-2.1578578201893013
-2.0012587540428206
-0.0124809533720793
-1.9800901861046500
0.0541882330861785
-0.1298315651289585
1.0919219237927624
-0.0917613661747761
-0.9015799484024121
-2.2355299136046751
-0.0636020982405727
-0.6137748283473425
-1.9838785460828474
1.9460693895208225
0.0115710403854667
-0.4486548270897144
-1.9074769255917849
-2.9936364949524283
0.4425527641731923
0.4512381697825152
0.6076665384325298
-0.0525518424621671
0.1784302550286490
1.2673031249587343
-0.7669657944685959
-0.9421773266138418
-0.0334204791544409
1.7471051267314477
-0.0253668770464344
2.6445175315732778
0.6570885041411367
-0.2831602736909051
-0.8818384023276408
-0.0696853998956189
0.3012290732748225
-1.1758206506575641
-0.3352406596808855
-0.8721827289374011
-0.4858837108638673
-1.1169187158920895
0.9508417969743934
1.3543198980207156
-2.6049218922400033
0.5227211816587467
-0.6544858789527965
-1.0053164643959605
0.7364767607678512
0.2724913553536573
-1.6797146663347124
-0.0131845489548050
2.0442713186257939
-0.6981805365702873
-1.3357585579404931
0.2770972949176085
0.1349793491711956
-0.9761705398068059
-0.0699841098394856
-0.3573657318058437
0.5441863246058702
0.4792655419988368
-0.4084463894156182
0.2437102141816788
0.0676177919693062
1.5004152128203678
-0.7264665804582513
0.5060209210642279
0.2042339794827984
0.1015150044208233
-0.4406998139636149
-0.0895729329132426
-0.7774831602943395
-0.1179663570920094
1.4300778334419584
0.2347313140226410
-0.5139800656709556
1.9073245051466912
1.5973471844124998
-1.6412714250501155
-0.0184421351799949
1.5462834375901484
-1.1938286828903601
-0.2789511518249975
0.3776636545528068
1.2160492036730353
-0.9596232073188584
0.8994309381597310
-0.0118277842363753
-1.8859843531884262
-0.5182230206137390
0.4033580095518952
1.0113863341985936
-1.0240158833069288
0.6966089172293192
1.4028536331238188
0.6828533248473938
0.3259256451378338
-2.4202714519063582
-0.6786598635326293
0.1798289340801991
-0.3553885698682077
0.4134065897535280
0.8222519568278853
-0.6791917649659149
-0.4394917328924590
0.8545875705282302
-0.4063827558510347
-0.1453590070682162
2.1689736803912609
0.3680018487555921
0.9331343281857098
0.1195512400079816
0.4833831691907252
0.7737292511297159
-1.5262018535746569
0.4571090322239391
-0.1723671587255777
0.9904365049089436
1.9057104432871226
0.0304445302668023
0.0862776077301394
-1.9112948593371561
-1.3532686252157862
0.3086920105040132
0.7140741303778537
0.9208174162712548
0.8371710386481936
0.9118393196795809
0.5149310760050705
2.1894123558270713
-0.0205385090841349
-0.4611199296404738
0.1533524412163229
-0.2955497798186282
0.3259788238080328
-0.9511837534607319
0.5064608504547564
-0.3597897746087073
-0.1384415474157456
0.2685680414950894
-0.5359079440363111
0.5700123240502536
-0.5742512541441975
1.6126879030703021
-0.1810236346150293
-0.4112834718736408
-0.3000725734478737
0.0027376680939098
1.3780097486990195
1.7387528874116607
-0.1656564875357770
-1.2885672186209645
0.6839182522645793
-0.9568404184530449
-1.3281858073113375
1.3605451876838883
-1.4904330078285275
-0.5008044393029154
-0.3178315650256132
0.9765682069433835
0.2271537421097635
-1.4537677326986729
3.0175662467868345
0.8775887716962609
-1.1837443376028374
-0.2027112079754783
0.5489919000957053
1.0468915204290072
1.3994491151609882
1.5352020029646456
-1.3374428302865609
2.4121163646669150
0.6476460394349166
-0.4461609953282950
1.2503386013727134
-2.6522858796745399
1.0443012821563857
-0.0477700690145134
0.6002668602811323
-1.8994721934403600
0.8608881972671616
-0.4394602054161602
-0.7649211931917749
0.0067434377155923
0.8031533122116642
1.6608978443037286
-1.1145825859401142
0.8122355203081509
-0.2745838573820854
-1.8988090466699274
-1.5375157253544647
-1.0462574394799626
1.3274458647478071
-1.4926015971008386
-0.2818162268537216
1.8771206490119525
1.1146734764440611
0.2729665155171241
-1.2540103508958123
-0.8401067518602762
0.3027764970597848
-1.5491240364968724
-0.6978511694436547
0.0521577935311139
-1.1674927142520233
-0.0166170389663892
-0.5896277608921989
-0.0280406071037804
-0.7936269684236927
0.7620572291214054
-1.1523726832217487
-0.4950378265837858
0.8047452068621188
-0.0431680709379158
1.0932257805650016
-0.0882674664194853
0.3931306218455877
-0.5906929066264540
0.7868363516349186
-1.1777896666179113
-0.2124805483899332
1.3077828159282201
-0.6932574067344817
1.3493345364118228
-1.8195156872703675
-0.9692748638474027
0.1259014615813208
0.1224939895548027
-0.6075080965891649
0.2790455543501331
0.7216387158379631
-0.9848354270145563
1.3545976379960620
0.5220191592613427
1.4070950861935663
-0.3738436980397181
-1.4817028784211186
1.2417559108723215
0.2185248299282939
-1.9504163368381251
0.9465795304991911
0.2901718056805589
0.4395182822417453
0.3893938286077286
-1.6842076937511774
0.3522167052163616
0.6055764356045692
-0.3201020133211003
0.2413519822302784
0.1986054712874794
-0.4957917703922285
0.1938682293961129
-1.1030961616086772
-1.3737579406501661
0.0164342676557287
-0.7282145357644362
-0.7211340461434821
-0.4099296394262611
0.8595574464731366
0.9100631479299697
0.6982708800321246
-0.5788264239417145
-1.1040362514550355
0.9920039749063805
1.8150795377110369
-0.0688016527695577
0.9881814015917505
-0.3526326754881474
-1.9076438320114426
0.5628837318882007
0.7122758661961840
0.6275628967586147
-1.3345204467343981
-1.7024870465749196
-0.3999042146574237
-0.0569274397413699
0.6472146978428084
0.6106848211994916
0.4435116881160716
1.3950740941962496
0.6250154122019254
-2.9471157776651378
-1.3679780126874479
-0.6474020082991778
0.2870027198272757
0.5154661948917132
0.0878873330549362
0.4915290463078540
1.3587816791281229
-0.1205490900924795
1.1878965383754549
-2.5124253991818883
-1.0394341351219112
-0.6312510438955812
-0.2976233158987061
1.1947044355735466
0.7908105546949111
0.1426740243474422
1.8020173573129414
0.8656660772108012
0.6532789773243760
-0.2541649539645317
0.3711065970825411
-0.6098051194727560
-0.7408247333003343
-0.0044833776634080
0.2318606188512713
0.7528158216419137
-0.0661920765061488
-0.9498110735276494
0.2386270767038862
0.4419926354327038
0.0582593851395525
-0.3048101008244154
0.6144870722115615
-0.0378473069977299
-0.2341764963775856
-0.7271891485794220
-0.2653335454129360
-0.1213834362574199
0.7885425406766149
-0.3978250224778052
0.4924397614563968
0.2015081274072378
-0.8771442651749155
0.2929420917792367
-0.7854838627561240
-1.3897365249010940
-1.4811734543297399
0.2215913226552045
-1.1979970016130523
-1.3835123072887465
-0.6675165544521791
-0.7716348283584344
0.2205250318238763
-1.8210169879599880
0.3209686352142592
-0.3375788375288628
0.4745096492380985
0.2033678029760111
-0.4737074179033119
0.0674354523109717
-0.1678002800303635
0.4255834174610159
-0.1093648201838958
0.2528476516292111
-1.5339616671784544
0.6764696585965584
0.6247660458796384
-0.6025912974989012
0.5906661285205089
-0.4933280054225851
-0.1165366803595638
-0.4087406238950121
2.8772037165992028
0.0904682044699072
1.7843042504852820
0.3652870935120457
0.8631480768280833
-0.5928756489934995
-0.7306218568774809
1.6502881609651281
-0.9931758993853773
-1.1159638517823685
-0.7323828497257400
-0.6460713407914958
-1.7053142968378627
-2.8803976243650400
0.3665819653839308
-0.9899311782159795
1.0393145037046323
-1.1261057551957345
-0.2220467957995080
0.8381429276056298
-0.6862799145141810
-0.3513521028439132
1.8881177926416304
-0.5138803469838480
-0.2611626701583600
0.2201038277050701
-0.2011679510674190
-0.8670251492516292
-1.0411828573196946
0.4915823229542337
0.1199078401938651
-0.2073301575846371
0.6039170612603058
-2.9878730252812504
1.1217610737809820
0.7332490868157163
2.1019359520524636
0.9016591871870999
-0.1151947819546416
1.0093509860801868
0.2827232097479146
-0.0515793168661617
-1.0780433225092596
-0.7328102834192453
-0.0064296110503330
1.1070540603197558
-2.5721992128409314
-1.3927346195607848
0.4621956402999924
-0.9316602723974975
-2.2589109056875167
0.4336909666843873
-1.6044224529681350
-1.1288872841932203
1.2178905633883277
-1.3313189464585495
1.1091388286978865
0.7515943771834308
0.1102725648926673
-1.5166712235642368
1.5520157238445997
-0.1423228879627513
0.7093998447606408
0.7517335476455744
-1.7308672972282051
-0.3761531965960658
0.1773504609355831
-0.7248948242357107
-0.6688938005826059
-0.2397358970659639
-0.2708096550865672
-0.5901173817318689
0.3873449968798426
0.6305658917730002
-0.0725752815275434
0.7962049268651405
-0.0900847798530395
-0.1143536501953005
1.0466248083454295
-0.5005070290399122
1.9782268878491409
0.4471282749289544
-0.3161841512115113
-0.1053488599443134
1.6397902446920654
0.5988009506775407
2.5324883039818329
-0.9832030728168405
-1.8803917782292863
-0.2291242723544272
-0.6857528847678546
1.9742145345731803
-1.6898534132300960
0.5409448492109206
0.2098818503138863
0.5601704388937661
0.4025309098916491
-0.1110236665385494
0.5802950077751035
-0.3432889055216009
-0.6900329561118872
-0.4814578351672772
-0.2433111739206541
0.5819883911907390
-0.9049034970320290
2.7257652799951617
-0.4758261024344283
0.4584255030821074
0.0640930203964630
0.1072153868743058
0.2808783025601985
0.6262735368982140
1.3420301122552443
-0.2595615672785001
-3.2018688826813344
-1.2503502577557755
0.6638966801718966
0.7431458383523273
-0.4042144777471330
-0.1036073484530843
-1.6084453092692486
0.2634726001531262
-0.5744665203459094
-1.2664702313278324
-0.7832094851237040
0.6463695229378317
0.3331360740827726
1.5308146023978997
-0.7063099572943319
-1.4260516333464164
-1.6103813639400824
0.7733030771437093
0.4346606344243784
-1.4481947479027395
-1.6081334802590421
-0.5638862928421032
-0.3158647529821665
1.5010095493232727
-0.2562122770026227
-0.1328845700416443
0.5649504939917407
0.6021668309624478
0.5312067746815039
2.1605370722079695
-0.0224770439778223
1.3109316479370448
1.4990346414467937
-1.2077129939088931
0.1017786279301468
-1.5585942219464546
1.2273954388378419
-1.7086091104236991
0.2906236255184507
0.8106416411328531
0.8084224498635368
1.6986768083647972
-0.3473027764663987
0.6058492385513724
1.1929489820657737
-0.0379207130963305
-0.1180706956402585
-0.9649739655457115
-1.9351563376340835
-0.4587828337615237
0.7238493428441537
-0.6687886586241504
0.6656026830613382
-0.2519298929973931
-0.5300789197981536
1.0197556154935365
-1.1163560224849916
0.7854621165510233
0.9799559130635027
1.4952953741556014
-0.8733735008277360
0.2333968246395690
-0.3163414397028386
-2.4583476932454249
1.4922462314595664
1.0445377212298090
-0.8734365730254392
-1.0466665652167373
0.6544807619050155
1.1172023583459612
-1.5318632773509357
0.9836426957298261
1.0855695834463008
0.7450628048496455
-0.1056605418127463
1.1588081983487313
0.8430135086011039
2.5808575497546205
0.7168096273407257
-0.6339201543129128
-0.2445381588484251
-1.0563988983812602
0.6259611159200327
-0.1653785039251631
-0.6760156648623891
-0.0065975804440593
-0.2301490775144200
-0.5370545458282380
0.3269449091873196
-0.3832272225575784
0.8466630218727742
0.3024038483580278
1.3194814162293740
1.1208725598392868
-1.5764380959866946
1.7569119891752387
0.3689790736315577
-0.8752717877074058
-0.2997936613102278
0.3103468970044923
-0.1916691291297557
-0.5582109962539106
0.3015534986282898
0.3855597865400046
0.4775164584997407
0.0846294319966065
0.6729384163406926
-0.4006798159854986
0.5941280088391253
1.5410190715456769
-0.0031123398475779
0.0321138503994981
2.3113704069795320
-0.0355299416990104
0.5043983195633217
-0.1108058153623323
-0.0083605975527476
-1.3615954629039912
-0.7240129338215220
0.3888827194231413
-1.0462274899577237
-0.2051436637036147
1.5897347872505008
-1.3915128929346321
-0.1080030207277418
-0.1499703604151925
-1.2254813491355900
-1.0099410968588387
-0.2980680268161827
0.3447318721869939
0.2564385468402781
-1.4505774747041080
-0.7529063705803366
-1.2442955360142220
-0.5102376349429183
-1.2243570558160717
-0.3173025080763645
-1.0265533707896586
-0.0528864545938896
-0.2296850265202884
-0.1916630662021334
-0.6910447478774416
-0.6497531483431853
-0.5474853682171593
-2.0736150029286655
0.1873535485573704
-0.2796394174773388
0.4096566768469030
1.0823947958778970
-1.4878503534406045
2.3622466262137647
-1.0763173596359954
-0.9650036286952788
0.6663339115261422
0.7097116872052824
-0.8900293871901138
-1.4908347643750710
0.7349583563591655
0.1164967505203247
-0.1843295606437155
0.1189604110396382
1.0968230412723456
0.0721569068689033
-1.1935223590298298
0.1212061231661176
1.2434447359193581
-2.1456543799712477
0.3318208122652482
-1.8909264773240793
0.0321015174506028
-0.9465861075947335
1.2787147393017941
-1.1883802018793705
-0.6390877050432721
-0.1070088747173838
1.2620050745243256
-0.6809890005650433
-0.7292592028980560
0.7125226348555531
-0.2079127835115393
1.6462433532330798
-0.2809885033273929
0.6118453439415366
-0.2195863613024092
1.2222978434024716
-0.6952210174186194
-0.8817377347879476
-0.8876096852701536
0.0866907160983098
0.8099996438223738
-2.2753260125280161
-1.1134855204085550
-1.8878378472763009
-0.9523077961879240
0.4387628712679283
1.3219284329151182
2.8547326740667742
-0.1364810646426780
0.0893999462902128
0.2626971055737486
0.6926085837094061
-0.2620757224907700
-0.2557687576579094
-0.7032533913395755
-0.3344408935308832
-0.0668945345033081
0.1222311145088580
0.3783965617467804
1.1747240081629780
-0.2173394676321631
0.6897537648362995
-0.3772892374754028
1.1170808298157118
-0.2749967465194597
2.8627705756751496
0.3056610384862706
-1.2742620293547000
0.5914163116660899
0.1741458392322428
-0.5525343693560568
-0.3467069162289743
-0.9557777528173367
0.3405039476110744
-0.1713838976165483
0.2719934140928337
1.2413542860575837
-0.8753770034101207
-0.9628768035219853
-0.7133853497020752
-1.3513033229152258
-0.9732881062229451
-0.4655077168801804
0.7803902988114438
1.6021469104133470
-0.3303634776132771
0.0114950328982323
-0.5017665911773285
-0.8226790117628983
1.4392672315034458
-0.5418641216072948
1.2338515575645010
-1.4914989417077629
0.6730724769386488
-0.7244690359806512
-0.9266314627163860
0.1921642155063474
0.7024733936806766
0.3223538814965788
0.5492019036621434
-1.0729093476580989
0.9485135400281759
-0.2684093470378782
-0.0527131096034122
0.2458462301092298
-1.3463658026517755
1.2817209349526157
0.8578422184055809
-0.9332792708180095
0.2471181485238049
-1.1362238737575450
1.2516230267220230
-0.6347512363828793
0.4606347539670130
-0.9431318272930012
2.6393819275483184
0.2286351733223632
0.5057910318319230
-1.0707332360398918
-0.1876725444951940
-2.0663407365526947
-0.3752104507242223
-0.4257864028780050
-0.4647960390901886
-2.1728010030447535
-1.2068983224575349
-0.0138559735606437
0.0095473377631397
-0.2553762012820365
0.3095549420464449
0.4498697752030957
-1.0337771968172504
-2.6520263319646986
-0.9347689507877153
-0.5044025587674843
-0.3815852612279625
2.0016749022227360
0.5876273766046113
0.8800055092429779
-0.1150889205925986
-0.8873168654743733
0.5336841670114614
1.8410259941790819
1.8917793292641947
-0.5744709239225719
1.6025572942327817
0.1762240615401703
-0.4721801059238775
0.9192554951903349
-0.1773613666229804
-0.0926809743194196
-0.0294367801651378
-1.9273319371103514
2.1060064816675057
0.6690581116049104
-0.3985879086264287
0.3468374012265387
-1.7043537229623174
-0.2341638916018469
0.3470716283155499
-0.0688124747166000
-0.5874912048318794
-1.4199234700322103
0.1634704380809844
0.7141293780667435
-0.0694016800442355
0.2771413677433479
0.5685031179154291
-1.5339428226990399
-0.2412313880873388
-0.3372740808332972
-0.3839189393660929
-1.9557245624309672
1.8619695274996710
0.1197841352723149
-1.0875911539102272
0.2802525760610742
0.0804127032962008
-0.7706773123368066
-0.7198274919822073
-2.1876976559206138
-1.5207980291028549
0.7090522925433344
2.1202183590009200
-0.3472588216171122
-1.0562404528237330
1.1557299201972600
-0.2950470270142314
0.2625952378613531
0.7410319037804491
1.7329805507429603
0.0797065855297884
-1.4812799096028164
-1.1761752007565707
-1.8449644968266614
-1.0371506220807549
-1.1803556166023017
-0.9699212913104140
0.0337184903698106
-0.3142174753373959
-0.2000690122132843
0.3729451838044422
-0.0242938025114981
-1.1781420994480829
-1.4557766896883790
-0.1151170555639701
-0.5682044183083855
0.8123206394284126
-2.5397726817450947
-0.1841613651685831
-0.4628906940354200
-0.2933509292951098
-0.2649576578416351
0.0364252474392094
0.1439677880070003
-1.6487754212049435
-0.7716484374919909
0.5933624811211663
1.1189454443057942
0.6620506018551140
0.3812384516999188
1.1201220452336833
-0.2811947447869108
0.4772220138745284
2.0581156396373408
-0.2251968326322066
1.3126164889155687
-0.5841660129203544
0.0634962402016825
0.5656009773911782
-1.1941483418270498
-0.0208061450444521
0.5704084046321150
-1.2702513666915094
0.1821255432683508
-0.9871758329576975
0.9157589317018164
2.3498439719991939
0.5774771486441495
-0.2849906442706614
-0.4455727458127859
0.9177693888352842
-0.3205262477695043
-0.4246647301215006
-0.7791542612075174
0.5513432681777773
-0.8237977238768667
0.6067460175464615
-0.8095928447439559
0.7592532842588734
-1.4752346690941018
1.9142344308673791
0.6037392182881438
1.7351839945001881
-0.5404051009167321
0.2125536000560280
-1.4083132655130648
1.4973343054539368
-0.2176719461984055
0.2556873942701447
-1.1507117461458027
2.1579625497693016
0.4300503422373342
1.7855114375807073
-0.8839961311834832
-1.4364977372965679
0.8840656247411673
-0.4905476875837322
-0.1746425734194699
-0.9593159729876589
0.4262791219193784
0.4900470094936107
-0.5243081633630688
-1.0206678618945062
0.8302986141035943
0.6590986218355296
0.9301052046845106
-0.7581621039372879
-0.9952542650221677
0.1327371632896071
0.4960678218931186
-1.7446161130996738
0.1344404395207121
0.7509848891327806
-0.4739629209184946
1.8938552460201443
-0.2642647599495302
1.5712514948494856
0.1154336019433312
2.3010399072977954
-0.4270205033986257
-0.0914972928791459
0.3783661042400664
0.3217305502760198
-0.1057488655112641
-1.0305956374498477
-1.0688143064343503
0.4096852638596226
-0.4245902442466122
0.9806893265802774
0.5966875131009235
-0.5933534971461196
-0.0091226231983071
0.8338036302124854
-0.2868573714948033
0.4253891337216308
-0.1067768282031532
-0.1955415483322170
0.5878549745164758
1.1092896851413192
0.2296096537276514
1.1458054937198743
-0.3727026593093664
-0.1327160353754813
0.4601495453273226
-0.5681091930020001
2.0371916377643702
-0.7947636749734126
1.0845619379153666
1.5559903114660418
2.9264108727157643
0.5465757412408330
0.0719258130994301
-0.4578014167465077
-1.0198330976511769
-0.8909668410882733
0.4604633100670049
-0.3730220929961172
0.0012642046233705
0.4219326100540570
-1.3643868406838187
-0.6585217836822395
-0.0497752855081301
0.4125700229865016
0.1668988888321690
-1.8543559861794763
-0.1054431035149157
0.3118764853392130
-2.1626036943376641
-0.3197772288766060
-1.2424341267487091
0.1216966735751253
-0.1808595846363213
-1.5956785881461562
-0.1366733962399045
0.8065334616448216
0.3040898906111154
1.6813233017320215
0.0141500122842690
0.0721077293588415
1.1325599575363854
-0.3361939481573318
-1.2051863541760659
-0.0251807836315444
-2.3805725578056496
-1.3556019596712290
-0.0907621869643038
-0.2101580394444305
1.1245391743563697
0.9738997702263817
0.0662689901379859
-1.2572554835655061
0.0937104357199340
-0.7045812198930398
-0.9904165472517140
1.4652968874928676
-0.1170093589014358
0.8703619871215283
0.0453746471974214
0.9255052301695657
0.7163135489344994
-0.3679048800063967
0.4219894506441968
1.2209568699380835
-1.0246121150393603
1.9351058520219466
1.2188339034311872
0.3222060507058592
0.9989564549676453
0.1232645545415747
0.5070478612019336
-0.8074054313387965
1.3640638494387751
-1.0115800702753381
-0.4170955566608401
-0.0298457094312977
0.9685546019916554
0.0764308431106632
0.3903185765802959
-0.4230454835072735
-0.5802810664039906
0.8391051138184280
-0.1037154264245085
-0.1064298631587896
-0.4055193347548652
-1.0451271099858510
-0.4094913487896997
-0.8525794638071231
-0.9716582693071311
-0.9776888082840980
-1.1938935675577349
1.3282960218946434
0.1040798574979646
0.0854673539427620
0.0691659438573410
-1.1434923288691807
-1.7699956542025954
-0.7978332020004119
0.9154851405340891
-0.9126748827888920
1.2350196995487845
0.8068949142045467
1.9923992407874414
-0.8487573148388491
0.7731711302095908
-2.4149219778354509
-0.2937627702643777
-0.8684466104320183
1.1732167221334169
-0.2614687877229624
0.1478921686606174
-0.2897131557149376
-0.7535796188013129
-0.9467385962831421
-0.0779697884505329
-0.6413331032387883
-0.5995399869836240
0.5034913716953365
-1.7591202029603370
-0.5273752669170830
-1.0608703848178469
-0.5702752085522553
-1.1697668436742188
-1.2596042076564502
2.4261244662430639
-1.4983690946741448
1.5818404630075282
-1.2357094045290109
0.0771007985786943
-0.2976129932218270
0.6626181941862783
0.6163202900715296
-0.0562452271954029
0.9457309665560863
-1.1692102747216995
1.9718563969581340
0.8181819410480734
-0.3821684880554426
-0.5069431505806732
-0.2459603741713281
1.3213970665194232
3.9940888873957214
-0.0107659823833488
0.9111799781518493
-0.0414061736640060
0.3088823668653482
-0.8169760998382037
-0.8246694414118713
0.8631495754389844
-0.4710100148158003
1.1649090643712117
1.7101287345260281
-0.1486849684300801
-1.9719649265406507
1.7247856409556079
-1.4749478919253793
0.7682735636902905
-1.2444424648986825
-0.1781963671455750
0.0486095944412197
0.3317968130782034
0.3200974763582972
0.9646986866003111
-1.2296847951568066
-0.1311742859098676
-0.0099360663567099
-0.2939162284731998
0.0455601837669265
1.4714203357324731
1.8252395620535429
-0.5262588936781013
1.0309613689764787
-1.0400305118417317
-1.4494376778069349
-0.0988941240240231
0.2667943550627242
0.4139271781678397
-2.0087794896658857
0.4895272588962754
-0.6407809052339939
0.2790580552273874
-2.3991667158571959
-0.3627798983953754
-0.8347267040750572
-1.1278565584570663
-0.2109917464496562
1.7996689650736144
0.8027338994129921
1.7377739945052597
0.5730963390088866
0.2656275492519842
-0.2906596582584287
-0.3913290307162469
0.7449122972669238
1.0487860073294391
0.0071554357455982
-0.2701462898228352
0.4251506734413532
-0.2328395954125199
1.1109604843023320
1.0504737909705326
-0.1416853232634877
0.5343535060862649
-0.3986554378711716
-1.2741033005648543
0.1419865253068904
0.1941158820949598
-0.5531854069671944
1.0591531843708537
2.2006875811895155
-0.0979500312205143
-0.3257089782728063
1.2110830066231157
-1.1247340891477529
1.9504480740537411
-0.1958984700660790
-1.7097454391862315
0.6993074444404220
-0.9682007940439454
-0.4383392339151775
-2.3979689085805873
0.6678156434195169
-1.3805469164441826
-0.8873113819605087
0.4418156023673211
-0.5110977354193871
-1.3608927402195485
0.5963442623466775
-1.0948620132553297
-1.6531057093917552
0.4763617765173941
-1.1281960954783472
-0.6318985875468585
0.3490558554581260
1.3499785436481215
-0.4237373810042298
0.5626814865192936
-0.8080067402923758
1.2681100817898914
-0.4553479720493244
1.5808479352267044
0.4234857727841493
0.3576243044978595
0.4176881549393231
0.5977329555480072
0.1166480389061058
-0.0048038830179446
-1.8085856930177449
0.6874479706913743
-0.5687851714666209
-0.4909074443748401
-1.0109604332051130
-0.0854596738096527
0.0853332900048558
0.1578687991323795
0.3049395655707491
1.6595280868656441
-0.5438009942002875
-0.6987742455205355
0.7288508889580078
-1.2582402190129514
2.2843475525701677
1.9641320504678250
1.3011338269701913
-0.2889551078916101
0.1340355884149986
0.3261745872676702
-1.9312836717145700
0.5419485440903262
-1.0135267190462751
0.9177545297543359
-0.6429398765671048
1.1765735697072004
-0.3091107303258451
0.4079743830933723
0.8199737945905017
-1.8414304228100828
-0.9780953210868562
-1.2705291713832709
-1.3389648676349097
-0.3153870639645046
1.0157534363386533
-0.5862649052269177
0.4794684837500150
2.3736525768516032
-0.4588731234504393
-1.4053388734226300
0.3154719913336412
0.9188600625940367
-0.3710105179181577
0.0228835632028338
0.1547411274638634
-1.8522147531355257
0.0125124967419165
-0.8728516292028936
0.8851134727449487
-1.9089722292676961
2.5965746092362156
0.4420630958162275
-1.8974266613178834
-0.7885220873210844
0.5742459349774333
-0.6714901061563232
-0.6938018277889901
-0.1979771201559911
1.3624348642993791
1.6955426887934377
-1.0289349927899494
-0.4907391126329056
0.0365718129736904
-0.9724611921220767
-0.3962452531219940
-0.2339284543717872
-0.7076900353434508
-0.7886774868269942
0.0307655336716637
0.3160846064589412
-0.3771055924002704
0.6635304721857618
0.0338576138211580
-1.0034432305937542
-0.1735277112545444
-0.1137521991535585
-0.2912057351380350
1.1100004246752158
-2.8492394805520540
-0.6108158177825980
1.8165362203586841
1.9473922185638910
1.8405891553017248
-0.5927648128472077
0.9989187522016066
-1.1217982691722175
0.5929112251961842
0.9681636978706286
0.4925707475090569
1.0202064878856263
1.9388891128342234
1.6416280879155472
0.9475631809020197
-0.4484646642378778
1.3163254784235059
0.3130852050662233
-0.6810219417470830
-0.6659948740731819
-0.8278323155988250
0.3235217052964034
0.5673017272431998
0.2434110413929649
-0.2063953077456983
1.6727192972260372
-0.3508761921500227
0.6688950279187568
-0.1668436238185375
0.6489750071327587
-1.5757969502284712
0.1603324585759197
-1.3471941113899302
-0.9928321274581939
-0.5091328628160127
0.8480166279467299
-0.5178387652917709
0.0104895368367255
0.9049546652877869
0.3564649923354830
0.5437762772844772
0.9288779090626327
0.7670101100200032
2.0240992387864960
1.5435432425448796
0.0190001982329229
-1.7116008421035049
-0.5566033680064548
1.0277940495109084
-0.0386489942956661
-0.3855699896733354
0.0613749283030479
-1.3226306450469636
-1.3377076271481536
-0.2039890530395786
-0.6413880764899897
-0.5804586253700409
0.3254890267438217
0.9753886647481675
0.0793105854245241
1.6569079707124446
0.4211277371466822
2.8857992026701789
0.7867980374196298
0.2632809919203363
-0.0512202095309653
1.3718660079151852
0.0443705509460109
-2.2664011133513435
-0.2844882752358199
-0.4482271494454812
-0.5540188102005822
-1.4213663080840444
1.0247604558166454
1.8910433862561025
0.5197067311989932
-2.1101195078177004
0.6732280435829925
0.9646163000379133
-0.3340707919545783
-0.4111637054713675
-0.4175420832516780
-0.0289327148936931
-0.8474910677169416
-0.8044146774067891
-0.0602018011014023
1.7815669146671813
0.7015942772318612
-0.2971047159472284
-0.3461817127483356
0.0605082245089567
0.9368431900719232
1.0826066442672599
1.1808628398421497
0.9780751770841577
-1.4248854744359825
1.3814401300985364
0.5195031514039214
-0.5909526102238951
-0.8268682810051747
-0.5269774129806771
-0.4606710680267740
-0.5061630203012956
1.3175655860741238
-0.3788593187622165
1.2631785506700861
-0.2691519695248786
0.9959338178161337
-0.4143955589464051
-0.2218498655337156
0.2536792661869586
0.1639133297175008
-0.4807718111472264
0.3722123380754362
0.1497914274977680
-0.8816603225122099
-0.1852983547347417
-1.4312059473761589
-0.6078560235287754
-1.0224926554104548
-0.1614110542970349
1.3970782347801636
-0.1228100608641577
0.4466176188252264
-0.1223241400722072
-0.7588695824434410
0.9606647865568554
-1.2952440718322729
1.0697200590250948
1.0927688293563442
0.6670018530473213
-0.3768321023070062
-1.2322191112840304
1.0110389649446399
1.4441075857240164
-1.7429155439558000
-0.5474932031918275
-0.4459710805533971
-1.7131060323271634
-0.5519260212717496
1.7219723768036652
-0.5894994529596965
1.5268168410566518
-0.1533935982712480
-0.2130412993507100
0.7167250137449046
0.9077524345502184
-0.5189224276308401
0.3089591116000465
-0.5894092126425363
-1.0758345576814472
-0.7389036834910658
1.3497324963269366
-0.4248167279739542
-1.8935181202274822
1.0442123611745835
-1.5608622495798716
-0.5379608694483947
-2.2835689196418105
0.2901081037717178
2.4678247666435369
-0.6322540934331995
-0.8108494414687676
1.5919727971216453
0.9343089604042255
0.2351436802673708
1.1988380464583532
1.0133800865990175
-1.9914099441632691
-0.4254224704048741
1.7667058561746634
-1.1603059479960889
1.6463853149441954
-1.7093759513077971
-0.7976574176724804
0.1811389602051433
-0.1853793320464907
1.3698232938886865
-1.0179021612403174
0.1866281215646373
0.6997705814282480
-0.3697062761461581
-0.7648044409468803
0.3582392064032592
0.2265625724126126
-0.3538453421723484
-1.7455974085607855
0.6888198575150779
-0.2982655612534151
-0.9814825087143817
-0.3621472504184524
1.2925557695626719
-0.5930268115595693
1.2151904425093079
-0.2590860105164285
-0.5549619761802280
-0.7359235529611466
0.2668820926024665
-1.6531787833642182
-0.1412508296386081
0.3955622661928919
0.0319098161340440
-1.4545065573799867
-1.0304509663404553
1.1205492352468056
0.4321761895377363
-0.4833211439295222
-1.4817850905727958
-0.0998409466566102
-0.0318014184542231
0.1950347959235258
0.4095979497304003
1.7347675480634630
0.3546569901180069
1.0075937743960386
0.0373569479161515
0.0109392904817398
0.2435485721730355
-1.0474190722669481
1.9772126536414310
-0.5870243522338082
1.0148507292789195
-0.2642448067133433
1.0095936521298829
0.2697115758544626
-0.1167119797251857
-0.6947312591693146
1.5062087524819949
1.7185217933599892
-0.2915839772104578
0.4645625826204520
0.9313414327687701
-0.4400135685255103
0.2275075485756040
-0.2585370887602023
-0.0760314581914863
1.3034755373389415
-0.6936497305979306
1.2924882720988746
-0.8700091894063364
1.1116700129161634
1.9564356403956795
-0.7739583680462322
0.4231167246059894
-0.8204453179632932
0.5940819480472822
-0.3325417673760614
0.4391871464691512
-0.0694480259996181
0.3171632380138695
0.2390611688474764
-0.7594659757437685
-0.7871744714545030
0.0287295830124715
-0.4345302519434004
-1.0942430880271881
0.7211616382447381
0.1120522472852458
-0.6581030500632069
-0.0781321279339335
1.2284322315524205
0.0872377171784845
-0.6323270086663331
-0.3325814357816484
0.4371534787095835
1.5226442496007495
0.2612739942320186
1.5234532620682013
0.2171268102786425
-2.1342097979040977
-0.3489077019931513
-1.8393071750167553
0.4989679725803333
2.5855911458461738
-0.6474667384459130
-1.3322429930744268
-0.7810589295969402
-0.3807089417777932
-0.5222059759964406
0.3355030195605941
-0.4250096235987613
0.3642857157908564
0.0612851545852998
0.4024721922186134
1.6380318351078065
1.3936458921983212
1.6541998974588548
-2.0767250213458159
0.0389213371389061
1.1195242842850253
1.8873403618971398
-1.1931922026275539
-1.0091431943785829
1.2454718997813987
-0.3881955431183063
0.0542022139463607
-0.3984151751251744
0.2735027590242063
0.1661845974819625
0.3420132172427779
1.4118353491679767
-0.5495635091932323
1.1758090965351600
-1.8888560689556388
-0.0885800694321616
0.1637541248022897
-0.6251133912695830
0.0303914810549223
-1.5376237595757856
2.1038770151223920
0.6428538907635376
0.2972081597133708
1.3615201701564710
0.3617164848740769
-0.1586580918710580
3.3125960817301214
-0.4547253209982833
0.0938630123186437
-2.0107868400272992
1.9996331735462936
0.6356859414965295
0.2760605573988518
0.7375922881374238
-0.3739928025771758
0.9427081968657969
0.3593646621517250
-0.8260790929514666
-1.5044213843399559
-0.4781587517032884
-1.0422987851928340
0.1054326337071243
0.0107897139269725
-0.4235200442390418
1.6278027243847848
-0.8462900285994467
-2.2996553593948499
0.4886189824141632
-0.1489461185028614
0.3307188980455227
0.3323637059359099
0.3041318313467014
-0.1035836149847655
-0.8054056034313125
1.6849783858013838
0.7293558853256542
0.3575736063382925
1.2259637256110572
1.6675463147095211
-0.0895786953050290
0.2771965859237926
0.0317327816006142
-0.8545895132002240
-0.5447503893194922
-0.7296671373613551
0.7976361914074129
-0.7848021206053497
0.6745284482869074
0.0960909691768976
-0.1242763133257843
0.4790325128805012
0.9384615701301235
0.2527664696314480
-1.2848063402694248
-0.6557631155963749
-1.7744669682770529
-0.3474470663463037
0.6003193801319016
-1.1344295920076095
2.7876606172847884
-0.5368908673475891
-1.8146540154951267
1.8747454331864188
-1.2785209011696670
1.4674179616182850
0.5890488196227657
-1.0432870950899584
-1.5685895678269051
-0.0619253224788808
0.1442709760403482
-0.3279359364432119
-2.0014611996846630
2.0868239784918856
-0.5478836918793588
-1.0490249361496378
-0.0134107744958137
-0.1492920717371050
-0.8355437583650844
1.6159057061615461
0.1571348112050626
-0.2215547893523773
0.3990950607945379
0.4290527563119468
-0.3799437508462564
-1.5665822274961603
1.0669399420001211
0.7995636773744692
-0.3575305098624035
-1.2764012870483525
0.6245012401633476
-0.2158941233008863
0.5689181063188637
1.3575007712908165
0.9798770806461717
0.3117218470065789
-0.3496280207625006
0.1848254418678086
-0.8305027075893302
-1.9622223993771175
0.0101902268970865
0.6247450123681995
1.0976608303374633
0.9895691337786131
-1.0590252273896161
1.0551885083577912
-1.5499104000458517
0.8410649441634774
-0.9803960106610029
-0.0119442209616574
0.9367822191719174
1.0834782191006216
0.1632311097792067
-0.3949832570236234
-0.1132781260846218
0.5227085333129328
0.4395626741900863
0.3020162416819566
-0.2704266781791401
0.1185877228121871
-0.6113239667585105
-0.2213400641462387
0.4235826426325885
-0.9478243642778776
-0.2576921200251991
-0.4823416421803153
0.3927311382840269
-1.2192490922439136
-1.7783034990975692
-0.1476664973508535
-0.6852683479133556
-0.4638987945169609
-0.3881537239229597
-0.4080990552846809
0.0043105608501531
1.2858796105958286
-0.5493472110446154
0.4260885424625727
-0.6214689461739791
-0.8810328094665174
1.5038839390844128
1.3467113823744190
-1.1275275311891819
-0.9477766949723571
-0.5031385306728748
0.9749615151269069
-0.6756370721508805
1.3783237455460253
0.6330577949495059
1.9984015508775004
-0.1179571646663349
0.0861254080770423
0.4811880452534213
-0.5219862923702703
1.5132301309395300
0.7591526651194389
0.2986527377658457
2.1689269787084422
0.8600291154997715
0.3425147384769056
1.1926755074108568
1.3727388945909837
-0.5539539224047169
0.0967001291157816
1.3182196735350784
1.4290370458378752
-0.0630208738652312
-0.7837290708629777
-1.7020971987782523
0.5734993426489585
0.3111407183222407
-0.7419397733842275
-0.1080149872759159
-0.1279872334613220
-0.7594640945658446
-0.0269117964910565
0.8795511147115247
-0.9353112661929746
-0.6965122439191461
-1.1566253384838610
0.2947649417623467
-0.4448457591846392
1.2494043349241044
0.2007009966715336
-1.2352531040375481
0.8975018189169245
-0.1065546131100525
-0.3348198433349664
-1.5652364791859164
-1.0789124223958533
0.2787428701725623
-1.7989556720125914
0.7375308154840319
0.4561501367232266
-1.0140563569024823
0.6667072498362473
-1.2025167720725327
0.4925729645998686
-1.0296841809477570
-2.0596801241300553
1.0581711455124168
0.5734584556802290
0.8098810410964178
-0.4348358340702996
-1.2117661686040648
-0.3123393247085600
-0.4325887516600249
-0.2891140286242231
-0.2973627754571376
-1.4640920950374707
-0.6206963100960528
0.6665541589954949
1.0616617060360114
-0.5831432884859616
1.1233296763832361
1.0429163499483431
-0.9419788900989687
0.8726131827707451
-0.4913697755452550
1.8524519181962043
-0.6372465603536339
0.8418236732570684
-0.6734182089889844
-0.2563583820147416
2.3318233203472309
1.2141842841057102
-1.7142808709687085
-1.2075528678610159
-0.4934399825348864
-0.2505962189456022
0.1908664111713028
-1.7948466046074651
0.6839676482995074
0.9939236894804385
0.2119500644262688
2.0794183131424786
0.7258688923687340
0.7658765939976585
-0.1587125401583948
-0.5288003582267078
-1.2186836416397728
-0.4107340134629813
1.5345516193752140
-0.4712053424072399
-0.1018930563938217
0.0566526474028455
0.9091144788961568
-0.9947443943399957
1.4596623873008703
-0.7089451898644042
0.3479672338877640
0.4249250799204803
-1.0776716168378575
1.0468245181666154
-0.2275261128396435
2.3448909590966180
1.1730510273338750
-0.7177488568603123
0.6469756396207489
-0.3218061740711192
0.6421115922594152
-1.0029789560495608
-0.8986709900110673
-0.2852049107684709
0.2616552253682973
-0.4740378109317432
-0.6085579924519705
0.6275078864608207
1.0218707368168536
-0.0479130277949052
0.4935048667798491
-1.4797251547090524
-0.3211442465281693
-0.7202987802550083
0.7685756338754846
-0.4294603571403151
-0.1522646061199021
-2.6749872490985425
-0.0676443224073279
-1.3095003869421462
-1.1069109851060237
0.2154954989341374
0.2308755124383128
-0.2036093832584756
1.2866868275359562
-1.3004159979952876
-1.7851037347471519
-1.5017636390210027
-1.1960343354365628
0.8271687003930916
1.4586452577208731
-0.4998138518732768
-0.1180395704170503
0.1742542607927276
1.1827008984446730
-0.4283444138483828
-0.1802397675643773
0.1227428120814759
1.3369535054579360
-1.7527988927871174
0.1304203063504848
0.4112508058765520
1.9027855299057852
-0.0841897002362104
-0.1167305866776954
0.3500293276120165
-0.6053411170062067
-0.2162144776559053
-0.4390645460379041
0.2721586273923874
1.6142398081040930
-0.2807889565266775
1.1503527301789715
1.1382603586995779
1.3910241487523185
0.9356694862149894
-1.6779676735285909
0.0669368732424036
1.8278589083045884
-0.0079081289963630
-0.8295091978229676
0.1482910070751244
-1.6967457576840503
2.5937215425821201
-0.7999490614079311
-0.3306155181974675
-1.0565861022014478
-0.8020115385021320
-0.4690809788621368
-0.9485525688729011
-1.2421730524267940
-1.1289331391701716
0.9519191180761580
-0.1215049119692905
-2.0974865924085018
0.2043736736760912
-1.1257665822634748
3.2847141507621789
0.7006095944407918
0.1644448000648198
-0.3241920643382881
0.2826527390726554
0.1517654780032722
-1.1245318613176765
-0.8514498344972093
1.0760074307636194
0.2500669783150276
-0.0634836837340662
0.1931866428618700
-0.1051563940512060
0.0123585897126884
0.2928995059976690
-0.9911182005478824
1.5846051274420632
0.3757856851318930
-1.6623892808458707
0.1783720166230940
0.4207202305635933
-0.2903963351258580
1.2017491848411448
0.6629827978564801
-1.0868615991782600
0.7765141471492523
0.7197949294995019
0.5862816665077883
0.5923775835198591
-2.0116361635090043
0.7954042641466440
0.2796730130954906
0.4319407806665672
0.9399276939656628
1.6067744359248062
1.8913966932894821
-0.6563417993152248
1.0081991118434224
-1.2977388695588474
1.5653965319010674
0.5400863635634632
0.4308254148157194
0.9487112669408095
0.8401088009704205
-0.2131870383262242
-0.2685007095700438
-0.4437165421002323
0.6490133034087603
-0.2920254297128597
1.2900682892718949
-0.2005398816012993
0.3290929997352096
-0.3946632875738020
-0.7019478717897882
-1.0898432486741951
2.0562767979378118
-0.8862139765826272
-0.1228541651183797
1.3252156547997722
0.8695542289034092
-0.3439778262866104
0.8522672605061072
0.6919261300299866
-0.8874166733459143
0.5525194008898343
-1.6852619033400675
-0.8172263583321665
-0.7643387234907928
-2.2370445469308025
-1.1249835304696036
-0.2280911520164411
1.1958621304927886
-1.4517199307029327
1.1280853323891706
-0.4899660802676630
-0.2342669370964250
-0.8984047303012176
1.5510607875092626
0.5336851669714526
-0.7324928760621099
0.1029906584099811
0.2506459593187685
0.8040659470727987
-1.0757775605121267
-0.9456346042024670
0.0635218665584186
-1.4652773115727964
-1.2923155365904091
-0.9968264103096105
-0.5952175739941780
1.1789045590236338
0.7337257539511995
0.5863529760416942
0.1461194905907683
-0.9132165039499004
0.7752379897282135
0.0290464074614015
-0.0852317334968890
-1.3929976607609500
-0.9116841687378607
0.9995819291515209
0.4343217955832555
0.7197481736829922
-0.4337951617133116
0.4750410212457997
0.0990157287580347
2.9930295672242053
0.1890085620432868
-0.7671938388740929
-0.7193600298704210
1.6818885519704372
-0.2916752352483172
0.6600165083887527
-1.4537240601146220
-0.0812742746088817
-1.5152894933481225
0.9624800451550660
0.3154156779099663
1.0633272438152077
1.4298741355491711
0.9070241620243447
0.0851671244881525
-2.6796306064693862
-0.4518452584872829
-0.3937601115811561
2.2196075373422364
0.5729552257957179
0.9890295877693360
0.3073411576811929
-0.5748950979583914
-1.0439068198837560
-0.4274603386231783
0.4199088573199475
0.9194461625092922
1.2868097327379868
0.4639347601500662
1.0892809546160942
-0.5176178087058639
1.4531730895722297
-0.0505014336740459
-0.8857599979470804
0.8807091671829204
0.4689452150006521
-1.3573807576373815
-1.0259944099339129
0.9490139342212751
-0.3493731778343818
-1.2833871008895286
0.9776333459117535
-0.6886291244692778
-0.5401805019809038
1.0824593471623634
0.7962845720022421
0.7732460569641065
-0.8967731711874728
0.4959559235775655
-0.3384415085593070
-0.2994318127860661
0.7038194976965557
1.7230733576529700
0.4709249920278807
1.6731177193634550
0.8296703688095076
-0.4047992788976165
1.1315753110077849
0.5253062464866263
1.8196477944635969
-1.1845707484286805
-1.2032038964693359
-1.0992258665373500
-0.1091358507847830
1.0448658729677125
1.4806731688255446
1.2869350259322097
-0.0131800565284838
-1.0937962439207976
0.8590613538274440
1.0767801546713653
-0.2327005389484167
1.4819427283228181
0.4847193218055077
0.0657990115185935
-0.7925687325631864
-0.7967897761163041
-0.4405657696200125
0.5304544821461102
0.1041549023305643
-0.0767958947064136
1.4095938217767743
-2.6546803507356476
1.3197292140323547
1.0982546896000305
-0.3998128845280303
0.7823305027799089
0.0143173994037966
-1.1069733175231942
2.0146190032955049
-0.0719756435652892
0.3444576970769377
-0.0085082320589674
0.8927060748567921
0.0625053363096582
0.1078131971774757
1.3627521932885229
-0.3029927580354672
1.1255453375474336
0.5567812436643849
0.8762890947776205
0.0259353026098038
-0.3660641773141922
0.7133619238607879
-0.8013538811209983
0.3377414419240104
0.0772724091468582
-2.2392970143256639
0.8518558530828378
-1.7341523583031635
1.4902625137529886
1.0899999821407611
0.5148430556396926
0.0336739356478235
-1.3596520991480201
0.0696544496678652
-2.2946552582306872
0.5099273498307431
1.1484397855576749
-1.3169380253190954
0.4723492421920967
1.3867992834921929
0.6939256435425623
-0.3352786591029166
0.3824954663455187
-0.3508327255742824
1.3109946575166931
0.6387867042225146
-0.1493336425084208
0.3081334405302603
0.1916987157818577
0.6031677783762948
0.6938445911073401
0.6769645455016957
0.0850236392949608
0.9912602365652191
2.2061002176545617
-0.3193260259786205
1.5213666938740538
-0.3491636614082664
-0.4845324670816161
-1.6998850622982604
0.0780894341207972
-0.1721539282761030
-2.9466499365951164
-1.6737503369683144
-2.5005147470769984
0.5642678298385472
-0.2735943480330649
0.0315191784062755
-2.5515575537175357
0.4588462880918766
0.2927942861012719
0.4569212893238002
-0.2969833285903499
0.0161552980297513
-0.0713334908720090
0.9695962718816495
-1.5775719611365271
0.7770223948324284
2.2760355021352634
-0.4388156794148824
-1.0120415800840370
0.5742075622171018
1.1114801409618826
-1.2613014028745742
0.9628898667596809
1.4417505730962261
0.4224410275884561
-0.5371796237275064
0.3987616335857516
-2.6342333338192803
-1.2118068059184812
-0.1235532622199577
-0.7094073607652320
-0.8317376699955061
1.4318104479083611
0.2100814249525397
0.3104696564410674
-1.6562278063824714
-0.5037479539146161
0.2527395126066446
0.0332429371578964
-0.7856602798738922
-1.2463899559299734
1.0405413980655587
-0.4844292296907857
-0.2483081170118872
1.8107117209580530
0.2467715512551207
0.1015571074617746
0.1568303386187824
0.9878387652676068
0.5021616025742233
0.2543618745967224
2.0868871573073413
1.5533541703443430
0.3116275359575806
1.1747370313272614
0.8372539623383036
0.4086262297822477
1.1800288606273803
-0.4967443722838198
-0.4356505933823580
-1.9660321746427982
0.9692696221723198
-0.4123075770725907
0.9529578093018971
-0.4940529679526732
-0.1292173713137799
-0.9230037657959920
0.4646520518536572
-0.3567314004726327
-0.6881415625507551
0.3484950496299889
1.9371381935003156
-0.6561068669707926
-0.3681014813839446
1.6606467142335324
0.6240051250811881
-0.9313122841841135
1.7307545285252499
0.1981746463354920
0.6230629836473481
0.4472000503739074
0.6559724922744929
-2.7678820451136725
0.4228900183385662
0.9586070802041325
-1.9281045200505669
-0.1171125375958093
0.9162873208737597
-1.2954573905330844
-1.2985057924418055
0.8698795124538640
2.0925490732192147
0.0583680906341561
-0.9360817297488500
0.8701876113379264
0.8583669889842808
-0.0839994001643154
0.1420096383761398
0.9494352257653087
0.6943357232049169
0.3668134928903602
-0.2307640158174717
-0.3976495902439200
-1.3462530856669470
-1.1834702349883570
-1.0822726412369157
-0.4824418153412123
-0.9058455229319640
0.4636347232447134
0.3017211021284558
-0.5673806251461371
-0.5526627502247751
0.3263598818767389
-1.2776516804438824
1.1107790373140627
3.2497074685858425
1.2325802803159340
0.4131494561811569
1.7441246562292934
0.3461158294467080
0.1660585701931549
0.1068993497416916
-0.8639804076874422
-0.7431187249138781
0.8846736075700135
1.6455257339410401
-0.4020889630080851
-1.7393317325220492
0.4381662446181462
0.5188843822696776
-1.2381208158211010
2.1082256072723897
0.3167863050958234
-0.4564327430204553
1.8947561812503722
0.7758796944987034
1.0039084673723917
-1.0551615079165599
-1.3415066974253771
1.3310023893685252
0.1638238872504659
1.1956140549625989
-0.0483480591923489
-1.3715919638670351
1.7783967741392610
0.2357821157818578
-1.4679204046254779
1.8104328195119914
-1.6635722401364599
-1.1260522874303798
-0.9112840573817376
-2.4149549641918040
-1.7971663102124831
-0.9341392396469909
0.5216355210576711
-1.2249485115660954
-0.7096222909810268
-1.6737990930075988
-1.2919780224423214
-1.8079806749592251
-1.0402102886081492
-0.5032079441300178
-0.6702470887299711
0.8409198155547756
1.7598863503195670
-0.1748754759741470
-2.3751436960900758
-0.5211137357847557
-0.1004215138969036
-0.3281332555586282
2.2082388796062622
-0.3520945562377518
-0.6636119009191925
-1.6097599527464528
0.4798669721349065
-0.1680989814188670
-0.6213356147288736
0.5896164216108618
-0.8975788622220635
-1.0776459191381174
0.8627703334664786
-0.0421720904395114
-0.2674990925241275
1.1860242014001177
-0.7651713886786055
-0.1463069591988738
0.7063043173204855
0.5540704924486410
0.4228672067700074
0.9862269005749242
-1.0841985327765169
0.6196125552587485
0.1475984713704538
0.9665224971009783
0.5735439383776914
-0.6399883264722308
-0.7905635487711672
-2.5731659033259335
0.1523450216775052
-0.3901272544526320
1.5074453066091809
-0.6790917137454425
-1.6126798648452358
1.6018227834685597
-0.1398126726842863
0.0538240465989872
0.2753102553551985
-0.9853123374398078
0.4225275570798501
-2.5228133573055787
0.3215926106090050
0.5686978878408051
-1.1111321382760480
-0.2154846980549217
-0.8366056373153664
0.9005534972392437
0.0018192923058018
-0.2674426264896999
0.6760090436514326
1.5742519530755643
-1.3352220564182686
0.2895291518076973
1.0413481825698063
1.9725335491751292
1.0172968226478296
-0.1714376474201424
1.3316324343453676
-0.8480318240907628
-1.2943510481296379
0.3857389728356684
1.5201053472724053
-0.4398664706675748
0.2218959165880998
-0.8928315119871545
0.7597008800169153
-0.0213013027626426
-2.7054175849894797
0.2556919004717498
0.1317361075977181
0.2472917559472363
-0.7314336613899657
0.0278816463089563
-0.7538019343299810
-0.4686067615468072
-0.6869466697722397
0.0790251639688565
-1.0870120951189979
-1.3429315904615100
1.2045018538953198
1.1357062662295097
-1.7100701223244414
0.8341812932633096
-1.1643436848884412
0.3376097263034889
-0.9501497582770405
1.0200167547899390
0.5856701913911447
-0.7922321667014425
1.3512970737552483
0.0949267110680204
0.3654183237648319
-1.1810216011350860
-0.4922369334110721
0.6941018491880672
-0.3149065612578485
0.9424110315305345
-1.6846082250072438
-0.9139579024637717
-1.6370572338338372
-0.9711329508926749
0.8274763004634547
0.1181673159960142
0.0150859158360844
-0.6767194287405855
0.0387350403045984
0.9416542800511328
1.0350590782904665
-0.7581080334197281
-0.3655329105755907
-0.1529486779856553
1.2162139722437237
-1.1481483822068830
-0.9898799651457066
-1.0120810478056843
-0.6371457517343889
-1.7100201742685295
-0.2565437593461906
-0.5436654690997539
0.5772065313924274
-0.1174414830130537
0.2694339044750267
0.3436452843017332
-1.5364479499158101
-0.2053131819416970
0.8918928588216389
0.4464470573013334
-0.2999224044900073
-1.5539679085760638
-0.3385449126655941
-0.5079022909297241
-0.8503129125018427
-1.6446561563518802
0.3913477343555507
0.3199246372198677
-1.0311663547681613
-0.6870321525611677
0.9342690005564398
-0.0931558253151184
0.0743136343013258
0.5468891937493483
-0.6431908992799069
-1.2648879368101467
1.2227163897787459
0.6588931626655384
-0.7589462863306513
0.7265270401097090
-1.7975898813592137
1.3971076568814969
0.4887241348427939
1.4248574493561659
0.0636611829137114
-1.0091137060047217
1.1133826036663734
0.8261886100166488
0.1008945989193130
-0.5504444031880670
-0.4166365308414842
1.1322129208332394
1.4988013024852969
-0.5538583391483822
-0.1332742241313297
1.3401833247495893
0.9980795504384837
-0.9147367950373626
-0.4613531990494994
1.3927891999337854
0.1651246585110876
1.0965830158146479
0.2340114236091467
0.1766289799950011
-1.2395200608794126
0.5405845037001900
-1.0292275040524921
0.3578779379191948
0.0335062117372631
-0.2307899299338466
-1.8837680556343195
-0.2010294999014901
0.3404029205039066
-0.4443773751992194
-1.3813016174158443
0.4701672544792139
0.9201176272206514
-0.5464814359184110
1.1347228306729338
0.8316008893022669
0.9115255282282623
0.2458126108722816
0.8228390887793889
-2.3352420447076434
2.4186529441557929
-1.6194266554968570
-2.3652477719952310
0.9467611181798681
-0.8229789033171078
-0.8423089982808301
-1.2768660997951826
-0.6050330006411910
-1.5982545955398109
-0.6128175309951739
0.2185782149930071
0.8599243269521526
-0.1702039818213472
0.5708864628626973
0.8425956257127685
-0.1428703209458618
-1.0703960346691412
-0.1497876145262194
-0.2597219734082985
-0.5034472896719804
-0.7092987836334509
-1.7027845601763043
0.8655187873946986
-1.5753220794875387
-0.1060607882332647
0.2169945481791796
0.1302133688018928
0.6474081970288557
0.9623272150008882
-0.3205593882209551
0.8209326146067966
0.3127166859755942
-2.4059778263836344
1.0529843397755607
0.5807622778710579
-0.3203944841222094
-1.5011061362615270
-0.1566388145699125
0.3392798729320981
0.6258380771104333
-0.4679757022594139
-0.4099684653440142
-0.1127407561392170
0.8995379141409946
0.3904718936860591
-1.3366235285463299
-1.2371408619638411
0.2250362923452659
-1.0823964516883202
1.3735453119186032
1.9829021921519971
0.9692092484367764
0.1695901964920358
0.4805287679339949
-0.1616139265694634
-0.3887774927539654
-1.6274781842356976
0.2337766763095245
-1.0231950535801519
-0.0722936437922715
-0.7481900158971952
0.9973298432554638
-2.2552467725491230
-0.1171118483701425
-0.2253462507852791
1.0972771450272858
-0.1092636562817846
-1.3209470456616035
0.1475511798917650
-0.4631283686771511
1.1497820588663792
-0.7797439788909906
0.9298356788913552
1.6432885568803994
-0.0109562615352428
0.6864324095097675
-0.7978149347394020
0.3080987286378301
-0.1538775530274006
0.5343019692836508
0.6124788992483362
-0.1628154675895897
-0.4904687862385917
1.1736662859665898
-0.9829843712546804
-1.3185686428416186
-1.4269863191796153
-0.7095911723604511
1.6338342254118481
1.6014737256702045
-0.5541856419456497
-0.4932602132604662
1.3529397180397198
1.2271317817956855
0.2733450555609913
-1.4263111278023020
-0.8560040683752004
-0.7322685407284465
-1.4072695278450598
0.3845389899248107
1.0241837598052552
1.0718526721389277
-0.1230032467873138
-0.7475487993209948
0.7722238308583623
-0.7276830496494369
2.2360527255970264
-0.9206071324724266
0.9265312674949190
-0.7934329866019660
1.6763334394544922
0.0828865861791529
0.4548614104534935
0.5775193836263928
0.1228219225663528
1.0358147606050039
0.5367166685713386
0.6572241625133594
0.6085234764918700
-2.5188071542847172
0.4624415552933836
1.8689371021970611
2.7016521935835440
-1.3624073309293121
-0.1000778035020584
0.1267661564842440
-0.1392253132543311
2.0628827085311774
-0.2887245358234939
-1.4271783831524305
-1.7082474268661179
-0.0614764811363028
0.8291137220199871
-1.1254145451391995
-0.1447720545380776
1.7478544762065886
0.0158487134529695
0.2381725912554833
0.0540748052210308
-0.2315163085443925
2.0015963600206548
-0.4561369983392299
0.6086615437543537
0.6396083990203748
-0.3473143603519319
-0.1606037257734240
-0.2415106052086753
1.2974805818311006
1.4541388204144821
-0.9834619972662709
-0.4566866039797031
0.4805747627759296
-0.7885092852884948
-0.8043268171250958
0.8759272288049134
-0.1045492334492597
-0.1553779336619096
-0.7154488717336788
-2.1206832019486477
2.2748520457519126
0.4357720391593756
-0.0022200490134401
-0.0741011530147373
-0.4762145010496951
0.3576631888460420
-0.4409260964433910
0.7024477549153817
0.8585278123646655
0.2158535372096573
0.1041982662000215
-0.6294612791640529
-0.8392477068947580
0.7190175270060096
0.9625675156740956
0.6791022780545216
0.5350734607346450
0.8685205633938955
0.1634113906856162
-0.4129627771890588
-0.7078597011922141
-0.6351853412884643
-0.6914441084839518
-0.2479635960465289
-0.8155582552813953
-0.6634784581561728
0.7670336359680897
-1.2411846427971776
-2.1225959148135831
-0.0910387696360057
0.7583241163185286
-1.0680632134694772
-0.8734423230874683
-0.8627484724741924
0.8878588350308009
-0.8967426562036506
-0.6111402197181474
1.3291598651351220
-2.9572527665824322
-2.1403334336202189
0.7009922038177083
1.1397414331549782
0.6276407787763271
1.3067832885241875
-1.0345440835519617
2.3283420788027205
0.4405507697474219
-1.1570341891172813
-0.6905160098393500
0.4291704912925128
-0.3652594487871554
0.8783669207359649
-1.0454234001394014
0.1879369574075238
-0.9794006018315753
1.1981254365301628
-0.4043755560561011
-0.7453266471095139
-0.0419911253489351
-0.1200578838979586
-0.0044329208620060
0.1661890330769585
0.3016014149277059
1.8728675714231349
-0.7352601081390970
1.5240463337039722
-2.6558430626991893
0.5319100079073854
1.1431753011215273
1.5583209964341826
0.9644783951827872
-1.1741183164791897
-0.8019025833814966
-0.5669705858259646
-0.6288132442415418
-0.4005584341922441
0.9905912972650394
-1.4311937968333952
-0.7858352099225860
0.9772003414861719
0.5398693973304746
-0.9505735544271691
-0.5834014322653719
0.2002957123027876
0.9642300689699500
-0.6031426851823305
-0.4065671557439301
0.4634900071917277
-2.0545725038840290
0.2309308737395450
0.2559756517654805
-0.1790271951155170
0.1783872010379121
0.0012717155664402
0.7222808167289172
-0.1542636624460501
0.7890992197668181
-0.7276111288319923
-1.5625577687869159
0.6205082938368564
0.3295307237872157
1.1228690482959249
0.3239018938694005
0.0578515938655848
-0.7688365645997453
1.1944194799741827
0.2491237483193585
0.5146084398241911
-0.1022155741456905
1.3657020944902187
-0.6679486073088123
0.8219285113658147
1.0613692354507205
-0.4462172992821510
-0.4935884028045849
0.0999404022203638
0.9612458641654361
1.4834090978665220
0.3473685976549168
0.3168276025473437
-1.4116905688326333
-1.7388008120663863
-2.1272183309092982
0.9253806095643847
0.5421525938831908
-0.1200838909391782
-1.4917327385066690
-1.0418920236732461
0.9111401869602558
0.6012576101079584
0.9581178314987268
1.0251475555436800
0.8725632038357379
1.2604641065152156
0.0351908444112579
0.9727575632174223
-0.3780045888249547
-0.7853280177194084
-0.3924582551357375
0.1000335544639276
0.3477730395058472
0.9864485951819465
-0.6960763145522219
-0.2493919377344838
-0.7406495661514362
-0.1262307611149610
0.6043897768191900
0.4944107693362847
0.5173197952275709
0.9638998217818202
-0.7178726110281788
1.8684717146793703
-1.6482572951808034
0.3789650291587869
-0.9844547545913929
-0.3631339117305125
-0.7802301632331023
0.9534014527383212
-0.9808625804554357
-1.8946646426874081
1.9964032847185669
-2.0091696676095414
-0.1196483402292031
2.0062064336272782
-0.5542954269059793
-0.6564405218058043
-1.0653547141235360
-1.0193566020032709
2.2623205324124442
-0.9573708317900514
0.0968910809720192
2.1722660364274096
0.8547136856669431
