0.6036145105832336
-1.1645012980850429
-0.5886902313501948
-0.7702215682438174
-1.3473413548460877
0.6119479253838034
-2.1388869995554356
1.1004072949245745
-0.1780139580787312
0.4905192651833282
0.6828693014568087
-0.6986999805762166
0.0661707403251281
0.4381470925020509
-0.8246799390999310
-0.2655559469867376
0.0271695288938249
-1.6287648293121579
-0.0799545443812559
0.1913917226040867
-0.2904522369446125
0.1316506259058696
0.9006234941924570
-1.5358259563536132
0.6829659801799528
-0.8235521477990490
1.2143869073383056
0.1207503535702345
-0.7623521734006649
-0.6742257561924483
1.3198871044534501
-0.4085914242576512
1.6212849725963685
-0.2665990812891597
0.9225059013368769
0.9262723026295009
0.8328681457778307
-0.4525841256172213
0.4316459104286363
0.1634137873464344
-0.1239852329494123
0.5174289627398991
-0.1759830024564947
1.2487201680555347
-0.8078197785233375
-0.2058625098925553
1.7411234791315704
-0.8672993661980665
-1.3196415676552409
0.4627166608310511
-0.8619787762228974
-0.5931813891401478
-1.5518662417123894
-0.0898212882098126
0.3155991685490555
0.4432525016005728
0.8564585575875647
1.6365051002630471
-1.5180028880872463
0.2921934782420861
-1.5856106206234601
0.5690331740087563
-1.9117533241129134
0.1845769353870050
-1.0534651174928520
-0.9401105045950355
-1.6123461048060077
-0.0246128771307216
-0.6262307716885847
-0.1949004176421351
-0.6586921337216046
-1.1141803896941660
0.0920381306146141
1.2440591954496518
0.1398032692995289
0.9453802493781092
0.2966748853749884
1.0295851151918389
-0.4924146124703199
-1.2253834299641684
-0.5510379949080279
1.9518291404200381
-1.1245867556353419
0.6544399984100588
-1.2975572762797156
-0.4739594675050441
-1.1960322300179640
-0.4824303916571326
0.1633944200604495
2.1755796111838355
0.5171323720767560
-0.8042407184358781
-1.3782449149686691
-0.3581962901906405
0.8862575828373114
0.1766775958167563
0.7748777475781419
-0.1599963355940237
1.9349356998210030
0.7791806008136498
1.6801638579350426
-0.0352986282934474
0.2610456829248773
0.3904383551072170
-1.2425655471371844
0.0177505131149831
-1.7015195228441533
0.0607358429884533
0.2366627482268281
1.1675450305021096
-0.0083952426591593
-1.0902728233362806
0.3898348680475711
-1.5151565204211510
-0.4754012246566660
0.2506430115302754
0.0883613477962430
1.4682406225148963
-0.3328640326612224
-1.2208325295618248
-0.4902131354154318
1.2214458299942943
-1.0178961183581396
-1.4774030506859406
-1.5472629634930775
1.7876354503897423
-0.2943891853617576
-1.7453188004508629
-0.9944418369884661
0.1818412428902696
0.8399352879683287
0.3950828021338190
-0.0352097775114655
0.0779387922436327
-0.1068935117368650
0.1712129945735478
1.0439766878564647
-1.1302149393254100
0.9280730778167601
-1.2637102662447615
0.2539099102737046
2.3370988649119004
0.1121319638397661
-0.1338074835510750
0.3623340611385793
0.4022190740578191
-1.7710472919967735
-1.2312404091023692
-1.4610659229549183
-0.4616964116030597
-1.2588850006278269
-0.8927685153764150
-0.2162159908079885
0.7446663897753683
-1.1518727338918970
-1.4745733983599945
-0.5745078197444485
-0.7872626344376966
2.9135100764398061
0.2085117796837767
-1.8093800886061098
0.8898083924282871
1.7337770549622746
-0.6372681015586806
-0.8432380527668346
-0.9416107583474810
-2.4298030263944406
1.0805898683542434
1.6675920868282064
-0.2100914112171028
0.9065924511944642
-0.8864045782606309
-1.8266608370600823
-0.1038665246553025
-0.6397565630935957
-0.0061128699839644
1.9590204599215302
-0.8818013672407692
0.3872878086681165
-0.5147201904605702
0.1983461182847297
-0.3087946463317837
-0.3184791154997356
-1.7097901771293713
-0.2833167485183473
-0.4419348062396551
-0.1420787067144113
-1.3402926459975335
-1.0941307037461048
0.1823396388482550
-0.1447187732335126
0.1712094405301212
0.5715387094075354
-1.8260740415865833
2.2508065912782813
0.4843103700990273
0.9796033105092560
0.5230007270266135
1.2947407706862495
-0.8183880777534799
1.3680088736049199
-1.1826741929841686
-1.3497515881132776
0.0000388265430310
0.7748406651128505
0.6463959689003325
1.3500058374851613
-0.9518356015980479
1.2409328719051682
0.5557696489613728
-0.8765792629083450
1.4407401117246299
1.2484568449255673
-1.6945046956298286
1.0344898636579707
1.8902702664437110
-0.9095373107687617
-0.5458861154055635
0.0916408125272860
-0.5280353792308459
0.4415151765190686
-0.7154919706812853
0.9885134787501412
-0.8771046352369283
0.3825230750502180
-1.9076857876619902
1.2058115615657676
0.4298535829598539
0.8248311045732839
0.1857275637927443
0.9556913488544779
-0.9617917891079797
0.0919976352067137
-0.1116203566821019
-1.4904413774624226
-0.9703285758171349
-1.8690765833504046
0.9957525887394020
-0.3884791884988032
1.3392605919583340
1.0159306583526404
1.3790300447707655
-0.2288737029494404
0.9314000946255238
1.4005594186301340
-0.3175885982225192
-0.4411271790608732
0.2290108639866244
-0.3563667492330412
1.4058121424537657
-0.7793984198277012
2.7160974550038124
1.6444574280635753
-1.5042964949183626
2.1089320695062228
1.5308792946225844
-1.4455173313089420
-0.6175957528101417
2.2142411722088355
-0.1619194624747235
-0.4272865829104705
-0.5615763633439189
-0.7581957164428461
-0.0509806008404230
1.1384048060898773
0.0335019479858615
1.0412910945150540
1.3186637866101396
-1.3554118528960828
-0.4023413032846348
-1.5232106305224378
1.6765222950415863
0.5858726184838186
0.7117458848114860
-0.9416352042423570
1.0707637539245263
-0.6607573920412401
0.5170594427155002
-0.9660624499732354
0.8973024950410027
1.4330971101860546
-1.3102038712138981
-0.3772832451219527
0.5411150452902793
0.2579925763554831
0.7298199020072208
-0.9191836267191941
-0.9477117939710663
-1.0223071413712199
0.1617967117256792
-0.8825280923031085
-0.5119553579063720
-0.1443224108175045
0.1771893021643014
1.3311945187920335
-0.4606956088036696
-0.6026002732036241
1.6507230882750827
0.3248668430490049
-0.1338283130940560
-0.5402576171625985
0.3402209181419332
-1.5868343928576238
-0.4423606602917580
-0.8289268018554006
-1.1038992500491807
0.2361074204920947
0.4362497505389637
0.4068467433926668
1.0406238251876481
-0.1137162257535664
0.7294099860593127
-0.5148535982699083
3.0786203519637447
-0.6398417728802658
0.0392746537965938
-0.8164301117207964
-0.9417772574774697
1.0991247971037867
0.5234651808430858
0.6768117105372299
0.4882805051581358
-3.0149223258241751
1.4860750103061957
0.8730426548048376
-1.5639198466732054
0.1804824193285700
0.8024200113542409
-0.2101807198407777
0.0559118823106363
-0.8860591666050514
1.1714963083551884
-0.2763944738638967
0.2339059980234706
0.5074047478073364
0.2300822266827735
-0.7333775523891873
-0.9161349158589093
0.0205496234465209
-1.0352482756397750
-0.4988545233726345
-1.6258954243793344
-0.2954526590371213
-0.4667905070599797
0.6524054219965369
0.0479007430231946
0.6569617389375288
0.3722680826928586
1.7554435237794681
-0.1482991326478153
-1.4056613666708828
1.4208828817862649
-1.6204988855476692
0.7208467499961276
0.9825689494045338
1.0481258859445282
-0.9714789480349096
-0.0722141953122006
0.1930873895703176
-0.6191909724913297
0.3369205547722484
1.2003263844616894
-0.5542046777497240
1.2255441897055912
-0.1382375446000633
-0.1553996784847140
-0.9779282921001440
0.7765210235396504
-1.2337822575108237
-1.4350553205138201
0.8045361830484257
-1.2511331492042523
-0.6142548146095963
2.0568218455498934
1.3946481918585072
0.7235623029659781
0.7304560018166983
-1.3306346626652314
0.9267408948273320
0.5202009831288856
-1.1151474254253964
-0.2573393402884920
1.2411710242995031
-1.2919912405464977
-0.3610382445118380
-1.5508710991241603
-1.2832476277396598
-0.3030546652782583
1.7757740439997065
-0.1150803545402023
-0.4077823898916794
-0.0081576714684501
0.1983258408947013
0.2819139494932006
0.4936948005618559
-1.3883067738743149
-0.0985675553287571
-1.0704977004736664
-0.6377675410020610
-0.0869637373743707
-0.1635051597601940
-1.7857163296964740
-1.2523234120117024
-1.6737253682603683
1.4178078560113043
-0.0774188876338565
0.0702046157822997
-0.4956978807695718
0.9779467231844056
0.3817805706264151
-0.2401795277875327
0.2738617097522742
-1.4906640209944830
-0.6067707887367874
0.3409826529345667
1.3479484111154685
0.5288176418644447
0.6561035030282431
-0.1381220562709596
0.8087387806154538
0.4645856612398969
-0.9241274623936185
-1.1809840645194920
-1.1104582697844725
-0.4245013772347216
1.6326647863022195
-0.1777110034838671
-1.2287366291928767
1.3413433118997891
-0.0163553513927730
-2.1276302621017038
-0.4359625586759119
0.8377217164912798
-0.7156306917768255
1.1709671534373127
0.7908254497273570
-0.7628000098441862
-0.4672505858435203
0.7822130318761030
-0.0938495938152033
-1.4053458194616029
0.6503252955342743
-0.6887091475349221
-0.0883396961672093
-1.0068490397534768
-2.7163407175119203
0.4879194432838891
1.6147176309493081
-0.2847292673294515
-1.4042760750571741
0.0166244816455040
0.9722033121595894
0.8054173245629141
-2.0565745267889382
-1.1073733317126135
0.7054751140211790
-0.5789438096257994
0.4932281560686817
0.8218289732532403
1.4359630718262173
-0.4120023265716118
-1.6789421297858418
-1.2311806839786772
-0.3406266752300741
1.4973373441570017
-1.7435089450350352
-0.6159982520898742
0.3558907600614941
1.4579475428541253
1.4276655906258617
1.1495460545658485
-0.1209914629987471
-1.4299562820654648
0.2401789695479465
0.2047826542215558
1.9775301078325405
-0.7923210466433203
-0.5041111661324714
-0.9264215060146951
0.4402161936290899
-1.2573108879439370
1.0510512162368388
-0.1698037623570340
2.6496755256792408
1.3481619687468065
0.9872213369704690
-0.1586716025393691
-0.9256143162863727
-0.0435834651234787
-3.1158393754212028
1.1999606206272113
2.8207925976791342
-1.4025850412634400
0.1457852596398623
0.4372452652173797
1.3315514691711487
-0.8598677038675132
0.6181715713447909
1.1403923024708305
1.9619227164128896
1.3817659980139803
0.1573416704044498
0.6642042626174040
-0.4555262322062891
0.9199401954417687
0.5720224631059868
-1.9188936801614911
-0.6412843684782028
0.0312956691232200
0.9965683435711089
-0.7634119148829324
0.6567377481678467
-0.2284804361839295
1.4032741086342644
-0.4549778744940040
0.6040470671242425
-2.3285988469485783
0.7440340872712977
-1.0469724882320088
0.9924979155283183
-0.4560016149934168
-1.3952379351037210
3.0412874692160647
-0.5460127254664890
-0.5665032250045148
-0.2565377141243680
1.0881953812560918
-0.6191479879071510
0.7386987886869734
-0.9114319214039713
1.3429495497472324
0.1636854108106921
-0.9314778507890279
0.6455770030809254
-1.3814869511219656
0.5866338147996061
0.1633966638614382
-1.9358260841418367
-0.5221774408117541
1.5093373405811088
-0.1505260904268387
-0.1061590142396643
-0.7522806001626280
0.4905647437857123
-0.9444491565944785
-0.8139589293045159
1.0025381017616457
-0.8357579905465115
-0.6408544418533372
-0.1814120939318552
-0.2840820948741929
-0.5402681258336073
-0.3113182668927735
-0.4945789508521913
-1.4842037486816795
-0.9545637328161284
-0.7677264251479348
0.3325374426501553
-0.9558443543578657
0.3612733396694216
-0.6160115068683432
-1.7276517429352165
0.7806180138839193
0.2575167312334691
-0.2690345876095993
-0.7662687853320292
0.0893278459035216
1.3269263817678707
0.4824442315393017
-0.3056599955911750
0.0368408065410925
0.6833283913802715
-0.8162790815126872
-0.1504316523072783
-0.4569729205354883
0.7541450195139592
0.4434539429684390
1.0524282693234226
-0.3715679844566379
0.8311699365366639
-0.3426831551925347
-0.3472216914698415
1.8629662185176823
0.5345777249426018
-0.7582750710584527
-0.2768656041021113
1.1393992582347203
-0.9791316969977195
-1.6000517288028018
-0.7897073272183927
0.5168223704083138
-1.1767087543034531
-1.1478981674434567
0.8288642370510728
-1.1153766786349313
0.9549119932311128
-1.2532257349147835
1.6204821042873119
-1.3862275103846227
-2.9924222919270775
1.5846081264023346
0.3726552405384087
-0.2612741912070569
0.9377997435401505
0.7116163857206066
0.8285083744044227
1.0141068224273531
-1.1981959090194982
-0.5577418215221581
-0.9132169689439582
0.2969746854883719
0.4390317849599196
-0.7065328744898718
1.6841019212606856
-0.8818386410294902
-1.3296761205169403
0.0334287823396931
-0.6846487423868076
-1.1863986792329655
0.2571967927434661
0.4588416123562117
0.5249369623330480
0.8511649617325073
1.3130792644448834
0.1532357435777142
0.1408389677521850
0.3714090849260555
0.0863977769895032
-0.0880702081106126
1.0796495370204575
1.5681048772808923
-2.6233476171258738
0.3878405755491556
-0.0141522333313951
0.3181121525252903
-0.2931684431291396
0.9906244207270661
-1.1388981737968060
0.1178306816240643
-1.0269336458799574
1.2379393595478103
1.1762161353539249
0.9450062823552525
-0.7121414517684334
-0.3310915497900577
-0.1176236393020054
-0.7588607514513979
-0.2350427177467228
0.2889900750711552
0.1642767230886687
0.1457372400996836
0.7252810973023684
0.9742873570115969
-1.8467547385637502
-0.9492074032203405
-0.5862492239705284
0.4977335245247650
1.0057613796245470
-0.4813244823375746
-0.5111371613879334
-2.4847540726305053
-0.1619081551876806
-0.6545437070704203
0.2773976864940125
1.4077204993629033
1.0072849845447007
-1.6152523069924811
-0.1111211890284255
0.7906135054379037
-0.6365962717485870
-0.2749739087991809
-0.0360037704291201
0.0848729068006112
0.5650398144390800
-0.5545382175997834
0.2668354379615215
0.5486975475077441
1.9574126622762169
-1.0072224376407282
0.5210225148737321
-2.4607637571782508
-2.7368943179142997
-1.1490627336287191
1.0534612286033549
-0.2762671240106338
1.8160506571378006
0.1188073232806973
2.3482113694702522
-0.9063327032548663
-1.2233689409350879
0.9239938490990831
-0.3745825428849102
1.3675235561757428
1.6763104173178538
-1.1116920009478086
-1.5241412719441936
0.3626955850994283
-1.2849094216412849
-0.0827800155653435
0.0064080773823082
1.9022659998774332
-1.5594703061210851
0.7758895526153154
0.8888707785093650
0.1331580697009712
-0.0626280440707437
-0.7289658914831250
0.3255601080265562
1.4186018431889000
2.1183931623395575
-0.6001318626277042
0.8882634817687634
-0.7036075373213690
1.5152430161801687
-0.5031638539438246
0.8050567216507816
-1.1774652915535684
-1.5996942820009774
-0.4904202456712072
2.2725415712085235
0.8141516247925735
0.0913505883459534
1.3297514466440754
-2.1534184559749634
-1.0076150490926710
0.4855487114741769
-1.3451080735359890
1.5374146977602028
-0.4519286919576420
-1.4706184157837994
1.5150282984715286
1.2638862321356674
-0.5455715555181468
0.4402612380642936
0.4167576553482631
0.0489216950467375
0.2292199809720284
1.3659715169986018
-0.1636802470845739
-0.6658531183822231
-2.2547578069257557
-1.0555070983429591
-0.0075674164141123
0.6362728346538290
-0.2797026185202944
-0.0990214806158098
0.8881262608092595
-0.8571766543818173
0.2097692275073708
-0.3972013931085299
-0.0738848968646725
0.2494187957114750
-0.2915859791107671
1.2292042184192240
0.3208545124125593
0.1987288470207784
-1.2177838425969292
-1.6638855169868301
-0.3106514483249196
-2.3239923544904095
-0.4738271128827467
-1.6784488692373529
-0.4216913246551416
-1.6431720563550338
-0.3019142713593327
1.9578613325637719
0.8635458531581194
-1.6582694012821868
1.5645231896938288
0.9684807604846728
-0.6819856191288781
0.1044112607451731
1.2428989340945236
0.0056395628528063
-0.5637017321318974
-0.4690309996550805
0.7161956509436896
-1.8915243533314587
-0.7687077517253992
2.6656815314188287
-0.2132539184964956
-0.6937103959895112
-1.0569599760588624
-1.8061265003247200
-0.7593210574501003
-0.6772713628013354
-1.1590947763815742
0.0165844666430369
-2.2821331579413653
-1.1724168302363029
0.8794453141246719
-0.1313416486278817
-0.5902158068000689
0.0012451882088539
-2.3012730498460110
0.1673606518512677
0.1874092983296709
0.1215132901563319
2.6563136449869216
-0.2747663069051648
-2.7056528428505993
-0.3387675615174247
-0.5418637577606527
-0.3113439474755056
0.7032556593349300
0.7710268844811016
-1.1826149113956126
-0.3319335707351359
0.7005464700304178
0.0442271112087129
-0.2932722779171723
-1.2022044986441454
-0.1287196803976902
2.2142141359124667
0.5597647656475329
1.1898976531109375
0.5090219579317246
-0.6796266997816298
0.7298449592057971
-0.9274216937583684
0.6541371883886685
0.6194505436212584
1.3895943617318511
-1.1838583478613760
-1.1439161975509309
-0.3428342117151706
0.6901790324485317
0.5849253393255155
0.7859932894160881
-1.1090567196934622
-0.1304566445308976
0.8575105432526446
1.0075088728406092
0.0912904584758280
0.5403795989525337
0.5803584481447219
-1.2969336620952758
-0.2379661287273430
0.1424814634779191
-0.2792592923343832
-0.7975563190621306
-0.0370516305612613
-1.6756728256461939
0.6288763722554901
-1.5494774998546756
-0.1613448336506641
-0.0649004321185926
-0.2521848220755296
-0.4482094112785182
1.3653777658790192
-1.2986370674825896
1.6587939552698667
-0.8630799738522913
0.6247441744677564
-0.5838807837279975
-0.0533700626026770
0.8576734307935662
-0.0229837338406395
1.1113213466864278
0.7904449085418266
1.4050421292973869
-1.1349786306011218
-1.2040746186721107
0.5009453782993453
2.8332695065074325
0.2202684767899614
0.4834803008624146
-0.9195214864658017
-0.0934210794631288
1.3924519559076673
-0.4672035849810576
0.7331161158219527
0.0631220682038015
1.7615225306310192
-0.3730502104974481
-0.6171417912464361
-0.4448589442888602
-0.4699672939697728
-0.1990920740166500
-0.5195623310471053
0.6878566517169716
-0.4171002263858536
1.4634300554890056
-2.5666389376780079
-0.8317034433540063
1.3743281629530848
-0.5110695777851721
1.9896524876610870
-0.7265546157973131
-1.0770218047901619
0.2280591223043820
2.4953975291548822
-1.9404765567429838
-0.2714663990912886
-0.7119301693329920
2.3140706132909492
0.9896766288721753
0.0884493845209631
0.0180699370229850
0.2482017951732922
0.4410361741281888
0.0107814571112250
-0.8033359336724089
-2.0669426640340811
-0.4725757821590986
-0.5040870971025504
-0.0505311962062640
-0.7520283144643871
1.0288615421079770
0.1935100620009117
-0.1856992057662762
-0.4008028404156200
-0.9079749173521232
-1.5002999095346725
0.7837649686846667
-0.2140404028460337
-0.9628699144568155
0.9058508577903627
-0.3913422870872693
0.7550617786817948
-0.8051286321870474
0.4767847826187358
-1.3975710325897763
-0.8197521401813981
-1.2676988052799314
0.0075078173760135
-0.7309894352322934
0.0029023441544996
0.4806059050615450
-1.0728061588648485
-0.7105230976130521
-1.0453928584753469
-0.6608628000883133
1.9387038823208216
1.0958066338688432
-2.8797301093146914
-0.7758307099245564
0.0589829494459962
-1.0064785584907328
-1.9116707414480243
-0.5995970653090692
-1.2275266616416938
-1.1768637245307547
0.7401995177860972
0.3113687668714278
-0.7627583561389835
0.5793896199270806
0.2579901727579493
-0.0661704459858976
0.1992867481821422
-0.4306193451303029
-0.3355869417050683
1.2042751116989538
1.0909962638506359
0.1795233251797539
0.3312322036182668
0.2003872152234057
-0.0554991789290071
-1.1320416089991121
0.4337264374895443
-0.4687630271635704
-0.2330625143662261
-0.2629936822052193
-0.2844342500657676
-0.0860410930689482
-0.7209567064160716
-0.3852322614544216
-0.1272467728711278
0.2363681604864399
0.2692635765512671
0.2366089090998282
0.9188266687278933
1.6163357012292217
-0.4199043887910495
0.0544408545047747
-0.5820231118492873
0.8076540220861530
-0.6680272475914658
-0.7711767223572644
-1.8577772292501415
-0.2637614260191750
0.9494914586242754
-0.0172625467694657
1.7639711423837912
1.4143917803951758
-0.2131987576142557
-1.0975796412340775
1.3242555231684097
-0.5395118069174880
-0.5618602986576209
-1.5394375007027850
-0.8314373626008603
-1.0443617610949378
0.9941495634048608
-0.3545526097168977
-1.4162697268156399
-0.9830749912151764
0.9575587233084841
0.6961621525147427
1.5851371006159767
