-1.1755875630730726
-0.8806606177542078
-1.1388432467389680
0.0044884454808060
-1.1856161469560349
-2.1326233349867811
-0.4733157261785637
-0.4898806318515818
-0.0836578988089188
0.0952117431567250
0.0788302992437309
-0.4165955599358745
-0.4247051438632357
-1.0480527439523324
-0.6915944710704429
-2.5156112003318762
-2.2563269959225920
-1.6806367852867359
-0.5961703057426403
-0.4639280710820355
-0.6178250103719581
0.0483488482271626
0.2282134128302262
0.1503785212032725
0.0381958846828922
-1.3200682370052534
-0.3103268868620557
0.2564447933701217
-0.5916829715661304
0.1423063747961721
-0.7212197500027134
-1.9655712354020152
-0.7230221320209927
-0.4779371742147320
-0.4811190477711336
-0.0268700316587899
-1.1431648384046471
0.1966079546664038
0.4501574207358154
0.2456937011687041
-0.4119894018237843
-1.4549779104361078
-0.2507528727613397
-0.8318605284299382
-1.8144206127878446
-0.0011904194606506
-0.8712754933431069
-1.1921392728891937
0.0466083821372471
-0.2924856359567701
-0.0480647490656626
-0.4330440159324564
-0.4761740875081273
-0.7873295646270038
-0.2067557149421099
-1.7612159436080661
-0.2498460260379163
-0.9906715392859455
-0.0820044949067361
-2.9740117892185260
-0.0304457269957011
-1.5396840138414893
0.0386576064857521
-0.1800578184505820
-0.1081869769657216
0.2984313001909791
-1.3183862031698637
-1.2041579654251449
-0.4245476594363237
-0.4172103104396298
-1.4833733930428414
-0.0294142879680088
-0.2034436534250730
-1.6733575642423033
-0.6652355721032140
-0.0236282043287528
-1.0194567657171794
-0.8000425814975404
-0.4007440380517647
-0.6772547232559581
-0.3718434625946235
0.5776096020831591
-1.1790357300515542
-0.2004950664138442
-0.5974144904137069
-1.2613897328017065
-0.6856162545146455
0.0221873803008372
-0.3607094303400857
-0.8737776664176088
-0.3900562120780146
-1.2180420241506666
-0.0464532254170250
-0.9674782547521467
-1.7629481850273352
-0.5106496377471526
-0.6740796379887024
-0.0346398798416215
-1.2062270691914474
-0.8444730962088286
0.2327708189424316
-0.6156509069297750
-2.5759949232164825
-0.7138498285575312
-1.6939529881185340
-1.1214711842471408
-0.1474990871734758
-0.8429719475915326
-0.4561753590271018
-0.1087169501246717
-2.6681128408168111
-0.9210173338822819
-0.7387091692805701
-0.0615018800852456
-1.1927782582731727
0.2651533349380274
-0.1680729132422834
-0.0025834720806816
-0.0967530665395929
-0.2175272037386821
0.3695063608290117
-0.6862395763510074
-1.6807479849723002
-1.0367458217198067
-0.0990710113609684
-1.8366243032388050
-0.9432194010743847
-0.6299990064106392
-0.9717451344712049
-0.2508970668118873
0.3154555416840187
-0.7887367508702579
-0.0586447949164823
-1.3591949082381936
-0.5599632956421901
-0.2080550358321226
-0.1919968467704392
0.2121414731454242
-0.1533754855005903
-1.0265829736265975
0.0666202119006882
0.3502142888033855
-0.7156783035176387
-1.2753625850810526
-0.8635838264426831
-0.6550374535267818
-0.4418858750123121
0.0395970680744459
-1.0286600010016791
-0.7597282225894639
-1.1189082424558436
-0.2867705264045852
-1.3594734402257727
-1.1206953416941972
-0.4222262766533466
-0.4739575196304082
-0.3066606631515439
-1.9924007385271174
-0.8783886770360231
-1.0621499562928802
-1.2765083592580586
-0.0837640269022098
-1.1818625800437552
-0.1934515049670238
-0.0819326413285236
0.2732035555593572
-0.3344136626118916
-0.0219135121624558
-0.8523492694597307
-0.6699083012177963
-0.6852934985895885
-0.3590236894862967
-0.0057730112050474
-0.2297562284266007
-0.3233260228055143
-0.7708487464623047
-1.0005078049026179
-0.9444037189216208
-1.3288296898395049
-1.1404372465369004
-0.5505868320850087
-0.3877603758475082
0.4494199755635975
-0.1122196887106238
0.1009595986063932
-0.0594903145512871
-0.3859354539340240
-1.3828931075804098
-0.1737212364835285
-1.0558361889572405
-1.6689780343250533
-0.5879769297885898
0.0014627150671585
-1.9579266185127364
0.0739798282780464
-1.1943597649976456
-1.9881567879716544
0.3857849198570434
-0.4473786338914874
0.2196574465521033
-1.5736858136463272
-0.0535802474437421
-0.7216144630591774
-0.6469501868260625
-1.3352931969718531
-0.4368490937056658
-0.6208674374999031
-0.2548845320236140
-1.3440541229540210
-1.2408340736020691
-1.4267822698095427
-0.3093974810725182
0.0921638678066723
-1.1781449709391296
-0.2967707084417603
-0.6505771127574246
-0.7835473542360383
-0.3121674029456934
-0.2495803395458386
-0.4407380605059958
-0.0996093475447170
0.1469728204716943
-0.1418570664334719
-1.0841937854133086
-0.4239044976743078
-0.4419387517598048
-0.5505676511297363
-0.9194643706729753
-0.2961867775736721
0.3839757740583307
-0.2359359074538432
-0.8297954295467208
-1.0118363253587213
-1.0125758892976828
-0.1901395571409624
0.3001381358140764
-1.3080706463390275
-0.5935521337038763
-1.3607150697413504
-2.1442527448636075
-0.2508157231207056
-0.8577525144531978
-0.0445039560780315
-0.9450782853252820
0.0075984480195008
-1.4666929642298527
-0.4194086972337900
0.4516234802367096
0.0555217679910943
-1.8538382032842349
-0.6987845383722350
0.3229160718624223
-0.9001334417214917
-1.8945170211741216
-0.7039517567148381
0.0648419518478148
-1.9161914436374885
-0.0904201745523954
-0.9550423380871554
0.0239988448901906
-0.1398924634344145
0.2763250965683974
-1.5847713371302301
2.0506070178956324
-1.0627247903011225
-0.6620187116068083
0.0211588492967398
-0.1084087119182082
-0.0386033889881386
-0.7933136552420500
-0.6220886452167330
0.0376590436245838
-1.4209564043158436
-2.2192213756282957
0.5331524616675413
-0.6337327603788426
-0.1381492607541046
-2.3616831667923859
0.3293325049954745
-0.7972308608565540
-0.0037209579971882
-0.4039642879392845
-0.2882277277549334
-0.4837279488417062
0.1197119516111544
-0.8530022256056320
-1.4621660228136524
-0.7877356446669022
-1.9168572795728418
-0.5975664466681004
-0.1848555171525042
0.1190673586469960
0.4229055939146538
-0.0611687725366771
-0.4953085433613615
0.3531616335509566
-0.8125465157387302
0.3635929551877543
-0.2356530723442146
-0.3596408011017617
-0.0052503201325936
-0.2563865742174864
0.0340285467962003
-0.7525390498775207
-1.0236651530193814
-2.9441838750988754
-1.1785704787601698
-0.2958046715348321
-1.5828919080006238
0.0727765581315823
-1.2553665638564917
-0.8116692577252059
-0.2070989761818733
0.2873023674477957
-0.8225753508776819
-1.1095585139292423
-1.2424961665375343
-1.5236135094325287
-0.4807517311319903
-0.3888856443284004
-2.2744161175156772
-1.4960506907437761
0.2557013412776962
-1.2683729401167885
-0.5061615282655875
-0.2726189694609448
-0.2610855611420634
-0.7323093212835065
-0.9881998050592150
-0.9123698357841230
0.3067222358981449
-0.3477519482357451
-0.1912919210249095
0.2287815681487619
-0.3632211432358222
-0.5486129664942447
-0.4695089100105442
-0.1160575838616898
-0.5863544235614806
-0.0714810916790431
-0.6440360021646074
-0.2644871575187741
0.0630000097394244
-0.2348854937276323
-0.7891434518420476
-0.5135356887633024
-1.3984880371909527
-1.1631920540137028
-0.3092328372320505
-0.4547927562602089
-1.2613292862252290
-0.3152101034829156
0.0415158099764376
-0.5348829270858333
-1.1121039919282396
0.0479991618332671
-0.6708553279138050
-1.8122252591550381
-0.5049145426341806
-0.4068840285857153
-0.7499246248296317
-0.0310309851620714
-2.2088670089815139
-1.7078562998850664
-0.2249281639648366
-0.1897708317400864
-0.4647248329833755
0.2156897708437139
-0.8593059146560271
-0.0701368203195850
-0.1302120723752201
0.2349594424538093
-0.7196840276986936
-1.4192385288265863
0.3250138413051262
-0.0713649317704162
0.3045530516581950
-0.0418037944029109
0.0949265572696168
-1.2245455372765952
-0.5355532528390806
-1.4756768234661040
-0.4260219629066890
-0.8958323689570655
-0.5705067179202510
-1.5638563563052650
-0.9114097060190864
-1.1320143707628583
0.0395161665736282
-0.6608414156735914
-0.6027681194426611
-0.3854140385925029
-1.3837101624708328
-0.4580477595103044
-1.3481435118486840
-1.4712363245343396
-1.4830112524767098
0.0117153814847988
-1.3373710530467886
0.2990630634234425
-0.4805150456754573
0.4618503282438817
-1.8094206461709392
-0.5254934827942871
-1.7670633993673457
-0.8086987414491333
-0.7932338903229036
-1.1780837715445445
-0.8554879455229704
-0.1603811723613120
-0.3313351806588014
-0.3158879978793712
-1.2278192597609601
-0.1658029025957426
-0.6137154767423222
-1.5951031541051703
-0.3490777567698267
0.3803970090498380
-0.6331397920354702
0.1302024475211941
0.1818201407309575
-0.7984163107747709
-0.0141948942180395
-1.7086006031095484
-0.7900855530789207
-0.4840679634780664
-0.9647694207917469
-0.2295446618750402
-0.0547388585720290
0.0464255026179346
-0.1532329207828390
0.2930808040341213
0.0924161569252890
-1.1248733044302772
-0.6189203699064618
-0.2560961875612700
-0.1924223527874421
-1.4055756840482911
-0.6537683033183223
-0.6355052926990510
0.3559525688785375
-0.1633584735390597
0.3541998268117321
0.1215937579014482
0.2344677434697621
-0.3052285831670400
-1.1612312968792691
-0.2906150631861781
0.0343631787052241
-0.1852678076150873
0.0392866365473291
0.2706223820293234
-0.2550741491131465
-0.9542469815479483
-0.3128482240915692
0.0750520518644975
-0.7857847697538747
-0.3269314411673450
0.1887615576200635
-0.1631901292417459
0.0676141333219416
-1.3365089446222520
-0.5274086288590195
0.0024953828509047
-1.2825017048833660
-1.2642066021028604
-2.1095492873936044
-1.2377095697477185
0.1938048084763932
-2.9217947117409251
0.0582549161671613
-0.7178655766580745
-0.0537590984142464
-1.1302401263748916
-0.1066739041898327
0.2254879677779926
-1.4988458786290582
-1.1664368313249438
-1.7615355392986507
-1.2696232650278174
0.1122070404350974
0.0600253549795091
-1.3652915975820417
-0.2785763843999162
-0.6770698410048982
0.0641683747721938
-0.1252465484843403
-1.3000465869923747
-2.8665277131737823
-0.5520946471808188
-2.4303446448337276
-2.6499659295291078
-0.3918643894779774
-0.8048222808231756
-0.3383476231213849
0.2722262476432728
0.1082764343731513
-2.0177326646504774
-0.1007520471553518
-0.7794498884571107
-0.1602902209621207
0.0961548518237177
-0.8139327860154584
-1.0397703941154202
0.1438474553295930
-0.9784518975313927
-0.3739710788096381
-1.2355485550161271
-0.2439661989982444
0.0631445580687871
-0.8409150599781777
0.1364482983800015
-0.7580332305707176
-1.9255315955219410
0.0922719497065799
-1.4980459586526236
-2.5286786075189851
-0.1011940251687361
-0.3757014041766312
-1.2038688872224066
-1.4872260846274001
-1.2913799726072821
0.0510058834041750
-0.4828345930039182
0.2691373623725413
-0.0047547435692473
0.2055724356207075
0.3086777548058535
0.1635462701065852
-0.5522510252136749
-0.8901591578766633
-0.0487778862942621
-0.7973556509727616
0.1743299121830255
-1.2990067082191588
-1.1849183881172594
0.3435314904513785
-1.0489042677418301
0.0729949407617972
-0.2642690081839885
-0.5285166507917907
-2.5368563685979764
-1.5659189443402317
0.1603129134164023
-0.8574870038271866
-2.1234238182796488
-0.0008109448791587
-1.7023515961727131
-0.1912115672468234
-0.1446477645933958
0.3120052033636502
-0.0791443615709943
0.0815915663086076
-0.2159004154061134
-0.4250830325481773
0.3360744314731153
0.0374203374911126
-0.3836683181337877
-0.3291019240555757
-1.0457121707095589
-1.9133634637384058
0.4128707343565612
-1.0689533595967440
0.3546938869502999
0.1435992206688233
-2.6287932373513563
-1.6460549791528183
0.0180893243593461
0.1011289510556772
0.1233295837903319
-0.2356169442239430
-0.5988960319815612
-0.4060292290087629
-0.5267400754631149
-2.1584268986924742
0.3831094597439674
0.2656135542653198
0.2790494223058582
-1.7970441157916963
-0.0914856587315593
-0.0513731102744632
-1.0219832101693302
-1.5151369041846361
-0.3125079240564997
-1.3020888222896834
-0.0385838483225931
-0.5426208853019365
-0.0627472491874165
-0.8599751990447373
-0.7406377597870814
-0.2681305410818352
-0.0880873195904110
-0.3561864068585071
-0.4976210809063091
0.3494760945476013
-1.2273073046818579
0.1223596720571897
-1.2238009509722165
-0.3641867514396933
0.2806157105573306
-2.6530686125958289
-3.2068112974940663
-0.0099015361833590
-0.1359649529507668
-1.4392186829366345
-0.7221581554743034
-1.1305367943120666
-0.0379340094168073
-0.4128370482368461
-1.7859234390906478
-0.7517379421693045
-0.7226468495290742
-1.5419684020357922
-0.0077432304706830
-0.2889154300148508
-0.1674417927923337
-1.7581746504188147
-0.5916853043505516
0.2206393754667074
-0.3471550847678123
-0.0070801396838803
-0.4297199079601577
-1.0934119676285470
0.0434944806286443
-0.0949447291336613
0.5593790707426410
0.2784691397645421
-0.1346702132816667
-1.2405904998597896
-1.4280288576059763
-0.6386550053050771
-0.5891637831729409
-0.5450905568524803
-2.5586367831210213
-0.5351283573462731
-1.1727594400826469
-0.0122338587641747
0.0469360760333734
-0.2424365837621160
-2.1041711839071287
-0.4739572847949074
-0.1126283351299945
-0.5454501106846350
0.0914061084507638
-0.5533990007781857
-1.7559873878921455
-1.5536691032100420
-0.7761945564497711
-0.7344237018721733
-0.7881110559957960
0.1260020354975474
-0.6617885960244110
-2.4691448167184125
-1.9528859342919396
0.0517106809409459
0.1809652218527089
-0.8700351436012275
-0.0618039231848382
-0.1865299610731111
-0.6446447031224787
-0.8758195891330708
-1.6521144193318005
-1.2547130566291922
0.2022076286272699
-0.1915164022918958
0.4038060402379726
-0.5121915329873536
-1.0499413151385057
-1.5823994208336598
-1.8037242187456162
-0.7337004303313795
-1.3261014388617949
-1.1999797960070553
-0.9576318113967718
-1.9001590040315686
-0.5931962346962198
-0.0370220403786600
-0.2679268555082004
-0.3259688730842050
-0.8134505617282140
-0.6203683189801862
0.2880974976580891
-1.9751535364334336
-0.1092053323316988
-0.9951653230847713
-0.7748370401910732
0.1467689477955073
0.1392508670544202
-0.9047231897594896
-1.0217913104998797
-0.7086863302528251
-0.0662774641824301
-1.6906987402576057
-0.9515875489240071
-0.2433248883444058
-0.9948271205664155
-0.9344821608108836
-0.2402967062275089
-0.6118287108789537
-0.7385493226347749
-0.4171337291782877
-0.0284422399897759
-0.4158991532900824
-0.9880560910839868
-0.9765971499163095
0.1158508359371721
-0.4264318664405913
-0.6576295606455574
-0.7267123738972007
-1.2102428541405834
-0.7471032436162921
-0.4692299358594013
-0.3626442617381777
-0.5539304981621270
-1.9298735911165361
-1.0847904437202944
-0.7211091483346064
-0.2719015045721818
-0.1014416865144167
0.0051958477115924
-0.9296031128789385
-0.3843036758487876
-0.5921215386945492
0.0903037698556343
-1.2288353821236080
-2.2865418519306937
-0.2502506302459959
-1.6000370694452766
0.0427341073029837
0.1640376520517960
0.0304490028858684
-0.1084081450139529
-1.1761937223462688
-0.4109348933301842
-0.1704522099294839
-0.9522006141951013
-0.9737727556843424
-0.4313949432780292
-2.0029598260290769
0.0444394763042510
-0.3651821204512075
-0.1739823871992772
-0.9624019092360407
-0.5997929579101485
0.1561116330380273
-0.5061263379080381
0.3411161120135546
-1.1647324168708635
0.2179852211296591
-0.1565751406499546
0.0291105962058165
-0.7144157915474435
-0.0775660020667733
-0.6434342782825460
-0.0049526058397043
-0.7236727260440731
-0.9187092370990803
-1.0314877218266247
-0.5628472699550421
-0.6174831265351267
-0.4171631719446102
-0.4957640545892661
0.0288633926760813
-0.8964700977273417
-1.3699883673422626
-0.3614009485180816
0.1771247083815420
0.2309516804503940
-0.5259336149571409
-0.7970591446664372
0.1222107112803874
-0.4763142886970126
-0.1864737889584830
-1.2587441541828117
-0.2882197613279449
-0.3263161320396111
-0.4572055423490442
-0.5905186666404169
-0.4432139912067477
0.0146971145321586
-0.7326819920438246
0.0176756618991770
-0.5800848591110127
-0.1964911788405799
-0.3452561292225744
-1.4504719536305639
0.1020095824492701
0.3240088323839189
-0.7025981386027353
-1.2004025501920315
-0.7168211027348887
-0.5671454653113402
-0.2836714060007723
-0.5560980056070531
-0.8319075725158260
0.0061616047871744
-0.4127701131803673
-0.9780858225752543
0.2443735549363870
0.2152277839289502
-0.5705796292933099
-0.6308551215274537
-0.6803986572127175
-0.3463951837642027
-0.9090408731037304
-1.5247958509204300
-0.3286192676084654
-1.0733306140879662
-0.8771471759794759
0.2265278161918739
0.1243188431877473
-0.7577956721564627
-1.2791319922732798
-0.5951989977821895
-1.1592191421857967
-0.4585373032572280
-0.4652811108218465
-1.3308562637244070
-1.0892997555081081
-0.0473212532901075
-1.9087734861326651
-0.3341215589289429
-0.3887136595368550
-0.8334169225417527
-1.1508342130244409
-1.0333212854651728
-0.4881737857791286
-0.8547863300133008
-0.8055923695048743
-0.6248313261282332
-0.2708889233259263
-0.4739267408268594
-0.5731096069019862
-0.1789061683226379
0.0426873032449901
0.2031960854557437
-1.0394868167543625
-0.4324543536003627
-0.3384340610142337
-1.1031497528562195
-0.3778062539803645
0.1771686010330482
-1.0313351288363897
-0.7855363388824679
-0.4962654722648772
-0.2576152872705567
-0.7727716091477735
-0.5477808760507350
-0.4013799014960298
-0.5766316481373963
-0.4462403036886703
-0.0145358475302472
-0.0541034432812817
-1.7913694161329887
-0.0754842978569378
-1.1047992472589003
-0.0509569875402086
-0.2491223616388775
-0.5377116062109403
-0.0528340646020390
-0.0151951955421173
0.0101199119112669
0.2321528797344251
0.3597857972526213
-1.3618412793786172
-0.9407673111353319
-0.9531421966904535
-1.4307177741745256
-0.8191672370654113
0.2513067800511753
0.1727864803842610
-0.8090003968983617
0.3542920297141045
-0.6200440619628955
0.3006014184939373
-0.0755041196392909
-1.4483656569907211
0.0671042019336462
-0.0634214875373024
-1.0316104456753812
-0.3067392707547019
-0.1405664325891934
-0.0333855986206222
0.1417721354774205
-1.4721960788681485
-0.0536040721863267
-1.2851114910994084
-0.6441553883387016
0.3842744204375446
-0.6858280136665347
-0.6558682927295096
-0.7626762288842777
-1.0415242042583519
-0.0800389852207124
0.1193670327461362
-1.4681729266535735
-1.2760492687271470
0.2820288375984354
-0.0126133632131792
-0.3167835592543373
-0.6790943127004058
-0.9700785557139131
-1.2007346891369655
-0.7041276317302617
-0.9625982612074309
-1.3335662702185918
-1.2885877680030919
0.0544306599336679
-0.3151030216926888
-2.2099132797157317
0.0718478315350058
0.1491285557773547
-0.5215133541950556
-1.4266495525729503
-0.5529031332791596
-0.3485845547052705
0.0419029055821159
-0.4000624837300469
0.3049188746535014
-1.0371554831456498
-1.2251304384947426
-0.2973133400269074
-0.7563420685071948
-0.7513032755873873
0.0028152977666186
0.0091058027040914
-0.8720488790410881
-0.7632705830132276
-0.7620394766276385
-2.3776472969072238
-1.0097515566340971
0.1110289419489339
-0.6101825511857404
-0.4245770873751453
-1.0992607053969097
0.2596558434429548
-1.3326393964313492
-0.8194028208354515
-0.6834601965995603
0.5550798698718890
-2.3127716349840393
-0.4141648895536496
0.0196332684843226
-0.0671032339059186
-1.0184945835834252
0.2521553657943987
-0.5562021993495437
0.0024687848455624
-0.5223411641078343
-0.4088001827940023
-1.2323195307018582
-0.2252173978767998
-0.2026010962829439
-1.1017663795649171
0.4664038860524884
-0.8737202284508357
-0.7745241555546742
0.1867722044433068
-0.9365161466913278
-0.5037321358924267
0.0474890219017578
-1.7347781481623621
-1.6524649386428190
0.1743745548701476
-1.2826409441537248
-0.4121172111250108
-1.0446777468698445
-0.6782765200426472
-1.3906827762034903
0.2730803901224445
-0.5743769432490464
-1.0459203599720537
-0.1571477107781254
-0.3823870472546638
-0.4745344857726996
-0.4480165918261260
-0.2950140346344243
0.1569737887996366
-1.9457239395608026
0.0415221483721804
-0.4967767017721025
-0.3125040765941037
0.1743934824508572
0.0810097405114827
-0.0944568780570288
-1.2297698381321007
-0.5171502574311085
-2.4575256784840391
-1.3371585223669744
-0.1110607012776908
-1.2068921935932262
0.2294172467951635
-0.7646384087407893
-0.4396534852867185
-0.8803006904493077
-0.4553394096075375
0.3911083185855678
-0.6916054862939589
0.0100077305663468
-0.9871957339701332
