-3.1529768141538099
-2.6225772093904087
0.1592529761667150
-1.1883759737267729
-1.2299033986101897
-0.3689798968688550
-3.4003657708190813
-3.3695022448898495
-2.9634667903003864
-1.6842170147208637
-7.7775648939304185
-1.4180211426639042
2.7153823344259815
-6.0155489126723891
-4.6309148733892345
-7.1030893653116438
3.4761780332799468
-1.6042979968864268
-2.9065665019575300
-3.9372205889247884
-8.3998134159205957
-5.2619726277763581
0.9505901694048803
0.1847646201350573
3.7297157435431143
-1.1651298906116228
0.0176128397035643
-3.0838932361654354
-0.6531336561160118
-5.0465574441832617
-4.8455442590772542
0.0826258337705577
-1.7855035693096692
-1.8073161926905121
-4.2758194428233098
-1.9596021925875804
-0.6409311662461280
-1.4712279864689024
-2.4655216711069703
-2.4185650364708788
-2.8997051878572755
-3.5942662367459906
-0.5517084020493549
-0.7045744271436558
-1.5450675544802566
-4.1674330171745053
2.2622465519367747
-6.4662578267550792
-0.6371833840418681
-2.0399277789452142
-1.6681217684481624
-4.6659430966800883
-1.7984553938317320
0.4281481073108028
-0.6905821538471626
0.5533439475376319
4.2623638090631815
-1.1275218069567265
0.0325239721712122
3.1981677248686573
1.2560339123731388
-1.9152341676736462
-0.0187427484569780
-3.3010402598569284
-0.4839914936866553
0.7019013380533226
1.7975942833380587
-2.8627139349837054
-0.4906007205461688
-2.5337210003602952
2.9210458018864731
-0.1499092521772903
-2.7176681404352072
-4.3353752315051128
0.7442709369313408
4.1251542873994378
-1.2668792482959701
-1.7854736327680552
-3.6616557375804870
-1.5858451402961982
-3.1170658019695598
-2.3505405945891287
-0.4104920414361170
-0.5399939604341253
-2.7909472568229678
-3.3802006856005673
-4.1048409299905542
-1.3165107912099323
-3.7058506405646763
-5.1113960346533656
-1.1620955128390806
0.2755199342568583
-3.0356903255490613
-5.0388614727646051
-3.6979580016102251
-7.4494416975640378
-1.4324213105336931
-0.3695744138160661
-2.1040769665096266
-3.6477773174453456
-0.7076713908369459
-6.3394524214803294
-4.7758400139445198
3.3839963634506445
0.5217904393089300
-1.9145855453412148
0.2109468808451962
-3.2518375873706189
0.9539758709978911
-2.7575424026593218
-3.5728324419081416
0.3331701112276508
-0.5377892023494286
0.0858136658240867
0.4587081928074883
-4.4025056873460793
-4.8264278330846064
0.1650312439343129
-4.4933369546748274
-7.6074234358224917
-2.5251347212954705
2.4774508179755603
-1.2711892078787215
-0.7688044825220678
-1.4807647963925530
-0.4091891709000490
0.0900219023520420
-2.2753793260261035
0.1848270009919237
-1.5333851139291563
0.6841697874227862
-1.4338419100545434
-1.5796523325588789
-0.2319766113053890
-0.8662514952822942
-1.4491051321714803
1.9523749027992270
0.2008638589469436
-4.1843475378905364
3.3238814489720085
0.2658663737943460
0.3358652855233535
-1.6955162739452223
1.6831616573631412
-1.7535007930844446
-0.0054664039368598
1.6081180751536923
-1.6107791724725717
-1.5604932398180487
-3.9526299125044311
-1.8207330921482976
-0.2325867775399001
2.7136706912697282
-6.8510310985329177
3.3169297261288540
-0.7360648264319580
-0.2619638024221306
-0.2698175573994098
-2.5418146323008437
-2.7774437939027794
0.8496108066456350
-0.6789005294291455
4.6213297115050356
-0.5633754323633696
-1.1293360628962994
-2.8581786139873353
0.3761786177408747
-1.1771617916960362
-3.2875186672613324
-2.9658094424557273
0.1064313907630591
0.7836712237726292
-1.1875751611089751
-0.7664564386762931
-3.7612918326532951
-0.9902983561692712
-2.8254155194070818
-2.2180389849182931
4.5964001566109598
0.2689967934002847
-0.2703042049513402
2.6503150300642604
-6.1479757103207513
-2.6928394360115617
-0.3362733997983113
2.0613468933741896
0.2163070223723246
-1.9041512186521024
-0.8538731587801355
-2.5692773220809721
-1.1806823234980279
-2.0870848192044584
-1.8322027231061599
-2.1556947834559832
-1.9151670182161773
-4.0689934310344693
-3.5359505792223920
-0.4467064516957303
2.7567196694764990
-3.9446694633220978
-0.0271505274144748
-4.7468343272129818
-1.5218324310355471
5.4852434027695036
-3.3635254166681348
-5.0801658072329881
-2.0030081258128605
-1.3775120977193109
-4.0171563429200177
-4.3917168957735067
-1.4593001460093096
0.0408145515028813
-0.1183449069120672
-6.5289662505949524
0.5146605131695122
-0.3601423227292864
-0.4353636724867231
-0.9267924778866452
-6.3213837477613870
-0.9981594945305781
-0.4247076511281906
-0.1349062781371123
-1.6431299313611072
-1.7149616001173131
-7.8121162472424110
0.5157934680949092
5.7063602514485465
-1.5595902920455367
-4.9197889448325913
-0.6475617596698933
-1.6168086511448931
-1.5054604222117323
-3.1121463708208745
-2.5713635499920948
0.3213869289912880
-7.5241190145207630
0.3392753273344480
3.7083257713497000
-2.9504436787174795
1.1365205089478616
-4.3676976154984652
-3.7188480669000326
-2.9876428673697966
-0.5150745569399340
-8.4188346225244146
-2.9355072851086672
-1.2937717222728602
4.1504890598214379
-6.0883397288534082
-1.7386781314707662
0.2992113422755764
-2.4205302026941742
-0.9579814798675885
-5.1817361045429848
-6.4829464488815240
-1.8877921217994051
2.0995454822394906
4.8838649477381306
-3.1598085934902249
1.8212367897189881
0.1788661530880901
1.2005848501975989
1.8384561624219748
0.3013080123683841
-4.2921974087981303
5.5414667808421720
0.1100780013081731
-0.1306647673377993
-0.0415274241050231
-4.5833180221528300
4.1076807927079173
-4.2669745998079964
-2.3198277383227275
-2.8324497405170077
-0.5457607339131340
-3.2056180394114859
0.4037049868370033
2.8986278723431016
-1.4245114817962410
0.0225057352816510
2.7886256437286092
-0.9444624044331570
0.0081549984724998
-0.5289649217795548
-0.0154287510477630
-5.3244172383726065
4.4175984015051197
-0.0700985327549956
2.0244521509000828
3.1630100793313627
-3.9472781525610059
0.2362418267615473
-2.4103573137256635
-2.7494591998375624
-4.8961667566443561
-2.7241679871241242
-1.2198841156818083
-3.5951151795316729
-2.0964716443160696
-1.1296216889444097
-2.7428377667537323
0.6119687262610358
3.7314828135898304
-4.9110638468607206
-0.5610442727961132
0.4773636513776609
-2.0106209801654060
-0.7559063790979591
2.4217020548968153
-4.2693550354285463
-4.8482746330250963
-0.6065670168132643
-0.5292706220426633
-2.4096681960089521
-6.4817875049663263
-0.4871134752442847
-3.0698121260043627
3.3639740555113655
2.2869245161712168
-0.6330993996792030
0.1990344030455866
-3.4205616880994163
0.2538107887809884
-1.9408143625775760
-0.2522958956840726
0.8211285252406216
-3.2741562760912308
-1.2586418648148252
5.1979310902105853
7.4745284654075022
-0.4127690578435386
0.0983655049117534
-1.8435355746811388
-4.0660292395658093
0.6167801600053152
1.6773397955292024
-1.5561201968376657
-0.6236840120453563
-3.2680696807294547
-0.2820573622934932
-1.7207455155989779
-1.3908219034609819
0.6331911821753116
-6.5681844604786175
-0.5538152189180242
-0.6288984993386764
0.3217021636373992
7.7605675418987454
1.2892827610707127
0.3757286468326083
-4.4513707513592795
0.8279449805441503
-5.3855327022747161
-0.1563887563208151
-2.5857281659463234
-4.6172874064956062
1.5563440970714759
-0.3012873976320186
-3.6349763206604884
-1.0267709271054348
-1.1496452290680303
-4.9055119657681185
0.0667650070569994
-5.3422271830735308
-5.8890378495553861
0.2055794987890782
-2.5191681006355719
0.5464848585386168
0.1588416484215326
-3.3321657577384971
-0.9564716148336636
3.8855980944530937
-3.4886335292343804
-1.5092183522867049
5.2132586898995834
3.0379514341167368
-2.3194914250941299
-2.1437803378995652
-2.3570267916755823
-3.1535943612979560
-2.6340789876724040
-1.6675938413972020
-7.2008189313032496
-2.0902950479851072
2.1380107613729242
-2.5584224496010655
-0.3743265878155589
-2.6715515975422961
0.9279605297422944
-1.3334628970678428
-0.4359609021088068
0.5834138960734877
-4.2202925954775719
-7.1270591448751617
-5.2714664672348164
-1.6783100908437643
-1.4089485592884665
-3.8693479118778074
5.2348043162383622
0.2652149543545986
-3.6637485031245789
-0.3863780142822762
-7.2203960812354122
-1.7898943297442571
-2.8744096628498741
1.5755347877757488
0.3257252667280732
0.7243752827278348
-4.7842062600662958
-0.8266855698219935
3.7882157223783097
-5.4158164685534098
-5.7101264953496544
-0.3173386358076825
-3.9003240836515776
-3.8276019553187566
-2.8930602105906913
-2.2988728470187412
6.0053938810327745
-1.5384335075791578
-4.8642305863318951
-0.0619950149113504
-5.4938437798867010
-2.3994758411442341
1.5920756134782725
-0.5350497542428537
-0.4380028113122089
4.2071786530699349
-7.9204926988308646
-0.4896045425792767
-6.6164412413325930
-3.6018811640781228
-0.9142367577586233
-5.4791901478191489
1.7607186856321937
-3.6977394866089632
-1.2441784735597594
2.9219923514623596
-3.3428367503519323
-1.5052802859062497
-4.3183996638678064
-0.5347993300009588
-3.7972379376411824
-2.6752726566882066
4.8344115639013419
-2.8692976764244009
-3.2154494993565668
-0.0049843325800590
0.1125818988437671
-0.1521985438775080
-2.2276084210888447
-2.8554617335417243
-0.8219661239543136
0.3350809268266820
-2.7145013554817008
-0.0197289959653987
-3.4687528896747013
1.5653153767756605
-2.0896815623376068
-4.5650872022307931
-2.2908864422039499
-3.1462849934069377
-1.5200452428652695
-1.8330095710469694
-4.7646083779008608
-3.8981509488901609
-2.9605125741761857
0.3991308034602475
3.0394918402417965
-0.7390165138242495
-7.9351890013280100
-1.0237712446679674
2.5774517856189822
-3.0550453938057447
3.7439359235690008
-0.5035135282957219
-2.7799216894206205
-2.7950724031786112
-2.2046759356379226
-2.4354652643064361
-0.9890548082052378
-6.1530647444797859
-0.3140837573823110
0.2140997347224313
-0.1287592712919484
-7.0500835317128807
-1.2894868013537704
-3.8068946471246816
-4.2499096848320912
-0.5259310594465236
2.6264709518598091
-2.9328316070094789
-6.5420620826119498
1.3937259576544929
-1.6730361871778494
0.2751118469984454
-1.0077266794600452
-3.4336741794588175
-9.1562396185970183
-1.8040721516494103
3.1629107212448404
-0.2377670294104030
0.0650416101797654
-4.6131118731775373
-0.5797273118838897
3.6762193530585865
1.9226760310702060
-3.7808485628591439
3.8248381313101785
1.6918327712891281
0.1469837371946836
-2.0481194493541088
1.4825758316131696
0.1265395676973155
-2.7414265714099635
3.4106142906598769
-6.3542878947554682
-3.5814107547138865
-6.3261613585613095
-2.4414974686034379
-6.7602165688685805
-1.9607892862309331
-3.0414568511296132
5.4455539780047788
-0.1263332145022518
-9.4331192544755869
-1.1568259247626635
-0.1466026643744928
1.6312755403878727
-1.0149609747782102
5.7863778565623729
-0.1639625181536990
8.8971058871954334
-1.7184186732212514
-0.8415087375961536
-0.6069537641879045
5.1261035439887923
-0.2419563747706828
-1.0278640744937706
-0.0592030411061467
-1.5586482399278430
3.4658804059864887
-2.4581209555819972
-4.0157069115487491
-2.5803901376367135
2.0046935328647995
-2.5828904446806402
2.3189134617712517
-2.3671707329555414
1.6412077415886479
-1.8366320441302468
-0.2614084433255853
-2.2542883680640378
1.8293048519930368
2.5232846724301652
-0.2635727361934050
-4.6471572169352076
1.0273118059633273
-2.0707589604716432
-0.9144930674962209
-3.2995031217255648
-3.1858308599746619
2.0818793003129152
3.3240088873827931
-0.0540684404147073
-0.2829508054321801
0.4229233621433979
-4.6168698575067788
4.9590032797902390
-0.2447507925748461
-2.6558220423125696
4.1677666720818749
-0.2832378739384210
-2.5430980465345767
-1.3758932413096394
-3.0784765023270975
4.0221424254137030
-5.0487319807950870
-5.2760585799690736
-0.0427647271378225
-1.8904045836554035
2.4188590282353126
0.2143998181580767
-4.1300328701454694
1.5210581846383189
-0.1046018309864245
-1.9904609792589565
-3.4955684340283590
-1.0852755727380374
-0.1020584789760259
-2.5250922868874905
0.1256176119143882
-4.6904108217237077
2.0153142054877127
-2.2731600610754059
-2.2478228066343191
3.4652191514093817
1.6344342616642225
-0.2434561887046107
-2.6919064438416154
-3.1648549646486708
-0.5330326415449024
0.1226819402092342
-2.6821044730595562
2.7704464234272943
-4.7590540166023345
-2.3749867343647146
-1.0813430576529952
0.3024681740550590
-3.8759979770413588
-3.5752498014192948
-3.8077216149842994
-0.2084548928502166
-8.4164830728936852
0.3865341337621812
-0.3578103836550987
-3.3680063258583628
-1.5886365310142962
-2.6316705905885689
0.3624124665060570
-0.2375020017913086
-3.8833410156825119
-2.1335926342293252
-1.5453303887810681
-5.4383279603724688
-1.2833582293947408
0.0282286577143142
0.9846966519777608
0.1745906444053595
-2.7946649054443844
-1.4275620655836680
4.4291232586155651
-2.2989545812180605
-0.2009687603434734
-0.1484888630362003
2.8787828389860919
-1.0994256540703697
-3.7275880929934506
-4.9370953807792697
-4.8725907002822888
-3.2769288626154345
-2.3731082492545554
-1.7454588091939769
-2.7623997677301841
-4.4035844057146960
-4.0114378494478071
-2.9667034472325495
-2.9723466813406683
0.3492523173975445
-5.5771615071504952
-0.4691351406334010
-1.1315706309380129
3.4524171642628350
-2.1264335843815485
-1.3756454762064885
-1.5821709797264973
0.3671400710835996
0.2244743432332410
-1.0737578449287972
-1.2878149587989822
-0.7839749171116530
-3.2584651950496162
-1.3856408348350819
1.3142465095426759
-0.0537587954989846
0.2445397426227348
-0.1049970767959638
-0.7540807911260685
-0.6673910688788778
-0.9103816923460877
-1.7714339439200846
-2.8577536733821298
-0.3729838878049581
-0.4619266441748457
2.8038774024157740
-1.1859215623452928
-3.5751169500569762
-2.9259628581773915
-1.3307835801313537
-1.8121863567419330
0.0737667894340683
1.1021669820695812
-0.7179127920275731
-1.2217735088653205
-2.6516999541280306
-1.2956964194522942
-3.7453976989060092
-0.9935227302782532
-3.0718382272925520
-3.9644492363929760
-0.3599222349355151
-3.4255628894410739
-2.2415750809468680
-0.3849050535784148
-3.1457465804777263
-1.3570047258613100
-1.5807256831987875
-5.1120453530934418
-0.3730750349201909
-4.7071233758340885
-0.8936841462744928
0.2938273505736043
-0.8478332057358187
0.5895998587573077
1.0924948363449507
-0.1939097851803405
-2.4708204149083866
-0.8791788362391799
0.2551193192466880
-0.4205112406203380
-0.4236471507388782
-0.3643468356372205
-6.2214385693036283
0.0316070600894979
-2.6210311843756839
3.1656505749763553
-2.3401446800523065
-2.1156003773513588
0.5280746423707001
-0.3579054705191925
-0.1248214252655209
1.2471333284879367
-0.6757637428887963
-3.5776693882994883
-2.9633798801310998
-0.3773522525570215
0.1083191070071554
-0.4973735766221697
-2.0421722406955056
-2.2937426884898677
1.2374764214374645
-1.6540167914788380
-3.9903046051260533
0.4941732967311474
1.9763624349003208
-1.6032933582139570
-5.6779539226359139
0.2205783562222918
3.8413505700312158
-1.7912760904889971
-2.9255472388783432
-3.3118448234834634
-0.3651707867820977
-3.2399223961599470
-0.0341134122718723
-1.7331871497495546
-0.8531699643179859
-3.9492848612590157
0.2249976572248461
0.2913764216846552
-2.5865017127706240
-1.2337910084694352
-6.2427271750430782
-1.4405526418790044
1.2763653786820699
0.3030554160413036
1.2816663587947734
3.0133943940548815
-0.9999031021920252
-1.5038067021643586
-0.7482987192319072
1.0677054245061657
-0.4516322071320863
-0.1940916469144029
3.8563908986099289
-3.3596303648536341
-1.1125500473831382
5.9354408850088900
-1.7791397322455660
-3.6105090495873049
-0.8116923179623317
-4.6630236096211570
-0.1438650874658380
-3.4912701446730008
-5.0326740494799918
-0.4344200378008721
-0.3564789362804630
-1.4918947236561710
2.3775618964100129
-4.7905884118452855
2.8868928800613523
-4.1323821467682018
4.6349371967295490
-4.0138411857956120
-0.3629446002744865
0.0980416147348090
-0.6061209174558597
-3.9386472343951504
-1.2566154821869140
-1.2689569046769269
3.3185127754519210
0.3374013408868269
-3.6685657351408478
2.5158019455044118
-4.9324589176650218
0.9680972133929062
1.3606121321045925
-1.7480023200482466
-0.6720103539792955
-4.0477748414999413
-1.5364665671113400
-0.9701119145967998
-6.0475974587012864
-2.6377983864895715
4.2433010761323899
4.5343020804326040
-2.6858275613568736
-0.5074154271779022
-6.6610949270133224
-1.1328915743894032
-4.7976852772255718
-1.7531342663797920
-3.1670886766714856
-0.4213995046394958
0.0703455963098946
-0.3276198737399798
-4.2072957380066773
-3.1289090132291597
-6.8338542017828656
-1.2348754330488694
-3.6754412779835910
-1.1729608742971886
-2.3387128645952551
-1.0723700456760210
-0.8895735500626939
-2.2872473114153364
2.0179855968816551
-5.7261150241547778
-0.3847769320302755
0.2415058341880603
-1.2717490739538353
0.9383166667349619
0.9759508411790160
0.4578553130564734
1.7837008814022151
1.9611392960745082
-1.7525557910081733
-0.3265843734653456
0.1312387617213572
-0.2910247338402195
-3.4379685556091197
0.3109429028721318
-3.9738184117755164
0.6208840719897893
-3.5437493152763628
-0.8768812786481616
-0.8539055132170630
-3.7095977393724255
0.7551963359981476
-0.0331538895694773
-0.3967887392615302
-3.7970826583942587
-1.5165674657440642
-0.0911129850101061
4.1593142628130453
-4.3724865092162135
-4.2831560629303391
-9.9521333556420881
-1.8355953789318131
-4.1955212928227636
2.6007053553248500
3.5456921821984650
-2.7834227443901436
3.1550822693536125
-3.3319707334466733
-0.9547066144324459
-0.6773354270932701
1.5402468964105527
-2.3209701144123902
-0.7700557396489096
2.2380826790972921
3.1261385111530022
0.5067934383302249
5.9214495497349686
-2.2109999070929756
0.0800466607837247
-2.3752678599768027
4.1772579430648600
0.2088158786248667
-1.3300312561162606
3.3077124354317524
-5.0296886541434782
0.1434228077598317
1.9628115452476271
-2.5826208041514360
-0.5782350975241348
-2.7109046129517167
0.2372977663171344
-3.0887637144757187
-0.1883935458755150
-5.9395173928919762
-0.1070954750488606
-2.9014462011159314
-4.2885133177856902
-1.1533129484188447
-0.9582446751864739
3.8237280800403695
3.7737238278101519
-1.8146033808196760
0.6000972506560104
-3.3048384418640198
0.1282760069612570
-2.9671665184747487
-4.8499356935786286
-4.0571007394827845
2.8612299007006459
-0.3604259144478899
-0.5378121817966426
-6.4837541262141727
-1.9283232529638783
1.4536189848552297
-3.1029838821094717
-3.9140307691815210
-3.9659227700201134
-2.4876372980138339
-3.1894379790587029
-7.5358093302499416
2.9932895939881763
-3.1268537329362758
-3.6469185825790951
-0.4105364632643134
-1.8985937305220280
0.0052333672314126
-1.7362085031876913
-0.0002365710241944
-3.3345327764079506
0.5640262321138814
0.3490581696495785
0.1746530788786377
-3.7027047580800652
-1.4143451368725892
-3.3179072602742008
-6.6767545796581667
5.5713710745939595
-0.4093810531674412
5.3499784693108792
0.3545934072318414
0.8580703689038163
-0.4156193735196828
-5.8822069979211227
-0.8624537204513786
-0.7987521827962155
-5.0917471398345526
-4.3332340982380204
2.4249231819037727
0.0076260606976097
-0.5914016565097377
-1.9742023929238237
-1.2017953019432062
-0.0060537483185665
-3.5293942968249628
-2.7197968139232480
4.5161472430353298
-0.7897478214506378
0.2750719429070835
-1.6421643464098701
1.2614605902827807
-0.6427393033600038
1.5962839616410891
-0.7647318645536613
1.5964945723164874
-2.8144237261609608
-6.2302112466281763
3.6161796958763088
-2.9828266917898967
0.6808453038877672
-3.2684197519079645
-2.7480197351837470
-0.5794233956072304
-2.4729522038832918
-1.5925052074936525
0.1040734383447474
-6.1994717732339542
-4.7781676168575151
-4.5990224612176949
1.4194856937182379
-1.0486913016107580
0.6476822632057782
-1.9967119608040682
-0.1065826261275995
-1.1957759957513379
-0.5574850354526771
-0.2555225656667913
-0.7897850718148284
0.0785233622574560
2.5621042883870282
3.2568610555014250
3.1420714197765940
-1.3088368274070967
0.2594858983340131
-1.6755789513066446
-0.2698563317731171
1.2008488296171977
-3.3690059789039140
-3.4334755561787325
0.5367500974478046
-1.0727654450499444
-2.0647410778436854
0.1618023648321271
-3.0764152225318147
