1.0911920403168809
1.0665038607852722
1.0887179149044315
1.0856153009334677
0.7624946995789820
1.0742736690284631
1.0729315728221938
0.9243189612402345
1.0305312576798458
1.0988088430730985
1.0868078731610940
1.0950367231076574
0.8468967620874827
1.0956011081036188
1.0935029905536922
1.0936695031675570
1.0370896445667672
1.0453664461989678
1.0120019724081093
1.0839499998166480
1.0950835764081071
1.0940854428111293
0.5769250349222574
1.0887075186488202
0.8875409475226297
0.8684364616875276
1.0947518216350050
0.6040688151644051
1.0869985572782035
1.0796111202457432
1.0054409433342375
1.0976828596549573
0.7280292018224587
1.0678610609722761
1.0924862166936435
0.9470106052169724
1.0581719202085902
1.0946079010830727
1.0841462306471208
1.0506663893931336
1.0946182706691781
1.0841052294354203
0.9558627270864872
1.0704043041799496
1.0648206403536149
1.0778276211439317
1.0854772666816856
1.0892177545259016
1.0851956076948568
0.6218855867396831
1.0790976059964645
0.5211535302851941
0.8148053931150687
0.8690451809555544
0.4927438295368292
1.0815501842283648
0.7326652011354482
0.9857224471803440
1.0885126960702696
1.0878463623264010
1.0961821490503205
1.0856090610478613
1.0909111339001221
1.0882183063252755
1.0909121774330586
1.0343071366462833
1.0912798623217081
0.4912781146197739
1.0337137796995073
1.0813626900156301
1.0961176364544807
1.0868847749931971
1.0817704178734437
0.7883322836009142
1.0956319983203615
1.0397781221073974
1.0978487786343092
1.0944578037616972
1.0371903874295036
0.9285614667921943
1.0946427814546948
1.0945823046938186
1.0363169688079117
1.0915416736721890
1.0926275462998161
1.0602583138441755
0.5371946547913621
1.0775547116894466
1.0818860597076776
1.0207215022676221
1.0934496258784132
1.0919001459285442
1.0874186683804805
0.9990205393481785
1.0855368407980657
1.0950258071506691
0.8425124709638721
1.0262633512602812
1.0925896436551024
1.0397654843918807
1.0890365226665124
1.0563368306935159
1.0151679784852183
1.0981991854846183
1.0906998811430522
1.0344345867214042
1.0806797309526073
1.0890054331134147
0.7769204528492729
1.0964313055790802
1.0815936408060993
0.8702319356156680
0.9950606806848509
1.0949833587569764
1.0745057022335365
1.0897313651835350
0.4231292492688212
0.4370297661424284
1.0802207264508223
1.0775748670309595
1.0895411427039505
1.0625455624633298
0.9943485789097478
0.4674751402808345
1.0350223066723803
1.0880239862356258
1.0862864309743780
1.0812430236963373
1.0841449674788324
1.0309995854470069
1.0153610173929963
1.0796689488408273
0.9820840582949191
0.4427299995499598
1.0595075137022258
1.0605258584299120
1.0785443875146448
1.0886691409224756
0.5281430074145226
1.0682683169653244
1.0465294486821459
1.0155203556297880
1.0967503133035548
1.0841172559940946
1.0962911878231507
1.0953850553313054
1.0903189389229540
1.0946547784430987
0.6481771888936091
0.9594173948733140
1.0919828553883759
0.4376077040299578
1.0973986854945410
1.0946334105202105
0.9706695254281515
1.0969798293745936
1.0894116212585856
1.0951216000271680
1.0963753643642142
1.0980969858539904
1.0832740355092305
1.0950845128194835
1.0855113729602708
0.9985917086564956
1.0936758530439021
1.0508385432115390
1.0976479156693977
1.0873537653252043
1.0985112237502601
1.0407453310726440
0.8227267296738583
0.3968206479953821
1.0957952964764137
1.0899122779590125
1.0072476883238981
1.0919801102732005
0.4837663146772990
1.0802329593089157
1.0886089251849056
1.0722206084302319
1.0967679703082285
1.0404508257549159
1.0918795809221233
1.0964204960669444
0.8558342566348185
1.0805747894520918
1.0959450959172663
1.0826782321691419
1.0963675333948850
1.0691272948932702
1.0875924631726139
1.0878286486953299
0.4651689594282035
1.0852399139958602
0.9677816158319354
0.9301170987428495
0.8711598558580534
0.8500803409094353
1.0952167062187754
1.0972739282068664
1.0472344874733084
0.8578648366213549
0.9422219657362254
0.9670270405004507
0.4632567617341983
1.0736649007367343
1.0906131355622832
1.0938483097450955
1.0883422565379961
1.0963407911980236
1.0953088748300461
0.6017840951780928
1.0855347615126760
0.4036844560937037
1.0917698285206245
1.0915884114603303
1.0806657687624848
1.0954523383158676
1.0901287676578446
0.5691788281677302
0.9266016402065806
0.8814811520119521
1.0951158826055787
1.0922356266151496
1.0950626763070781
0.3989859075775796
0.8385200991662952
1.0586450584948768
0.7441874394488234
1.0964217368230358
1.0020896543163234
1.0866112980669802
0.5419848410063730
1.0849804367133280
0.4231380663446021
0.4030875262070355
0.3960455643099422
1.0820899392322239
1.0863678219643078
1.0756005681657077
1.0962971528290126
1.0730583694644262
1.0013833270589838
1.0969630496782905
1.0593896850383060
1.0769332430505514
1.0901635634316182
1.0739358866093531
1.0736667391828045
1.0788743206129914
1.0960034439000750
1.0714787720526395
1.0734604890290211
1.0738953806640879
1.0844190645105058
0.8129087407429121
1.0951699323257320
1.0968242918168436
1.0860319926502118
1.0977754175204937
0.3993842354348465
1.0950725001769934
1.0729974927163670
1.0977352327267322
1.0905752821576031
0.5333605524235195
1.0830989666582005
0.9752073533139849
1.0855640009724135
1.0945865547377218
1.0847121606781644
0.9032765847631122
1.0888009099350098
1.0948969179728496
1.0751630734770747
1.0935551563711003
1.0552731627456993
1.0787230771161844
1.0432009264440631
1.0829338111794635
0.8689949176715817
1.0909659282772153
1.0977798188626222
1.0944668644014053
1.0828001406697987
0.7201030664542395
1.0946675164540260
1.0848532368749415
0.3986703388411224
1.0789585072127559
1.0034918799863894
1.0270225463734655
1.0957827658555128
0.9532758837516012
1.0986198742948088
1.0991539055574058
0.9570518376660505
1.0320288223435665
1.0969865439389839
1.0973688955134873
1.0860829975555015
1.0706146657082087
1.0494503310877976
1.0820795090038777
1.0893246737623763
1.0877110129190053
1.0876982913102373
1.0845939287715363
1.0816531642845053
1.0931335344666444
1.0196187382755335
0.6651953922092669
1.0914245330179815
1.0912491979908252
1.0374238992785771
0.9019175233649404
1.0815460661711502
0.9553683244613833
1.0245555657703411
0.7503181191672015
1.0967514253880744
1.0955294869784598
1.0902605589885357
1.0892043034499068
0.7371498715466049
1.0501955026321121
1.0411185301727841
0.3963854599229718
1.0956238384889871
1.0580827032604530
0.7398053229553060
1.0947067643560431
1.0830918442281925
1.0536634112867038
0.7065797219390462
1.0309728771678279
1.0860239912736531
1.0967040874390723
1.0974935874127005
0.7519955047571277
0.6007376498769939
1.0117398068044341
1.0973118417137522
0.8990424013844139
1.0923818602592068
1.0921702746703372
1.0825258817103216
1.0975624945881932
1.0969864001539997
0.5100611749929325
1.0032908179129807
1.0362080401488918
0.9147357505048702
1.0933729352236694
1.0727188526686926
1.0867956630604112
1.0418754394616931
1.0358424202263847
0.8846769400850728
1.0953778890955963
0.9884938254941734
1.0946492962891030
1.0745840741499886
1.0237326441218586
1.0886322835812212
1.0911384986816388
1.0584035848819060
1.0108969316549934
1.0831166586693473
0.9524466730848887
0.5703173250342843
1.0708674880744782
1.0814385203261232
1.0734488989493969
1.0864115562341137
1.0803243725123854
1.0494727404577331
0.7073780770022567
1.0352755757319188
1.0885830950058428
1.0963166793329857
1.0903331675174128
1.0966058730218411
1.0973446004286611
1.0699650646481227
1.0088507867765812
1.0490181394201108
1.0804794608887092
1.0950291612510992
1.0816551035473632
1.0940645730075014
1.0875668767218649
1.0668137141078666
0.8972628400680279
0.9849128232754004
1.0845643943475438
1.0789873540175821
0.8560224939335657
1.0888610128492964
1.0718315180456899
1.0858753064969933
1.0950923805326054
1.0889700123642210
1.0757126698054045
1.0902514162592847
0.4035881177201140
1.0817505903323079
1.0866940254248634
1.0806709252642388
1.0969529904647406
1.0937215582685456
1.0697687899198092
1.0833533634229628
1.0893305803515625
1.0755889850854516
1.0949745524630534
1.0817715224074016
1.0938456747691716
0.4121489742843124
1.0912772705370994
0.7352602163716453
1.0147991593325660
1.0801203708451437
1.0937264887874150
1.0784872846180831
1.0927952814302773
1.0699567701759165
1.0893160328222560
1.0872148191109359
1.0814325895421897
1.0818996174835929
1.0741397440066769
1.0947776873546455
1.0448879499044530
1.0856266593589359
0.9848208674594338
1.0787413889626256
0.8668763014596238
1.0879516425165467
1.0954148973893052
0.9577381467950100
0.7572557665260887
1.0739183761546987
1.0580750756041528
0.9022479029379954
1.0943890997102765
1.0985632347888932
1.0966226024748518
1.0944940332462860
0.8552813731255547
1.0941747740115912
1.0910313957882545
1.0928441021448105
1.0959537202043992
1.0784824018553831
1.0872163359096265
0.7095379024667150
1.0892172508897910
1.0798206717398671
1.0888308886994866
0.8784329059011633
1.0774910046494872
1.0507330301864286
1.0304653114107116
1.0836792093596570
1.0357127329158546
1.0474565334007198
1.0980342723870000
1.0960119792982850
1.0332560840038338
1.0971159672178348
0.8698690741426939
1.0651960227680124
1.0387532452650399
0.9779201754348572
1.0943436734712135
1.0934710566934727
0.7281047934242355
1.0944206159842027
1.0902162421926775
1.0869644662393085
0.7214903610128079
0.8855631947678635
1.0798208674251915
1.0645438856866096
1.0768788058533902
1.0631591491888579
1.0453408376909972
0.4397862467123402
0.9363534171101471
1.0218796713052432
0.5513814246404621
1.0820165155754042
1.0868794650317233
1.0971205585684143
1.0958096561132191
0.9681338653060363
0.9800465987186923
0.9303740816765219
0.4582351196644616
1.0939681919959943
1.0536238387049695
0.9451158530023226
1.0966992389818191
1.0906008062020427
1.0947588742103938
1.0850712005434293
0.4321750620510643
1.0930015547118690
1.0967501478761696
1.0300187248222701
1.0798249273033793
1.0901466502405646
0.9283955309354918
0.8758495765515206
0.7087924486964114
0.9657870161595701
1.0872138264007032
1.0472225787579479
1.0865015131561213
1.0925086664193362
1.0904223417427843
0.8338746905778200
1.0817127114844711
0.4052534480877551
1.0786588578200074
1.0967670268072867
1.0760578393062870
1.0793389285531667
1.0824876865422839
0.4155592302201400
1.0899415827329053
1.0980214808991502
1.0867105465007090
1.0978454187335189
0.5543716120385420
1.0888928177864929
1.0873555456968165
1.0981191904600818
1.0679416442319671
0.9569630750935647
1.0950378523531419
1.0977475296779264
1.0706197750014206
1.0660779981935138
1.0972999832670354
1.0876395866562110
1.0935989039487433
1.0798260674791376
0.8802429314295798
1.0680034054002561
0.9379596335331428
1.0899559192634070
1.0871819087771468
1.0891461417893349
1.0930439293444174
1.0898725939392828
1.0018884961356771
1.0933806607470411
1.0808904892546729
1.0925737240261655
1.0983539731738703
1.0181314897669660
1.0937031977704121
1.0897416337112897
0.4470477878621932
1.0515010865962842
1.0706773250657087
1.0727186992119948
1.0448591108578729
1.0907897018766191
1.0937342436829947
0.7763874434666594
1.0913814805805548
1.0847901884998061
1.0634631358831494
1.0909917543214223
1.0824641892611842
1.0539889538589433
1.0507443828425780
1.0804695795608237
0.4489072892804534
1.0940235469387929
1.0974028227510073
1.0414921507130257
1.0936191473567223
1.0878958244195356
1.0537892901982084
1.0767647636814015
0.9606347602363208
0.9420129347489614
0.7474492912281712
1.0904381540179311
1.0972606699510283
0.9586533971890596
1.0099384644446812
1.0513106007251969
1.0392085657169359
1.0979913114946749
0.7823828455020106
1.0940081956514209
1.0898567902374825
0.6585661746408805
1.0150574995387978
0.5381740008418959
0.8332447641598347
1.0938951026270807
0.4981394400513522
1.0944162589613335
0.9382020559397136
1.0181164611479032
1.0902654440636272
0.4867927201737477
1.0931675051838095
0.4915274664682824
1.0936173336436437
0.4307924034544897
1.0823356104077702
1.0152689261067136
1.0800691674935508
1.0730225697529199
1.0923697158425709
0.9362960049753386
1.0918640548057870
1.0983693245385695
0.8588517902121457
1.0894914887337062
0.8735202823248315
0.9883101533303608
1.0865440823138921
1.0955804745433089
1.0901755991315594
1.0846909067108637
1.0764170665768675
1.0673771816049618
0.8511641992774711
0.4894315046853223
1.0857191162056141
1.0769665265262702
0.5289880918015392
0.9026595702522217
1.0925873018685579
0.8937863779259945
1.0667322309359040
0.8856809394849340
1.0207438373403526
1.0947246590981050
1.0967000212187417
0.8765259503567706
0.4598526590412910
1.0919368215144034
1.0622776673505414
1.0966475589724392
1.0751802353785924
1.0915199789087333
0.8957413309203169
1.0739400060977446
0.6193911672188152
1.0985201711939865
0.9439644003175365
1.0810058991598701
0.6807144401561993
1.0904204509685913
1.0755587469990417
1.0912012199613093
1.0906817754351317
1.0662899487068107
0.9700918787951092
0.3958036164267523
0.4314592601738480
1.0473750370170578
1.0911294358833048
1.0351836477021210
1.0936599133673746
1.0952481817121118
1.0254604585067666
1.0959263299700757
1.0605991198107954
1.0709120683208366
1.0595885199189095
1.0815694035945742
1.0482981214465374
1.0947729550889886
1.0963619221764398
0.8264399597309299
1.0784528994051927
1.0886678217893375
1.0945386845121550
1.0634377154344050
1.0904370313928340
1.0904386520725065
1.0604880113548290
1.0938330189087631
1.0897516032237178
1.0438142559685188
0.9586412593050739
1.0859035025391399
0.8016886725974175
1.0181836207058372
1.0923694806441115
1.0855633884981912
1.0961052813252181
1.0254099913148813
0.8905909896806936
1.0865630253411622
0.9983258958472961
1.0967289577920585
1.0968478413653304
1.0079227353294091
1.0975597336583927
0.4484087864917550
0.8292352716959159
1.0640877347238165
1.0951802897012477
1.0463405297629969
1.0343424665296928
1.0977998594738525
1.0895292702730217
1.0074832079775613
0.8061505564028453
1.0757487116491358
1.0922242499692145
1.0934202239219095
0.5088746681785327
0.9289750155263456
1.0739106365002511
1.0439561401264883
1.0924410459297555
0.8117057835469486
1.0930349106689403
0.7776625778860280
1.0972462179813061
1.0880272758482212
1.0936130722113417
1.0930538518939759
1.0849009889543462
1.0956553022933879
1.0964417488105935
0.4103398289153561
0.8647104481098157
1.0810989676939105
1.0785229202608231
1.0248022581507288
1.0645603390566449
1.0260501364094392
1.0196727240815364
1.0988766672596171
1.0630719986950636
1.0770367725032455
1.0952148968739648
1.0909585772542931
0.7818006491003381
1.0966909877635089
1.0899883363586187
1.0908779445633052
1.0907405511369999
1.0743775102987394
1.0917876840231586
1.0652851762350637
0.6975195468086807
1.0874074040078343
1.0881545279941598
1.0965090555677470
1.0642721092844074
1.0670301604545394
0.7845348948186209
1.0570136285036185
1.0502972674387090
1.0881453824252394
1.0807076520039856
1.0654440674447041
1.0922622069204357
1.0791041914852557
1.0948286252328185
1.0958564128891024
1.0930859910728656
1.0967641468064713
1.0960040484563842
1.0906035831310905
1.0912966962900768
1.0861643464608519
1.0944616846441808
1.0915649718438198
0.9739213404653372
0.7604057205118520
0.5086061847341616
1.0879505847331907
1.0910328619040417
1.0877826788395553
0.4365122437684477
0.9519757967301914
0.4506498023633745
1.0877149098708565
1.0913770222535508
1.0455812936930402
1.0918460541060231
0.7316384825419729
1.0885484869672286
1.0198878751373803
1.0920540703310444
1.0956608618904717
0.4156581823262510
1.0524083525344738
0.9111932042898138
1.0889909039395063
1.0954568396378952
1.0613369421482881
1.0890411211264028
1.0848059445752483
1.0925632110110339
1.0831551409920268
1.0890987688674159
1.0766871443068564
1.0694303250380932
1.0629488896101877
0.5567961661258716
1.0914754156963982
1.0863800473059870
1.0966856280037802
1.0876300940278969
1.0894449550478957
1.0302918563901624
1.0714437646170663
1.0936633082771989
1.0932460562658548
1.0831488785342009
0.3958703263273045
1.0971392313266497
1.0892205485620177
1.0773642078163765
1.0788996519359315
1.0147026006630313
1.0797028681446206
0.5505580070503919
1.0939596491419392
1.0891939050711223
0.7679706554903922
1.0191278947836830
0.4296047893349373
0.9200444649651544
1.0835375555012434
1.0902669011707813
1.0908287710182445
0.7559496564516771
1.0846466693627297
1.0842826549452460
1.0909870561551993
1.0581637114853824
1.0780751206359531
1.0916551920697901
1.0910696957597315
1.0046387804005352
1.0975977162575612
0.9882240867679438
1.0870887737436414
1.0693333040780306
1.0225776042042574
1.0876727600599385
1.0962726319736180
0.4363738480148019
1.0881583096329721
1.0759262058415744
0.8299428532403441
0.9846725623435315
1.0897185582607565
0.4928797482533510
1.0695037423905074
0.7235640268262749
1.0961996031954824
0.4163364937559310
0.4234411060538779
1.0912047706840466
0.9561175759489393
0.8751381430352585
1.0963904754554208
1.0752377376872824
1.0917712284290557
1.0000766430249108
0.7575594816562218
1.0924649681238243
1.0758954033885508
1.0939546472641468
1.0914052566145602
1.0625942711724288
1.0761593801545646
0.4400307487347534
0.5298484198880092
0.4124295657390838
1.0966574630416901
0.7228279071304319
1.0853399844918337
1.0859849476712311
1.0900554040566914
0.9934678302847912
1.0587412271437047
1.0575263027042947
0.7695753693908490
1.0951215677917427
0.6892844956063156
1.0941766320843243
1.0666220978078187
1.0120550568853264
1.0870154831639665
1.0737845151909535
1.0804488916558956
1.0919868447197365
1.0711295608787257
1.0906859651281251
1.0967623901319101
1.0967008050511375
1.0836406301503330
0.7704385545613974
1.0725208652263516
0.7907395232516650
1.0744640828702570
0.4484868567020246
1.0966451066143337
0.3962866157424003
1.0953975399020641
1.0880036023711888
1.0968336192409791
1.0681026852355016
1.0957888468256221
1.0581510023363148
1.0924991417513288
1.0838781081948012
1.0702077168541286
1.0932941913000287
1.0822163391897406
1.0572591523304558
1.0793015847208600
0.9114226797574632
1.0790100092783235
1.0771183106827302
1.0905853974428183
1.0978321624363518
1.0952940097272650
1.0617571083563235
1.0929300374026341
1.0971123244907048
0.5382429242577507
1.0798034253123538
1.0939522519506588
1.0691486024985668
1.0144107178145980
1.0838548460896631
1.0944414787401453
0.9768910515060197
0.9984675120805334
1.0893402631139293
1.0557709837917952
0.4017903549001276
1.0954751140315142
1.0797237413083061
1.0796140820703737
1.0840521711368496
1.0967517599296004
1.0924659753260204
1.0692648717911095
1.0756640429110211
1.0956622414080326
0.6669567326160488
1.0918155552512800
1.0933069364942494
1.0028417190927765
0.9579170601653607
0.7764154454591167
1.0144926082701640
1.0731935444388827
1.0215260513512414
1.0975298926015606
1.0715356755194207
1.0168880274963905
1.0828669175340484
0.9165061152330717
1.0661668682391205
0.3995644996861531
0.9338707008678364
1.0026725609778651
0.7429407664255367
1.0424501431645317
1.0818159072648208
1.0935478270223051
1.0682418466350836
0.9550452525680753
1.0963159589498774
1.0914404453294941
0.4012449222136193
1.0985692889783285
0.9259434333111889
1.0903134054439398
1.0888151205818570
1.0939338988067289
0.8576422684460357
1.0865951331922203
0.5545624159660272
1.0506299370844498
1.0817846295084432
1.0408202760154199
1.0905439261114780
1.0965658555613844
1.0945981580151363
1.0658415928960030
1.0926037554809716
1.0853358262705903
1.0951732213903844
1.0908496145848949
1.0922338687253632
1.0391885209006722
1.0636721460510954
1.0717905766334392
1.0984785349623589
1.0950086669145254
0.6011647966642636
1.0932793453708480
0.5962437555665724
1.0346516783463138
1.0870368746645871
1.0778332977110274
0.9716891387870727
1.0960643415181448
1.0913074539502159
1.0955051921388812
1.0135964633338832
1.0695299909323490
1.0975143170394641
0.9321243772012676
0.9725930884274214
1.0932341517984900
0.4034624641805698
1.0927060540058611
1.0948130720985578
1.0118636067242159
0.6927246222683214
0.7244859821160669
0.5203666538204228
0.8949078483746736
1.0931658550144843
1.0974364935328351
1.0911034269843007
1.0841663964235291
1.0877164930815859
1.0888935592260038
1.0948508700414512
1.0427137424694548
1.0862752249354495
0.8980211695286401
1.0569096278193224
1.0902604681545049
0.8316854439475252
0.9942206491478994
1.0796038512000961
1.0894901859293744
1.0774721047588391
1.0939476890260038
1.0934420707663903
1.0900321837371933
1.0912175895616201
1.0974035389573025
1.0951971636518867
1.0126143819898072
1.0776913225107649
1.0845793715797434
0.5638972220066225
1.0330817104445251
1.0890702604513500
1.0871811505921052
1.0934618655144366
1.0939831426779512
1.0665484738076427
0.5188702944468417
1.0948563026064724
1.0530093067120307
1.0888393699021048
1.0968270741560922
1.0964999718228652
0.8771523578824826
0.6721800420785202
1.0831400284546693
1.0932025163230623
1.0872327403801700
1.0914157126981525
1.0463431323310917
1.0653210411592959
1.0697520368275899
1.0787021910639905
0.9698789735246766
1.0950212840586022
1.0936147127895195
1.0944893281900503
0.9013626537604900
1.0723896638478236
1.0944486004295677
1.0843809702823275
1.0534015637010119
0.8378167298133606
0.4964302533628014
0.6255342798086891
1.0703266848050381
0.6528372596522076
1.0845597475855961
0.4482892876750265
1.0352966790619749
1.0936574184227261
1.0913524084937389
1.0970088846595227
1.0684031548908426
0.8904485967308345
0.6201225429471197
0.9543148139695341
0.8091057640110979
1.0821960382660496
1.0957148564223445
1.0746958116731002
1.0903043484160932
1.0968430954083128
1.0566158724539583
1.0573666040098022
1.0975048387739952
0.3959762569787428
1.0542371873528467
1.0133665053485716
1.0883722124954196
1.0721251417645348
1.0658925232910408
1.0896803388286393
1.0907029122887639
1.0878674549244807
1.0938778911514486
1.0602824142747547
1.0825595627315685
0.9738481242050615
1.0857554094722923
1.0951479480562278
0.5061662498079060
1.0985077910452812
1.0907289065548049
0.6143175209966258
1.0471820589745466
1.0915279565308633
1.0322486285134629
1.0713396743986328
0.7735692081062535
1.0848491125423281
0.9676662455622143
1.0982416646586470
1.0291774775511262
1.0892164324439120
1.0219701966938375
1.0808234351940362
1.0979306790755163
0.9811142802632884
1.0864711960236528
1.0230243394094172
1.0946475338736277
0.9692239862626928
1.0697437088298196
0.3975481090607660
1.0644096473484694
1.0918717988579818
1.0711592599329891
1.0978236144028786
1.0859793845655019
1.0591770681055421
0.9347624954632681
1.0691011130423060
1.0867204772973513
0.8982404615482007
1.0925027065660158
1.0869750190133809
0.9639922564248521
0.4435872619570425
0.4585362252588231
1.0923098249263947
1.0695502643215233
1.0932196915169112
0.4501512444556962
1.0971941772328861
0.8383711395313888
0.8171918086438864
1.0609017686772884
1.0864921244349997
1.0845222941730568
1.0747099072497237
1.0151552598423470
1.0314529545620390
1.0874163053321659
1.0514809553423419
0.9739871931312063
1.0887772779568672
1.0805500800490986
1.0936082671901763
1.0741792963950729
1.0969898059840149
0.7618625784750410
1.0387117622611048
1.0383929026029670
0.9704602142104801
1.0138773508498962
0.8904173698354104
1.0828340877191036
1.0941727701902619
1.0759442318169579
1.0883513180092095
1.0941144208353755
0.6962415516567623
1.0937034022748855
0.6553946135084153
1.0864961440312961
1.0301856448964397
1.0536217701411079
1.0867475669881432
1.0932858308487439
1.0696450061327640
1.0897658862180315
1.0954657256798148
1.0936521472462570
1.0090857129763047
1.0705314307691947
1.0743771966513975
1.0988811624957093
0.9318099843751531
1.0986965513906652
0.4037425643909755
1.0804214250328856
1.0873174097052183
1.0901037594369400
1.0965989345114591
1.0315633452391515
1.0951253262426293
1.0776315787764683
1.0737825016691014
1.0928969044249992
1.0580154472485837
0.9745171247098727
0.8235849870489543
1.0438759622257874
1.0853684751962158
1.0910349967988098
1.0863563397253622
0.8883508703817347
1.0878426044203333
1.0951365718467818
0.5564079418422462
1.0842453226190985
1.0911153850209259
1.0163071114448057
0.7741270379829901
1.0791279461442442
1.0163481154105125
0.7532665323524831
1.0963231284049295
1.0969900024964450
1.0341194285383188
0.7530106924151803
1.0955615397903842
0.4252403828924245
1.0779078568008054
1.0926273520846319
1.0035798061023922
0.9666537286946659
0.4439280298210614
1.0872004771829924
1.0791066547537049
1.0516362220095954
1.0976541355979677
0.3958597255838402
1.0946058071891436
1.0678091309016680
1.0878117171950903
1.0883118917009291
1.0538694663154025
1.0645566568927833
1.0664906145111126
0.9738526548715615
0.9939168924316927
0.8799110295032200
1.0946693490504216
1.0962313734032971
0.8145359459570892
0.5992666796758104
1.0567310548275588
1.0877859862857968
1.0957447965820846
1.0839583605371921
1.0831745956698937
1.0827635425630575
1.0859252388004339
0.9301100578135008
1.0961908492020858
1.0966137057388137
1.0965108789172775
0.8651379741400386
1.0860466360770029
1.0924496656286120
0.7643158666366237
1.0878509280512350
1.0938091378602468
1.0962468392447549
1.0948266792732553
1.0967752104193880
1.0798420293349447
0.6002440573389711
1.0784633119361346
1.0758986629165155
1.0920474520700381
1.0522117139451632
1.0964646877844897
0.4183848058882370
1.0803685848109563
1.0660748453807880
0.8917424338498557
0.6058158179809997
0.5273449434872099
1.0850845953217809
1.0965290269017349
1.0804271109593466
0.4523700293443746
0.7616669984535275
0.4827136438653887
1.0958756228883355
0.8987554654128328
1.0953650199526594
1.0017148735355652
1.0863145874991815
1.0124610261705096
0.9897727691157326
1.0842568408337117
1.0881907779890578
0.4675391600089527
1.0814596466950455
1.0761889987603264
0.5609809377978258
1.0621966977769983
1.0917257369713413
1.0589569079072434
0.4312479072552489
1.0917273814891824
1.0957645049414098
1.0908630115259372
1.0414533473667167
1.0741671277578089
1.0946716118952364
1.0336809947341954
0.8417259308921562
1.0957727316430346
0.8443172876986100
1.0751211397381359
0.8799927633925398
1.0768115535872125
1.0057201017900308
1.0936721023873917
0.7599264082315648
1.0498035133568049
1.0803808379056163
1.0512582102856898
0.5127140340186918
1.0853069918051939
1.0441038080906480
0.4508035792777611
1.0908607368595500
1.0796282052701300
1.0732614404320948
1.0449099347504498
0.7859743101642884
1.0124729313012688
1.0924116143111089
1.0866308832010527
1.0963522758427564
1.0825662110271466
0.9566036467286680
1.0093028623651477
1.0888876571255011
1.0966508450612429
0.8816963328751528
1.0835447998091776
1.0128774954001392
1.0957751626502479
1.0173293175820208
1.0874587141914478
0.8550292208933261
1.0764104297003529
1.0942817936462219
1.0939892424660314
1.0796988389483018
1.0938704818616436
1.0662932527303706
0.4088156684927804
0.5482068906634850
0.8642143271960600
1.0751429783562136
1.0956589620377450
1.0593120888436232
0.4339763560683142
1.0143661508760815
1.0700726313775712
1.0615003770941700
1.0964494338802935
1.0967205061401588
1.0630217906368635
1.0554592929360520
1.0916579381405571
1.0947816776640920
1.0622340526262246
1.0950252718694100
0.9739162141363250
0.9931087770934514
0.8239569120236508
1.0950329740145510
1.0035261852067776
0.7460394718460732
1.0874569884461833
1.0955825033710411
1.0962939535764931
1.0783299158728197
1.0944269573804573
1.0903985192833003
1.0291683505306661
1.0938168225409246
1.0966036593606612
1.0746377551296296
1.0795255297108530
0.4023243016163096
1.0921680777024450
1.0712463331964599
1.0613177070069124
1.0000741111331128
1.0763761643943803
1.0846159777983297
0.5012744947340545
1.0846919667104979
1.0695864669606896
1.0903625621996771
1.0791136057132946
0.8524397131409048
1.0962684933193485
1.0948418436902119
1.0913706469249456
0.9561384198907829
1.0910687371353445
0.8756745325806443
1.0796069596099556
1.0963598322139900
0.4628423791890225
1.0935919553651292
1.0272296800906000
1.0947266165744549
1.0563369476406312
0.4469492907302449
0.9927444936721348
0.4846572873348957
1.0829695809550961
1.0865267719770744
1.0917034053000816
0.9892628225255728
1.0868158297295165
1.0655011986097658
1.0509808074437454
0.6718769438779320
0.7080306575028825
1.0562740598996114
1.0807153094881641
0.8979654970052883
1.0978288606789328
0.9894433639823119
1.0812837099634496
1.0918745501938982
1.0970937434093873
0.4408046294157870
1.0635306239335953
1.0958394848075164
1.0849589856181638
1.0595386358306946
0.5537519264034074
1.0959781637588901
1.0141657194500624
0.4072141926036602
1.0810112524576017
1.0939326462356531
0.9291679187340396
1.0976078165108776
0.6222296066401192
1.0570936985807917
1.0961015243003422
1.0932608958894501
1.0946008990969498
1.0950013646246672
0.9452767170912862
1.0965780371647269
1.0870484256278694
1.0940050462474644
1.0751272680040451
1.0842553910855752
1.0204965014973044
1.0896456885315469
0.4436029377972368
1.0737009561798148
0.5664613003461410
1.0849842690162543
0.7070027367494063
1.0967675120904776
0.5087081820268746
1.0510846599740393
1.0967267053787357
1.0932774572133450
0.5013743811280823
0.6526015087402327
0.9863459050856258
0.5687902421530446
1.0632687474739566
1.0954234920764443
1.0959157814514746
1.0590404448062956
1.0535333540856424
1.0915730113572433
1.0906642969068718
1.0021777216487224
1.0857566027059256
1.0919835180929032
0.7920134643836895
1.0826831234847134
1.0489102222695552
1.0832718338535166
1.0897365759162498
0.9395879736467129
1.0466816889576416
0.9504324835229905
1.0977314481156037
1.0188781408407903
1.0834059497716437
1.0912365338582977
0.8965808996564790
1.0969390186739088
1.0666838401549559
1.0837552355161122
0.7064782145333069
0.8066308339404835
0.8174956597033802
1.0626063387150790
1.0520816339465473
1.0797402129615661
1.0677453656578890
1.0516202308310960
1.0306212786951419
1.0899640175082630
1.0985015986991842
1.0207924455373349
1.0674094226706152
1.0756347669767263
1.0653337167663344
0.9816726569931193
1.0985038907934486
1.0757709146415941
1.0990217235949742
0.7550802868851116
0.9316438951085073
1.0823616493166257
1.0746079771978692
1.0780276742293247
1.0885765709450421
0.6436815380194992
1.0980366823821053
0.4626149779405234
1.0909990575811972
1.0900779964364897
1.0324150495445352
1.0860139268591504
1.0988380986094957
1.0951925706387859
0.9756908616737400
1.0914082364963364
0.6187219116466596
1.0699539501014539
1.0861496761546217
1.0383512999484408
1.0774691458439594
1.0975215944744277
1.0973112138822150
0.5454968553067147
1.0855585638890193
1.0695042702898663
1.0895205983157255
1.0978709803147837
1.0010577086745718
1.0939138249643807
1.0971740284771418
1.0722174195986904
0.5116869566800160
1.0805193470248875
0.7540530812447118
0.9741821254397292
1.0974957297947254
1.0835574266034980
1.0861494727295544
1.0788664178520055
1.0966070960471677
0.9237427620466909
0.7063265154644920
0.8748502463395074
1.0900903766925787
1.0910790352132798
1.0964219062774561
1.0706873172026068
1.0896722324643371
1.0075806817886170
1.0024836132025881
1.0844662835467520
1.0279542017861119
0.9876159392918041
1.0775017571328065
1.0949305486937522
1.0609078425135046
1.0736285388228226
1.0843751461630604
1.0803157632846727
1.0602666583068017
1.0740662461300250
1.0619769480253729
1.0767011121071584
1.0724542882944148
1.0878401832726938
0.5934553115278920
1.0615802062635502
0.8463025869584360
1.0964483053159215
0.7703258424112531
1.0757089191394285
0.8313002997080912
1.0823034038308141
1.0471480124199650
0.6567848482023907
1.0852897105170818
1.0460951192505892
1.0685324524057951
1.0351168787579885
1.0681844190065264
0.6371625876193969
0.4137137705287121
0.8025092016767461
1.0951241156670177
1.0049295829790983
0.9914625223407814
1.0935953673199283
1.0896547318340477
0.5640496387697407
1.0853278327820404
1.0805336763426334
1.0976900314509388
1.0968088368624458
0.6827333725819199
1.0919939694096641
0.9828740960763606
1.0835762193855834
0.9677871471360101
0.6319231361826254
1.0310609135284468
0.9638805885161286
0.8004144342504254
1.0485427207367435
1.0802179598098380
0.9884211586853758
1.0614101447557680
1.0133041006542005
1.0447013521639552
1.0430595890220700
0.4346471178201377
1.0650907858142558
0.7769491829215666
1.0991164650951097
1.0717073028849120
1.0660456716887854
1.0866749129092479
1.0879762202174317
1.0269526996605496
1.0956153328052136
1.0475902851275369
1.0966608643876192
1.0918803567821385
1.0566908130415775
1.0520857396265764
0.3981653057721299
1.0975907785211867
1.0067738354359665
1.0820586792555500
1.0973512867872628
1.0831209222648688
0.4002423167549307
1.0457184492594982
1.0930598464358205
1.0622476639615799
1.0845885550075551
0.9081545533716948
0.3990183951782182
0.3989620800081587
1.0903992583248139
1.0186171616121253
1.0549884212054927
1.0798356119036683
1.0886358172437614
1.0878160706060302
1.0784447377124391
1.0658258191332433
1.0590293645680855
1.0919402695147815
1.0438982903612233
1.0942529894170498
0.9484188354042322
1.0942131346782782
1.0936493684141477
0.9134786779045204
0.9024855509741934
1.0941147190911673
1.0818699853949822
1.0653976119429638
1.0954763957602731
0.6981864592823617
1.0913987384808219
1.0929294325744960
1.0933349077050269
1.0704472207351061
1.0920618065359782
1.0775490684984212
1.0885023939572338
1.0760663959324697
1.0917269296584577
1.0812951570554556
1.0729121747823926
0.9393971754494856
0.9668430779587875
0.9151115780082351
1.0981948460626643
0.6265961325282399
1.0089685201054204
0.9700528579939229
1.0146504331307482
1.0701991049721811
1.0825690699468800
0.8130695745822103
1.0797756944089385
1.0862092075959517
1.0971236898782895
0.8325307584869415
1.0908622620926354
0.8897219262117745
1.0471512931326483
1.0793787797474066
1.0960555453846677
0.9775272877933999
1.0763126051790919
1.0570656228847291
0.6673576461373050
1.0708901159826714
1.0964326631400025
0.4013524513894278
1.0906590467702426
1.0963685069867719
0.9992065511109010
1.0933202152032120
1.0867276139374860
1.0945961017713761
0.4466416135245202
1.0930611506673040
0.8662778656703060
1.0541217994807095
1.0621987741145120
1.0829873196776756
1.0726336684369164
1.0774581061705402
0.7926681471035645
1.0934871268157784
1.0926553748101147
1.0899600347765157
1.0345185832118993
1.0974601082288042
0.4010535097973004
1.0818799811876170
0.9420762654079887
1.0844283755077104
1.0846337361299985
1.0942600057522718
1.0983461943777770
1.0938245377463858
0.9772369060155405
1.0951938165915287
1.0882195440330340
1.0559818790434126
1.0600979332756633
1.0941391817583981
0.7596234130280410
1.0767703246777409
1.0898457448812642
1.0478873294788782
1.0127037812401392
0.4425584185518208
1.0542921413529383
0.6463223955591459
1.0957838253690708
0.8444706564197929
0.9242905274764648
1.0531733798149090
1.0869234336871094
1.0430419635414594
1.0928471094341974
0.9702210321748476
1.0941020896454849
1.0754954637072940
1.0895260944512457
1.0914947110943760
0.4447071426186929
0.7086501915657590
1.0085734000491549
1.0440713861397508
0.9746078836529437
1.0721652035988842
1.0757362143820843
1.0446995533473193
1.0499909049631289
1.0456065687265284
1.0913590937719404
1.0902337116595215
1.0944636884437173
1.0956775762759972
1.0916856764956882
1.0924790874046322
1.0963660563295015
1.0899215896847416
1.0956551467055820
1.0709236949896290
0.6825646562656273
0.5509600902824723
1.0920235561633380
1.0961825175587749
1.0973168047066681
1.0142567118973456
1.0706059086548381
1.0898913697395385
1.0771072359880181
0.8981484023275152
0.9795362424090802
1.0900203656985024
1.0823702306391310
1.0909910814801365
1.0843787135907661
1.0291228907231615
1.0963407708359609
1.0795795473304108
1.0848725799339554
1.0581359127912029
1.0928425890788958
0.7670426311959651
1.0945162678570117
1.0924619834563547
1.0847268209563237
1.0976220330888580
1.0838031385020537
0.9725716629071460
1.0936580553880688
1.0941445034241226
0.9604775836414192
1.0648774410670228
1.0868045466763654
1.0908447558846748
1.0835707751127077
0.9997223420679006
1.0888307880801353
1.0827004854614299
1.0962394093286352
0.8234378505139383
1.0835591225670194
1.0980988627341739
1.0855455970879455
1.0513275867359513
0.4138830478493986
1.0855155236533698
1.0880200920353988
1.0934370152314636
1.0889867800259274
1.0869115376701504
1.0813662591945650
0.4176148722888131
1.0927837455203773
1.0615895976770910
1.0910861951154198
1.0911329981312827
1.0364687712717502
1.0927217400442564
1.0877248424358892
1.0928667263324767
1.0900434166000958
1.0770926970909853
0.4085392628026205
1.0952334521340115
1.0953127887935443
1.0776362201797496
0.4457267447530009
1.0977654416125069
0.7468609676175404
1.0478869356732075
1.0854762048453794
1.0625860021440692
1.0011246033841674
1.0954936816786300
1.0932060066535265
1.0617372040238111
1.0921719395121223
0.9256308730898622
1.0922546263354538
1.0789847426934480
1.0955414572450275
1.0952241346206069
0.8729388210969466
1.0497107529791871
0.8604657952046321
0.8974557364411723
1.0963960151008207
0.6467175214170928
1.0926749379023915
0.9170813485116435
1.0972094899945097
1.0961305006728841
1.0820976905812505
1.0313102366527394
0.4803747203799723
0.9548385295624631
1.0787112361831073
1.0923937787282429
1.0919043745486259
1.0939258370151275
1.0470177053215712
1.0355076189449293
1.0924082950349479
0.9536697735376357
0.5236033928357399
1.0937767638804028
1.0425988416510759
1.0933567579791275
1.0218496262050976
0.9489857146203633
0.7745209136992084
1.0950057693203816
1.0687349707083877
1.0526496755249672
0.9914782822373116
1.0843998866374307
0.9952239392568510
0.6198551138739290
1.0820414605313793
1.0904931807766514
1.0792137902862111
0.5150617758547242
1.0916800226883199
1.0134337306539858
0.8884946883587560
1.0970229171220895
1.0885285998831515
1.0715037241539775
1.0873142031789063
1.0618529762458409
1.0895744784812971
1.0613429148903970
0.7710419953766583
1.0958513567426431
1.0948980006584679
1.0866158551944296
0.9828346697544602
1.0633572048856896
1.0746824193246500
1.0890462262905358
1.0784162375284336
1.0014950081764085
1.0772240244491993
1.0892420510938303
0.4160806786935023
1.0973732238951266
0.9985862183022798
1.0812833347294097
1.0550812278180415
0.6270223339089950
1.0959669620011063
1.0733363036804546
1.0945160777860521
1.0876001721427222
1.0945815956231779
1.0898008642979249
1.0960228098192608
1.0907230491534277
1.0382230451727348
1.0529554639396401
1.0951231160433834
0.9138618793501139
1.0959484732695199
1.0847258915397306
1.0955524072062675
1.0956397169217029
0.8859892101155815
0.5359200427229043
0.6582013835961713
1.0814932830486084
1.0674357355784216
1.0898914762865133
1.0794018912584467
0.8986238062788352
1.0897058346939941
1.0676167597175954
1.0863417157554516
1.0812035374674509
1.0958103772579604
1.0965395152800845
1.0615642530317499
1.0648276073324068
1.0467922291518117
1.0646487699046063
1.0935617424536952
1.0495541460374365
0.9993528511463895
1.0916014185183907
1.0585281438389098
1.0894320235212800
0.9503441009278074
1.0849670594239451
1.0762935756374152
1.0691870519850419
1.0862875117216431
1.0934389678007033
0.8607435963931628
0.4306861950213339
1.0807125210425521
1.0911155811223285
1.0986658660442936
1.0917620121951970
0.9040208207445705
1.0903212075660100
1.0502888382065807
1.0912580439006976
0.9965754608498184
1.0321194468449293
0.5908638751008184
1.0898804081960141
1.0802595911459816
1.0722947756727477
1.0870110245821589
1.0547224286082839
1.0153185572187642
1.0987299585901886
0.8407229970464712
0.4427107089731446
1.0779519961877368
0.8677145453835360
0.9741790199256412
1.0972134804124840
1.0932875598204543
1.0837115934656742
0.9967045616592253
1.0884041439055181
1.0783911230724206
1.0617456483866476
1.0198938650934881
0.4359340151374687
1.0976373549921434
1.0755816594001690
0.4809873110507616
0.8526401018765953
1.0943110067076094
0.7926042578562577
1.0889413055920925
1.0963021684137992
1.0782975187259529
1.0670491434381406
1.0855572330899916
1.0748495047361133
0.9919953410881127
1.0932138700706215
1.0630588091696411
1.0970483411823155
1.0881491645657881
1.0586631305602088
0.9074943505462052
1.0958773659345664
1.0792845957707156
1.0493039949814096
1.0935554447949682
1.0966972053055306
1.0897814871775071
1.0816467556628171
1.0950277489992775
0.4542907968768925
1.0791572410009098
0.4803651400127528
1.0789537139041934
1.0981263104517549
1.0920085251091507
1.0839911612239659
0.9537156518587504
1.0934970774930286
0.8935670558089617
1.0885700189219187
1.0476508811621257
1.0873513887135708
1.0965270890043097
1.0752761382351210
1.0898755959210273
1.0933342716114212
1.0954943086912718
1.0841778277713792
1.0737446693909503
1.0944919160972977
1.0941059868849643
1.0913831189154566
1.0947869938973334
1.0558142902718743
1.0834051170308903
1.0622992343109678
1.0482031701385304
1.0882263219248198
1.0954367470580930
1.0936756211750680
1.0959542400390831
1.0887737217131161
1.0088504195764452
0.8935824886946492
1.0712338758421331
1.0933276248322965
1.0987161734511270
1.0884887329404314
1.0903564082345902
1.0901796635154051
1.0567619583644934
1.0273004222100899
1.0972850206964821
1.0252518598060021
1.0595998002379481
1.0917984763005595
1.0965854679537514
1.0921404640991830
0.9797641492936722
0.8887359161028685
1.0675953322677798
1.0644606486304939
1.0938076264452949
1.0480894538181869
1.0961697561519088
1.0901431826305026
0.9820324537823526
0.4095304846749850
1.0400945078223292
1.0830985087350551
1.0378734033345773
1.0755385316719477
1.0163558821173060
1.0656148803324561
1.0801358216083015
1.0554697128575974
1.0888505276404548
1.0505266399088040
1.0558886513792980
1.0782384866913950
1.0882768938945613
1.0961361904335549
1.0750889738530722
0.4285623692742633
1.0844498445066135
1.0840826442705658
1.0962494246816150
1.0949557614454442
1.0951324940437408
1.0952256177488076
1.0675209961768115
0.8173724772385313
1.0931213546043266
0.7348568951328421
1.0950314579920204
0.4877867652245938
1.0138326372453528
1.0971677492639023
1.0960483329587789
1.0774075606264952
0.9878565121569378
0.8420534713422224
1.0941370169281699
1.0932680084832764
0.9495578384908699
0.8592094330973686
1.0427674069193174
1.0724250331885061
0.5635285393191226
1.0895181007544636
1.0965459191120739
1.0876466664579272
0.4386067604011946
1.0960006111213159
1.0322837451390818
1.0881944244449264
0.7949327852213047
0.9329441128792394
1.0866341616484105
0.7403888633665194
1.0900838880568751
1.0865553592413242
1.0861261265206195
1.0977948814236549
1.0949719925481263
1.0927941761765612
1.0860527412180394
1.0960330380191234
0.6155690441875006
1.0763961656739451
0.8679380089559812
1.0796024333585328
1.0509989645196416
1.0397849039202831
0.9613289762666606
1.0856267914821172
1.0952342053420399
0.9521613057918509
1.0573668426641525
1.0779340138941755
0.7995614389799036
1.0949088284949944
1.0437218066525564
0.7032076997683817
1.0917242512038767
1.0133029383012595
1.0937722954326903
1.0897305303914779
0.9926339862972163
1.0550316706336735
0.5504084104125340
1.0691758486905429
1.0483101440824090
0.4068987461793234
1.0755582805401058
1.0912481894524453
1.0988813416304708
0.9803040111002074
1.0830408079516627
0.9945231574957027
1.0322044802148251
0.9111832334885729
1.0964141362190150
1.0929268093674311
0.4937204930355058
0.7019173955471010
1.0948754336313864
1.0975425628870350
1.0696278016473570
0.8087691103452260
1.0724247756632632
1.0929871362801635
1.0940165133657109
1.0795495670838198
1.0942002570569114
1.0540639704343053
1.0972753265537980
0.4547598292716417
1.0736731594976279
1.0764771748377393
1.0776256232577150
1.0940985330745940
1.0958959639780417
1.0903691614837667
0.4045696255006854
1.0247323095097418
0.9473355413519982
1.0817135149911232
0.4601481134320796
0.9515596521687749
1.0895568676280813
1.0819765274756270
0.6407101525542241
0.9919546334809465
1.0880387654422539
1.0739288194435896
1.0660035177695524
1.0319482514343030
1.0831627612369135
1.0832852996705942
0.9751895716712741
1.0024599112415953
1.0560989516446131
1.0825729369061730
1.0076693430643378
1.0843596450972555
1.0792376440901019
1.0911868319474882
0.9390801880328346
1.0908986898264679
0.7733315006094853
1.0679214210507941
1.0663814790802744
1.0145524090511340
0.8425651309157693
1.0611097235025577
1.0214089282488028
1.0727156595542191
1.0962100782664641
1.0958657473876272
1.0329421283806213
0.9606751732672721
0.4226261673911468
1.0938452222042960
0.8116805041815420
1.0969147964604642
1.0378601285112887
1.0943483026970182
1.0933700151083492
1.0894199710403092
0.4049678898594107
1.0926388806086682
1.0983945537145663
1.0167311638144896
1.0861088637382437
1.0588969569973223
1.0924196988938049
1.0447189364052902
1.0921859914615411
1.0715510143650115
0.8336332457407140
1.0859370725547124
1.0933380460273905
0.7259835038753407
0.8720720411746916
1.0908715185936795
1.0926147107897659
1.0780931136734166
1.0509137388621210
0.9609402532509677
1.0886879263555214
1.0968288485991857
1.0936721563176077
1.0753893446953582
1.0830721896844913
1.0896589713228650
1.0927435184000451
1.0360387598892751
1.0952638406290471
1.0896802427723873
1.0906435310652451
1.0859756691319862
1.0914706954668143
1.0768683751410348
1.0574806203861731
0.7198454835172018
1.0959748545073886
0.9773172694357413
0.4292137545517002
1.0804427470144757
0.4708097719691238
1.0074507791957803
1.0762324172366091
1.0873155561117189
1.0845211075897465
1.0842777918533761
1.0785070474452276
1.0909170364745744
1.0931962443738263
0.8441640084676078
1.0908484591006993
1.0890532954357377
0.4398139957479825
0.9295294010261719
0.3961386683386231
1.0939681377405528
1.0820964718838602
0.7899436536100591
1.0789337125146643
0.4033644431430095
0.9349502957796123
1.0895595637265381
1.0888635344053301
1.0750827536519696
0.8391011997718438
1.0880060246784695
0.4664889459489232
1.0665173832042820
0.9629927950611665
0.9445688110617967
1.0288206675008074
0.9835868193106762
1.0257230051051489
0.9511739209213783
0.7086963130180050
1.0557861628159184
1.0593021807140912
1.0709603126768694
1.0579516841426833
0.9850342836129318
1.0924880374940134
1.0892434457164388
1.0847143391012330
1.0972671267245628
1.0584786998353373
1.0807316866303585
0.9103655556466058
1.0410316236525092
0.8329466101814893
1.0619402505171665
1.0318040152239989
1.0959594820451874
0.7192495982147065
1.0933716258594630
1.0942111013325357
1.0956208791009565
1.0946238093802103
0.4342591110705136
1.0213894053607286
1.0863711217846499
1.0942739062318914
1.0893183680949192
1.0953434401215365
1.0887208911189632
0.6203703734451257
1.0879426344434071
0.9620867013896228
1.0899244606447458
1.0857723735932903
0.9016744832279007
0.5534676384450243
0.6393899556679733
1.0878793392341519
1.0905906180120954
1.0832889833458408
0.9883293652320786
0.7982669523617191
0.8095245674859776
1.0471394726970411
1.0934836869805939
0.7175914007996548
1.0504506429594935
1.0913573373723515
0.8630794498259884
1.0937775531688119
1.0683633647623112
0.9829793138259575
1.0988007686950645
1.0775581872737430
1.0947070136054582
1.0694473005356424
0.9675506210427209
1.0548914497457096
1.0883141133674499
1.0922404116207363
1.0825025901302396
1.0921012276674866
1.0923767975155261
1.0848512248807793
1.0927601692414959
0.4350256523509841
1.0403072978059100
0.9764032731320708
0.8324523850553487
1.0756372173412434
1.0989921280031933
0.3986920994387133
1.0955151258671743
0.6682810354581082
0.8596885410676628
0.4867019934219528
1.0582264429603756
1.0786978422757032
1.0789575996024732
1.0873330906335050
1.0824750642691965
1.0620202072570293
1.0946353664595454
0.4784017187360207
1.0950876110282930
1.0927062811651203
1.0961217110762778
1.0900629801666628
1.0935183497265510
1.0908114144650145
1.0823930171245664
1.0969494642222688
0.4346551126068305
1.0847463176931273
0.8308705281081789
1.0299396356972645
1.0811221363765231
1.0838127293672397
0.8366858499546472
1.0902797673343181
1.0956341693072662
0.5672064862149871
1.0919124365643094
0.4430830100653114
1.0835583287045616
1.0831197517383055
1.0753796137147595
1.0851942277340061
1.0564272356381730
1.0823210389637703
1.0909168800215079
1.0974564979359305
1.0800670641993824
1.0240856590428267
1.0775041453738705
0.6975097578863925
1.0911183219138556
1.0838133913763421
0.3977099311100523
0.5645384858242215
1.0541998517809057
1.0799396418701610
1.0258154728960305
1.0445228413687226
1.0710257234478264
0.9636737811575347
1.0967776891889816
1.0966383171000966
0.4992893017316696
1.0941908609118340
0.9534903981129982
1.0868234684477707
1.0935131881383375
1.0686704953255368
1.0682611057127209
1.0964045266447509
1.0964426769760525
1.0709163462451585
1.0947615736130447
1.0790854304190709
1.0938212781315875
0.8071363653716472
1.0982429967537823
1.0967807107411209
1.0514808632451251
1.0803690747348926
1.0971619267869677
1.0787382783806045
1.0696803468822766
1.0936979235889508
1.0093267992675814
1.0946766463625730
0.7763769312068781
1.0566231051357897
0.6011988714205430
1.0970763986659784
1.0691027109980924
1.0944005232288030
1.0865054799313987
1.0412829330374755
1.0929741770191943
1.0750482168130777
1.0800383834561704
1.0908368519562255
1.0495279877697696
1.0986798559681048
0.9970259884938800
1.0283251654424170
1.0886949607603149
1.0888252255481687
0.4488232680092511
1.0206424859936878
0.9688177303828326
1.0984257595505547
1.0563686276530744
0.5800131237425746
1.0300414424323339
0.9768183356836259
1.0539254144596639
1.0914535624113217
1.0669332235866218
0.9792765998411590
1.0856871133884867
1.0773198145963281
1.0872344948050547
1.0759670632657699
1.0791657848061245
1.0957713395768867
1.0896445975455735
1.0880544803227516
1.0964108753142816
1.0068929088632641
0.9516441590273313
1.0279759578121233
0.7416945529512126
1.0506746445479549
1.0974143286184412
1.0856825836666277
1.0610320603174812
0.4065324177678006
1.0814314886291343
1.0960294008493197
1.0963266105502085
1.0948285031778129
1.0831772799892783
0.9107334721155760
1.0700523417504078
0.6449102476316662
1.0952811716607542
0.5028191263411985
1.0953090251488871
0.9284587936597650
0.4058709752278164
1.0921072827754581
1.0877532799544496
1.0954460484659339
1.0855859258936931
1.0825059767022143
1.0828395044932491
0.5223151751611405
1.0921023828657928
1.0943644346235755
0.7723907933395497
1.0810949035002606
1.0908198682875159
1.0459472646683030
1.0881533570812296
1.0894601982666348
1.0401555517116166
0.7635530126557210
1.0846158048542895
1.0864032763878968
1.0011456240762162
1.0388077827073880
1.0714198046058669
1.0971917305453180
0.9835141088687458
1.0955619614868712
1.0978311391433979
1.0915814202902447
1.0855974577550740
1.0882309926671860
1.0922870675477279
1.0949628732768786
1.0906592308769314
1.0849437037013954
1.0858235946428376
1.0929616673027449
1.0565911325566129
0.9142949259210094
1.0413926191388871
1.0948787618063218
1.0974474189176926
0.9137007153396286
1.0971490043905834
1.0818106825948370
1.0918886077738525
0.7977794177136022
1.0861147939569000
1.0870303236540040
0.9701297600163785
1.0943728215619470
1.0968062959352471
0.9045731445254580
1.0873792088130829
1.0965953429718509
1.0850456689001629
1.0800231851765156
1.0516066372831145
1.0944363231196863
1.0895575133260345
0.8882835428095159
1.0609454271765466
0.5977071671824962
1.0358612821042827
1.0975121937286443
1.0939854764524020
1.0900638065726742
1.0870750388724730
1.0211707291614922
0.5825661771101676
1.0516521354448791
1.0231069452053159
1.0864505837186706
1.0919679421491613
0.6354299951934044
0.9590774079256820
1.0252553829711493
1.0794763301391037
1.0960928209488496
1.0852670319244064
1.0907751341870784
1.0877193781364505
1.0549394342963323
1.0337689976985596
0.9663080043261898
0.9803616731719834
1.0984735838022912
0.8863253383999193
0.5321205818976867
1.0881028669163115
0.9560877538052593
1.0987391148896006
1.0890617601471484
1.0673997358523744
1.0791680716412873
1.0114542704130582
0.9337242153982307
1.0645601185559812
1.0814040792775619
0.7746326728902925
0.8612494160983458
1.0844079449951185
1.0686761782930894
1.0930671765136641
0.6437966542261828
0.9469086989409536
1.0957013079477098
0.9971027544954245
1.0561048844566860
1.0930246435650812
1.0905377179329843
1.0390735708980932
1.0903923465495144
1.0255055349284239
1.0337465449177818
1.0532329508628209
1.0919954617349823
0.8158908702806511
1.0697642277737540
0.9944318868151942
0.9039401207670155
0.8116046851850373
0.9176059605511798
1.0848114996052236
1.0090894040286806
0.4219872458292218
1.0814907313834832
1.0912688409873428
1.0794050152056667
1.0847901855582303
1.0977349615838798
1.0903336147393714
0.5750488915235373
0.9357907185955971
1.0803948139397712
0.9456642037049621
1.0735354518343581
1.0965656080683142
1.0782337473172516
1.0790612992326674
0.9904892186540482
1.0944378254259532
1.0188306594439078
1.0857105365115680
1.0782088945465187
1.0959824104637281
1.0602812617942756
1.0605959990880003
0.6285810871613077
1.0917878265569552
1.0841701362857681
1.0953288180166270
1.0480554311873813
1.0494109093463566
1.0970245845873907
1.0964721765490557
0.7626496896446335
1.0549855812907543
1.0970613716068756
1.0892420906678213
1.0856045651295774
1.0942709029776065
1.0977274433825139
0.5752194061897656
0.9441589530007108
1.0912772263663357
1.0344247982339805
1.0920231722562697
1.0839404599627396
1.0037292189840559
1.0595161519265546
1.0847485244973640
1.0571455881595044
1.0662021189086617
1.0714299896378761
1.0443238909398662
1.0949110905529782
1.0443468158290843
1.0945391010262060
1.0726209479516358
1.0967417638462684
0.4013643165473712
1.0973275747974818
1.0140333538199218
0.6836674372854710
1.0962314081320843
1.0856911181962630
1.0844699594059317
1.0541418388800281
0.8800227592853417
1.0652386857935225
1.0859065485297712
0.9880373035622565
1.0917954269683336
1.0531110588173742
1.0391610694603308
1.0948193784521532
1.0973697249832475
1.0834602360418086
1.0949646474308443
1.0585406663808246
1.0985197748778541
1.0963492134848449
0.9118863906869289
0.8282798571024095
0.9362440474958553
1.0886051439868174
0.9997492661878435
1.0964877501249741
1.0789141207314177
0.7801942397915662
1.0577834675038029
1.0263638564788120
1.0381884016210285
1.0908317467834350
1.0918870742908193
0.5145269068319356
1.0961890972878161
0.9990803906684914
1.0840119911789849
0.4594728410392487
0.4088565842019542
1.0673678601958132
1.0704215596860138
0.4005933841251002
1.0817285293913201
0.4547022766519349
1.0098358862831214
1.0851488271580809
1.0860323334734177
1.0887617260440234
1.0679267666379162
1.0611743426439790
1.0948171936538300
1.0936226354169603
1.0927483116731445
1.0954411995109574
1.0493333122859947
1.0946685078782796
1.0792511081449254
0.5183126945875347
1.0878282736879519
1.0902539015214856
1.0917916974021598
0.4478517416033678
1.0784590648241872
1.0970324228687267
1.0987119006796093
1.0779985273750685
1.0898076948027915
0.8074594615302227
0.9693073120136577
1.0985199241798653
0.5888629788988031
1.0424326716087926
1.0896295665769420
1.0839236035883850
1.0863788414748274
0.8629377629272690
0.5539969962216373
1.0636396660223268
1.0970286860580687
1.0755965954050315
1.0893619156876670
1.0777177057703293
0.9797522148358528
1.0817263660647232
1.0910646821497263
1.0873357010248750
1.0982813458365419
1.0951851160115160
1.0454332255955441
0.9962302360139079
1.0931259184632998
0.6801119008737800
1.0973263957706001
1.0850229542536127
1.0255617225755802
1.0909781647011800
0.7067791807837626
1.0638356333196402
0.5333896843663471
0.9657504247752186
0.7905726376437785
1.0723874536789930
0.5336579017009908
0.5480401174578771
1.0987626342274299
1.0940877836603389
1.0971480910866147
1.0089347969243394
1.0915379949544795
1.0877538765507981
1.0413279780384299
1.0898850465304446
0.6775895584113947
1.0957436110055736
1.0506951764057604
1.0152468570095734
1.0913860306103174
1.0844533072600522
1.0978809838848449
1.0609104407723127
1.0408004886253492
1.0880328403136648
0.7236064256977321
0.9801492811052999
0.4142373684579515
0.9854801129826931
1.0906252573160364
1.0990537845852997
1.0211992334381317
1.0664142393483456
1.0958368211355687
1.0854820218804699
0.9496177893117622
0.4072210903358561
0.4216271912300083
1.0945827460531397
1.0903326564263052
1.0728663661959508
1.0483672785135436
1.0887123696442476
1.0974420393838247
0.7519304039648843
1.0936774991203440
1.0956305677269322
0.4260216962426570
0.4176485464297462
0.4468487474678193
0.5418735341546977
1.0953487333998941
1.0921123783369919
1.0711735120219901
1.0575348746603712
1.0863564492544089
1.0598626886594418
1.0975541764928316
0.4287476059557571
1.0884268707371527
1.0664860459664649
1.0648560411865131
0.9031202017297609
1.0945235759188912
1.0935728201459609
1.0909863597754947
1.0871730833471980
1.0953118249388958
1.0476994198605507
1.0825739169615121
0.4202488868186754
1.0908432239008303
1.0912809493357045
1.0867892411764484
1.0806926661513765
0.5592723208938908
1.0648853804283074
1.0955895836813023
1.0953615453601204
1.0919654311854594
1.0933648944039001
0.9160639978398515
1.0766385452872211
1.0973694950938497
1.0976621296558444
1.0525237084912151
0.5616746894611525
1.0033418715534395
1.0574395110263948
1.0907290456713530
1.0444339970570162
0.9109115591505155
0.9649996419312467
1.0273161443551011
0.6544232287181750
1.0961666141771973
0.4018948260865174
1.0343827164035562
0.9972120737236119
0.6041586037255560
0.7818652596564445
0.3958009912040694
1.0685389232372242
1.0870357263796571
1.0825623057441731
1.0917176994146272
1.0890700863844189
1.0971823890928196
0.9670822468949574
1.0717238569420162
1.0711401143696266
1.0865309752804426
0.9421122845780648
1.0943694407069822
1.0951505394952645
1.0929910299371708
1.0770451272721591
1.0950132447297680
1.0796587030876579
1.0935284043194278
1.0916148113796782
0.5936603863313249
0.5127574829202244
1.0540795065738091
1.0467502865748228
0.3962892672847581
1.0931402762566813
1.0966903140208126
1.0549993728435989
1.0760705329948930
1.0952924365983732
1.0916507772537676
1.0979616231945131
0.5396981026337144
1.0810238523448257
0.4713499356025997
1.0933585560251211
1.0474758503324639
1.0849296004008813
1.0872062337403692
1.0962106604444026
1.0874455397956051
1.0909104684149358
1.0606720752156924
0.4180848985246511
1.0851397857033462
1.0715872764584911
1.0952182724382264
1.0865224670693701
0.7397941993119896
1.0624167083005338
0.4486714501580920
1.0987420659573877
0.5716754314126502
1.0798927794807527
0.8302825531980145
1.0853926016734856
1.0973020272070353
1.0971768740027315
1.0958322995712921
1.0771514414703551
0.8879809098415046
1.0825240706320383
1.0977113522368143
1.0953489432856911
0.6265684748282311
1.0954861847480097
0.5103864670789716
1.0929649284154910
0.8945501901742894
1.0691731503411825
1.0944253284664691
0.9748068865411537
1.0642953754646356
1.0976452820229445
1.0963004218614598
1.0073485921041481
1.0921409325318630
0.4982847663911354
1.0921419733853190
0.6934027340854868
1.0802800835377535
1.0328538004626950
1.0720139301887603
1.0128047449225481
1.0761623556983704
1.0932217790040404
0.9890381281487730
1.0974084394485388
1.0839067593222786
1.0974115100810886
1.0839998080946960
1.0668614663834612
1.0635512471889979
0.4003866449017400
1.0857838583743051
1.0688154641529743
1.0688709982302091
1.0884095910007248
1.0959386084370637
1.0900516154157145
0.6072618131178160
1.0808331858754479
1.0563959611791942
1.0950269748457833
0.9288432843120534
1.0371739915115754
1.0815122724501671
1.0809241468609077
1.0950449284217951
1.0254898862559179
0.4227977261839067
1.0822799978316671
1.0883621786284547
1.0951531586523766
1.0845444060476113
1.0834712507944679
1.0812674460535954
1.0951643530676303
1.0465846911615266
0.8392920997472896
1.0966627969036828
1.0541925320436325
1.0975678183647481
0.5900333443631052
0.9189844188961075
0.7999675984022442
1.0862695013426151
0.4747750696409586
1.0838106295533962
1.0557694593514935
1.0844232789085884
1.0931610781969190
1.0600030073479441
1.0966305231757922
1.0243748965246797
1.0923068295953569
0.4285460261233892
1.0854655474736028
1.0795504491223329
1.0973331175049363
1.0935111362266499
0.7207949228977331
1.0314506031899437
1.0866104403893184
1.0466039184545921
1.0751384205322443
0.8450941735761224
1.0799335639860055
0.6836346396856338
1.0895203595956318
0.9238508479480989
0.9316073267716409
1.0401583481913892
0.9860444393376983
1.0847125417814689
1.0984812951929757
0.7673411300128369
1.0878082477101920
0.7984211372398804
0.7836776933681782
1.0962707655612769
0.9611455994657840
1.0893438865804748
0.8790285597212641
1.0751067429227845
1.0828782849326872
1.0893775992974279
1.0876131782401841
1.0953144525156802
1.0917223598103403
1.0934721594049752
0.8691706853074705
1.0967430843428350
1.0962884606506416
1.0741512271934648
1.0893858783409438
0.9748507891934682
0.9256087686743349
1.0879997165965170
0.6693796878505807
1.0946984625197351
1.0022866709607985
1.0539742770181284
1.0941694636282810
1.0346707719112163
1.0869996113089555
0.8790268549369509
1.0024576379451569
1.0874314337923596
1.0421646551628279
1.0386314798618759
0.4473710984196548
1.0432129715949456
1.0960577245254761
1.0934642951416744
1.0936075309598494
1.0572432549145372
0.4009533481850145
1.0615242015843993
1.0578985373030558
1.0720226648479283
1.0914985211644266
0.8206763283640089
0.8984592763417655
1.0915643892461677
1.0698919011959911
1.0931083337195862
1.0906523620105826
1.0893524042863716
0.4113887229573365
1.0781049309523205
0.9585359634411925
0.5828067318136917
1.0727870325348972
1.0948690010717204
1.0620059824509489
1.0960448058329186
1.0703825033309480
0.8363150137604548
1.0980047310890308
0.5552172616522507
0.4456256616252742
1.0935696943309234
1.0960201826261589
0.8921687089787815
0.6977233680573628
1.0857975990988509
1.0531952342861419
1.0732513309748619
0.8743146436210297
0.7606095494724675
0.6098532546776716
1.0631083318987087
0.7481005862421066
0.8671915727757169
1.0755118851623617
0.9166134233550227
1.0887033060573235
1.0884758575637792
1.0636500127933128
1.0914053485501500
1.0701390278136895
0.9633094688990731
1.0934969367377121
0.9983198753100303
1.0950768847869627
1.0705124493508895
1.0388001075611446
0.3958002656547904
1.0922157828237673
0.9871996484985087
1.0732238069855402
1.0750136080867516
1.0964444470753898
0.6433634459414052
0.7540511952703719
1.0959660851841759
1.0970632196865933
1.0839280582956881
1.0928671334376099
1.0940180079654571
1.0095817586987195
1.0617600168795767
1.0958578105872350
1.0951012849616832
1.0885494320193201
1.0973587863366774
1.0649482532664822
1.0196355073393877
1.0977773658420626
1.0941078183879260
0.5036692230502164
1.0935482893741910
1.0828607240215133
1.0635650622246444
1.0900255210750711
0.4221464147240934
1.0401953281801402
1.0977320258802201
1.0732251006391615
1.0950208502358991
1.0898295537353857
1.0867940520967843
1.0580772090344623
0.6208023698143098
0.4020205600220481
1.0938439172516046
1.0849252036428756
1.0933210814456256
1.0713537175011398
1.0954803794008388
1.0394404870308105
1.0832515814297012
0.9062702267833268
1.0784401003367288
1.0918314127673214
1.0532090342931326
0.8463511041740212
1.0225751372104075
1.0860503438744800
1.0015751656147533
1.0944262552018880
0.4437494145412793
1.0357621068696257
0.8486523274413126
1.0870729176853677
0.4799370534442550
0.8499292074831610
1.0418508412529628
1.0821352658935692
1.0793406021462333
0.9849775190421800
1.0741318994429823
1.0921614173731475
1.0978850585619269
1.0937126264493751
1.0224366009644663
0.9621750544487525
1.0332902104233006
1.0179379978196363
1.0916729630376349
1.0931603803380263
1.0681042025326848
1.0962203364628480
0.4030056655022679
0.9147388082247468
1.0924236984147195
1.0929515104036047
1.0982648252156260
0.7417634572385419
0.8667087081857270
0.7160115296720373
1.0901811215721275
1.0944565891810871
1.0801044273219222
1.0887997352367915
1.0847799895320214
1.0869650983141312
0.7762688773714910
1.0952012036001879
1.0835694824855451
0.4149611573139754
1.0840200275674210
1.0861389345373798
1.0971347272780487
1.0160089807138866
1.0359281774209284
1.0981574139639867
0.6079757077035660
0.7466208102932773
1.0933839151093860
1.0961781468960508
1.0962578882102942
0.9690163965478988
1.0734837481011963
0.7007832764184172
1.0008216924711495
1.0859022397913589
1.0612752496111406
1.0951796858660063
1.0927142777889483
0.4003167868560504
1.0472722997765913
1.0945328142929145
1.0868617708405652
1.0957505759468500
0.5555352587642708
0.5536663788312410
1.0388989709377696
1.0931135661513196
1.0916816301757049
1.0939294131729163
0.9370705658387439
1.0961856977674831
1.0788112122584574
1.0856976586595561
1.0831274741971455
0.4416422538345979
1.0978631093318671
1.0502261713590075
1.0334451407327323
1.0884664713196446
1.0823347026732673
1.0977835616582297
1.0155466459046971
1.0971799468945298
1.0974284584097420
0.4051503286204443
1.0923716920263447
1.0965412459778143
1.0899388059377080
1.0921319343264448
1.0801532825914000
0.6802090695587590
1.0932490129804728
1.0946995560658488
0.6923215164990024
1.0971177533108718
1.0921731209357841
1.0882136993186395
0.5480128534335558
0.9183286625732657
1.0107998300751668
1.0967009075625482
1.0816893986722762
1.0688643139201706
1.0662797257349161
0.9644380751404644
0.9974757638470918
1.0958016266579427
1.0926519398431129
0.8152511853930521
1.0354636325752580
1.0635808290584756
1.0746579788600463
1.0921485668526083
0.9996348454926511
0.7719669235870201
1.0887514518094037
0.7126731178419535
0.7570240789975834
1.0647041255245564
1.0887559439709742
1.0957092841989082
0.4432950234483035
1.0907941271713477
0.5779683946575893
0.6880561480467752
1.0738602399653832
1.0989538399751742
1.0801612321153893
0.9765136494210209
1.0876260003403018
0.6304200028860102
1.0959849193160314
1.0851768626597156
0.4442328213129133
1.0814930897739687
1.0974482330124866
1.0178909505876403
0.4609815707173388
1.0248945751632532
1.0130656405032892
1.0793205152349370
1.0791845829456324
1.0845845266728398
1.0977465072164643
1.0983327079058982
1.0599131724366833
1.0139052752756383
0.9807587915840063
1.0903178422311548
0.6847735744621793
0.9661988733837155
1.0686554124418086
1.0182598577845492
0.9687144258234794
1.0533261894782699
1.0941780593503252
1.0098208082133355
1.0879539842843982
1.0960850983100159
0.6595790074956515
1.0962498577035538
0.7663472369945002
0.9209944676517537
1.0783786772550576
0.9167909337095160
1.0930799998890390
0.6131942584517929
1.0057897220298930
0.9887876539056040
1.0719213171380990
0.4489677754329724
1.0700040098121344
1.0144219540797479
1.0799387293326042
1.0971945854751706
1.0523923695150843
1.0590739694670199
0.8912683910057969
0.8414259934768014
0.5252674619623849
0.4473445817259032
1.0766631359509244
0.7370781381454684
0.4686295936052237
1.0799687690278699
1.0824031395949125
1.0800696217755732
0.9740840854280107
1.0216781183425736
1.0956142927522674
1.0667637380016846
1.0928396377481024
1.0624105075749144
1.0643460389154831
1.0658227102521602
1.0926674639368621
1.0714822042244321
1.0883965383051379
1.0953370677683480
1.0625997605507458
0.4051311512551846
1.0449276630639592
1.0795624921651790
1.0969539661410181
1.0935440893704924
1.0940500743899986
1.0980000399178065
1.0639288033188412
1.0909321636632081
0.8977871468770641
1.0435064055840804
0.8876804600221929
1.0899536966094201
1.0867613681973440
1.0855971384556502
1.0795094504648954
1.0130640003901958
1.0884759403938855
1.0974464250681968
1.0684709239886616
1.0808478197115066
1.0570487753087614
1.0081833739702566
1.0326096912241272
1.0868240889833805
1.0375203936238830
1.0438236942149257
1.0697358821502485
0.8624003282645140
1.0560278622312425
1.0818048248805345
1.0979507254191698
1.0299298480046364
1.0944719547117259
1.0488062457481595
1.0860685991292240
1.0069399115336395
0.9017192774305034
1.0830117716325325
1.0964107487595329
1.0987290099726703
1.0356393458844866
0.5467400222815312
1.0608219711094118
1.0401115131122900
1.0708599634861560
1.0924057491075672
1.0831404407624883
0.9729557200189631
1.0975025877306035
1.0894927539417076
1.0852853864100858
0.9287481808686004
1.0955223374807006
1.0813717018691835
0.8924930524686794
1.0550432809826922
1.0767717358435358
1.0942025867014205
1.0761244267433301
1.0461279257326710
1.0887485548204674
1.0728123743457116
0.8827821077611485
0.4024663350057167
1.0954742329348885
0.6834470402077713
1.0914746498416108
1.0869485958467864
1.0951537998761984
1.0154281877676881
1.0744745571187457
0.6624414442102035
0.7066693393921287
1.0902182748499796
1.0918711582511766
0.4357012226722872
1.0817965414864115
1.0967866854177968
0.9124226521443218
0.6985729465315698
1.0931329965657923
1.0837084326658459
1.0979370743318855
1.0961336622528590
1.0875258351582320
0.5827971485351322
1.0958874799459102
1.0844037364999766
1.0861259834087220
1.0680116263666539
0.9466666478834881
1.0913783105807180
1.0883817082174367
0.3960996365810640
1.0426511788459703
1.0676091567703352
1.0446412954866879
0.8716210076564355
1.0762508344095472
0.7098034406445517
0.8915878127814311
1.0979397290060242
0.6257992121553172
1.0678102857541130
1.0918797494873631
1.0942340523425302
0.8167348714432471
1.0979492984485821
1.0953635370823802
1.0963873163710998
0.9606460914198273
1.0850433039637446
1.0849966542589098
1.0945408453135179
1.0963347671534807
1.0954874229793874
1.0926668822896661
1.0591976913119825
1.0918203052965774
1.0720493104358861
0.9579708695654034
1.0959544130418035
1.0411776952144487
1.0482147351786641
1.0313041897341311
1.0743493798766164
1.0605433991257016
1.0267973808803073
1.0944913845430859
1.0875670064744749
1.0238602909223060
1.0441557191417683
1.0823952211200003
1.0811181935066483
1.0800976748155138
1.0974042005618916
1.0456056701685645
1.0877883668656989
1.0823871051814034
1.0341511816847737
0.5116258817901158
0.9424526491412528
0.9218295457782409
0.8581564501336966
1.0868630174739973
1.0899114407950867
1.0961051362749055
0.8514265525669539
1.0962586840873012
0.8560134720203423
1.0931025679413193
1.0978585919538559
1.0737322862567620
1.0910751952627757
1.0926595130918084
0.7249088659772016
1.0696251713453950
1.0794636096536885
1.0725550867981477
1.0842137339379352
0.7274941866200756
1.0378993007783714
1.0293223426398690
1.0610303330821500
0.7550605294473113
1.0970030151832086
1.0692181259095548
1.0932416671111864
1.0523960380360524
1.0939117061953960
1.0905037358286012
0.9557686055461670
0.9759384029899084
1.0840584037939900
0.3975390467837722
1.0632407094455776
1.0851824176741180
0.5403241624639462
1.0960951554016234
1.0942620640917731
1.0945133415659145
1.0394189691836673
1.0718377464799915
1.0963014639518487
1.0586115035299799
0.9572726207820271
1.0904554265788642
0.8976784280623418
1.0845251850129223
1.0071895225732932
0.9922351717479710
1.0365002038163407
1.0862833052949594
1.0934430052449093
1.0563589862602190
0.9721144240284699
1.0960096792811116
1.0940771432994747
1.0427055619763808
0.8920529495284403
0.3970262372743055
1.0937734101233516
0.8720746099917691
1.0789871054209315
1.0983504070174366
1.0607862966208266
1.0787194150447996
0.9351805957936193
1.0708556298558427
0.8144726107703092
1.0951422866523117
0.9520684222219929
0.4014966646768685
0.8035999589974425
0.9926362519063828
1.0718644813114961
1.0137631053362395
1.0870304058534417
0.8688700051592746
1.0951781750671554
0.5193296693508002
1.0971747264236662
1.0935586341105312
1.0955540237825470
1.0983226000106614
1.0865076016580375
1.0928504485389863
1.0965680358664973
1.0858236088835331
0.6371110889439534
0.8937039282671901
1.0864427328481203
1.0447092403754632
1.0913210788185881
1.0797637150073061
1.0923839895971101
1.0839921641882118
0.8648741805591487
1.0779484591482029
0.9953166317634976
1.0903481697607578
0.8204944591810056
0.6192408868286233
1.0859154394203059
1.0596856643974497
1.0097153798212812
1.0937168263350692
1.0392263753606339
1.0926105275823148
0.9957462080005874
1.0878157369651065
1.0933717312907971
1.0413067357994397
0.9976672649671180
1.0833092980909689
1.0911026325823774
1.0928426623726524
1.0713320467077678
1.0958773526018117
1.0975717692451021
1.0963170184037785
1.0943098979437391
1.0987398102503858
1.0935463001898664
0.8665433749138512
1.0941058424576910
1.0789867056075577
1.0840875494540270
1.0289040451283977
1.0948665347145934
0.5326020723344023
0.3988420570567385
1.0506120528491041
1.0879952465965599
1.0504605620717480
0.8989884959341523
1.0575088984928285
1.0394166021124438
1.0880146263120132
1.0959506905541097
1.0579493329365446
0.4085608285231458
1.0939084169627007
1.0949934246089232
1.0908432082915758
0.9876462839531729
1.0590794720322279
1.0488224413360125
0.4819604547668798
1.0937119281154546
0.7139760279023892
1.0796805045846092
0.9014310911710258
1.0472044046085021
1.0650844998659847
1.0846643769665529
1.0959785011548040
1.0760526009734666
1.0848695290291670
1.0933867487275837
1.0951119230786777
1.0801132705208956
1.0945246096893286
1.0909970739538406
1.0870091850233303
1.0890633411016999
1.0923170014024117
1.0524577200555247
1.0677986034079876
1.0651187701025111
1.0738049429129761
0.6289598565681126
1.0728733588147892
1.0930826039714676
1.0902497146341246
1.0948377817951889
1.0886507581998255
1.0946537854692500
0.9341272767201296
0.7787423522227024
1.0961067836595537
1.0722500410028781
1.0872150742467219
1.0082402188087549
1.0501847245632225
1.0906627881532520
1.0828342776122239
1.0956435514169736
1.0819241962101334
1.0525736310475753
1.0945154414155984
1.0334853337664403
1.0768419740780550
1.0924393925762006
1.0962008855961538
1.0937329065428623
1.0805922074133276
1.0887560012775015
0.7535314606337952
1.0637192907895567
1.0724428305394906
1.0494118709591793
1.0959455339450421
0.6137719170325702
1.0973677525250722
1.0951603254389097
1.0837461168648195
1.0934667766996329
1.0694627139354387
1.0518469752314739
1.0942384167660619
1.0953767627451214
1.0869377311017447
0.8841196819174182
1.0115352739597405
1.0872963318686222
1.0690681855259481
1.0980233351437600
1.0934448960489873
1.0950688933542145
1.0952275135369891
1.0966275057950667
1.0793950630307261
1.0906322580693406
1.0800056504430036
1.0918065803773875
1.0823795971551218
1.0947460324671503
1.0965481061079791
1.0416328255038769
1.0890352020845058
1.0685719600531940
1.0507551693300332
1.0599582201791955
0.7702556785810599
0.3985380752746779
1.0817527821613391
1.0974139195639436
1.0949107029652099
1.0719280858317974
0.9848224213397433
0.9685005647465447
1.0531095135015645
1.0650681253094227
1.0947074179802432
1.0555327289074441
0.9991438945547645
1.0772425431355639
1.0312645009576975
1.0942316103701024
1.0968841578005246
1.0912624853373767
0.9477020249873450
1.0578271769043852
0.6381362999286654
1.0839316292858345
0.3959080178086786
1.0421575711146123
0.8871664755324981
1.0966107924809749
1.0797434599604308
1.0899614051695738
1.0921594910901240
1.0951359980974769
1.0788714133431838
0.4714982441290017
0.6889144934051222
0.8750441870636678
1.0878126668873123
1.0210110889386208
1.0976351133253668
1.0544232861661698
1.0935060505624132
1.0591514781070552
1.0082031111838439
1.0828965983804795
0.8910989878695562
1.0967784448973599
0.9014991388616431
0.6688569568424655
1.0635996247127710
0.7384965085862372
1.0835468421970207
0.9838606801963762
1.0898944155701984
0.8317476521276590
1.0958144562188343
1.0212885857652958
1.0362141018986484
1.0560941112040252
1.0930084999148826
1.0933633440963928
1.0953554285304565
1.0936613831520767
1.0832708105746736
1.0401228709967607
0.8438719778106176
0.9919121370298489
1.0917699930306426
1.0793912785888073
0.4369811450377836
0.9757480080872654
1.0397255471771749
1.0967782951175937
0.8700747467912261
1.0830620237266178
0.4451585603104168
0.9796148012812146
1.0511531034049102
1.0959398991073019
0.8043685769226404
1.0560497638371744
1.0776649723241674
1.0260823964978905
1.0387173001943548
0.3992033051772081
1.0798518841862297
1.0905646419677884
1.0728084088721639
1.0947883432625389
1.0175436759382561
0.4727769981515724
0.5678139870349027
1.0766604330634968
1.0919055618767359
0.8091123176453837
1.0891918214385339
1.0662444019640887
1.0978438664174526
1.0151174210039353
1.0382764413941603
1.0983650757980479
1.0828662277974064
1.0859529955345071
1.0741826129888494
1.0652244792494374
1.0914048608127835
1.0929869857677068
0.7208635121250594
1.0893870080208170
1.0930730341064805
1.0940232945756565
1.0020939088089988
1.0076412205396603
1.0826659573433604
1.0719822588647376
1.0930345490656108
1.0203077343913143
1.0978000195464102
0.7657392011780593
1.0897700689212091
1.0972669032912699
1.0862573044287700
1.0959023515286419
1.0412455189313441
1.0961923710566546
0.6371268193645060
1.0724431243911408
1.0954277573439124
0.4040662397156365
0.9716164255511930
1.0975317147845038
1.0515111974657334
1.0464007653846821
1.0973099544038722
1.0857014747341831
0.7642776043481087
1.0179196298810060
1.0936279734217795
1.0825351081682613
0.6892170770251301
1.0956387905436411
1.0945541350479984
1.0723798496112238
1.0266676580279934
0.8871054295109368
0.7758673226855148
1.0969446273298140
1.0719853949830540
1.0912877900827169
1.0983231394289672
1.0909302635686842
0.9862363657827676
1.0550959544137437
1.0952323500221097
0.4017253662652264
1.0145711257686616
1.0307905083283158
0.8093979866928610
1.0971307430794319
1.0869003951557055
0.5391236418901848
1.0971901551510255
1.0985851523411445
1.0965539529725854
1.0924274956494215
1.0953947860395117
1.0963916676990209
1.0900620398958831
0.4874187276350908
0.9507271351184785
1.0847607157891550
1.0947319062876757
1.0850319606040377
1.0901408004780950
0.8438783356958919
1.0796369468844511
1.0945052307286005
0.6681254799354154
1.0860326557183695
0.8973346506453297
1.0390456369455661
1.0938756869324688
1.0835232064355262
1.0887609448071411
1.0811292120745604
0.9750002131074392
1.0845701859976065
1.0847309954701652
1.0948527487066264
1.0662728057408781
0.4213329663516426
0.8256367302058109
1.0863627818277746
1.0848203825378528
1.0906871388606054
1.0522040916355839
1.0918362108756567
1.0723306493207174
0.7713613247441862
1.0427545222635988
1.0651038796732997
1.0898994352411324
1.0295170809744758
1.0846065059100911
0.8154398084518488
1.0837201483811281
1.0901861772747465
1.0567832411616436
1.0964310458793738
1.0942093620756232
1.0910734781338423
1.0860067826096844
0.7482634940566754
1.0941244132592673
1.0962267702150561
1.0462541550769924
1.0973496570819168
1.0979824238258329
1.0846773948526436
1.0906647604884356
1.0793565846700504
1.0964016759072162
1.0807931999491998
0.6048452541595593
1.0901888187847977
1.0735135554973994
1.0867436288392029
1.0930808632591817
1.0587184180418268
0.4073063824726305
0.7231564703603740
0.4901459047976339
1.0913830497942039
0.4191935107237409
1.0345862581913776
1.0855749111906607
1.0816092847938794
1.0946676400480719
1.0963334614389308
1.0099936856939731
1.0953671315537337
0.9308053322165287
1.0959154903147834
1.0658306239202828
1.0760126241197108
1.0971302738219173
0.8118885108420800
1.0883070163498580
1.0854480105861379
1.0339008710137043
1.0729848497787879
0.9915417806099422
0.8865328611149726
1.0978086783389494
0.4037312024148728
1.0835603646877106
0.9827337367922235
1.0772327054575999
1.0751985475868606
0.9167605709366788
0.3968606918238348
1.0891412749928517
1.0886526893891086
0.7677304726873565
1.0967866840531137
1.0961521658732587
1.0816670326806157
1.0699162674973830
1.0968498198512122
1.0558611299871195
1.0645099748584361
1.0966115165280899
0.7215598916993529
1.0945857434389006
1.0754547542780868
1.0306640590956440
0.8462418290066481
1.0875458464659582
1.0899529649185771
1.0797091257378988
0.4401705129996119
1.0968195173781501
0.4279475379459567
1.0958639577892537
1.0527463549033367
1.0885202727482788
1.0920687518948509
1.0868343464811676
1.0823374054908581
1.0148499371806077
1.0965784380376318
1.0852721502230964
1.0930336189992336
1.0869081536413048
0.7528247135999530
0.9457337987699285
1.0867648203754878
1.0956719941405311
1.0885148932274114
1.0952148801329307
1.0786855629515137
1.0955178197294413
1.0821404220716835
1.0447838423941140
1.0935410054775778
1.0965415748879457
1.0863690836249993
1.0956251152697982
1.0893197905741341
1.0561381071062819
1.0903844481666165
0.6666647223652548
0.4788520846308462
1.0066688206341976
1.0843730533002585
1.0991876881572367
1.0601364583939696
1.0896940988370576
1.0962594915720076
1.0967862739245211
1.0133891515822211
1.0846087190648865
0.8709400221749605
1.0809920344019113
0.3978513958754459
1.0208649846942712
1.0761685518053599
1.0297385707586926
1.0664927605436796
1.0929252373487748
0.4052234076445065
1.0981073612301318
1.0723272655458238
1.0952799986768722
1.0888062265787555
1.0909395124996966
1.0930005837544527
1.0687890828558235
0.4010202600426836
1.0925454157469177
1.0924633744589998
0.8343545278918870
0.9962248492126491
1.0909889327683950
1.0948786334369938
1.0789699311011607
1.0897362947326257
1.0960524399543103
1.0665993962006917
1.0722071520406720
0.8232837740503668
1.0981209633907418
1.0826180455236065
0.3961199060519460
1.0802526573251250
1.0368547487186144
1.0775320860953508
1.0969207830762042
0.4005094665344969
1.0924846339704841
1.0638332870558496
1.0880760598222430
1.0924697363390139
1.0941780990319163
1.0780301529639089
1.0978629866937391
1.0908694287861229
1.0952317696202385
1.0450765031376825
1.0916473692908395
1.0542097420822747
0.7395237979548723
1.0818935730774457
1.0878790672675993
0.9244134653756713
0.8735310371593670
1.0935076498258371
1.0956748197736705
1.0893336765719217
0.4301415223003033
0.6110086528326920
1.0936329977410264
0.8885520373508677
1.0602258253920256
1.0984515733613160
1.0426026842476501
0.6149484759543484
1.0875176075565030
1.0106956472999022
1.0962768091075707
0.9584609938393788
1.0965151307452707
1.0900933771497094
0.4253174449694022
1.0892515680989889
1.0853090747495375
1.0912627701994386
0.4146479950074383
1.0796133006081179
1.0804531694442978
1.0715321124194073
1.0682994370128009
0.5070552591044486
1.0982075976240460
1.0956930442984758
0.9564721006131091
1.0869318322499086
1.0913482205234371
1.0927481823599687
0.7421226106327129
1.0898687589391416
1.0826685536768266
0.6564220542405907
1.0941316870446645
1.0774658714398120
1.0909440684086986
0.5608598657855024
1.0907852090684249
0.9603605066098246
1.0951530939588794
1.0535247380277619
1.0761758585251568
0.9127479191331247
0.7661067098139206
1.0249864823889565
0.9163234333550657
0.6040454594443218
1.0522027645244072
1.0957599137706622
1.0359141098190090
0.7939541832673154
1.0760071722832703
0.4005061826863452
1.0850496234697351
1.0944831732483631
1.0692591896451433
0.7606964371447842
0.9358022744259624
1.0870870469350198
0.8937629637844021
1.0975472411687415
1.0846195686821465
1.0863129851397555
1.0931585856095614
1.0666561415730360
1.0979577059131786
1.0946380283755064
1.0628517771080348
0.7506986116935876
1.0960115867001341
0.8875328596648324
1.0673584459291205
1.0799560920477214
1.0941426137385568
1.0966389627115323
1.0840458051739492
1.0914211635222499
1.0969763741739538
0.4727311166845555
0.9963760055926451
1.0765448762408649
1.0581402194868101
1.0091792756295919
0.8314774054548505
0.4483724468075382
1.0467462659351801
0.5054623240486938
1.0938701178335131
0.7640644233686669
1.0361782454195343
1.0636971069465231
1.0933517807459163
1.0850703927503735
0.7244761445823957
0.7538259660191287
1.0213637398666642
1.0912641686424180
1.0946422622184941
1.0371576900960238
1.0137189715616712
0.6252656385291746
1.0943926518170106
1.0862081449745629
1.0951265799775012
1.0557972689022683
0.9975837856940015
1.0826259551808748
1.0928160036691812
0.9846118937284610
1.0911220749004424
1.0423354732192118
1.0748857273979293
1.0962550583884243
1.0709553304041066
1.0873028050489335
0.9039232468182751
1.0979796535947861
1.0283324896276005
1.0646101235132404
1.0846440848032157
1.0258412623979900
1.0827047216086181
1.0948297815293691
1.0781760571812427
1.0909077656610837
0.6531695208158580
0.8228141281560963
1.0672603311817681
1.0929615105173218
1.0875281450764913
1.0970798044675591
0.7697776494020542
1.0966903066596363
0.9160529864022293
1.0929022800419743
1.0925276553122854
1.0868709390541482
0.4121708950468848
0.5248330198708241
0.5870074635960099
1.0181631952729837
1.0969952620556014
1.0740438696543120
1.0941994185047534
1.0966284960933967
1.0812687942158954
1.0980315766617770
0.6090887355239906
0.4165898967165361
1.0786254392403332
1.0599309400778938
1.0465103500248905
1.0513078009315897
1.0974739391060564
1.0405711278734295
1.0893152385908091
0.6967142300427323
1.0918231827747500
1.0400229108516819
1.0865344331533484
1.0955147882839722
1.0650932180759227
1.0837239954870663
1.0781498487620531
1.0193077408466595
0.9748397644350675
1.0935196919457115
1.0988113373559849
1.0817827310025354
1.0889442865876757
1.0742258715865933
1.0832634858839285
1.0549784666949884
0.4092979702878383
0.4167008266345784
0.3958346255237332
1.0839599489341192
0.4546052589292388
1.0941247808413790
0.9867572100459320
1.0008080056693778
1.0806813629872032
1.0966059383324689
0.9361655301293105
0.9489294369358232
1.0938884456703293
1.0681665070009152
1.0607459828961692
1.0928854914672042
1.0827483286746764
1.0955634152752871
0.3962907238121363
0.8946678413008147
0.6499846052480938
1.0984056778860332
0.4655389089881131
1.0903820436138132
1.0892133819319523
1.0851551050150727
1.0468004413967471
1.0867393871651214
1.0955574177053355
1.0650074987868947
1.0909112765494469
1.0966821528770725
1.0938596674538288
1.0929455276892988
1.0928461130532185
1.0947412322994410
1.0599300072075755
1.0916163859550914
0.8648570165910541
1.0984715158367673
0.4269591189749217
1.0437299575215941
1.0975223295755143
0.9924302352397883
1.0630844523566643
1.0978000851828627
1.0017957321185609
1.0286755222718862
1.0836370843554490
0.9450546057481268
0.7781256141157907
0.8885107852700426
1.0956827674427150
0.4776053718127647
0.7790605635397173
0.8384017938631688
1.0939572504214952
0.4468076976896395
1.0546409949634676
1.0897244345204571
1.0973215131325613
1.0937229878087138
1.0939904280687383
0.4038197688759085
1.0924599983998182
1.0918093609415154
1.0637072483530154
1.0797728952071322
1.0036466313742263
1.0882606856961310
1.0538336982407874
1.0777508269362963
1.0925814305787669
1.0267215886551253
1.0804954189487108
0.8963629973492504
0.4025606506103381
1.0892964010141941
0.7373468894591183
0.4066100078476999
0.8723634581015062
1.0971253076577216
0.7020299407831380
1.0915600324272836
1.0851193504996444
0.9602037743900022
1.0426695854312449
1.0755148082745376
1.0922122309678959
1.0461724848906757
1.0662011506655713
0.7860445066991092
1.0976744970258956
0.4322922574561596
1.0975578153329990
1.0860284391663346
1.0759425260682682
1.0950264255511784
1.0789479789128356
0.9841577838859841
1.0834025067721140
1.0057982783661619
1.0967945974566864
0.5699642192174501
1.0907054184259206
1.0973731928417128
1.0966797165952828
1.0759048845628980
1.0796699185741223
0.4085522431440935
1.0644226932643128
1.0930720463859900
1.0835980096341595
1.0715948267494508
1.0826940858112739
1.0262386055778692
1.0765338224775447
1.0962448962203628
1.0961574904869349
1.0978737920081645
0.5932939889483010
1.0885711652077665
1.0906413387251077
1.0901596036610022
1.0870122869131478
0.6010792098430636
0.7173329429447921
0.5897815136779458
1.0790220523033618
1.0756278993463804
1.0944741585804958
0.4153733733523540
1.0769560080177276
1.0964851757449121
1.0572118706472888
1.0920157594022037
1.0955766537197533
1.0876371785994206
1.0979080963756711
1.0820409826820370
1.0925550102630037
1.0898087522695319
0.9519223770871041
1.0515577383741581
0.6951674578353439
0.4134851649537658
1.0758159690154803
1.0334062975897125
1.0915292870856792
1.0750941347106622
0.4775496917944365
1.0927395642826425
1.0945290716968705
0.9732062338026085
1.0508269608415568
1.0391713557742503
0.4309820835275034
1.0788994394827514
1.0563952469069269
1.0709210326983158
1.0835428112555221
1.0906397252209761
0.6907762387633241
1.0780984097683586
1.0576419308229643
1.0745571162119651
0.5852455262947848
1.0457903550202632
0.5798807708258891
1.0947631495009356
1.0981435002589559
1.0585005504646241
1.0403650147023205
0.7929140389333544
1.0663958765683137
0.4188058399525237
1.0523219470947018
1.0192383757355927
1.0947443097358187
1.0761671784014650
1.0722310228976917
1.0882453488091324
1.0827137460981637
1.0961697091052656
1.0847556084856569
1.0837515897596024
1.0231212005359251
0.9972751034839329
1.0893473076470159
1.0632620806320081
1.0554202501325427
1.0338473138473865
0.9126805617172159
0.9240759611894031
1.0952467642015891
1.0783216013621191
1.0510762455630562
0.8085469777558775
1.0936454500369177
0.5039637343238297
1.0944983324023900
0.9671682854803001
1.0956113206815679
1.0797446666770922
1.0794030841426210
0.6917733963387450
1.0864572826392369
1.0904902715920597
1.0700746528637950
1.0455880899493224
1.0732166492064656
1.0329478338226443
1.0510603281365312
0.8803858885882759
0.4046321686037772
1.0271423255898917
1.0838245198046552
1.0379090490049814
0.8619284473256908
1.0819721719452908
1.0727988528251216
1.0862640949768687
1.0699741550573927
1.0896991502298383
1.0944543004824037
0.7757281473456037
1.0976943271085275
1.0500939267582359
1.0768824709267706
1.0590996281272163
1.0864691048910680
1.0446538533274587
1.0941159230041018
1.0860722717784408
1.0901991904810830
1.0863512665651172
1.0954557849383464
1.0168661102825165
1.0818988147744413
1.0948351540341188
0.8378124795392246
1.0739448754874021
1.0959968071088022
1.0969754195781913
1.0122204682754139
0.7347021171594190
0.4839950715186907
1.0952345039416922
0.9603353702919145
0.9599275854738433
0.6444535448143986
0.9036878456522202
1.0254486208174154
1.0606924711411103
0.9505936746636179
0.9538914033995682
1.0850317228263029
1.0571620501373089
1.0601823903924192
1.0122884538017267
1.0797628782416755
1.0942637939542246
1.0923471926344375
0.3959233157700096
1.0621971874204521
1.0953165811192396
1.0920578682347379
0.9607268004825211
1.0683092277555057
1.0843664439218805
0.9491653679874789
1.0978143707195891
0.8359907630775633
1.0965140652671639
0.4007371607907860
1.0744492500876539
1.0881581164910212
1.0970255458975455
1.0804392795268158
1.0949953863911246
1.0829283713707849
1.0704086536496626
1.0905876525630716
1.0556205591217527
1.0963683568942648
0.8170124341474541
1.0934820746708382
1.0518363167162030
1.0690834837374628
1.0709483038924343
1.0985719768335911
1.0914974167263511
1.0318752743540911
1.0885252598059014
0.7858704522391025
1.0764260492230886
1.0049981981493659
1.0598855024845786
0.9400820620745377
1.0277178547006107
1.0834056358337552
1.0989602750415788
1.0922344007138776
1.0924495271684997
1.0657353828657155
1.0069261280147375
1.0956167724855541
1.0926147288229262
1.0792212703030428
1.0985020221545254
0.5963410014162126
0.8002631296632657
1.0985293143986377
1.0936714909879051
0.9567373291986313
1.0905350533860729
1.0785960262358347
1.0715643297270527
1.0962582809993249
1.0425964129526937
0.3976547883655790
1.0976478578385207
0.4553397463866207
1.0811984664833905
1.0332311394105311
1.0919099702739172
0.7431670772069345
1.0955496952600430
1.0962258923090809
1.0307545098210071
0.9667123480133257
1.0949446036836683
1.0771713359730331
1.0927744565646451
1.0926485249055760
1.0964438921311899
0.4073726580249083
1.0956435445875008
1.0878833743246779
1.0666472537350418
1.0895973755158923
1.0204198012371393
1.0919801708513008
1.0935146218216258
1.0776180700150759
0.4068586965962961
1.0779536734263038
1.0922378111997086
0.8666306610689102
1.0693592155520859
1.0530386166382089
1.0896002962809812
0.8353606113794725
1.0259693853250467
1.0899850479777105
1.0820608969154872
0.5627889021471784
1.0922357608992634
0.7357463132987712
1.0953801856691574
0.9488718537478263
1.0968132152757346
1.0961938703088594
0.8962732216751846
1.0466523163457320
1.0828524339068908
0.7857215540433573
1.0523516214734696
0.9270078761423883
1.0757089784467249
1.0915449160023187
1.0741515154891321
1.0973096577600612
1.0683774015804823
1.0941366655728755
0.9575455915943029
0.9905628458512581
1.0878019819156595
1.0775069386686278
1.0945049073505146
0.6446280692407237
0.8741917470887075
1.0588780075646769
1.0937514532918700
1.0757031321549462
1.0922974706810362
1.0486558377308104
1.0926486407576388
1.0905163747647562
1.0954608942679667
1.0949439686056897
0.7777256003026327
0.4415976096660161
0.4575488299417337
1.0820199773038586
1.0686371852015475
1.0866494437371654
1.0438861640645225
0.9839477420417978
0.9611214799197855
0.6128772879226682
1.0933079876590954
1.0645801797376881
1.0971077015497170
0.6195777884416453
0.8771637087683523
0.9856945802014098
0.9788605501158928
1.0895358601667451
1.0540655999226978
1.0949969760669274
0.5817775750385641
1.0647801223358941
1.0964380894121231
1.0822111620780519
1.0788874484735742
1.0941175103320089
1.0161602482775540
0.9676653896858497
1.0889584497665790
1.0132260559791302
1.0925011883397366
1.0882751109355115
0.6749288496133566
1.0972663728838703
1.0746372113519811
1.0420322973187890
0.9448907404503517
0.9442180157542811
1.0707309868244212
1.0943001491604556
1.0931148162142839
1.0937729980686748
1.0613541568242915
0.9872040733217561
1.0960729889672864
1.0471622186104641
1.0085967242980298
1.0936717503068105
1.0953852040767960
1.0408667640285179
0.9696416254567845
1.0967000153246562
1.0759486612948308
1.0892507604339237
1.0764301538907399
0.4087693879360447
1.0153940278423190
1.0850859491967710
1.0923693931829994
1.0814858497441986
1.0959800200454974
1.0785112881564178
1.0830023616155351
1.0739088502991521
1.0942239767241615
1.0880065046873155
1.0312484601597289
0.7090619340126952
1.0783089201845966
1.0379794852033308
0.7687259613046631
1.0945083303258227
1.0799773436970359
1.0830826616830427
1.0227522684966110
1.0942060611856936
1.0952859482069024
1.0979034621888015
1.0577037137427767
1.0939753238579482
1.0771947754472107
1.0930334663756682
1.0913013736705672
1.0874809245307717
1.0487428971234996
1.0545555186801943
1.0685052478482828
0.5269979219277392
0.6648810288374486
0.4167872733057827
1.0612888157367597
1.0974658034967275
0.3958170254498122
1.0934136488483210
1.0946797656366170
1.0067114428329038
1.0930474215510027
1.0877053279658089
1.0826967212599277
0.9898264874901159
1.0918339459783777
1.0914009880265731
0.4111882103286973
1.0981203702325173
1.0949736679079511
0.7089603210149976
0.3978270196479627
1.0923468049228839
1.0968565519686155
0.9877621755512209
1.0819607840512320
1.0701745753789533
0.9996863498914422
0.9330839001573262
1.0926329258002065
0.8010705811123933
1.0945028177518361
1.0914374794106005
0.9713000871991943
1.0915270472288150
1.0206653400845851
1.0961782410171177
0.8391368901505792
1.0960805154106543
1.0982803309737692
0.8028823786789178
1.0843347211239476
1.0790854214930137
1.0315190996210535
1.0942679454780297
1.0801790367112500
0.7162431714023897
1.0835130290352151
1.0800893724494305
1.0692020575681871
1.0690060974295439
1.0626344853309644
1.0335639490508965
0.6189419197680497
1.0945832167811389
1.0956348926776438
1.0968930737603972
1.0867219694094621
0.4233476704299775
1.0455263424920258
0.8640812864144638
1.0608776940046647
1.0966799269172580
1.0944791992162863
1.0623639348526686
0.7902924734877830
1.0621368151619317
1.0919862928835633
1.0913496668605915
1.0955396224618283
1.0901170195477166
0.5202424380216721
1.0470931967642423
0.3960106839312112
1.0755428335868020
1.0851034478408841
1.0568773773069480
0.7339397940891813
1.0805281217769571
1.0963737817861696
1.0950419708646031
0.8486544483637746
1.0865758114410073
1.0938500359349235
1.0555283519357785
1.0930205313204797
1.0751239663863645
1.0313224399569927
0.3958643570412374
1.0968519470650417
1.0742491997088861
1.0541558516892433
1.0677902354270694
1.0715628933603314
1.0617965255690449
1.0936605552754908
0.9794345485026557
1.0460209549108326
1.0481029596357754
0.7388027196782680
1.0910701033288468
1.0668005181662388
1.0897479357574762
0.6630236431312335
1.0986216803306401
1.0917494121055491
1.0794627704563413
1.0805873041601926
1.0740973776455731
1.0581521471905129
1.0958449641577293
0.7062493469017099
0.6567645151617993
0.7187104414197769
0.6225598598055813
0.6913773239449834
1.0066822508762703
0.9149101271578918
0.6687740746389289
1.0807563715032888
1.0976198919044868
1.0631179531439070
1.0522197251209735
