0.9960751957179712
1.0953487321746473
0.3619452605664538
0.9483113846949413
1.0987882448407253
1.0908955778088560
0.8047458002005731
0.8530613284175380
1.0951945578746143
1.0386306913689241
1.0981246402827691
0.8901575618086128
1.0953675518851784
0.3467489306384245
1.0889050403498648
0.6583141608918096
1.0765388941103253
1.0965729536611604
0.8989040388849499
0.9797103385814121
1.0628504331178412
1.0810956235335192
1.0789307970427391
1.0806341067051353
1.0819089766821444
1.0571016747389959
1.0868579106099758
1.0847044639020826
1.0692572478452187
1.0724226463356201
1.0939655893600093
1.0897139389970172
1.0973873743710418
1.0945018862034197
0.7942260475898665
1.0778667060739437
1.0801584603358378
1.0804166917087124
1.0969826050084523
1.0552862278057538
1.0976288247588672
0.9385931960381094
1.0921260592922530
0.9378024055534736
1.0803201861887597
0.4412427448774690
0.9553442578429445
1.0574161909318276
1.0799649450704447
1.0848741513517937
1.0938805902236444
0.9409380097665128
1.0796260271242293
1.0154976961432929
1.0693651861704594
1.0793450398395645
1.0938350825740000
1.0980051751838631
0.6554279122047382
1.0802594779190298
1.0714673164742661
1.0810386048686098
1.0916075113995820
1.0976849247191627
1.0210557394508635
0.9189073986192704
1.0731088281894903
1.0842370973273150
1.0551032934759634
0.7518869226040861
1.0860482241144995
1.0900227134982159
1.0503095138050955
1.0738144942036916
0.9570477546776458
1.0188554894084556
1.0822938350268363
1.0591226487295524
1.0789997029004958
1.0263134171626731
0.8511028361301054
1.0535321460076676
1.0956002386665022
1.0501969196211030
1.0749250851622356
1.0873156458969169
1.0974115638112112
1.0801856467104880
1.0968964253934461
1.0911058067678594
1.0979386047741824
1.0872622099016558
0.5930405258324577
1.0870217699133553
1.0773387096403513
1.0903802806703424
1.0752247056739135
0.3976504002958182
0.4317160453210699
0.8295187822209156
1.0159533539256516
1.0818727924234248
1.0955637419055138
0.3298991569061132
1.0964077193487922
1.0854003947638959
1.0950788405461858
0.3289379471699426
1.0007968073690860
1.0866288179677948
1.0855073605239884
1.0809242448150824
1.0881968761212644
1.0819652375963749
1.0974065985245423
1.0950688783358724
1.0727445750177258
1.0483321436173405
1.0860831584904411
1.0873902225923460
1.0815514018458898
1.0683240502619293
1.0930476315558877
0.9700073073549839
1.0969669333887428
0.8698559817443716
0.4396514819804196
0.8282747115515523
0.9164403702557881
1.0918089689619688
1.0948189710205884
1.0831492104372840
1.0493490923506523
1.0942921598231412
1.0955725963585161
1.0707524773489023
0.3156691368546979
1.0332405891786531
1.0934624265052730
0.9079001589376992
0.7078321610913202
1.0969531798313819
1.0984135393716039
0.8132011028087236
1.0936946478607905
1.0961939049273743
1.0929767132409645
1.0743004582668372
0.8070472913980365
1.0940053435040262
1.0844624100675786
1.0791084954798971
1.0950022089633240
1.0736141859692867
0.9624625101749058
1.0839039203562606
1.0909068442985741
1.0882512865495506
1.0798163344438116
1.0862625385796705
1.0635283305561831
1.0872103512276641
1.0979682780807480
1.0892368858043959
1.0914676015728855
0.6688787814069728
1.0885658280991974
1.0590611953170694
1.0948012795513056
1.0872210434246412
1.0949658486587686
0.2810260908439960
1.0897734836654946
1.0286922941571321
0.6679063815579660
1.0889425562159689
0.7971390534205064
1.0902028962372836
0.2810153585515022
1.0691165443950250
1.0922965356773751
1.0911449387127661
0.9433716641909062
1.0916195345241091
0.2808977789900767
1.0772221067544283
0.8528839785082566
1.0944070007300459
1.0542438430382677
1.0922192449598442
0.9975391821667606
0.8169567753145063
0.2912214266105333
1.0786698221521478
1.0896123852865491
1.0951376922732716
1.0724913818458095
1.0927282420544520
1.0966809809913589
0.5017703650144624
1.0858592942418763
1.0889634983319096
1.0818855936002691
1.0961523894169991
1.0962099496927604
1.0951515972645414
1.0703063345330528
1.0576352252343006
1.0908135854327341
1.0361231776812936
1.0974176646367513
0.9017963133325330
1.0936560431348124
1.0878577731339869
1.0814338172844031
1.0896268555443953
1.0920710732639856
0.3721397956489435
0.8199235690491286
1.0920089208531347
1.0311502667727412
1.0823512746711657
1.0894286956761898
1.0936291933449638
1.0886164120550594
1.0807206957544095
1.0916024829794102
1.0725253015956024
1.0517061029422130
1.0835654922860523
1.0798073519655791
1.0631586019235222
1.0865203488340511
1.0830298235407041
1.0956859453983083
1.0570568794161137
0.8633299318934968
1.0745203899591427
0.2860938976899177
0.4230127787057123
0.4861419926702067
1.0836398843816564
0.5296314294563536
1.0957233926486913
1.0917995027051635
1.0491550256926356
1.0473085287427835
1.0605474765614542
1.0804631148431882
1.0522294692401015
1.0806302175764986
1.0943517941785064
1.0882656601737821
1.0616605225252671
1.0696776596060811
1.0227669980432688
1.0924198524813609
0.9545733212228632
1.0984273755973331
0.4256372498431797
1.0761015484674095
1.0882238961458517
0.3112559169808453
1.0897373475080037
1.0262490879112414
1.0621101127542028
1.0704299130792603
1.0951871404883571
1.0508751983282896
1.0851674980013100
1.0974571288690844
1.0971808152690916
1.0956302381545777
0.6682188492619606
1.0671274723118964
0.8848813543207070
0.2914125129276325
1.0980481901316754
1.0964088064951969
1.0356210252736837
1.0425571334717836
0.3280184470266262
1.0947318770924035
1.0685342126146118
0.9312143524280553
1.0464751988272611
1.0768064444260330
1.0531314821316309
1.0878146249034830
1.0968375191094910
1.0975893714177947
1.0927521782899627
0.9920978198192199
1.0766047408200778
1.0652233944455427
1.0938232786179440
0.6979762064176024
1.0914997946013807
0.3247879700762457
1.0788224477592510
1.0901780779022381
1.0902992508113523
1.0814787792322029
1.0948963495805923
1.0914092044900123
1.0958723803921546
1.0968391267720949
1.0808119204198889
1.0935925016123829
1.0937814632251597
1.0914948071433785
0.9549520145362355
0.8978515800911712
1.0412928111384177
0.9555407739674843
1.0852732776624789
1.0903977687625066
1.0517112638121067
1.0971645985784957
1.0939502617155648
1.0859820672565954
1.0903274832123975
1.0883139707996434
1.0817709304124610
1.0856405200990378
1.0460814247570247
0.5742320146596344
0.8962205578645318
1.0973194264966235
1.0960446510089643
1.0846365825037052
1.0962136089518437
1.0051378909453264
0.6449472404914832
1.0943301811881119
1.0940672142331731
1.0778919447628292
1.0971501862400102
1.0067024170972738
1.0940280213128870
1.0974716232838648
1.0910182049800754
1.0905445736759227
1.0944197551327133
1.0607827456749392
1.0809001875526136
1.0965407863665935
1.0982107190653561
1.0981952186748636
1.0927469736855275
1.0832356662962870
1.0791251872028940
0.9749838078990838
1.0098287034599434
0.3202660418519224
1.0384913182661968
0.9952589283064955
1.0958766040673036
1.0801166684477768
1.0988628614677880
0.7230322917213902
1.0948106694448920
1.0693098152186968
1.0759370820044063
1.0983830708751929
1.0967915715367573
1.0479505335926778
0.9875999783469428
0.9893521789523692
1.0953136993661186
0.9114577723066147
1.0296177795922115
1.0977573549330817
1.0956352138201291
1.0553137711057987
1.0905606186029233
1.0974889005581785
1.0804073132493581
1.0929747828869374
1.0883275583030667
0.5960566353244747
1.0967811108767052
1.0238139502957537
1.0836786925276416
1.0005208986978162
1.0425336124776057
1.0805351795739615
1.0906117161419515
1.0879092151102820
1.0960885129454290
0.5247714688204429
1.0928553313837090
1.0893508963499754
1.0055979647538458
1.0684711654681158
1.0827997977079358
1.0327908134290966
1.0861357642279723
1.0924896623653499
0.9130286684271314
0.5137685064569877
1.0488221576413344
0.8935753092525407
1.0057122326433996
1.0673361456864343
1.0622228123118052
1.0598184072686998
0.5144614111755188
1.0555637206849029
1.0732558745729170
0.4715391096156926
1.0868979873313491
1.0217008011657547
1.0355578343895224
1.0744226674146606
1.0537575734689304
1.0416426069289115
1.0903029768497126
0.9701817383526559
1.0941106472765156
1.0980663949997937
1.0916756295951975
0.6545383308980781
0.8472328260589012
1.0858327203011016
1.0906350247566883
1.0054438140304369
1.0748021091903293
0.9862246435320923
1.0755365303679150
1.0196663333671099
1.0846749185986377
1.0842838427656527
1.0029513493321460
1.0634272381724874
0.9188100684979180
1.0954456811632076
1.0330840009542659
1.0160942940483062
1.0339638891137322
0.5672339609216179
1.0391092543830536
1.0896282027920174
1.0900092755431838
1.0954358657939367
1.0416720938964719
1.0922038970186856
1.0824301622078083
1.0977225848131209
0.6166028782740174
1.0652386734881021
1.0817587988878157
1.0402740464833933
0.3865183798821138
1.0859839661060293
1.0980944475778860
0.8790324281509990
1.0818307649098811
1.0619083705095269
1.0708296238280675
0.3641479460018069
1.0912900275730806
0.7986301609810097
1.0739526661384675
1.0943708133773942
0.9218386932498739
1.0812686445294619
0.8961314198165483
0.6455690718091843
1.0520777306312992
1.0972366139956649
1.0918644174614496
1.0682708043084672
1.0918404808486000
1.0891000222807863
1.0527561363146720
1.0901274112537696
1.0516692041312847
1.0883659164051398
1.0719417017769863
1.0949219669305243
0.9414895260151646
0.9702576144871721
1.0925048719212360
0.9324564583762438
1.0723804954360718
0.8769582145266882
1.0895939137773722
1.0894683301240522
1.0966089449857774
0.8955322686720540
0.5659321545972806
0.9227851470501239
1.0954503119279200
1.0944695909206514
1.0784687392548324
1.0926894023219238
0.9645812272238840
1.0980919728654219
1.0542148480825233
1.0946225515767682
1.0932544271660454
1.0957259905971521
1.0238304615717826
1.0800743892196485
0.8382372670290852
1.0595778171296406
1.0938828305153718
0.2831773108931130
0.7092792178716473
1.0850581412559517
1.0778049672274945
1.0877960361477301
1.0882580360461946
1.0507933408871946
1.0897077115122471
1.0927402122986851
1.0977529246507345
1.0878251735446431
1.0516352734752257
1.0912475326162518
1.0917416944676472
1.0970707560859703
1.0917310156399094
1.0926418276503163
1.0944734617111931
0.9710165882974759
0.8427325592448072
1.0908232753791405
1.0380132845645667
0.7845252846126946
1.0530267700992253
1.0860453531476477
1.0193960407201332
0.3867113480009395
0.9279441489651914
0.6242580919595018
1.0863922252350102
1.0964938863190046
0.3205716439281213
0.8227995315750354
1.0978228575304740
1.0952493592332653
1.0928633663057732
1.0971519794780467
1.0958074213316267
0.3152319960659032
1.0817568300924751
1.0937900630961694
1.0834939172453184
1.0876320063027445
1.0383444963300628
0.9735108197656105
0.9513340567660866
1.0886950816169703
1.0797467001253214
1.0922712552461180
1.0624994899681128
0.9577845830581867
1.0264563502544606
1.0698109855294737
1.0498108649265003
1.0983906619235300
1.0725807444387212
1.0835402672881214
1.0900920993149008
1.0982755286279837
1.0660756095389072
1.0967506792358894
1.0806036539909474
1.0255711810286334
1.0886234673236748
1.0889809096256950
1.0956573295981404
1.0843192844557159
1.0791155994601389
1.0934675054335308
1.0939119408341804
1.0564087212246058
1.0316840502553046
1.0896057515583415
1.0112144872073203
1.0611671838541847
1.0956594185172512
1.0879869290912250
0.8011547054982137
1.0890000490797358
1.0613984101051070
1.0790052826811711
1.0947049833794986
1.0782437799271871
1.0721375169795153
0.9159455286086891
0.9239213126862622
1.0787987156094900
1.0317348946007285
1.0533634835834844
1.0639822908441618
1.0953336904823194
0.8729097935505653
1.0674274016986200
1.0916092970698839
0.9828731048793309
0.2818771181435910
0.8367688091261718
0.3551572255704361
1.0947808943441233
1.0854962539674915
1.0828651878427187
1.0852357327489774
1.0523117195514688
1.0968071025040680
1.0817216834106120
1.0581103602502613
1.0750391024517525
1.0975196146983264
1.0821568333672393
0.3047712132272854
0.5061367361375451
1.0795651429991513
0.8840904003558636
1.0436365722569019
1.0862127732995623
1.0853780890377522
0.5172228589361805
1.0935412726484330
1.0333178893582262
0.4169785156718673
1.0710506269338602
0.9735087355952244
1.0928936897871195
1.0834414137210657
1.0948647344974598
0.9709210330740969
1.0980828304204198
0.9966162888918824
1.0957079237145191
1.0745464314459285
1.0943264291218358
1.0266301947363126
1.0956193523524866
1.0934414280989342
1.0893375104618372
1.0670646369211485
1.0934537572901617
1.0918078689790216
1.0862044360529171
1.0892720223776471
1.0982624778240249
1.0923497795174930
1.0769682139282564
1.0672601947351417
1.0778489080582390
1.0974319060577400
1.0981014821495827
1.0514535796855493
1.0760918741540255
1.0822961022266011
0.9964280063068159
1.0878134672131528
0.6656633379558509
1.0891533367937836
1.0858889062665433
1.0952499527062822
1.0910516313463670
1.0942755573269900
0.8073014174200993
0.6627863162750062
1.0950933155302474
1.0834466595020975
1.0983497670170699
1.0956049728156063
1.0941976172572274
1.0416590161299537
1.0042537958835818
1.0776043804695450
1.0619607647321501
1.0654766038036603
0.7400229517382628
1.0907891892668262
1.0789511876794411
1.0459469293103947
1.0926043115956370
1.0977497843223725
0.5349238005390374
1.0963974087179329
1.0976573983456530
1.0234578444007778
0.2969354607474745
1.0937790292748646
1.0728763038973099
0.9776554089837871
1.0953173885220533
1.0043617299217436
1.0960657060951986
1.0788199735981869
0.9597205583433653
1.0966251556533633
1.0410671281500743
1.0689350884871698
0.3779677048225255
1.0779600211340163
0.3371451129511769
1.0702730577773996
1.0854198263125512
1.0586381704424386
1.0267383761414808
1.0960265608654343
1.0950936556791675
1.0803628355985648
0.7552652332456229
1.0467393367543125
1.0852726595878222
1.0835518062885698
1.0970338671018978
1.0498621461851847
1.0959408704519567
1.0925695542263014
1.0905436115263905
1.0850460788010992
0.8420414868030200
1.0842836645413545
1.0981432684299381
0.7820394077025465
1.0952002157482092
1.0834952038722789
0.9749570250843221
0.8754922974237777
0.2812512366245069
0.2993469396358719
0.9928581097836165
1.0551729197925295
1.0882851868917176
1.0941123494863452
1.0964517801556428
1.0909436317695140
1.0958455583758266
0.9525896173513404
1.0907473733585291
1.0852043981912771
0.9417715589892878
1.0965036375314412
1.0577150048764035
1.0450877724556142
1.0949373148121475
1.0936094775780614
1.0943649095544110
1.0872193783691471
0.7431052852784761
1.0633330838217336
1.0870627688543406
1.0887991139991260
1.0889235737666356
1.0748852204933046
1.0606138732503505
1.0287515813115173
1.0693018270894818
1.0924658105734888
1.0663428627609983
1.0475377192091109
1.0537761682121312
1.0883298041325717
1.0837999051229910
0.7179938771902364
1.0677317360685568
1.0964423147494280
1.0602722992424607
0.4157547570393061
1.0941704775006873
1.0248466107656364
1.0924130524787929
1.0794931081415526
1.0967336171536057
1.0877572785352441
1.0806175073681585
1.0840973105569898
1.0579380631136577
0.8086551359729339
0.8207074820843163
1.0745649234431038
1.0847137056802481
1.0864056772502191
1.0960723066854536
1.0924625413929312
1.0890357435983984
1.0963848215298677
0.8934921688478152
1.0009231788361843
1.0791714846793155
1.0869822993238920
1.0267799977222629
1.0235929936410926
0.5184709036423837
0.7863354941972991
1.0924029848677623
1.0256253749530662
1.0966260391226357
1.0950624304530903
1.0291084015738716
0.8412445042660078
0.8085396228167754
1.0846478408918623
1.0910690116584825
1.0866778908337222
1.0954336699387195
0.8185717433465539
1.0721800094232281
1.0411768061706219
0.8750900287866061
1.0776400748096742
1.0934379351019150
1.0775979069922725
1.0967889488492517
1.0400949424004573
1.0965210273334123
1.0984820755893487
1.0854597855365258
1.0154825438844992
1.0961140328251173
1.0888064545483331
1.0691271030270402
0.9476759844673908
1.0800263708079532
0.2957108442466082
1.0842646427387708
1.0454498527916360
1.0727680746463792
1.0882647774120513
0.5503752727220048
1.0857314690617124
1.0937275581316246
1.0967867280062498
1.0938955247819908
1.0815992925337721
0.7158578898657414
1.0979659018523644
0.5176068164927780
0.6575931898720381
1.0779809994238043
1.0921445404808086
0.9700444621565083
1.0737307991083955
1.0569268734456581
1.0380037622088401
1.0763598334151721
1.0935893321832189
1.0983547408972476
1.0954531824831846
0.9162576664784707
1.0947986441157183
1.0488227394770839
0.9688198682209369
1.0311891962485389
1.0222509382239504
1.0848049469131442
1.0945055437509912
0.9722186080670191
1.0826906929362212
1.0653868529283204
0.9063568702282826
1.0973531470056475
1.0974199715269626
0.6179857848325336
0.3437204313236612
1.0822899535581136
0.2816299055196800
1.0849918662791016
1.0957975233847912
1.0715561357943255
1.0547747387247435
0.6310487206229728
1.0584770837051032
1.0979298001110258
1.0081135662729432
1.0931307254715652
1.0893612570744193
1.0879389400665385
0.9371231106917612
0.2933792752477557
1.0965195929038098
0.9144665413219125
1.0890305698141889
1.0899807232675311
0.6708410839413401
1.0569082693875049
1.0821560947525941
1.0908256096426416
1.0901141595639443
1.0868256066944681
1.0745949864720947
1.0666459844857832
1.0595663538873050
1.0969841463213139
1.0266318170977293
0.9023366181830920
1.0849865695084597
1.0888114176793318
0.3579461264358331
1.0667172822681683
1.0851024719268205
1.0964902746251866
0.5388145839229003
0.9974766035038797
0.3172631935434481
1.0009738052389132
1.0829929370147786
1.0954516557810614
1.0643885995418856
1.0963711990718537
1.0955429674821877
1.0960800564828239
1.0001087881526791
0.9999939506099942
1.0527882066398266
1.0646565941349639
0.8592929744983943
0.9995043500592290
1.0588894656298953
0.9265092032631819
1.0872671702719852
0.8392753734496201
1.0729165223708317
0.7741377905549781
1.0919628826305567
1.0956754897811676
1.0771643832289226
0.9088511948001317
0.7412704840814726
1.0972106855523160
0.4369033093504950
1.0839406915547398
1.0946766370290901
1.0799367968356821
0.6765741496273475
1.0218905779534166
1.0607272422387264
1.0499280277967915
1.0608721473798510
1.0948961003850886
1.0958453073479621
1.0979046713571385
1.0943202507801579
1.0562981825459785
1.0847290015859665
0.8778388187384792
1.0880516342622597
1.0359110623255861
0.8969459181329562
1.0900188736649814
1.0983248224909166
0.8949195250983778
1.0827298599800026
1.0825261572783311
1.0509131001972076
1.0052681832447197
1.0944170590292761
1.0406823982026352
1.0957490280992490
1.0954555225213618
1.0428280198273290
1.0173388525796718
1.0332204154148541
1.0235071725109037
1.0291034149511182
0.4828480796452418
1.0878866201912094
1.0684905722028102
0.4522694557788195
0.6811669623726653
1.0907030488850349
0.8641554073330823
0.4773258983462557
1.0952500128079721
0.4961455105102932
1.0952990438128334
1.0954668600995445
1.0836396995474755
1.0958566303036286
1.0400457220049515
1.0655226079360021
1.0666934040856826
1.0858042573645523
1.0845328523577240
0.6624263794206182
1.0902493156623596
1.0766240544394861
1.0886883557390505
1.0013083994721121
1.0848284298134316
1.0842021289731731
1.0920777469148666
1.0875628034741740
1.0215092871536229
0.8698540261919467
1.0679509440942152
1.0954207596854730
1.0962277135488459
1.0218073101151730
0.7631696263112029
1.0794495494277339
