-0.1346464100939463
0.5328547473123414
0.0724921286787519
0.0268452076948449
-0.3505771046122097
-0.3869339825806328
0.8829338804702997
0.6871821452651588
-0.1609771299822153
0.2029835680150055
1.0168192405363221
-1.1205778262597497
-1.3537573231311186
0.7212115643655460
-1.2422115275745516
-0.5294545445862937
0.7653833269800761
-0.5011395067785804
-1.7446855107719543
-0.0689923498160128
0.2406535256876156
-0.5907680739617148
1.6801613287992374
0.0543249029503834
-1.0272616567139119
0.2391048092602567
-0.6442208045748569
-0.6818998291452569
0.8842624370860828
0.7098505957878622
0.3699044368697016
1.4183969119768818
0.6628230534540659
0.6333299379775422
1.8728420281633817
-1.6250996197344796
0.5493038043520131
0.1897643256783448
-0.1286917459324423
1.3055797144306647
-0.0713708978259751
0.5117111379995907
1.2795930664237996
1.3951273539613891
0.8318290098111519
0.3430086852581324
-0.4868261011791067
-0.5366163029163040
1.5888514448727900
-0.4930390471575078
-1.1502164963821837
0.3853926659968028
0.1651013809798708
-1.7221695225273699
0.1092825322323198
-1.0348048074604019
-1.2409425819153490
0.6142059144531322
-0.2458247599764014
-0.0909173077391717
-0.2218682788748002
-0.9172062510111306
0.6915041180732500
-1.3913317464564772
-1.2226880194452467
-0.2912493272973890
1.2207976618902729
-0.7456565318584758
-2.4286434811318380
0.6356482744063792
2.1994569638218406
-1.9673385950668987
0.9650221404781441
0.4247453913844240
-0.4383687781297516
0.8408585077428565
0.4312654689567261
-0.5227104397140875
-0.0472573148340217
-2.5047313387302998
1.7961913315193190
0.7038846529872834
-0.6828119732432243
1.3068674397155375
-0.0411518892927702
0.3987811085293896
0.9557102464576377
-0.5415755465913273
-0.7211983278927889
0.8433387961731257
0.6402399447525452
-0.1404709980678977
0.8460234634007076
2.6637120301864328
0.5972237549500989
0.7815329694760889
1.1038751612291817
-0.0997524150841259
0.0276591881775866
-0.8725771299894813
-1.5584928063334382
0.2415019388548753
-0.2209896896297626
-0.3181600147354645
1.1141004681034208
-1.5807343428403609
1.6492413737926030
0.2265479202565734
1.4472076325742400
1.0058995873406573
2.1767910215223711
0.4848010189330392
-1.0036588056276718
-0.2691918708317594
0.6187117310441269
-0.8268017628652226
-1.7385628939404354
-0.7715097418559675
1.5583548793430793
-0.7103836393500822
1.2017153423051492
-0.2475063864613818
0.6189352986146323
0.5855713680239902
0.3050562405064908
0.5864333552793777
-0.1679165954582479
-0.4850997919433253
0.6835458950176057
-0.0086922115994480
0.3521929814066727
-0.5777898061780445
-0.3330359097731644
0.4965161044788298
0.0965053964416735
-1.7755517585245726
-0.2253654583019749
-0.4642096419204606
-0.5704442099762060
-0.6807440215167524
0.8540998259540095
-1.6464677434682811
1.1245885693819311
-0.7422743112336783
1.2611214042467906
-0.0804272220614400
-0.8180026629719270
0.4168227479745852
-0.3844053776301730
0.8378144200413317
1.3278606108471864
0.7408012090784769
0.5248126907436560
0.0285130959392877
0.5013239307835391
1.5840892417457071
-0.6661017021920208
-0.0639548816843595
1.3772788242737655
0.4854744020083878
0.0590989708356690
0.3835732039883975
1.4168824096182917
-0.2524604247240546
1.0249062518181098
1.4264093721208366
1.1306558251654908
-0.5753994082412688
-0.3650594250685641
-2.3496840134566237
0.7312018246229084
-1.0768260444408457
0.3658598817971506
0.5206116715696104
1.2963926165725790
-0.8895067326231298
0.0440553115593311
1.5181578579881492
-0.7319153120038512
-0.2222989746454401
-1.6682234698879850
0.0817307335202279
-1.3733835078771275
-0.6038868203583793
-0.8395725184421937
-1.4887065796328793
-0.3477788870303392
-0.9407594747166710
0.0490176625632402
-1.4700094037773419
2.6369676623539600
-2.2220625172354445
0.1194203672826728
1.0958328997009223
-0.7703783418753058
1.3452914322612710
-0.1717085195214450
-1.3749580455519448
-0.4079623100658337
-1.8982547146920330
1.2908410025729005
1.4028636953762958
-1.5913540925869603
0.4175732012721285
0.2250099672203913
-0.3680241216197555
-0.5708227666473642
0.2756765466995204
1.3593886478059318
1.8539831196753653
0.7235174991531572
2.2650066819258687
-1.7948528281757270
-0.6438106010669130
0.0208494032343755
1.2158288691413282
-0.4178881988775230
0.9823481264302982
-0.8151382915199281
-1.3829584122865712
-0.7545983459578427
-1.2838215998020468
-1.6650709578630181
-0.1394629557206192
-0.6992309617580595
-0.2309228423731256
-0.4944092536329318
-0.6878395279205015
0.3435016625625571
-0.6227825832018254
-1.0227437411928411
-0.6534735798562205
-0.6922305288349175
-0.1880121591418027
-0.5980131564764927
-0.8134648807875822
1.4046998257942849
-0.8340317934676440
-0.0867571981912173
-0.6622723769518480
0.4701970972236329
0.3055098038782447
1.2677396078016141
0.1714057778550369
-1.3714681475775652
0.8386212377534140
0.2145926792062292
0.7202174545874074
1.9244235284122686
0.6751301879190672
0.2885955290692552
0.2678727815584499
2.3895267281961994
-1.4238193596205810
-0.2071376849045720
-0.4250555022514623
0.6332165327439280
-1.5779330967711453
-0.1405044701061713
0.6843535233927902
-0.1656749940272089
-0.5105237578157457
0.3646565003646070
0.5379492741419182
0.3268525889834482
1.0419277803351610
-0.2717306159815284
2.4947532599787419
-0.1822084319120089
1.4031889342714570
0.3030277831062901
0.2872942113482451
-1.0378498192291437
0.1553371059317109
0.9653227024185665
-0.2576090460496574
-3.3733634792658016
0.9050284180428232
0.4516599150156475
0.5264224919819632
-1.9566304517504503
-0.8240553550130377
0.3521957677142432
1.5256223228322250
-2.8227127893799304
1.2601372788882612
0.0627932403945187
0.1743777654459295
-0.1603077491686892
1.2868014819000944
-0.2365094203106554
-0.0037164537716162
-1.4538369046155242
-0.7515897952041068
-0.3548540832727768
-1.6928549918089599
-0.1870812292828577
-0.2627030979352321
0.4158549371821711
-0.4562290915167456
0.4954301455705638
-0.5427709656385977
-0.3307836384347205
1.4975046598848369
-0.7879588265200124
1.5104404383454177
0.2034478118726262
2.0230910839440090
-0.1318460773309855
-0.1710422952773885
-0.5267526406713884
-0.1252325126280460
1.2193386459297615
0.0642441393068281
0.0733006328786466
-1.1609266653760690
-1.1909439620120961
0.5729569797381799
1.3250629234583662
0.4970372800037884
0.5830900254841278
0.9091849382979403
-0.1284658210081512
2.0658686801277271
0.6848632517345852
0.7444763188672134
-0.9690143993185589
0.1629182074671179
-2.2708252435699356
-0.3282609817081841
1.3440399240358054
1.4228047536737745
-0.1876188567236946
0.7020958286473581
1.2750708181285104
-1.0960533359905242
-0.7095150179150370
0.0195813764216193
-0.5355015195962038
-0.0706119385609658
-0.4435985828126873
-1.0405326147541980
0.2353569130130824
-0.2926726516942341
0.4217685066244289
0.3583100595447603
0.5369980373757768
-0.2556053471862588
0.7331407182992554
0.1955105240768497
-0.9926738516352567
-0.4046358791210107
0.0317471913320154
1.6472090244907638
0.7030244307356335
1.0269926535280038
-1.0626568119680333
0.6000503867459736
-1.0610296813084785
0.3614046497501996
0.8141323603054996
0.0066802305794056
1.5185358626653576
0.1723402260263419
-1.1264162959555393
0.3308485426427723
-1.0603748059782323
1.3678473889098446
0.4881380808265183
0.7487593691805513
-0.6000586329599470
-0.5440297360220979
0.2001301148156131
0.1588006493932706
0.3719103008809984
0.0818317971760843
-0.4404268800662219
-0.8126021562129089
-0.4781952635704618
1.4236898038645298
-0.0176863042532423
0.8880020511136499
2.3453022266400163
0.4807190602042526
0.1154462410435919
0.6972904012681997
1.8958458456059601
-0.1722491701786646
-1.0528568675426875
0.0971750879831955
1.2387134201005066
-0.5257253948176414
0.0005396713673587
-0.2948639279991117
0.2550743786056388
0.4038904325199120
-0.0590411051356893
-0.9145743800937712
-1.6438081572143484
-0.6064732426820798
1.6795926363054925
-0.0400096009482281
-0.0025053500602519
-0.0026984985553174
-0.5434802369675419
0.9320400970491525
-0.0078816229846217
1.4311551647486058
0.7901051495988111
1.6150992714919092
0.7576906192867384
0.8363906196129147
0.6862523363213372
0.8942838421582858
0.9220762377982358
-0.2420767801759149
-1.0113151209215037
0.2227117114772088
-0.1568370620694245
1.3564447657871350
-1.2195945266622377
1.3499550342352935
0.3537923464783601
-0.2403132396694531
-0.4865331306508581
0.2250438665412567
-1.1137771976696775
-0.9219360721748955
0.6861188801695016
-0.8283192077738269
0.1500576201198470
-0.1165348210976562
-1.0750318976490512
-0.3727379348367612
-1.7397019058309733
1.7774785701055775
0.6328035450777971
0.0158787382681594
0.3797374201386676
0.0153814153096364
-0.6188924574077532
0.6334247437252035
1.1203529572712794
-2.2092957393069188
-2.3507505193203992
0.4995461904305636
1.0480479855021236
-2.0373519993875084
-0.2789189129483776
-2.0036004842267601
-2.0364316832498091
-0.8795220860604478
0.4634215526068024
0.3662975383595461
-1.0258319710634025
0.7890975009562784
-0.0777230411130178
-0.9320879238448531
-0.7765995453500945
1.3672004427105697
1.2251627270578378
0.7536717522993110
1.0491118182433261
-0.7632778577578166
-2.1475236094697254
-0.5986828498463487
0.7429533425419431
-1.7147836092256730
1.8366691078406896
-0.8743217569684574
1.2032358681066122
0.2634267410397410
0.2714036132359251
0.7617315106347486
0.3346700953549022
-0.2779165138046687
-0.1286257245340439
0.4066241040743824
1.0899251323137935
-0.0200940116957728
-1.1527226608794479
-0.1420686799141232
0.2426017035540614
2.2250826251471794
-0.6290750469351203
0.2175817443028445
0.0455078197235664
1.9528875280706854
0.7833740554852995
-1.7542749125915056
1.6771116394305812
1.2105136581662397
-1.7746281727819202
-1.0245195860010283
0.7016869404091929
-0.4210269041951739
0.0850197766646709
0.0472398427681888
-0.6384341494138753
0.8836897983641795
-0.0057805721874581
-0.7117034581561172
0.2098072945216768
0.4720017568779006
0.0788104341805550
-2.5840657184231186
-0.8218083154752985
-1.2317093618448383
-0.5153188738830777
0.2604009194135212
-0.0065512597196894
-1.2085755692711526
-0.7830691351953804
-0.7842522836862319
0.7188007026729544
-0.7160615743850622
-0.9646835993263611
0.4977970272897622
-0.8130417591295459
-0.8319726590757557
0.9251896020887369
0.4177261033474369
0.8915358983501129
1.4090814227443162
2.0136139070754475
-0.9887232946909521
-1.6653438352283587
-0.6166549676686789
-0.5977196056693442
0.8495123715507981
1.0975904174974673
0.3386458875990794
-1.0430921715857497
0.1954896088048990
1.2985795331952241
0.4031638007865836
0.4933036602148625
-0.5509697972442067
0.3223884624095003
-0.5299317233642072
0.5783688081022214
-0.4930095591219751
0.3859100481627918
-0.9817971878375990
-0.6980840296707796
-0.9062352355070269
-0.5349339261157843
0.0350722988324578
-0.1423037426560342
-1.1117539520007480
-1.6461875875530234
-0.7421006278750578
1.3547142995161325
0.1042415229027008
-0.4103346797275998
0.0393982984080005
-0.6031003645843598
1.0593839438758272
0.8246230106561278
1.2826547674717104
-0.9581711999932859
-1.1256451926356879
0.5273999965409413
-0.7113679888922114
-0.7383648711968512
-1.1089635407622653
-0.8503540681681167
-0.8279669762170975
-0.5025516967493865
1.0854351523643422
-0.7963302683950745
-0.1025001281184098
0.2175244746155618
0.1724544909856797
-1.1078824692876348
1.6522424233100195
0.0056808460237391
-0.6938114613870061
-0.0102242992310654
1.0792620335352801
-0.5347229148541478
0.5691017506967375
0.4787006094255297
-2.5929789785217303
-0.0133923733443826
0.0047719132877890
-0.3944862508597586
-0.1500527984318624
0.2947361660372040
1.2769786442518198
-0.1271474634208322
-0.3670362619908747
0.9107744238537719
-1.7758852371463687
-0.3888455321506060
-0.0735701408901142
-1.2000636524617947
1.2661638065850076
-0.3180215567507600
-0.5197691492213756
1.0350802136615362
-1.0114323522867126
-0.6856707076652790
-1.9544907349176217
-0.3662409100378664
0.2100868344196443
0.5094822039334876
-0.3644692117087824
0.4099405437679679
2.2259182309324657
-0.8626159554917927
0.2420450796346200
0.0435568082732215
0.5525936287060379
-0.8501166058055222
-0.6182304197938531
1.0073410010042041
-0.3398850827243889
-0.9464599348122504
-0.7602301448483518
-0.2293806499140369
0.7382833287800187
0.0201915924306394
0.4928302728596866
0.2484321893395930
0.0332331487771510
0.6820765589818601
2.5349130271492051
0.1839410920698763
-2.5006822999019911
1.7148440510674114
-0.6386146381363477
0.8540013505847817
0.2152516389156562
1.9198863964413604
1.0114340556938723
-0.2791452736815775
1.4179530130469877
0.5968537607170699
-0.9139379478987447
-0.3223570153253193
-0.5790696485198462
-0.0001772289964658
-1.4671904476271400
0.6259996850614498
0.0339637775061159
-0.0169396160868785
1.9672649943237401
1.7563575301108199
0.4101068422157170
-0.7147334060872484
-0.5492133890799631
0.4099939746230566
0.6564216302627629
0.2732951857480445
-1.9100249124146669
-0.8253233312896968
1.1059333185147491
0.4037276447425417
2.1212704504708255
-1.1922518134450735
0.6077931763658460
1.7555600215508176
-1.1192829252577947
0.4547581330508254
-0.8782827135615253
0.1032150731443991
-0.7462122561542448
-1.3434864489822822
0.9404420836382341
0.8359918952406864
0.4892095158250146
0.2040161507773359
0.1490714134934332
1.3789941080858996
0.3256090341285981
-0.9781157102075861
0.1084267421233666
1.2035364423397068
-1.3692328197471484
-0.3884459517012110
-0.6547755485440233
0.1174473496541361
-1.0387037909822665
-0.2458875663924855
-1.1646006218548679
0.7958247126695823
1.1439219002417997
-0.6228988373918148
1.2561593603976213
1.2249409569637206
-0.1175182895964114
-0.4030509289598135
-1.7548117133110015
0.6844138515468517
0.2381963155512215
0.2442955167736178
-0.0966659517849995
0.7025267471381338
1.7191735223876876
0.9028215650534067
-0.0024468247035222
0.1569623848522535
1.4225860768339624
-1.4370865174663470
1.0314613462199174
0.3181122031037036
0.3523595292293127
0.7106467474280074
-0.4139965196800074
0.0613101770206072
0.3446974675995163
1.5017165034470847
-0.8787410612351544
0.7348694933197433
-2.2775045347330121
0.7882685758058894
1.9720372427188086
-0.2113399934243645
0.3329060770395630
-0.7673702592236403
-0.4351439530704411
1.5517439276709240
-0.6530735232155501
1.2037138397009668
-1.6736340288935314
-2.7868920201868308
0.2147120594542801
1.2797541892348703
-1.0181083187455295
0.2329015737573221
0.4822923875139219
-0.1676906096692416
0.6421120257512182
0.4616121017914077
0.4773045138267823
1.4205549980953425
-1.3671213164210951
0.6142356840141204
1.4909515026409434
-1.4943965831068200
0.5919200301991517
-1.4731019599492041
0.5739787400662807
0.9326425746469402
-1.1729620357037183
-0.8198244202681834
-1.3353348322146290
-2.6500056805570549
0.4765694848453838
-0.2817002297615999
-1.1118831466938472
1.6845305085407556
0.3166192287298675
-0.0971392188065281
0.7528515290707064
-0.0522370262857947
-2.2485161420382695
1.1700919798462452
0.3668930110719500
-0.0891566325719790
0.7187429216596198
2.0455156451109624
1.2558965212896527
0.4033288467911286
1.3633184473097861
-0.5235349410184040
1.1072917780283438
0.3387246269952510
2.4680614935594019
-0.1003517814185465
1.4632804521593876
0.2959207891994126
1.2233025923261338
0.0137701423109144
-0.2237315200086543
1.3484017268915944
-1.3950728574464306
-0.7142985301452464
-2.3461079304081571
-0.9428315426408441
0.3472573376220776
-0.7506314622487645
0.8435710692839278
-1.2032398394138983
0.7738466705144633
1.1793611693684509
-0.5024178389056628
-0.0564143100554806
-0.5463331934569967
0.7968828090337758
-1.8896139358402264
0.7628924638435407
0.4171209154868004
0.8295525870408192
0.7581247284315190
0.9310476123436450
0.3849535990727830
0.4957646591118474
0.4632216820769998
1.0565964540103401
1.5517347577515155
-0.1241232840448897
2.0591131454331002
1.1689004971161141
-1.1838264373404161
-0.7806952724447261
0.4554040833726819
0.2559035221204504
0.5212536922553794
-0.8705602191049121
0.1813161504923457
0.2137780842296886
1.3879018001793610
-0.3656184002089039
-2.7834999629219928
0.0433561638522024
-0.6024745070710869
1.8766465191538957
0.8795268636934821
-0.6202344253875588
1.2148539705421266
-1.6688127370222270
0.5621605781415110
0.5039085947693857
0.5539759903448693
0.9659416839909863
-0.2338307621406603
-1.2059767468668325
0.5882250331832254
-2.1485212655163415
2.2354526964666595
-0.7920207348402045
2.8942830803310109
-0.0396207691132419
1.2142673525501824
-0.7866514676479346
-1.5261758670299319
-0.0949855364341405
-1.0834389760232754
0.1968229718891138
0.5294369531596684
0.5582761194107267
-0.7651121412746087
-0.3077575928587353
-1.1743456056552222
-1.0011470485522009
-1.4313373274421581
0.6517999683615060
-1.9789172624075355
-1.2442505821321994
-0.3329112307623271
0.8204670737434562
0.2158449083800388
0.5221635826073041
-0.2674155619861164
-1.9530113923778769
2.3511331100954704
1.1939378931771947
0.2508814435511218
0.4035551555991250
-0.6678462417242785
-0.5344391223988363
-3.6252257400406314
1.3306693270795336
-0.4254713328539396
-0.6119212571532333
1.0233446855249955
0.9672065073961366
-0.8183830934822820
0.2376827749139552
-0.3935153181749660
2.0090001851461969
0.0652636785064886
1.7802294967740524
0.4383183701379321
0.3475241676952336
0.8601559128182917
-0.8496966751123440
-1.2896662106120460
-1.4595682251541970
-1.4354786267905948
-0.5288107244367782
-0.2679764128119860
0.8076289893447488
-1.1434986746790115
0.2562522324740311
-0.8342118128603352
-1.1248879527458655
0.1183905742822492
1.2058752271969393
0.4249705389398670
-0.2459312933504760
0.5370889296954900
-0.0927238222533108
-2.3898654813895130
0.5107689820270342
-1.8458952959037249
0.9354987443616121
-0.3839683729683431
-0.8137194009448115
-0.5627619167431447
0.3267565589397730
-0.6574625508050257
0.8897165419340344
0.1366863180166052
0.5594046350134746
0.8962472270927171
-0.6121979922398756
0.0237603560384101
1.5099337610920951
0.3757424614856683
1.1009783303813154
-0.2013081258092011
-1.0064179562898972
-0.9704440489222433
0.7683591047652255
0.2133559951816499
0.4592139867807833
0.7652094800139638
1.7931971970093992
-0.9859154529366662
-1.1996656956601068
-2.1695654658810519
0.2832823098365087
-1.8371825776591637
-0.7663975545741170
1.2960969277225676
0.5387435104440158
-1.8003153960297333
-0.3677411002970588
-1.2703698552177052
-1.0291021958472539
0.6971911699656885
-1.5406255004439844
-0.9459503112289153
-0.7923159874400418
-0.6225990857884902
1.5309853649942642
-1.1786256157488513
0.1888524660539681
1.4594560300879893
0.0691979186897200
0.9713788707571666
-1.4137446147578534
-0.8219366490089002
0.3728759006004932
0.3570412708473165
0.0285000587232849
1.6530040791657774
0.9456998501654974
-0.9261347515803152
1.0228897231573679
0.4691753312933876
-1.3717629712703259
0.0022970523400237
-0.3399822126281867
0.4904854130134134
-0.6108986737634358
-0.6853353075853975
1.2580835189989861
-1.3148791571679739
-1.0147516012905560
-0.3272007812463263
1.5516314125739818
-0.6110236114536991
0.0203227473653202
0.0995383729004338
0.1089642962963912
-0.1496654467139326
3.0917575312261878
-0.8333968312697230
0.6105257439830695
-0.7556869082258830
-0.6791567061373378
1.5570796590980460
-0.0414837588825855
-0.1660436962117065
-0.3136061268949719
-1.1377657889939607
0.2151939058101819
0.2862496866583387
-0.9095955055550906
-1.8989130604840896
1.6135204019209275
1.2357467007283218
-0.2055285597500301
-0.3915498168207127
2.4784575608957971
0.0806499176874826
-0.1207032764870983
-2.1409995907290416
-0.3379325071038945
0.0709469181825124
0.9657373850430119
-0.9366448099932412
-0.0004262191948846
-0.6649744757169296
-0.8729646835541389
1.0023305607848982
-0.5937120316088361
-0.5382498881171525
-1.4923493752675301
-0.7266025842311383
0.9745338504063080
-0.4216040746047280
0.4861763158845868
-1.9469924080737604
-0.6369899772493159
0.3000880318584721
-0.1736903848622370
-1.1731831101131782
0.7569236444024066
-0.1805077846668931
1.2412392162842798
1.1738466256193754
-1.2005220344445899
-0.1571335214171473
0.8714412086809923
-0.5073727272648260
0.8201871786447280
-0.0431588558896433
0.7361420108202573
1.7971392351914004
-0.9623151204018130
-0.4076217723262334
1.4528927916958732
1.3287515792762521
0.0489128088408592
-1.2143993863911386
-0.7230265338522773
0.0261021568648777
0.0049899715515050
-0.3583283735725361
1.4764047604764818
0.0792542650321858
0.4159554878499072
-1.1087116986676493
-1.4461156109855420
0.9507756209258774
0.0578869783220965
1.9509256245644027
-1.9759913541836749
-1.1255495230008474
-0.5171573403892876
-0.1441604989396590
0.6879530041980434
-0.6185794707225893
1.2752211667160107
-0.1683426632764309
0.8551710962206642
0.9410107488020961
2.0243232044079860
0.3400069007768284
0.9916089662044838
-0.1740503101032879
-0.3179936210988735
-0.6485528543277179
-0.7883074794724557
-1.3625404500533795
0.1787547099473235
-1.0547977984784531
0.9124094790874395
0.3224302257496491
0.1256809086737688
0.7224948154154194
0.9506737436806826
1.1281862550847099
-0.1835310679970389
1.2978622117775793
-0.2270988914369726
-0.2180581429109276
-0.0622825564466642
0.0641631556950008
0.1473023188687836
0.2118440549732777
0.6205251823821375
-0.6051934431842357
0.7475303142158929
-0.3107924271955215
0.5737226748874620
1.2427829528545324
-0.3108353447484614
-0.4680796538971856
-0.7252711942743223
1.5503032984235134
-0.9889068036606931
-0.3599867379002637
1.3378362661347749
-0.3043972602137501
-0.5475947523942821
-0.1513334704737257
1.3681911144379002
1.3462608342212738
-0.0030452416783066
0.1517360236186795
-0.0328330389888357
-1.6212977767155219
0.2108083784345333
-0.7940050850926308
-0.0207418716152533
0.0330882618492354
-0.9543843905768310
0.0807161042208348
-0.1333846911561645
-1.2454099070033924
0.6981511885870165
-0.6145173511468554
-0.7143916783417483
0.1790918378945935
-0.7122985034926861
-0.7729759618602531
1.4678494427674247
0.5870317648321494
-0.0321857925079597
-0.5109549167943306
-0.3757312635369671
1.1841754385467300
-0.2569606242715148
0.9857016053594247
1.1751887535481880
-0.5474861133851384
1.3322524593042380
0.4063136453361644
0.5868215149426639
0.6679772767204036
-0.1749908004039503
-1.0361952784968795
-1.2816489688897093
-0.1784050995430281
0.3192764863867881
-0.3304616648285389
-0.9549754590026285
-0.5253593056970487
0.2901125616363460
-0.5456913705808282
-0.2426680160947642
-0.7376222236029547
0.4021096553126602
0.8268953734761836
-0.4273731634951481
-1.4265503207791299
-0.9380046080211086
0.1607794749017700
-0.7302923336644378
0.1153842519253115
-1.4741037555675824
-0.0330545909666380
0.2196596726144662
-0.7633462764962229
-1.2154677083715053
1.2391421544150694
-0.5195299262878156
-1.0220561499576737
1.3861985188650767
0.9789408891396865
0.3449135199618190
1.9425609917487736
-0.2047145206434529
0.6016968526166014
-1.2870323077373473
1.7811699034157804
0.1606777524003399
-0.0943074023951139
0.0895901483629933
0.4712037199758330
-0.3767288109045928
-1.6098466101331210
0.3360831041421055
-0.4488716990784499
-0.2872126579231583
-0.4386045178651174
0.1832728639107283
1.5165245483393024
0.0014779281633957
0.3318495276205016
0.0185694354729126
-0.1756846139186852
-0.7010026979447533
-0.1967369464075238
0.1671369716986578
1.2960238032285003
0.2589534272057435
-0.1124212242984346
0.8991208394779089
0.0200453840343802
0.3386078523517838
-0.7939553597351650
-0.6344158192779493
-0.9793153451361718
0.2105186933250535
0.8214692541803745
-0.6626554467209501
0.0746470783279979
-0.3538718521106706
0.9893193492293632
0.3738817811140860
-1.4320937531489091
-0.3513125140786098
-0.1271508846294966
1.6698151258286791
-0.1251537244044618
1.7937837720255436
0.8912162049245274
1.1420830359411693
-0.5432757117163013
-0.5550970451268005
1.1712869859602497
0.9424081324067057
0.2303848563324798
0.9642404742084143
-0.4031581296471765
-0.1911391970207052
0.8404646178173558
-0.7731806209996940
0.7645478081914450
-1.1391743925245248
-0.2607877146416929
1.0963690538968502
0.6596698880903943
2.1501511224127312
-0.2860923289389117
0.0350679282959782
-0.3557917872990948
0.0750306941535588
-1.1567402188653708
0.6505659452771760
-0.7419346074952919
-0.7827803783634040
-0.1881236582940934
-2.1554196262716530
-0.4077469587219002
0.9841815508580213
-0.8991354890242644
-0.0493315342808737
-0.7368332032143243
-0.7530089043378774
1.1740540566390443
-0.9282542504921620
2.2785719908102813
0.4840599401799588
1.1781121861567361
0.0173888444585733
0.2557022361729514
-0.6347492377988346
-1.7561486237888850
1.0324942600798617
-2.2190642806358714
0.1072479470732460
-0.0906502360337741
0.3925465411351040
-0.3997141823928931
0.4526110836776857
-1.0547612476308910
0.6826363081612202
-0.4158441413104060
1.2612227953575643
-0.5349947263015657
-0.0037424063041770
0.8976102469882545
-1.3294273773616097
-0.9837475760140004
1.2669260651670768
1.0743097332090323
-0.0831241694668043
1.5896372355630577
-0.8779799617148877
-1.5337126272121839
0.3959562442269356
1.3975055369263387
-0.7035636410116051
-0.3501454719397921
0.3832307700195648
-0.3976948251843400
0.5203529514908491
-1.0906792768661364
-0.2292783118936066
-1.9665536107130863
-0.1423389286195469
0.9011298049343452
0.8034303033331095
-1.4058996298269983
-0.6336907048020194
-2.3099500913119098
-0.5790099969854609
-0.8178127975787380
-2.0186760563790966
-0.6220044715884333
1.1936333621291133
-0.2237500441989173
0.6011318778409124
-2.4782714701647763
-0.7878732960886055
0.1036248736880006
-0.1526471823082479
-0.7562610535733940
-1.9162403777006831
0.1978814548957069
0.5384184489387697
-0.8578239040006503
0.4846497393362458
-0.0968850111796775
-0.6551355333836680
-0.6922766484526408
0.9501076648096758
-0.8259315045866064
2.6590850775108352
0.1598512626282351
0.7921066657182289
-0.3496587146717440
-0.4375988991821596
0.2000509319553665
1.3487045001886306
-0.3602033386816687
-0.0432698273130488
0.1074125322557906
0.5166431179872049
-1.4744302939165568
0.9559363188910204
0.3381597058794731
-0.6499234703071766
0.2720925189231870
2.0232232754022847
0.5568863126805017
-0.5309916995309572
-2.1436595324826548
-1.5923197348765568
0.0297251488906981
0.8735551240988475
1.0990802355302249
-1.8676394935596088
1.0073603780106548
-1.7920232120207098
0.0867911102197504
0.4155231057919722
-0.1396347142212975
-0.9724643851337395
-0.7464322998075492
-1.6754058658611699
0.1005326072281795
1.1909554880577728
1.1567681411783282
-1.7075857632030436
0.5089380609338484
-0.4929251643094287
-0.8812136980757290
0.9118586134170696
-0.1554657138461130
0.0534601257133986
1.6973332787598401
0.6404539382196677
2.1976546399474812
0.5402809448640923
1.0873499391873971
0.4423870307266413
0.2406288025892279
0.9931667894225226
0.3579167438545727
-0.6461488170841906
-0.7388020780886868
0.4248158399996440
-0.6851056707332425
-0.0575244328278745
1.5747689316405371
-2.1322587873083090
0.6122029630729052
-0.0080553304433281
0.3675235122818635
-1.9636166907446717
-0.9993957307240254
1.6040251497753486
-0.8637827503062423
0.4559547436816712
-0.9820167726286498
-0.0242708852356586
0.6849391603179370
-0.7615182133474070
1.8051814222591240
-0.5854832442825936
-0.8642962962619694
-1.8333152091321290
0.9624357401515350
0.0372713801034747
0.0058213661231546
-0.9121510973893159
1.5887028902902671
-0.3563920813331581
1.2682652982956588
1.7216514533433507
-0.5788153762527453
1.0183508648673671
-0.8391272837796974
0.5074203482184222
2.2605044379618935
-0.5812714286903364
-2.3588798985622792
0.3163044598390350
0.3662957679492754
1.0111299258446609
-0.6087071781787752
-0.4177523197409345
0.9529604053732129
-0.2412008524445688
-0.4342783146214633
-0.3516174166562690
-0.4465931418051401
-1.4729155972997716
1.1937850003337531
-0.4537088421924523
0.3463450874547039
1.5644029246830014
-0.6713787442458639
0.5232750500716116
-1.6169509798809474
1.5010706155286611
-0.2508339065610967
-0.7784395288392755
0.2889752829771414
1.0234358085415949
-0.4191568564149712
-0.8251775935264596
0.3789498203162275
-0.0395817548758373
-0.8432812877055512
1.1837442542854624
-0.0415318026753358
0.2930364851173832
0.6016528491928547
-0.0487687859928121
-0.1011303179508025
-2.0775317991247606
1.4035981453538302
0.9188431432660388
0.7908724686433759
-0.0062602594581042
1.4646485771109967
0.6772327355006911
0.7737317905934508
-1.2222683889498549
-0.6870240188855528
0.2755719955611730
0.7160497579269098
0.1726643987491210
-0.1120098984090599
1.9847455893520305
-1.2654124337980885
-0.6491758528083386
0.5970223503101841
-1.3369467748540416
0.0326796456987807
-0.3548251394953815
-0.8177941719147080
1.8249045108730118
0.0194164916540089
0.0825455321362286
0.1894700082359278
0.0470950883196223
2.7592802196409871
0.8415572772837798
0.1196592397963272
-1.6129148261865849
2.3831002265891414
-1.2610178281632594
0.6759463609685225
0.8665770880659759
-0.4569527269498793
1.0958843991202727
1.7196956864496469
-0.3496861736221617
0.9206931934503547
-0.5376845917411149
-1.4427607897109331
-0.3274997262150648
0.4724972237404403
-0.1269447960503511
-0.7123392380720038
-1.3116388013662210
0.2296345908605781
1.1834978520967634
-1.2482879180171875
0.4582966038553957
0.4989476239988033
0.0955578206140303
1.0163149999661933
-0.7033442119010673
0.8162492438034833
0.1681393036836687
1.0316967650437869
-0.6107703638701073
1.9850757647544794
1.7398715510066147
0.3571345403146983
0.1829771778664807
-0.2579074467420933
0.0649999431049946
2.1440331626879541
-1.6490567546867130
2.4056887675863847
1.0276493638986772
0.4020533854574534
-0.5565660518951444
1.4190541595720327
1.0490531713195244
-0.1085741123992708
1.6305054909283097
0.0434666504629783
1.1076198827436139
0.1873499219430109
-0.8356363216609308
0.8405825531164323
1.2399745178820292
0.6717033830058625
3.6801608778924124
0.5541238020058099
-0.8443932367139814
-0.1286046744405752
-1.3382821359963020
0.8954074261456012
0.5188852955490886
-0.3184547042731254
-0.2682091845742929
2.5986606818882834
-1.1409741764446217
-0.5329923772918183
0.1587454085942844
0.2434195380128178
0.6039043977956023
0.3939905360559559
-0.2646299798336582
0.8042487845300430
-0.7594842906911380
-0.1821981378695669
-1.1258566921842255
-0.4586302686733185
-0.3911684718616769
0.4759495665532574
-0.0825994815466227
0.9313030574893203
0.6708507311311515
2.3696610127355013
1.2141729662075400
-1.5182762321717989
-1.9000662020953338
0.4818437586261065
1.6514927527754000
-0.2895787527040102
1.5165747807754089
-1.2036378389272369
-0.4520638246704177
0.5343156482042896
-1.3997698404181709
-0.0646345580724055
-0.8823312068501835
0.3213683874711280
0.0166377101373627
2.2669920732886331
-0.3272080419495320
-0.2255357013595431
-0.7585846266639974
-0.6674709763144971
0.9307510485387078
-1.2538690729627071
1.7551778074138160
0.3792212900073578
-0.6159434355438447
-0.5632090177050967
0.0692041179872079
3.1840116869420032
1.1295863951091087
0.5310781677682758
0.4595148716171352
-1.3568586782546839
0.2235625520064566
-1.1016303404285082
0.7322054371583245
0.3167766921187274
0.5896383174145120
-0.3875899887105372
-1.8958478957447720
-0.8524493252668898
0.1925301558782868
0.0715538235233770
-0.2014039257618299
-0.4764358124874403
0.7159708259363207
1.0183988023785870
-0.7308560777537972
-1.0816532095803009
0.5370634985175847
-0.0846315493693689
-0.9355422944462053
-0.9285242991699587
-0.0527993413485210
-0.1067031842237908
-0.6132132181458637
0.1751820348415603
1.8143806358300096
0.2548513688177963
1.6726043367954044
-0.0949494231418455
0.3082281141304846
-0.8831519835469802
0.5891967133585606
1.2791211129111533
2.2135832480192099
1.4698023204022255
0.6962187524325784
0.3103157604278518
0.5426265296042700
0.3139924218270727
2.1982498562656918
-0.9553552852663126
0.1707246436710950
2.3077084767105474
0.0031420926300723
0.1892227723210977
-0.0943227752799629
-0.5588525561717880
0.0369600770325090
-0.3047970398957913
-0.1114821977952695
0.6365248176457511
-1.3983182801326326
1.5445074209944945
-0.4476290632841292
-2.2341882743290240
-0.0612754320713719
1.2327920502169210
-0.5612055845886462
0.3057675840614391
-1.1857855856337027
-0.3961910116636386
0.6346115421300852
-1.1832874324763427
-0.2743207247939156
0.2452581230497640
-0.0454333283670333
-0.2944031992283221
-0.5031227766236278
-0.0074571644924752
0.0239509438848739
1.5971630407125676
0.7930066804568072
0.9195395731896844
1.3554782341724092
-0.2030527316456747
-1.1496960083282974
1.2207487565303108
-0.9590361697087931
-1.8775257436476098
-0.0310127100685298
-0.1108469096678803
1.3042990505548497
-0.7523167661483404
-0.7201983209878636
0.3545046214592077
1.2845725931970733
0.3711431164278639
-0.5619898434025052
0.6605048760706538
0.8584289892903187
0.0341394846868673
0.1582029759668827
1.0645487207733799
-0.7589057950367492
-0.2941915183094608
-0.0194005001434856
0.8307696119884647
0.0539582524817151
-1.1907890062488682
0.7459332169769621
0.9539462272792848
-0.7222248643147950
-1.5988575010482762
1.3032997481955588
-0.3050568846900296
-0.6310686263913232
0.8659654857636330
1.1685237459221351
-1.0889394197034863
1.5023002966992154
-0.2921914770069942
-0.6864734672970300
-1.9688834627895857
-0.6777525225352158
-0.5308941486616485
-1.9758153267651433
0.3135283173588525
-0.0113862451989981
-0.7731877629232701
0.2965990559971706
1.5024956502781812
-1.1109867001809812
0.6948300395924258
1.1068196206940226
-1.7568091224973743
0.4470563421981018
0.5254481631633890
1.0807140618719133
0.9151423462561673
-0.8406595272945361
0.9345780832986071
-0.4128476036597888
1.8663179776082004
-0.2747103633064119
-0.7100545189384143
-0.9106003196357511
0.9988202608241377
-0.9777986034935171
-0.6248718156905091
-0.8183711579569393
0.2518918412928376
-0.1841460806767841
0.3363605877575526
-1.1147479041615074
-0.0063092407338167
1.6572290800941452
-0.2266954133320021
-0.6236712807581304
-0.5688765657414770
1.1538965950638216
-0.5935960816301262
-0.6223619586179069
-0.2902354064660945
0.6590191532783868
-0.1917519228098769
-1.1564686072119517
0.1150881932252635
0.3908901182229400
0.7141282107592541
-0.3711430254577485
1.1978918414650725
-0.6879013527291096
0.3092633193973328
-0.2410234482651107
1.5715474430121648
0.8383093615974223
1.4670907394050716
-1.8805641917715115
-0.2324612150069723
0.1448160858349278
-1.7533478243091238
0.5909118015648965
0.8360889403199537
-1.2585223969587251
-0.0986231368435565
-0.4915255616925574
-1.0326158899409499
-0.9810751521704463
0.0673112127118423
0.2718081454227613
-0.0283486813790137
0.1707502944761333
0.9658905148678063
1.1580854695957803
1.2433227154844828
-1.2451401711472170
-0.4227434583381682
-0.6434447691374886
-1.1434099495509069
1.6689403254115194
0.9906828151716034
-1.1127011235428710
-0.6944709494613226
-0.0893321516700053
-0.6652522151708316
2.4233714857578916
-0.1944110660333656
0.7403891996882132
1.8171460036718032
-3.0074119737057416
-0.0680933550015144
-0.4160888882794567
0.4255856689449678
-0.3220776451064264
0.5106119014827200
1.2002149880416564
-0.4833945951553869
0.1056367915546151
0.2467719812290020
0.0880500592592097
-1.0382846058620359
1.2765316098714947
-0.6546823511284472
0.6520481799460071
-0.1721814505010751
0.7461096410278623
-1.9431694626470664
1.3509055612999912
-1.7621227553552965
-0.9710975841663106
-0.1420244783783366
2.1708454094074754
0.5879231245567302
-0.1062038767817202
-0.0426893442407681
0.1961419941534769
1.9252582737743624
-0.0410883363959245
-1.7497885669322055
0.4189035619658880
-0.1899661947288599
0.7515937403819691
0.1453348121299211
0.3788395107142140
0.4185296824856212
2.0501431180181964
-0.6788904967854015
-0.7267739831158453
0.4184480834499203
0.7428349860546494
1.4708852769385545
-0.2458921549565794
0.5002346020058347
0.7466672674235072
0.4862166546656387
-0.2528131441870075
0.7235912768272965
-1.4475954651094798
0.8042074540590471
0.2340466411689612
1.3445251997146224
-1.2672501614171201
-0.9577613339838740
2.3686493518044629
1.1431619753782654
1.2833779000775125
1.1349926740029148
0.2133120163523925
-0.4278876750809728
-0.7127594029077775
-0.4995152952645773
0.4987374811784797
1.0977682165521552
0.1878289677736144
0.1465548019120627
-0.3197091349760847
-0.3046523259895124
-1.0178779820411952
0.8943637592610850
0.1183886212533458
-0.2666512899083238
-1.3802433946091122
-1.8312787182260100
1.3663884468594349
-0.7472340105943450
0.1560974792849871
0.6202691510069958
1.0572085126893658
0.0210324826645344
1.0472538263504436
0.8813264872381465
-0.4530367074997647
-0.6175508475790468
0.9161321513301732
-0.0378628624955204
0.4194912537678261
0.4734116574904506
-0.0231977661098779
0.4881820651232913
0.5595791693941328
-0.5525366894027722
0.7785698707867186
0.3734005878021984
0.4711567961263281
1.8299875518666200
0.5151043696726809
-0.5587638232826366
1.1996081734285113
0.0633138045868061
1.3124128301087168
-1.2055022088229848
-0.5038876570970277
-0.6904088896297188
0.3338819835622795
-0.9304662506316416
1.0674387799017850
0.6798435828027243
0.7750011304418505
1.7283124983322458
-0.6673784600377898
0.5483219173895807
0.2080553855071967
1.7144286622562281
-0.0229298451207196
2.9627937809068619
0.9902777597835383
-0.4869559034687080
-0.0617160345905624
-0.0594235580740431
1.0269643771866006
-0.3280338662748400
-1.0534953286545601
-0.0886574684204245
0.3157543298872912
-0.7323271499347782
0.1470786467184188
-0.1142507099511679
0.8185897340399010
-0.1191287249639536
0.0251263924771223
3.2394558903761395
-1.3794428873225264
1.0708050103095212
-0.1936876745936693
-1.2741906755250190
-0.4645419594533289
-0.7481239927665342
-1.4536055425074452
0.4660546385045033
-0.3107054787430240
-1.0109121525442180
0.1489776850224215
-0.2370264951857730
0.0610102098095933
-0.4297995975389717
0.0769552356526259
1.1038455614177896
0.5160629274894900
1.4822955283960400
0.2087217648244930
-0.6216335507456121
0.4084372398416432
-1.5609232422872992
-0.0881312369519911
0.4431328041843740
0.2626235202708628
-0.8719110187348585
-0.2712915893154972
-1.3286523916902750
0.1722384597545588
0.0423945344279794
1.5262801278242126
-0.1810839754333662
0.1742356775459016
-0.5514905106827699
1.4601353790690119
-0.6363495954478513
0.0024488695589546
0.3967332800392719
0.4418911893955985
0.6850606242204877
0.9760874804117891
0.5606333720635324
0.1741795353674346
0.7881917302857439
-1.2533407949273787
-0.3479537297596507
-0.1860147450968206
0.3910225474653817
-0.3663388495048434
-0.3247700095435374
0.2687562296580580
0.4060244617103256
0.3908806166042075
-0.7901553460508136
0.5817682725038527
0.0297545419149587
0.6515971893222334
0.9766758660161236
-0.7563176835889969
-0.7312035944963363
-0.2024128513313016
-0.3991290749683716
0.1255233401265069
0.4844563741518288
1.1658689781439140
-0.1424965378783088
0.6779877849905415
-1.5991015898558898
0.2133356076367402
0.3016083482269784
2.3095724386322671
-1.6430248830841967
-0.6169389034834032
-0.2971330808330587
-1.2638832651179581
1.4230049057570240
0.9027532263848532
-0.7148772031797341
0.5877495777148101
-1.1310158834815889
-1.0427146925657091
0.4901393281310832
0.0933916772690253
2.2334218744127292
-0.6428669197161324
0.0126421916559441
0.2219929265437439
0.1005039813527570
-0.0167402090672219
0.8127127072480259
1.1276961279305204
1.0166237536015943
-0.3290092046991841
1.1779221660977013
-0.0765458201749452
-0.9657838876346257
0.7389322840069423
-0.3498286872591211
-1.8356039722497965
-0.9716090109279724
-0.0218046430912356
2.1301431463383640
4.8086351540944703
-1.2246719989733836
-1.0689872381986225
0.9293563471925800
1.0837906518506122
0.0326147666753231
0.8315940920438759
1.2570988650672856
-1.8537167413358562
-0.9272579372459528
0.7211056789661218
0.6468130050985701
-1.4514690100272010
-0.7028715298765102
0.0281850529214724
-0.5726118347132589
-0.3856675096430021
-1.0112718123082198
0.6929179190435992
-0.3128311988108169
-0.9205221272488439
2.2888222685685782
-1.4811458904884891
-0.0830627550050272
1.3079351982279177
-0.2326781592340695
0.0794243916494199
-0.4074698518049789
-0.8693800404722313
0.2686569116569085
1.1486533555143186
0.4962244874122955
-1.2348928576206293
1.0229306334483910
-0.3769139980034792
0.2158511301813407
-0.8484502459447841
-0.2068333617181580
1.0356660069967731
0.8015662359026773
0.4878943741542219
1.1530797103336767
0.7097324881716938
0.6562822537788304
-0.6846431096697868
-2.5983102108524778
1.2412136503308731
-1.2382586286373298
0.2485451280863488
-2.7970503706371757
0.3561043924104273
0.8662871864889558
0.6787906234382282
0.3237499204744725
-0.4900619383878253
0.5853414524764660
0.8574880323647912
0.7966411673836522
1.1769846083186160
-1.0169747435308700
-0.6315115261259435
0.3183312621693784
-0.0051690363501622
0.9052120900441381
-0.8802353748433837
1.8124739382293873
-1.2502770109821537
1.3416978364513903
0.4354112028972985
0.8535858514864259
-0.7238150534059037
0.8806679574478246
0.6251647941636544
-1.1658132940034951
0.3822003914773990
0.1641453305246965
0.5631062523680874
-0.3965818114082347
0.5291497500134363
0.1582138389705867
-1.8327228824496895
-2.3285691087925962
-1.6304916968806822
0.8871058544368180
-0.5617358992429522
-0.8879884254222034
0.1271902409549863
1.2709161056113314
-1.2930094484781975
-0.8821986009634217
-1.0912079993460766
-1.5097129590389162
-0.1425979396890081
0.1064324400362428
1.1841804453876563
-0.6697973833852569
1.2092119638270062
0.0859990542522900
0.1570061094990121
-1.6863284995099326
0.4766846978011188
1.2177440345315202
-2.2038548402166143
1.3199161983886192
0.3729691236555581
0.1286094610793102
0.6466052147617153
0.0022183965206557
-0.2214932019300023
-0.0241208658498053
-0.5365126365300917
0.5895518905098673
1.5056064359985808
1.9084336341789296
0.6034341480805375
0.9506864154889388
-1.9251110376124991
0.0378893193180016
-0.3988331633087960
0.5749930283646025
-1.4678082386691613
-0.2855462260086277
0.5061551620549691
0.8500834333943251
1.1219261981880695
-0.5677297323513593
0.7935542871793377
0.9497386369230366
1.5629507249456671
0.4332785945296103
-0.3524005359178380
1.2992870795211982
1.0506153576990742
-0.0032616487281527
0.3235042304629813
-0.6890014222007631
-0.8442018437633405
-0.5122110672603495
1.6632405461298094
0.6764075624032116
1.0328689274075848
0.2101704031518638
0.0887185436573053
-0.6114479483616452
1.3247378975000499
2.3732847964904016
0.0382925655841874
-1.3411124552617388
-0.1940228218911156
1.3779097812367629
0.6311933014157894
1.3075995469585866
0.0127906502412844
0.8277266293829443
0.3499868349123910
1.1260971097079682
0.8586176091147084
0.5878958744630480
0.0073562926159601
1.2684581124713286
0.9348342840415061
0.9566801497143910
-0.2890345705009525
-0.6723908813801813
0.4745573897987646
0.3122866465520630
-0.8629829094864618
-0.0042346603033254
0.9926713608160377
-0.6252262136976269
1.2867439780922576
-1.3980363201175234
-0.4264981579129243
0.6528261889087439
0.3744321999050632
-0.6669873222757923
0.2949172145854431
-0.4325249049126308
-1.4122432723887648
0.4668660167730955
-1.1800479244683015
0.1035759935667154
0.2180302986604573
-1.9630802098726288
0.7824840921458589
-0.1588829109378077
0.7908129015783870
-0.5261928258368950
0.4556136902983948
-0.4581708837052192
1.2663386408995281
0.9972896013416924
0.7467568753477517
-0.4238003316220854
0.7365051132598005
-3.0815026897366051
0.1747379685476743
0.8917267133935076
1.9011439401223109
0.9246959265289989
-1.9858826592852461
0.5322029218798273
0.0816623137389416
-1.1248303482562125
1.5645850463659674
-0.2712577539389286
-1.1148760455764373
-0.3947591680160226
0.1549093032289658
-0.2645909254091903
0.8952305770065785
-0.2336343528005106
-0.7294793382809766
0.0893404835937895
0.0344020819080386
-0.7398417596104835
-0.1633724586971138
-1.6239730281442206
1.2684477625059334
-0.8205648064694732
-0.2435568877765923
0.1990075852449446
0.5079358968161372
0.0650492897031189
1.4164305667350909
-0.0102407986402139
1.7982664853928603
-1.6380577543754125
-1.1936506389151527
-0.4611831657367336
-1.5564753423569109
0.1466224317364769
-0.8961836438042632
-0.1082120315503131
-0.9333103461010436
1.2619038087729597
0.0310575569062267
-1.5108981993346566
-0.2273631242764008
2.2713169939635414
1.0728639512296720
-1.1840433435676634
-0.6896339562397675
0.0643824102307406
1.1011187169656180
-0.3451878404120858
-0.7690820874482175
0.1852081104768387
1.1734561869616726
1.4409088319284249
0.6239670023862481
-0.0351817660105986
-0.6079576047980030
-0.1533194326527547
-0.4739907655961714
-2.5100001133558232
2.0294613444841327
-0.3966146190814832
0.2660724703844219
0.3748326826293345
-0.0165754373764784
-0.3032422514429948
0.5172254713246381
-0.1443011170096867
0.1886774600274864
-0.4325461586838070
-0.8212426654425881
0.2240855701432467
2.1627220849578137
-0.3107503935225752
1.2560196505232222
-0.2952775784794411
0.0777578449674861
-0.1753126299105307
1.6345586724264034
0.7153698471096462
0.3576780289965150
-0.5702061235443290
-2.3629862324808797
-0.5810987766634022
-0.5707608442256651
-0.3210245708683183
0.3570319035940442
0.2605012263408180
-0.7140189519899993
0.5077745052822495
1.2582139663085552
0.9449882942151560
0.4931485421027825
0.4582310864056545
1.2569038444304168
0.1955950485974875
0.0838313625315013
-1.3314288973831065
1.1231896205413148
1.0807974199739592
-0.2783144038875285
0.3974114316637460
0.7446218859633156
1.2830291543625194
0.0049520571236788
-0.7861215105203675
0.8994150209711943
-0.5153979453421251
0.6883276845591103
0.4870541624663707
0.2591266562890332
0.4955678983384691
0.2040253510086774
1.0848614495070652
-0.0761770503893203
0.0297825322798884
0.0233401164006679
1.6444405805696416
0.0810923792055843
-0.5603892595792427
-0.7506362629751694
2.0550474782399166
-1.4630655727840651
1.1376809919917938
-1.0554687586513072
1.2632677655297899
-0.7360744864877515
0.5151807843954875
0.3625492287242532
2.8385027887876273
-1.1162863204816627
0.3341237644953435
0.9004092626100091
1.2283787365905416
-0.8734051028767277
0.1138711582698674
0.3574948572627242
-2.0486278376310247
-0.4639228202851166
0.9193219053295902
-1.0217418408688501
-0.6156190755465796
-2.3901412790675209
-2.0273952691466306
-1.5776169376233788
-1.7556570750108049
-0.2140482759351890
1.3433315807182706
-0.4410742147906932
-0.4662002043136557
-0.0502366512710016
-2.1215987654857935
-0.4642377424904343
-0.7443398645059275
0.9831935259533235
-1.3849750847689846
0.6672361017368617
-0.0844903526564487
0.1491892012032905
-1.0691846819265172
0.3234644398041434
1.0301834546607143
1.7850300029613340
0.7305097492899409
0.6634346191033675
-0.8261923822617684
-0.9796108213918505
-0.6930994444782529
-1.0726506644283593
0.1447382073733991
-0.5830439702624846
0.2622871450241716
-1.2429685240230328
-1.0263030858586741
-1.4573278381485650
-0.1553884325788779
-1.0174989242775778
-0.6723948939309501
-1.1012153511990035
-1.5168469555287540
-1.7341821617021345
-0.4530429279236295
-0.3205515971111572
-0.2458327954691076
-0.2815478873555477
0.1619354623861507
-0.2442017085281796
-0.8121257950744829
0.2255050153651962
1.1459976327528465
1.2081863931536192
-0.1299151341202359
-0.8262608686942341
1.1276837150138488
-0.2882639247197279
-2.0505786493562468
1.6087636106710721
0.0446925839037522
-2.2112297751873977
0.7553819507325329
-0.5233516722476972
-1.0678327016228093
0.2324161870462860
2.2545057393885601
0.6185497241625404
-1.6982334516960189
-1.2464384924393188
-0.1651444113471905
-0.0463698395381775
2.1191756646763835
-0.6130337578883744
-0.3365918161898988
0.6566524225214310
-2.7640564230774904
0.1957746754549783
0.4666744857615253
0.7685565457268488
0.2639844528377588
0.0023570951169739
-0.4150422438600790
0.1326330472573409
-0.6693737226919595
0.0651708206534934
-1.4782473646982983
0.8240185772762864
0.1504120306233046
0.2972069993733158
-1.4028184501403234
-2.0080787718543540
-2.2643285789202108
-0.6769236930010571
-0.0456221512073608
-0.3792598729929703
0.0700810139095237
0.8065582499700523
0.0631453785206104
1.4558479104108297
1.4914895440211564
0.8326483034959379
1.5483967873596296
-1.2901017239981230
0.8147015160152172
0.5144099885326628
0.0668567614602187
0.6744894223477425
-0.1569396748123520
-0.2898620980270277
1.4884115860673370
-1.9151225632701459
-0.4699512646098447
0.3446851898033639
2.3481176964839139
0.0021685408114575
1.4885866348326628
-0.5554719460213076
2.5555439823353203
-2.1202599059792679
-0.0167534314545705
-0.2168728706088631
1.7461825190283098
1.7643762192381138
-0.0792502941868274
1.1922665844255484
-1.5110584196860364
-0.3640296108397246
1.0356638495255301
-1.5488372226904985
-1.1688540062270287
0.1972858191041009
-0.9119119666436064
-1.4620251439550496
0.9895812967373920
0.0908599783826801
-1.1164689102464826
-1.3016673622220700
0.3777239197766750
-0.1667702437725349
2.1672328418615270
1.1395597994792226
-0.6585945013138965
0.3556750699019663
1.4542127004992427
0.0617568003070534
-0.3364089455543839
-1.1418795119345329
0.6879068723665384
-0.5891498835196619
-0.6566423556483706
0.4697104011331289
0.1686391444058197
1.3279605210069245
-0.2449843594839510
1.4009419707748616
-0.8646699910800187
1.2014739633813796
0.9935781077685454
0.8461365840658268
0.8812989194804317
0.2802965703183021
0.9001689881527711
0.9126880164395457
-0.3736763140028483
-0.2074976735349354
0.7925955982480078
3.0878225402444275
-0.2458788549753706
-2.0422533066447817
0.8658512138649277
-0.4338509142549582
-0.4549434928294784
0.9194454096267813
0.7257398244798329
1.0620511799152215
0.6217132666628177
0.3327480031250705
0.6985341328134790
-0.9097391580055029
-0.9304448449730892
-0.1941052422810026
0.2673099506644776
-1.9879300395882387
-2.6451202825236817
0.6891235673557593
0.3026275715680457
-0.0576705799052890
-0.5549018866029066
0.4349164302436693
0.5654122797138241
-0.2960365475569466
-0.4602270772379294
0.9737083675771098
1.2695373731286228
-0.3837737958116652
-0.6551236744437792
-1.9573867772523239
-1.2628959629486247
-0.7611547232353717
0.0700507287640615
0.2618347314335258
-1.7606410141284807
-0.0449720911309119
0.1961643484542685
-0.2835562830267549
-0.2260245820338471
-1.8165859619783540
-1.9330253783782900
0.4698826112987511
1.0287493946150232
-0.2403672770928789
-0.3503973323765652
2.6472002362305780
0.9080730398596502
-0.4842878687950296
-1.7024472008876965
0.7165463177324428
0.5913192767760282
-0.1748141175460090
-0.3216851647213488
0.6324408657957614
-0.5887744918571017
-0.6593557818207630
1.5672593200184604
0.6116267505805379
-0.0791107476789943
0.2472832076160206
0.4216557872209069
-1.3562099999528021
0.4649731671935579
-0.7468236098758074
-2.4707467903055873
0.2024611231028194
0.4496159204864837
-2.2837268745663799
-0.3784364108850892
-0.2447047427270345
-0.2476800704104314
1.3050154403678758
0.0634664448768120
0.4525609184610777
0.3947801362338600
0.0327265865358352
-1.9363123008441372
-0.1856828598749611
0.9232585216708601
0.9842207925674802
0.4657819348473966
0.9801542812036824
-0.5822261696944502
-0.6846466058280147
1.4735326738417089
-0.5408110720181587
1.4530380429987739
0.9253908827566063
0.5699138976279232
2.0453905846346738
0.0042882180999349
-0.6392053544615590
0.9388846409909015
-0.3325951199575367
0.8119492088374531
0.2579371826686608
-1.8925879714906801
-0.4065499708352904
0.4855026539950887
3.4246490217989503
0.1285195433708827
0.8222123254107561
-0.5223397860257953
-1.4189891437694921
-0.4806174389742381
0.8371707409309728
-0.4537285493039303
1.0156251744104328
-1.3406261061168534
-1.3496692451578911
0.6504167927288931
0.4182349336614399
-1.3474659403265972
0.9023740095292350
-0.1630693078751679
-1.8859874890342754
1.9955405036314315
1.0477054342025649
0.7554824969173849
0.4783088722832742
-1.2709382179194619
1.3383169300405826
0.2854271140953769
2.0700095631449642
-0.6788855632312194
-1.1036736794547664
0.9399975089694783
2.2783691911091482
0.5282815523821371
-2.2472803276211142
-1.1262820652063608
1.0747982349019878
-1.0533617282724344
1.3513039203535691
-0.2233257733699848
1.7587344084769780
1.6229694707032674
-0.4597612174976537
-1.2615069118436233
0.2838481792943549
1.1777750453749729
-0.1864185012703636
-0.3066101057799976
0.5436551975572921
-0.0355594343750152
-0.8050896701203710
0.2366259788072216
0.0648445184521422
1.2467084408625129
0.4102335021575853
0.8260185047317027
-0.2815011248391835
0.2510639707145128
-0.5929502901722288
-0.6736103620654235
-0.5404325344426725
0.0521510681024711
1.3666191249348318
-0.8893473662353012
2.6469261448670571
0.7615798725474869
-1.6511519094516360
0.0527274023959793
-1.4407746182712251
-0.8323605979456018
1.3086986620931311
-0.4209710509951868
0.0302670844572106
-0.8928109305427907
-1.2544481819000382
1.4213747774330456
-0.4378302888074435
0.1838729750395689
-0.5650962998946751
-0.0421578471531572
0.3215062738143984
-0.9467443181661884
0.3128044813281385
0.8637173309133500
0.8648962639975029
0.4513645426716532
0.7461211121081438
-0.6067861520055940
0.1672087148318611
0.9782560533675061
-1.3847781090858224
-0.5737461883347629
-0.5853768667342909
0.6668047035812965
-0.5517076447970871
0.2229893990632140
0.4183498108879971
1.6170550384601035
0.1545482056140850
-0.0317520300197489
0.5858359340515427
-1.5270087522447409
-0.1246275430668752
0.3795976461415144
1.0589379390285421
1.4653854896275598
-0.9502572629072626
0.0249775711676883
0.7817849465896111
0.6495049569757652
0.9224362770911234
0.1436868329357183
-0.1461496510907189
-1.2924654245903255
0.3933162964933944
-0.2389724997685646
-1.0678394808590312
-0.7404058037731989
1.5355621751062398
1.1887414566179932
-2.1990205019942350
-0.5302025521529676
0.0449144800538961
-0.2588378307257712
-2.0783339997459316
-2.0311622630181581
0.0847594537946799
1.0199427772805365
0.8358380656343402
-1.0537604735624233
0.7501995475531017
1.0592332405121905
2.6633555445743062
0.8326486598534425
1.5880848029775252
-0.0160295369975198
0.2369491924293284
0.6387733218571873
-0.5216339936736818
1.7767893452502497
-0.5495571482995208
0.7954214255068125
0.2812331080719919
-0.1855627759220623
0.6648006252842031
0.1521974402714574
0.5203910167301014
-0.6966040392265521
0.3815781221239346
-0.4713868057602845
-0.9384020724468142
-1.7365815102314768
-0.4058342348632115
-0.3885045477588835
-0.2238578214893910
-0.0147925851353945
0.8136718962562651
1.8993585019256130
-0.5890754465506541
0.1311260438126026
0.4963157673654330
-0.3031780031145361
-1.7585236020105270
-0.0171622873335425
0.1790576598996753
-0.8896020561817860
0.7509965852378396
-1.1941690438749037
0.3181797756975608
2.3630598609655071
-1.1745147434726939
1.8958015981455629
0.7533670052412723
0.0350340458993010
-1.3078152823595619
-0.0869328265976086
-0.8390952982301090
-1.0694073463280778
0.0064044673459675
1.7734803914598720
-1.0539128920777836
1.3462931734755077
0.4696017332606793
-0.3549317446591230
-0.5435228381000201
-0.3980703262029448
-0.7228115664011912
-1.2423851311927048
0.9191916895332254
0.3940470690808346
-0.9881290410083575
1.0409442979028765
0.2970914802495264
0.8076950593085590
0.1545187634876659
0.9949669091854280
-0.7985800071695217
1.4019508547886741
-0.5144825157203364
0.5097752049631474
-0.6944121132895757
-1.5888083407199891
-0.3627621248866069
-0.0355786063999962
-0.4161053372194537
-2.2966986838052006
-1.2446252015324661
-0.1105746202969813
1.7374484189371753
0.9954847251830512
0.5443364034556508
-0.1551778926238921
-0.9035901973587215
0.4972283570043471
1.4012222241074979
0.7928997895529880
-1.4236851311687997
1.1970490376256819
-0.2250333813552880
0.0641564392821815
-0.6787164195652241
1.6340912421936171
1.0119510072485427
-1.0093353396576306
0.3573506992056827
1.4488340822575272
-0.6342066327588519
0.0062942485884387
-1.0286813971123798
-0.1852028256613409
0.2929152104264664
0.1038387704775017
-0.7922537897589015
-0.8808260206100248
0.9371414919087161
0.3481814104674706
0.0617515791437450
-0.2665942796849553
-0.3758532164061003
-0.7562205902285238
0.2147448596419876
-0.8026426308849353
0.0128912360538580
0.5876179460674388
0.4023743415885657
-0.2356433961103657
1.4314571096333131
0.1845017547206859
0.2628098739716482
0.7132431656829284
-0.0901503773716601
0.7596141826478017
-0.2767935895954541
-1.2986027446692165
0.5384574519549943
-0.1048282954120189
-0.1987278900918346
0.0158410942460436
0.1181680124970237
1.5560004940761900
-0.0430937249983959
-0.8654422804825135
-0.4043658942781221
-1.7627107882832151
1.3367389147718030
0.0034893297723908
1.1624642096821340
0.9990904660677580
1.1409439532319803
-1.8812612590699287
-0.2713805753752975
0.1703920832437421
0.4904907211031104
0.4164445236646485
0.2912634306226979
-0.5719651330403450
-0.1113123674602730
-0.6563545893980133
1.2549196013352966
-0.6593862797218486
-0.8617735498568029
0.0152276506817022
-0.8505254734791943
0.4642799476152417
-0.0777233571278198
1.0273616449019927
-0.9254985757270016
0.2534152851088746
-2.6220351668502930
0.0712019565346412
1.9838502442035815
-0.3942410450755324
0.6426272127278062
0.9463371564244150
-1.4716455478983386
-0.1740646308327435
1.1104699701783520
-0.5592983778543873
-0.8898071513975088
-0.2673304192920558
-1.0505558238690209
0.2057539973457593
-0.3484773866468918
1.5146103460253295
0.5661567471254170
0.0536428645057341
0.4472355889356225
0.0845894774111411
0.0213231999424795
0.8056902180454215
0.6525747833377503
-0.8268614056510756
0.4341420349213337
-0.3394762407034493
0.3178339491022186
1.8303607918150540
0.8187135384990876
-0.9007378202127817
0.6874916533904604
0.0738352202183385
-0.2924629835864609
-1.1795103343285900
0.3642971826461596
1.7529916000709356
0.7503424619431796
-2.0207319110800177
-1.2327393256784887
0.4565318295765461
-0.0629716300783958
0.5086379788038176
-0.3809704659165622
1.5763490586316136
-0.5589539814792609
-1.2214222586870576
0.3193893805842733
-0.5297462870196795
-1.8615838571724339
0.8237922038795095
-1.3853471694097879
1.2004830315784771
1.3050004129878365
-1.6155816820474709
-0.3058991692879275
0.6869252225031311
0.3881987730351724
0.1462942448576316
-0.6907692452977769
0.2908909933415934
-0.5343352643776245
0.2223509601436894
-0.0338028684500883
-0.7665487142002839
0.6915938569318427
1.4153941043924576
0.1670295437268782
-2.5547943066083234
-0.2534386550713604
0.7101180779053566
0.2865426808101690
1.4092935593853704
0.9763841841978306
-0.8254261704163716
-0.3215713635409305
-1.2384502460563545
-0.0936583315063587
1.0468421784017194
-0.4310384134974077
-0.3054071539074998
-0.1701689306998419
1.6054492741658482
-0.2404969159432800
-0.2383643073127314
0.9406693842371625
-0.4833087882058399
2.2218613249855359
-0.7999148293893015
0.9763252191811644
0.3094318938107813
0.5491238161959587
0.0892061871367613
0.5675111301176622
-0.0820145809795056
0.5883501280369225
-0.8814918438014261
0.2701674031719384
0.4814382892559418
-2.0983805513402691
0.5144176323048085
-2.3304797231669370
1.0231951278033926
-0.1580199171406313
1.0184251277093619
1.5462207770389822
0.0113171727418050
-0.7217851961366024
-0.0355511377767893
-3.0813078087869132
-0.9278404486452013
0.6214640614534166
1.2304960683989552
0.9156860850527803
-0.3941962462920187
0.9442564271974568
1.2683102153214336
0.5237725487397077
0.5185619398473732
-0.2650871951627436
-0.1562384230659205
1.1274234159099983
0.3050775594077260
0.0153689590867356
-0.2511173588389122
-0.4287538744017497
1.2351783631736442
1.0840418373342846
0.3477393520965496
-0.6344628412269704
0.2173784004506616
-0.0073630761071929
1.0264647161359401
-1.9911760191976542
0.2448055635455006
0.9499739959921186
-0.0101839085744100
0.5819891749838618
1.5050806759729705
2.9659231440211777
0.2911981968776240
-0.6410096461097518
0.4378484541340275
1.6136257206809692
1.1707609775460139
1.1630065527093807
-0.7795854333747791
1.7779928056372734
0.1574567518168084
-0.2940984015428859
-0.0323611535507206
0.2080579694729510
-1.6051825850168067
0.7206354284348294
0.4588769516232096
0.3323960764128620
-0.5793684449833749
-0.3841832990988940
-1.9241425135795809
-0.9887312646417370
1.4175395548218876
1.2894137939224846
1.8949399142424384
1.0372721145379613
1.7355972721988731
0.3293591355253870
0.5873004877431525
0.0001875775039462
0.2658789378039732
0.7740865683280372
-0.0701575097095049
0.1710164446710457
0.4800544740762316
0.1100101773816462
-1.0192162978716739
1.1194583090719941
-1.1594201638213817
-0.2291934947973026
0.3596597026103400
-0.1770808596968080
-0.3388262014797940
0.0056228146030178
-0.1410605423373761
-1.8250339159027429
-0.8992476681991868
-2.4696125786383454
0.4386675179348611
-0.4791947703511931
-1.0087222437315337
-1.0843927715858817
-0.6303134058925928
-0.0515301026996648
0.5207868685020758
-0.8097440623689344
0.0299118995848804
-0.6629182504561154
1.8530901782774116
2.8387202598255175
-0.0686170092880190
-0.5384409074829166
-1.1757419665261710
-0.2007123926428952
-2.1157543128870131
0.4072124702079569
-1.0331199180846544
-0.4564175951277563
0.4131943396989223
0.5758667419453559
0.7295438259700030
-1.9461175119309881
0.4990982935075575
1.7767642975483795
1.2629933603650454
0.3882969917032607
1.0552432250587644
0.2295824692428570
0.3299505324578080
-2.0609581565571369
0.5518488840067939
-0.2106888328528987
2.1789469972171824
0.9902497288148767
1.3368929370205225
-0.6946727100728336
-0.0289854726107678
-2.0993557793490529
-2.2468814991077997
1.6068612555277935
1.2508088203249401
-0.3223421465929336
0.8829704125238909
-1.0877495330215863
0.7336899616034477
0.7347607800510191
0.5974506375726722
2.4046241356147910
1.0040138406986874
0.7456136312536900
2.5836915597560179
-0.6222056204736514
-0.1776761068178179
0.5152499139999719
1.4957078850754362
1.6297501093036995
0.0967863142180980
0.0343558941772884
-0.1563098789825314
-0.8131966728646327
0.3311422267565494
0.3249598746475850
2.3636296344162275
-0.4611900568341200
-0.3110166362734149
-0.3941075901854003
-0.6756814840282894
0.7293471332209748
-0.6694281450265958
1.7317036473711040
1.3022777005094399
1.3145062302172756
2.2937152055458143
-0.1450973616675008
0.5000573990948971
-0.9152116765790751
1.1840655628776382
1.2464680267686774
-0.5474364711736531
1.1578060669913652
-0.6048528287701986
-0.4829707002770964
0.7349440561767853
-2.0134803839370261
0.5079629828597904
-0.6275074128119333
-0.2900139026425281
1.0279121419335240
-0.4010213461635679
0.3906413729812737
-0.4317473291199784
-0.4400894817570025
-1.1679270124498240
-1.1752254571109253
-0.1777215808697588
-0.3104919409923217
0.3870471076234326
-0.0842670786415179
-0.5847195637012839
1.3231054490843264
-1.7033161691693472
-0.1955922554146282
2.3140239283840662
-1.3045253306563549
0.0766528707369306
0.2694932997750553
0.7376794710190027
1.2391364739978914
-1.0514583469570133
0.1426765428014707
-1.3598734761486162
0.0301659182973710
-1.0493931009131723
0.2709857209609906
-0.9716822596714486
-1.6234098196633939
-0.8533164827896357
-0.6049025704185653
-0.5295390610004542
0.2587752120664230
-1.5534138562868418
0.8928105717655122
-1.4554715699742933
0.6024782381666013
1.7340792161932070
-1.1285196202292185
-0.4531261903844737
-0.2349440452383516
0.8569092795686157
1.5939988692302003
0.2122528480984836
-0.6035451226465141
0.2838523664342670
-0.6848511150244820
1.4171267977528403
1.0597685670273840
0.2957167781855711
-0.7905248023542988
-0.1398612349690271
-1.2449220700591352
-1.9691488412775675
-0.4818645465090758
0.0806844967979187
-1.4415549534014753
0.8698999724055464
0.4044421333159515
-1.3403303304367067
-1.5879782907604261
0.6300692169262745
-0.2340709820007575
-0.1612082315053175
-0.6278781331516998
0.1835630235285221
1.2935891187994666
0.8416601317617752
0.5563131714584962
-1.3130680988222154
0.2662914768582156
-0.3490204548787602
-0.2836444341734426
-0.3288593320974693
-0.1225443319271281
0.0919369020791271
-0.5064292563200983
-0.8815823508252671
-0.6432737178826713
-1.4450055615700772
1.0399306586219637
0.3289241099285188
0.9559885732739251
-0.1255918181787770
0.5831233320541895
-1.0489096620132579
3.0009215557346760
0.0425491968323579
0.7001615584143767
0.4130656007739509
-0.0401925477254863
-0.4529679058636272
-0.1208884967465438
-0.9344096899406908
0.6469368438686735
-1.4382506318597059
-0.5844082942198793
0.4748206244499772
0.6262626055129609
-0.0902440285612997
2.0262853834644821
-0.9881305902517216
1.7962929922889885
-0.8738241236636251
-1.0649524659457803
0.1588967193223661
-0.1839265898627221
-1.2995996255363356
0.3873001695466413
0.6708207761775050
1.4481424548294799
-0.8826928060206435
-2.4807358305841496
0.7508925734005004
1.3059002946985407
1.0729709462103678
1.3773074178361842
1.2311807882993830
-0.7658557370859328
-3.2390185664236988
0.0257548204068994
0.5337358075588061
-0.4246102405524695
-1.5212596058999517
0.1782586203314351
0.9048784044739616
-0.5874029695463262
1.0274378554106656
-1.7923804854832062
1.9022628947722933
0.6400496581581455
1.3197531001641933
-1.5045643960806181
-0.3553312532856177
-0.6839864356197637
-0.3823238240520768
-0.9264837685631728
-0.6397155384264251
-0.0403638932491584
-0.2144853537970625
-0.6512860196451825
-0.9631039044909510
-1.2631484869769012
-0.1091519820730311
-0.2898518304865544
-0.5543435545053768
-0.8552034840999764
-0.1495354119736847
0.0166843413087209
-0.9801949493446303
-0.1528956178336877
0.0117256236620940
0.4160550336301403
-0.9263410121312321
-0.5286892703158954
-0.8914750957310151
0.6664850520145322
0.4118591686244096
-1.3597312936137727
0.1070311952497436
-2.2345379756077492
1.8719230616756526
1.9058784371387278
-1.8526211673483450
-1.4537253077756362
-0.5147366211008495
1.1734411714475621
2.1278742073765868
-0.1852509470343379
-1.3258450430116078
-0.2034523241251839
0.4009236412298814
0.9010430385629049
0.6054727697154766
-0.5920838405986998
-0.2957374869432060
1.4502789121246855
0.9537787820781881
-0.1947290229046757
-1.5391031876452990
-1.3786926677854940
0.6926119232951625
0.3824512591289944
-0.4796946797110390
0.4269275696083104
-0.2189392066033018
-0.2794235755878325
-0.0533226059516503
0.5736144412324234
-0.8013087032021082
1.8166700082546403
-0.9054217639873672
0.1051968464711322
0.2167183418625990
-1.4591696726304966
0.5922123178750951
-0.9073164891728047
0.4192612380537886
0.1451727214082778
-0.7812795253977376
-0.0400034884292128
-1.1117142872959265
-1.1260218395424293
-0.3736458086274678
-0.6474928536850211
1.7666523701833587
0.9048162090536570
1.4004874070281623
0.3464842112694853
-0.7044388084488036
1.7530768249322115
-0.0901040843326615
1.4395695646989630
0.6824435188704588
0.4569349967805421
0.0947479285587015
-0.2529929477848326
0.0090664399737424
0.6636940968376258
0.2756554876342748
-1.0077888435908127
1.4002382374939997
-0.4000072915490137
0.6909778747437216
-0.0758830730060019
-0.6731555645758811
0.6362170601115411
-0.4910210085001773
-0.3669196699846904
0.4521037588085861
-0.9449032676215189
0.3173647672407897
-1.7879810050145817
-0.2460370923026993
-2.7071882360917963
0.1665744691110787
-0.7526293341781529
-0.0759736637049595
-1.3998209066733054
0.7225796684362019
-0.4954281767586928
-0.8530291459769044
-0.9317990347327396
1.2059165537673286
-0.8931544530186524
0.2039148134096185
-1.3440264283866066
-0.4238425732348999
-1.1365237509723716
0.4078499168089559
2.0519616383848360
-1.3819056035683888
-1.2485401166563503
0.2629376062167548
0.0587747073586598
-0.7135806834443523
-1.1659864652930829
-1.5983533162612473
0.3549092512520862
1.4699344711688187
-0.9829135970141195
0.4032835080440565
1.2831872029658480
0.5142572985928823
-1.1974176816534288
-0.2524062424084531
-0.5144911450118399
-1.3505832032706169
0.5671567668369911
-1.4244100307792618
-1.5855049816837141
-1.6130144253771435
-0.4798867508223178
-0.5681900182524953
-0.5782576903739697
0.2510421983236465
1.8790596676747924
0.2263491305808052
-1.1855762963709449
1.9905438383854817
-0.4993792946751452
-0.0654530813988189
0.2382974639199387
-0.2273112972546281
-1.4057436645284891
-1.2947251659498886
-0.6604586712614077
-0.2099342911550873
-1.3400546036892269
-1.6588924910123020
1.3813071171587818
0.0470836946902317
0.6362914224106131
-1.1282184440684695
1.1163587237285704
-1.2929304822835224
-1.4612429173001114
0.1002256697685076
-0.5918378072553019
0.8086363963220150
-1.6568173859486419
0.3623234310493472
0.1372471558961612
-0.2558708847657944
-0.0487459557090903
1.1359343752886166
0.7887630441634053
-0.1609194744795314
-0.3367890747225900
0.2462045217164515
-0.3673983791893833
-0.1319536886763757
-0.3071192813329757
-0.2610248071893325
-0.0805180789094822
0.2437800458353218
-3.0796373540738258
0.0392687916609456
0.8693811932438046
1.3362472284953635
0.9021887419105278
-1.1730596335928491
1.8249903363824389
-1.5923514448674030
-1.5775197825128173
0.4533042762753484
-0.2432540931724378
1.2574568820676773
-1.2415433732356651
-0.6459926032563778
-0.3583135603788314
0.0393404032632697
1.7817425756535774
1.2000449988764759
-0.6076766243656709
-0.2122191587889699
-1.7805916086053313
-0.5909275787216816
-0.3396369985932021
0.5547914829931559
0.7962852003803924
0.5954312345313524
-1.9619974718900708
1.3994454646576961
-0.1627376966933795
-0.5196380992141892
-1.5000591011779540
-0.0975245621713029
-2.9566634405243697
0.5893924967485905
0.1684978308366057
-1.1389189316097539
-0.9253519866090860
1.1476460953085448
0.4875374156781817
-0.8959113948537442
0.0395817417468320
-0.8962232843988925
0.7167057051614156
1.4813263789042219
-1.2235417121728176
-0.0373552685638709
0.4800204028763799
1.4015946590092569
1.1886796368603618
-1.4075471418404617
1.1513004040272388
0.0934234316972624
-1.9518034221375788
-1.2815537974310363
-1.1389094803905577
-0.6838482733944505
-0.6823500229985864
0.1983752878567803
0.7246858938593256
0.0219985518900058
1.2439659081338639
1.3692778720060608
-0.3694560197062287
-0.4208268217034785
-0.2416204460881216
0.6069278342697639
0.2443093246828430
0.2347309810895832
-0.7679018116881904
0.2983876046307321
0.7936517524650947
-0.6465677513198107
0.4447937484205723
0.7774183805468309
1.2519092129282323
-0.0901529140611443
1.1097321843947814
-0.1829285616983615
0.2725886626549543
0.7403612713669905
-0.0248600225519055
-0.9419034800195676
0.1333151402798378
1.4865727228689536
-0.9220555875488717
-0.4670237405741088
2.1298008721258515
1.2598530182857697
0.0655379556952844
-0.2712086272010275
-0.5081503254145148
-1.4398826867047891
0.6747703998229302
1.3399335607994471
1.6774747442933122
0.3863272204552392
-1.3555442725202778
0.0064023354131510
1.0273905135447032
0.9651314880847398
1.3314237147475585
-0.8798095748974485
-0.3350589224269739
0.1091142559411924
0.8824368118822202
-0.5346330977584255
2.1242481886274138
-0.3755615000576044
-1.1928978708167373
-0.7009866676776100
0.2173887869164342
0.4701904913142890
1.0379064335667849
-1.9190094699353188
-1.0380537410934947
1.3054280963053240
-0.7609150005650972
0.2607200091977676
1.4880296388795538
0.1846376481420438
-0.9333412626311011
0.2876531041212708
-1.4981724108933119
-1.4323111885431727
0.3887187451243919
-2.2181146284738631
-0.7576335834241189
-1.3277857556033636
-0.3808390215144061
1.1935585678525140
0.4804194947809518
1.1972150909693988
-0.3152159222938986
-0.7234085552720346
0.8470841495801348
1.2667145257277976
-1.5576125912197767
-1.1289882423969910
-0.0589136747125798
1.3909894863178023
0.6100493118237198
-0.1245867748202182
2.6103197471735657
0.2404206655204410
-1.4076045799723016
0.3533464304986650
-0.2399955075131877
-1.4929562224227209
1.9795462544203153
-0.5055223372454007
0.0587673060594313
-0.2390901181155775
-0.1026358617230760
0.0951853349152742
-0.1909859024990588
-1.7046338673791934
-0.2600873588363735
-0.1322469060738340
-0.0648318367410411
0.2845353186153890
0.0328356509812443
-0.1183462615861088
-1.0501430721942342
-0.9990638787293596
-1.3518541220867830
-1.4839541392189846
0.8621585938076881
0.6500288976868523
0.3871993548530374
0.5587634153303189
-0.5418900103857177
-0.1739761383600252
0.8955508765065925
0.2388370303641947
-0.5658774014943511
0.6235697525408986
0.6294854573980022
-0.2068235918741008
0.4234500746317881
-1.0122396643971705
-0.7125853954753290
0.0770316061007802
0.2057017575898969
0.6255655182433778
-0.2783201735894016
0.2870020747755183
-0.2550045637805389
-0.6889828637583153
0.3309227280921858
-2.1075945150943043
-0.3439640644360076
1.8938667814148717
-1.4540011821763690
-0.3836996822982837
-1.9630320162685473
0.5870965651178980
-0.4552793864196045
0.7610611552899105
0.2981391474664513
-0.4125482265036003
-0.9915038670991680
1.3116057892988959
-1.0821047481172617
0.3868620967586951
0.2306459972379609
-0.9889046423526788
0.2840727389582093
-0.8684732966639555
-0.7564254877261674
0.4056919911883363
0.8966563645173202
0.5966221779263097
-0.1357875018116610
-2.3992315347936670
-0.1446356482439652
0.4638579141735504
1.5501264848843401
-0.7232002294091601
-1.5157178722219218
0.4723645675215103
0.8652722396271140
-0.7688594315688071
1.0303952231311435
1.3975484651322250
-1.0240881769038048
2.0288270580199459
0.3896266270432581
1.1433443371640473
-0.7368694983895535
-0.7485938133170907
0.7835426361228002
1.1788584554954222
2.0371507617566627
-0.3040092051179787
0.5707098573642759
0.7723345377979557
0.0811364467144152
-1.9310348027791717
1.1579121975513471
1.2105722904290215
-0.9324264259858045
0.1860604238598798
-1.2719804103692252
-0.0269135406764702
-0.2432680827788440
-0.0859920608109888
-1.0246965741726806
-0.2495445097000983
-0.7970126836211914
0.2289767537897892
0.4682192248677354
0.1559494658418455
0.2117143852622989
-0.7508347346184687
-1.9800233615495826
0.4346559869736392
-0.8975943203786765
0.2922339172520296
-0.7236420201372852
0.0294014283918060
-0.6839260768766661
-0.4532007825000917
-1.1272096588748430
-0.7802098515084621
0.3029513314662166
0.8754688478841124
1.0539506935258092
0.9121331903325292
1.6209949367108640
0.1191856691211340
0.2145924700229295
-0.7037512668079779
1.1461618154953792
-0.3476157030885821
0.2163935476203889
-0.8096662484311297
-0.0395203288412043
-0.2523562280537718
-0.4683304354756677
-1.4190163284992434
-0.5603829989910017
0.9853943017891627
-0.4850869526270726
0.8612160500580976
1.4842274644528872
-1.4111211203684386
-0.5401836364858976
-0.8202277624554237
0.2967406969930843
-0.6666500268585940
-0.4062583580186519
0.4602053976727488
-1.9163118404436741
-0.4547815619862353
0.3958500273343222
-0.0935835781982478
-0.2437992922227225
-0.3430621801968360
1.9631332223971485
0.5953663597470530
0.4967147661462914
0.1536822331140796
1.3314012993245492
-0.8450037783876863
2.6809268433092028
-0.3707174088679472
-1.8383625770960519
-0.1282482597558293
1.2128493891496077
-0.2488401215880723
0.5664968609628177
0.0721913992466682
0.3479876467498800
2.0567841668524718
-0.2973900778071091
-0.0736922038965834
0.1895901176743315
-2.1069572078492884
-0.2662525664493144
0.0901399363648909
0.2133672773844643
1.5877781549617791
0.3168542319234376
-0.0030859801919915
0.6772160403910921
-0.4797374955210014
1.3942944089712008
0.4310858521795301
1.1946788152702743
1.8075233719585710
-1.0920726859071039
-0.6507915713978648
0.1682587669414047
-0.2759520828399065
-0.7097353643069966
-1.8220117917910734
0.0539223551805619
0.3217246276322531
0.0796953261208466
1.7318351080304555
-0.2562368843334544
-0.9097979694331938
1.0389153801066808
0.7107670771333299
1.1008060004130131
3.0288300183568242
-0.7782142711344388
0.9897710574764615
-0.2405990566558276
0.8453778425080571
-1.7558241637558007
0.1404571141321557
0.1882491341361550
-1.0999950298433916
0.8626637649564526
-1.0947995048467318
-0.4507379240737739
-0.4143454775656952
2.5455102375712624
0.6325903541939998
-1.0130914653100189
-0.6388028309564410
-0.8472931596422530
-0.2251712323087187
-1.4109814126893094
0.8348608897901213
1.0549827877664972
0.5482385735550297
-0.6366848165574096
-1.1118700544373477
0.4813191020807375
-0.6784174741598535
0.6814034099415194
-0.7202904483082525
0.5773262821335048
-0.7722417301993004
0.3968503001990584
1.0261183128899047
-0.4261136486412203
-1.8297855467996982
-0.3107366846968657
0.7180668632901392
0.3769468442777873
-1.0295100415245508
-2.1492536026055196
0.7572939153280850
-1.4318698616678232
0.5323938060200828
1.0599519561500736
1.2132092423089145
-0.1749303451825619
-1.0309597929436973
-0.0631322617262049
1.9522813288402974
-2.0086051022701401
-1.1599794114766273
0.3466384378776311
0.6308104638073422
-0.2020830471003430
1.1382522733362685
1.2512590919340418
-1.1322109490191630
0.3318207277869955
-2.0547159503124210
2.3422089340251921
-0.9299770526541841
2.1747630113738512
-0.1662100780329780
-1.6215175853290145
0.1248202590921180
-0.8529953893300570
0.3396237470502309
1.5447464185233639
-0.2645011403350545
0.9869461248644384
-0.4664443840743537
-0.2623359822971524
1.0380415206205080
-0.3740117052032333
0.9520299779077681
-0.5717163135190183
1.7441395726769706
0.0080240479440493
-1.1548330455929074
0.2509127567944993
-1.4281093968631540
0.5442150687239903
1.6606523792464301
-1.3008389208939388
0.0598243332508753
0.7820121431901096
-0.6432661696386457
0.1813388845016791
0.8555405586045297
0.7795393363415571
-0.8409691829547629
1.7569005643563336
0.2656283971673896
0.0864287643289853
-0.2153514218794976
1.6993791511437408
0.4423887708886178
-0.4725598663549264
0.8984944438068820
-1.8356974666882768
0.9685544569302152
-0.8980680739407881
1.5790318346059611
0.1722343024549577
-0.7788978518425216
-0.1056257969895480
0.0350899949660466
1.6055552839840548
0.5959070978421732
-0.2506638246794060
0.8745162936067120
0.0787319507233374
0.0504556068401022
2.6953309698807710
1.0268542584197542
-0.1942157826622123
1.3864288788419068
-1.2323194832466062
0.6148572826466515
-1.0123463707410880
1.4818133128173632
-0.3312384179174229
0.5794246087007550
-1.2692625466309162
2.1839376655711158
0.1541783197153412
0.1237528395819655
-0.8206573295809357
-0.9216220594439503
-0.5826878585507349
0.1519960212632102
0.2744730516689858
0.9355031633102293
1.7196381801329064
0.3445166565255030
-2.0318149438498070
-1.9259056581859857
-1.1084739591980872
0.3379988713934195
-0.0481666803500642
2.3345367913997208
0.6388100621990401
0.3584045046594539
0.6265826625633777
1.1766899920647451
0.5635636869155451
0.3023987532477493
0.3188062089688822
-0.5058225710119636
1.1248455199307281
1.1228122670649645
-2.7318892361541991
1.2209107900798080
-0.5853351730759736
1.1809613593343931
-0.3295181559709559
0.0276964458425204
-1.1068043426451355
-0.4263745867459602
0.6138330591077584
-0.3551034636884526
-1.2567626033542723
-0.4208691668933214
0.7295044945718848
0.7119595579901957
0.2824096003547192
0.1965761055914066
-1.3441993924026874
-0.5930848221288257
1.4444796712024373
-0.0030091605959257
-0.3376395148692540
0.0357090411573844
1.1706057222767048
0.0121460421510695
-0.5723237496887886
-1.1606043342739456
1.2374224575063411
-0.7228335923734355
-0.2824663207711344
-0.9294022070599857
-2.1850333653777576
-2.5268070578834543
1.6508579455474963
-0.6630661675410773
-0.0733345953193689
0.6069701068516822
-1.1621352539343173
0.0112563155199303
-0.3336674938767453
-0.6197958862709249
-0.5736440762721704
1.5343274275575949
-0.4060591041141602
0.2194708701200653
0.1503039631621890
-0.8663081222727446
-0.9165919467101008
-0.7811747508013668
-0.5001653379413020
-0.0900171912307992
2.1221150521804582
0.8852448764640398
0.1400167845981386
-0.5529805701247235
0.5744108268748586
-1.0908134324928109
1.8359598194839859
-0.7210007475701952
-1.3136135071752877
1.1781658030206443
0.6928647419651208
-1.0753713747347964
0.4233895193833485
-0.8705210106147068
-0.1557746375524890
0.4132801565998790
1.5624793067067519
1.2403986472884097
0.9926141539082041
0.3989791301007036
0.5136469739196502
-0.3095388523379050
-0.0674835581501599
-0.3773537306944193
0.6530904787843040
-0.2876176551593062
-1.1378870065162159
-0.7205055091189522
0.6024491566454985
1.0617569057931813
1.0739565932477235
-0.4088554412100537
-0.0007735777335570
-1.5161719642457370
-0.9584971817217828
1.2031303028005909
-0.5899364668683320
1.0953651075040163
-1.4744712602607060
-1.8373246302337349
-0.0367866437573425
0.7450744708998751
0.1525595452442824
-1.9094444472723024
2.8970233642869649
-0.5955602682661086
-1.3724609998976762
0.5688269502643195
1.9998230859176718
2.2612044902849506
-0.3520346869727186
-3.4831163563866308
-0.5541110853401634
-0.8088420584023239
0.3134696686558047
-0.7468278064667019
-1.7755920147481086
-0.5879635110923787
-1.5270516289900042
-1.4685910871438277
-0.9057502297015460
1.6946984029447298
0.1844484809725577
0.6519583586809530
-0.5624129686726647
0.1352077492840533
-1.1022152684247035
-0.9452974355784111
0.0050714458691411
0.8520347790704541
-0.6855445016927428
0.3233282056028092
-0.7000190189034198
0.1798435311634763
-0.0303825063541936
-0.4087564641932375
1.7687788414660528
-0.4507867071011726
-0.2219626691668810
-0.8402666416935097
-1.0103306542855917
-0.0923560711540785
-2.1261861101677666
0.8228715407319410
-0.4406979439825682
-0.4343607099762214
0.8764498754875047
-0.1149173682794476
0.5992109510898967
-2.0297703085788998
0.4224391838380380
-0.3642843912928379
-1.8046373633211366
1.0429350177678141
1.0967728510459114
0.3858896940544360
-0.4162608078274167
1.0849067610295520
-1.3378061284664196
-0.3820846235742242
-0.9885962745921044
0.7545022217906304
-0.6225215780948667
-0.6407505282254434
0.2578317393883427
0.1832045429352827
1.1386910081283494
0.6041570939925038
-0.8878343145345935
1.6157039517369822
-0.3001720084651174
1.4307679987450999
-0.4907689398772026
1.4334191446311608
-1.1654350234571533
-0.8471907141906118
1.8629845133681067
0.0718948535799630
-1.0565445291085278
0.8340079057694806
0.8489908706082033
0.5099126533109732
0.1126499981453398
-2.9158033147969991
1.6698006942616228
1.2196733871565149
1.0963479565202130
0.4238162697067279
-0.0864674882519662
-0.8034241315032672
1.1113512729247492
0.4742342981957942
1.6786435996141658
1.9167419893443427
0.0529494656618744
-0.4071078727203610
-0.5611249031930894
-0.4258841941877377
0.2030378934943972
0.0091701777540657
0.6843831226729765
-1.4362066733284229
-0.9587020632602282
-0.7253677115618743
0.0990859458924102
0.3880063158388767
1.0683328665643235
0.8195378484366798
0.5548328204243442
1.4151015542474430
0.6129001937722363
-1.1210200344408938
-1.2291684971529850
-0.7933467393650504
-2.2137107118803465
0.4711970992192710
-0.5575926355688251
0.9268196580337630
0.6281118619899847
-0.9961960678679050
0.8778978744052306
-1.0500375465419500
0.1096394271097392
-0.4856052358866922
0.5021787014689848
-0.6878551335107458
-0.4753763391284403
0.4187747183279870
-0.0346754487884091
1.6532559100493511
0.5054045331195774
0.5729692658670648
-1.5657921262176491
0.1786990786121194
0.5487017623524469
0.1478867300826337
-0.3723633698870850
0.7532202348113545
-0.5041189989691252
0.4311818060216128
-0.2300617139328203
0.7046341269300568
-0.4208639245334217
-0.6222288003466887
0.5643241596656023
-0.2355524094800372
-0.5901224884348092
1.9876674246092081
0.2518585524941325
2.1357761247666178
-0.9382604848784367
-0.8763773796237030
0.0737158773103427
0.7942667502672156
0.7960637799138920
0.7797314004779433
-0.4720539827630383
0.0042899932286335
-0.2938268323528261
0.6227284937647155
0.2927931223439749
-0.9942768628415982
-1.5116766653660567
0.9173359076396341
-1.5070847376907135
0.7625644068357633
0.8872347151994544
1.7663425266746462
-0.4030390552570303
0.8509654971329951
0.5394847205736973
0.8031661093020570
0.0204326787221607
0.6178876261520225
-1.8429155460401079
-1.5595804282009631
1.1111139872450559
-1.0759024496764151
-0.0529614292896812
0.1375248579787330
-0.6635245904949800
2.1030364383253111
0.6436253471999944
-1.1429414059859624
0.6429751133222433
-0.8875836418436455
0.3774660063829033
-0.8329706189617082
1.7473994803792181
-0.9298227418558767
2.4560058371511340
0.4202763316414093
1.0071485896393426
0.8859855500589292
-0.6090055325955748
-1.3360731679306892
-0.2098188150119299
-0.1774941340855687
2.4352283304571110
-0.6813933518052269
-0.6047600905094332
0.9473570435779178
0.7881086659639881
0.2778663705626670
0.7762153032677069
-0.0985901440770237
-1.4763331003899145
0.7635142558765373
-1.4531960075812118
-0.6186266107675714
0.5693004855217990
-0.3619586098247525
-0.0149315804038518
0.5728507653655290
-1.6013127810200420
2.0865152556304181
1.6505252716783052
-1.5341459285329262
-0.8831891889263250
-0.1558394901228524
0.9158605273723019
-0.2123479073444072
-0.6717278866037690
1.0084206370103863
-0.3923190494206784
-0.5407685071889351
1.5645015416270593
1.3063934529840879
-0.5348123293848320
0.8472955440242084
2.2197368683789058
-0.7069121598598951
1.2640851288020878
-1.2884153874599313
-1.6003925059462427
-0.2695690326556021
1.0174531667945983
0.7882357872013289
0.0405031672623847
0.7083746502682212
1.6261120161808664
0.3527119460496057
-0.3895917831117268
1.5091627766563587
0.2483283488066497
-0.4814109341272862
1.1365946902844326
1.0077713860381532
0.5587765351064183
-0.0400153309798899
-0.2564534047412953
-2.2501812276159825
0.4917663687955389
-1.5343004417351656
-0.2088330286224921
-1.4211438284461129
0.7537620280784066
-0.2985117784943020
-1.9919671647979877
-0.2493730766774926
0.2889425525366466
-0.1067847777667774
0.4440843193648468
0.4174070750770923
0.7684381479131294
0.5674888035177320
0.8008206718739128
-1.1390219131242096
-0.4624971623768666
-0.1460742479153160
-0.7336117189967716
-1.1270234028570176
1.2163473447165551
0.4319180699237177
-0.0246748284012884
-0.4950331537907265
-0.3154179334009805
-0.7275950788639752
0.4744858920192199
0.9406707969286717
1.5722709162129656
0.0887947506968560
0.0947273547167909
0.5827361208280307
0.9366404883128012
-0.9850364556329512
-0.2646342279239891
1.5947025369876613
0.2523541581000393
-0.5852756500096854
1.5368036880394145
0.1751629046215112
0.2405191408754124
0.1483089189091928
-1.1874047183899026
1.1633885355783944
-0.2370437672158294
-0.6801908504857678
-0.0623106508339415
-2.9188157401132258
-0.5792277983152144
-2.0463327710823260
-0.0645034571891573
0.6819737269399260
0.0430737901384139
0.7797644892452645
-0.6835251982226983
-0.5613020322816891
-0.6303018420810714
-0.9243421582076421
-0.1257093126224113
1.6343263169921194
-0.5307163176732852
0.0309498010880496
0.1196697514638510
0.8340695119171860
-2.4813670736489768
0.7703543198325856
-1.3848749483579292
-0.5085292710549774
-1.6787391494356974
0.2705607986917725
-0.0985176633326537
-0.7920615156718148
0.2989400521932132
-0.6191536828597398
-1.7205774696844327
-0.8348673501931660
0.4466884631289282
-0.1799121705180809
-0.9190020157661047
-0.5565977863880917
1.2540134406668357
2.6091908708827698
0.7954120908647972
-1.1699076542783466
-0.5680298854082411
-0.6096767314395973
-1.0924404551458049
1.0707414299725735
-0.8193021251952273
0.0918575464675251
-1.6126355744559600
-0.3429538796359534
1.6286067041020924
-0.7420565016459951
-0.1023466108493484
-0.4585548907556216
-0.1518796161509127
1.0554520612568077
0.4147662554283004
-0.9508106526700307
1.5388939994072719
-2.2314706241300213
-0.4511385879950999
-0.0388171326445349
-0.2466688830480241
1.0136964663012218
-1.0327613125296651
0.9409771324531417
0.7217813262523248
1.6360006901251380
0.0517149400666530
-1.2510840098797731
-0.7984087087263783
0.9393353578235004
2.4446804623777258
-0.7488343718059056
-1.4419384307156129
-1.7412752292411402
-0.7475513129686039
-0.5296697138412667
0.6479329099705128
0.0546884542473966
-1.5752264587936908
-1.7140446721740215
-1.4654289511711485
-1.9437189211266528
0.8225021492957860
0.1656110811375753
0.0869155079593877
-2.7400507184867400
2.0942860268679278
1.0174965396454290
-0.6230981795709054
0.6078043110519236
-1.0875844456614667
0.5833844495305155
-1.7476692621619547
-1.0440886428694673
0.8607547442008852
1.3153638052474197
0.7540511235869437
1.0888579091743185
0.9031484007593357
-1.0673696408552820
0.4940655239361467
0.7545503349027330
-0.3896677817737331
1.2967652823285021
0.2458753180658248
-0.5723775256360786
0.0408140320433958
1.2514829332469988
1.6643541812537721
-0.3889232897887321
-1.0489482207566576
2.0881302231033554
-0.1340743180982698
1.7118082896843381
1.6147969070812180
-0.7492434187577970
0.5049358715872427
1.1454501839949787
-0.1546900746550767
0.5637277781177438
1.0991907392965399
0.5711616172775287
-0.2768227704348483
-0.7330768426589275
-1.5431425381005153
0.7183880504020658
-0.2261474494297860
0.8932710126999134
0.2715241969807478
-0.3692669991672554
-0.5862977569756080
1.5107780933598502
0.4423054699616111
1.1897893244916273
1.2604457832030826
-1.4014767285770906
0.1499308325269858
0.0819542300382119
0.6552564764303609
0.2050166893196913
0.1462730848441440
-1.6805144862154782
-0.6678948824517892
-2.3974746706517234
-0.7089720433937458
0.0074153215004006
1.3521204291360944
1.2319324121571453
-0.4614202891750924
-0.6434312653334573
1.7277397397430694
0.3955699923114024
-0.8058496989917104
-1.6407193938397175
-0.8635566816921061
0.2294144187325754
-0.4764462300963224
0.5915262611193010
1.7375272835159057
-1.3367749894781469
1.9453569587398438
0.2201334846813289
0.3401408068942237
1.4031416516792619
0.7787966996283420
-0.1157482570968914
-1.2545254315490728
-0.7436509317567711
1.6472750451292175
0.9819047588176367
-0.4844269000900101
-0.7190793512370491
-0.4122431430364571
0.1697205840983348
-0.0607451200296664
1.3986382906064216
-0.9062757368167462
-1.5505094107287902
0.4500384777059659
-1.1301176712178829
-1.1370598919771249
-1.5720117710011650
1.0880489412440786
-1.1422485860760958
1.3570951866298671
1.6452758856957050
-0.8162137551656957
1.8356400884985902
0.2605439528664278
-2.0867251319021798
-0.8591232923670740
-1.0301177516347360
0.3442163406746647
1.5098458091049485
-0.7762726212504183
-1.1672109542142464
-1.7788776473737664
-0.4859733034089914
0.9334148642458741
0.2775907900622044
-0.4901076961640463
-2.0719804541363382
0.1452485700422798
-0.4430426877190106
1.1494549243544481
0.1423792334976602
0.4311504783256417
-0.1262025018982015
0.5198510640251297
1.1666798511484431
0.2941940440479994
0.3333077133883189
0.3302140376434668
0.6889799634724632
0.4391381122747281
0.5910185334301943
-0.9072271833712859
-0.6600672935338174
-1.3698178732873760
1.4435506110531406
-0.7423012776783074
1.3434409658106605
2.6140871765443618
0.0097543971439213
-1.7422328178817101
0.8204545346296122
0.0227672683185940
-0.7493112328176853
-1.9693454069473775
-0.8796690425422637
-2.4322055121993444
-0.5779109206071339
-2.5316937694503232
1.0636133363422653
-0.4639644212287518
0.7856977339137051
-1.2712068986621696
-0.7539312875456065
-1.3818287011389296
0.1200330911177010
1.1967224401553580
0.0377543813410427
-0.0357723135541847
0.5068046758140741
0.0396682286120533
-1.8262123024696655
0.1597564812811912
0.5661603058122929
-0.5357305622431938
-0.3191798591463384
0.0255960385941334
2.4927595336285799
-0.2462632337486129
-0.4146519414134501
2.1709846462940345
1.2293909498232933
-1.4168105548081846
0.9565438958395772
0.1425298937324788
-0.4724530196987088
-0.1354548693804072
1.1379904269724137
0.8780313005123133
1.1239504923392507
0.4196848516896135
0.8005554504972113
0.3008533648293138
-1.4959900878341525
-0.3198053763681999
-0.4688764266556403
0.7947436003037799
-0.7313393480665237
-1.8866167842189345
2.1038823791763530
1.1761838576454291
-0.9878980564418022
-0.1595528849868984
0.9295735773028629
-1.2655938560951230
0.0599528867450986
-2.2173649639026625
-0.6802555198589917
-1.7201780185883442
-0.9799024202191744
-3.3897224211403807
-0.5388828105234184
1.9369681726858858
-1.1033171732894518
-1.2499547720917430
-1.5456000651348509
1.0296691056935077
1.5290839744225087
-1.0128944691810584
0.5842887426468970
0.1559744437198294
-1.2146428443363262
-0.3048464972138310
-1.6103073898571438
-0.5115218703322040
-0.0699266919615415
0.8886655927101959
-0.0518426921618803
0.2605983579966873
-3.1191966766903718
-0.3615778181380987
-0.3553207618533552
-0.1902024812402328
1.7993526481753359
-0.4834101984009422
1.0931610588566383
-1.2846650850761518
-1.3722161494954286
-0.8230224943229202
-1.8024918776936656
-1.6935728390655940
-0.7407257502439870
-0.4801062721126537
-1.4043869384169345
0.9608403876453508
1.1061062071751033
0.5572947235860928
0.3155759926971000
0.7762252343892980
0.8993402521749528
-0.7834036113012709
1.8524906993377215
0.6684619689538825
-1.9861025319479455
-0.9873667654573528
-0.3622751344196716
-1.0616630916137859
-0.4330604490250896
0.7148690353230309
0.9201277925399508
-1.1475017991369805
-0.8694425755678810
1.0358178339791893
2.2730156435355888
-1.0482357796141171
-0.4026656461393840
-0.0004725125320189
-1.3845568161005197
-0.5153159324444770
1.3136300780106553
-0.2448604526620873
-0.0691043211906846
1.1393425335243570
1.6377526545895713
-0.5625613876698722
0.7024745345570994
-0.2676072471236751
1.1657014996840656
0.5694009765605716
2.8688568145371609
0.3868375438939178
0.3749060976334104
-0.3767384257882760
-0.0380842572837058
-0.3747034294844096
-0.1651139852957058
-0.4266734315461222
-0.9127850543963616
0.7693950109747496
-1.7707378715254725
-1.0356802793832238
-1.7977607134549209
0.6776448937515800
-1.7022276507466516
-0.0699433846277958
1.2428455107289371
1.9667716734321898
0.3585961092875175
0.2869425530742212
-0.6899255416499157
-2.0038787163016942
-0.7578379576353287
1.9291260952135092
-3.0207913788511624
0.6613314998282070
-0.4345249865690768
0.2793887029860818
-1.1300629171181569
-0.4529811201192427
-2.4745180837699188
0.5769066143388182
-0.5783495314380079
-0.6096958807391811
0.4641381637860501
0.2931082326565944
-0.6345837680658653
-0.2388829241844824
-0.9225547329619898
0.4506604401497306
2.0307772569572657
0.0254753114031782
-0.8216166255417051
1.3261824978055665
-0.3532814903009990
-2.5306132276477644
0.8785313631264710
0.5046224995307477
1.7971480006952050
-0.1745689408145614
-2.3454498108495447
-0.6148662814073362
2.6649238428723439
1.4425319604978417
0.5342052046825756
1.4082634828594427
-1.9372774234087518
-0.9640508932640667
0.8814131710855979
-1.2115751237637273
-1.8039354363122586
-0.1478065347485065
-2.2190949681545260
2.1872230910256802
0.8341899807268366
-1.7781480410439723
-0.1364622640798484
-1.2492494507983789
1.2835715179129004
0.6746096754931366
-2.2136774447498908
-2.0277369369869107
1.0316149399790169
0.3659270189127836
-0.4598712197813100
1.0450225300673706
1.0566603609478182
-1.1322634416514314
-2.3479967840624583
0.2057744764855255
0.2768077597565384
-0.8819005064699197
0.5291281066206074
0.9471786917449198
1.2555886120815107
0.6276848081089355
-0.8201471827666015
-0.9526197977247675
-0.8500796425793116
-0.1165005255202740
-0.4494035870984395
0.2618869490870118
0.5757224925802082
0.1200821577815985
-0.0651873161464185
1.4965413032232635
0.2746643021590565
0.8604770128281327
-1.1356128361666635
1.3800833558334911
1.3156906638535535
-0.7947692760220898
1.5683882122777744
-1.0990942575353391
-0.2184753919728613
-1.2234601838315231
-0.2528252542044160
-1.1376806633420704
0.4132900578298803
-1.4023366389945047
-0.5388824693658423
-1.5564820180540790
0.6873068505696294
0.6378082912728018
0.0579806254819294
-0.4380195962678733
-1.0072628204900760
0.2179198354290409
0.9379465301467017
-1.6215206236438131
1.1187533150389257
0.1251047111550463
1.2171238528272212
0.0832659309042974
-1.7575105818261769
0.6866012719392960
1.1083245313259817
0.9621226383491893
-1.0309506422231647
1.5849419142432895
-2.2242021534599563
1.5646458012452515
1.5652405822453601
0.7724706197181235
0.9973454460025669
-0.3214097382996012
-1.2799391419785975
-0.6939119556356405
0.7799382490144765
-0.4734330822878089
0.5660194423689578
-0.7077007022011972
-0.0942303042066806
0.7901952203649866
0.3393806035508863
1.1043217585615810
-0.5837957403719718
-0.2486486848671260
-0.5998554403112060
1.2216046397229456
0.2804888796247790
-1.4240117075972609
-0.3851226257318003
0.3252351919318496
0.9709410641820591
-0.2648956990862179
0.9929733964011288
-1.7287403328233815
0.8354897575090195
0.1406773888777699
0.5492834983679183
-0.9155267368068906
-1.1018680132050900
-1.4215570934085258
0.8345864736292052
-1.3191193055773014
-1.1070833900826291
-0.2251453285716509
-1.7854602391392138
-0.0918007040506410
0.5846642879569443
2.0145617487798559
0.7105814276266530
-1.1060356690384086
0.2821164313225552
-0.3729124420784223
-1.2382868588506508
-2.0469943901969287
-0.3409267756127017
-1.1859793941739292
0.0851577215726693
0.0992428010821395
1.4568231863097032
-0.3507616768209031
-1.0944230937884079
-0.1818832378118263
0.2485667716047148
0.6136560439475170
0.5016688542074139
0.1519569381408223
0.1614954534397489
-0.6208631053053395
-1.1466443840555074
-0.9116709156552854
-0.3576464814003795
0.1699286184030254
0.4572591759553443
0.2258840082218291
0.5506535362833461
-1.6297443090674910
1.9216349765833858
1.6883403771956065
-1.1321333356990613
-1.2625433513998741
-1.0095035056378494
0.9075469873412424
0.7192691377088664
-0.3225167356534238
0.6071711292767802
0.0017183976989310
1.1891434368646465
-0.3827449092337192
-1.7495088997305954
1.2435506916788768
0.1052021185403517
-0.3717636593946399
0.1797311842239895
0.4222284779584184
0.7528341449410024
0.4893534234105713
0.5260085236179659
0.9903684665122124
0.6461974246763789
-0.1373813882730083
1.8627601805988223
-1.5821948525041429
-0.0382893630442079
0.3732820276047111
-0.6723201810857581
-0.0017550415605630
0.5116254173228262
-0.0090545816388523
-1.3141786057568297
2.4785403658941010
-0.0400009457009654
0.0284350770492601
2.5232644579348533
0.2787664555195168
1.3502439897480456
-0.0888494070587335
1.6613598052349248
0.0029071207069649
0.1575393926392125
0.1358179849510527
-0.3837790797116987
-1.0798147250879884
0.7978830151302865
0.8097121721082666
-0.6005803567464255
0.0353358805460081
0.5735106455146474
0.1792200217141031
0.2060668701056411
-0.9853891359280250
0.8593548213385536
-1.4723443113491588
-1.0202050044483895
1.1387393141638824
0.9113123759013851
-0.4588197565465518
0.7294709887256247
0.1511421528654052
2.1749194167820609
-0.8716681736683920
1.9163198671561983
1.4192856588245708
1.7349102993894441
0.0848697941280514
0.3063511365110473
1.1379333406991647
-1.3661145404411397
-0.7108568101576529
-1.0645107206061633
-1.2737654316084361
0.0541367117208305
-1.5752359171416714
-0.0572744267296116
-0.7734871141070333
-0.4319813642375285
-1.8682151640588822
0.0928489228016851
-0.9160309210755424
-0.0203004934385705
-1.4739563857224407
0.7136370882097764
0.6348874942450314
-1.6339714718886775
