-0.5953323103879190
-0.9474795946443788
-0.5539570453947180
-1.5035453602718887
-2.2747993445973322
-0.8050407359544032
-0.5095084172389541
-0.0197909745681914
-1.0694628397896806
-0.8771054548219753
-0.7119660512328210
0.2655623161617781
0.0881666299188446
-0.8261332301368843
-1.3003815894441288
-1.6263809319981324
-0.1452446181854758
-1.0701986318507051
-0.0539371700010685
0.2740859152294309
-0.4447887181523082
-0.5006696267066488
-0.0321867951534172
-0.7535801292117342
-2.5699875289517173
-0.2086948548215819
-0.8866116279875592
-0.2547480399945107
-0.5176363024946093
-1.0595814850378331
-0.4038072996648281
-0.3728152892228848
0.0072150133819501
-0.0228805753077444
-1.4571724188717703
-0.3122255857258188
-0.2499258244366387
-1.4223228367098466
-0.4898506778611303
-0.7088910113517184
-0.5739887631575353
0.3789672249117860
-0.9243935755442373
-0.9627288233939780
-0.9793459049526657
-0.9927307616833175
0.1211772511988525
-0.5469343141789820
-0.1191232692887508
0.2668568046575109
-0.4383378444881598
-0.5694241237400381
-1.9545180023399529
-1.4054983116463402
-0.9199256938161181
0.0605122691234311
-0.6504879974086010
-0.6797667745986662
-0.1896928265296779
-1.3796441044041867
-0.5782290933700244
-1.4740403503749191
-0.3403595373704482
-0.4338880887522536
-1.1754855990789734
-1.1853123264869527
-2.1092779890615558
-0.9101622865641095
0.0461708934372604
-1.2402399998846811
-0.4728473604377439
-0.7281809943585764
-0.7158719777839547
-1.0048117180597123
-0.6224063767343333
-0.0504330531436290
-0.3449579554919998
-1.0199068357794083
0.0060624069889176
0.1085173236520902
-0.0916178406248706
-0.7013051246049392
-0.2589043800778541
-0.2011722900811023
-0.4918546455550823
-0.3188672702812764
0.0865450413007163
-0.4450029928667953
-0.7459475153827382
-0.9379358508013522
-1.6675297112276393
-1.2019835528805733
-0.3013946475940971
0.3551241169952014
0.2827437777374324
-1.3329401599247923
-0.1139632217403421
-1.0503979522672098
-0.2538549917015459
-0.8522056963501992
-0.3504870914693755
-0.8968802550073042
-0.5771239919897740
0.2504810143516422
-1.7516081587606462
0.4061777699941162
-1.3414646280069087
-0.4584902585772708
-0.8624529574685081
-0.6395077908912193
0.1341479611365869
0.3119493896901452
-0.4177656180316087
-1.6035453725203928
-0.9515582498015034
0.1520012911216567
0.3547469554880241
-2.0037231308071699
0.7036660578957361
-0.1163895919738609
-0.8601428209607744
-1.4565485738792381
-0.6786519473827906
-1.5343569325332032
-0.6152610474749767
-1.6048413064084508
-1.4476232758584651
-0.4460330005010650
-1.8304552163495589
-0.4635313504047046
-0.0227208282562317
-1.0500133809084617
-0.5710831414741151
-0.5547051834922704
-0.5201607896198730
-1.4210843744587300
-0.9905416330526956
-0.9387221253995571
-0.0934070044853282
-0.8240680929785866
-0.6709152613642482
-0.6512385845857951
0.2786424213820209
-2.1542784574966634
0.2924794282372256
-1.6844196836012637
-1.1657696817143086
-0.3951898010899027
-0.7007883367989435
-0.4793813643706324
-0.3450265752347144
-0.2428108124036809
-0.3742582941195630
0.4548044060390982
-0.4262529715666953
-0.1609006250718145
-0.3371187310499979
-0.8485750260885492
-0.5900076928014170
-1.0120472716569273
-1.1903151762125543
-1.4793682942847299
-0.8573878656203852
-0.4638723792207937
-1.3608918088390882
-0.4334454636782673
-0.3977290478721978
-0.5658700951544471
0.5930827138917718
-0.2996246219465951
1.8053780780801232
-0.4481729627777839
-0.9882674592954703
-0.8091936957961119
-0.7573568573401614
0.2868046554772832
-2.4154955753989182
-0.2193692421484597
-1.0546692813525123
-3.1999126257881501
-0.3840308704409137
-1.1090065997671039
-0.7812474762347326
-0.9975152687914725
-0.6729361180733217
-1.6040883951222746
-1.0423139247549913
0.4042155342597946
-0.1281910584199120
0.4257900437857962
-0.8609091551093097
0.0661016780881799
-0.2237564998101426
-0.2373307208800989
-1.3231130199892995
-0.3466784606675460
0.2170637408346284
-0.4938606059794465
0.0005173868316940
-0.9506650008178572
-1.5898934350031211
-1.7993024069412189
-0.6181654138786264
-0.6741394295377289
-0.2091887937946533
-0.2942387593899395
-0.5069012977766514
0.0237879411989806
-0.8558381198786066
-0.0310644843891554
-1.3566055214700166
-0.8137677231509773
-1.2230546546324350
0.3486291407349964
0.2670884544239204
-0.3695082933301342
-0.6325266617365544
-1.5845632802128489
-0.6950448169160840
-1.0091686768272072
-0.2882874952632555
-0.4771774287436084
-0.4195060990878437
-1.2067938632695316
-0.5407533110058877
-1.5295676163759300
-0.7396929136425747
-0.3128254808675108
0.2146412909150521
0.0987954173845119
-1.7038217888244274
0.0965436310249027
-0.9868147562670769
-0.2659261034873222
-0.9030879349789948
-0.5710477507789395
-0.0157552744778808
-2.3695975506119602
-0.0399403870816933
-1.3919388853373900
-0.9524130115374303
-0.3288393479410067
-0.8214410318386113
-1.4348661725078506
-0.8094393000015723
-0.1946948991777661
-1.7689873646930454
-0.2055659459439947
-1.2601964560679981
-0.4224086038628178
-0.2859438931702799
-0.5275157848902549
-0.9026119822353632
-1.0494199021405983
0.5199606487798336
-0.5328634148564665
-1.5847729337383842
-1.2774358327858015
-0.5508753732068297
0.0265471890009969
-0.6704583941594073
-0.7556457000164684
-0.6355778499744125
-1.2213278079007099
0.2783424675225153
-1.9876117789839183
-1.1270833463467842
-0.9939171010705580
-0.6700806739375785
-0.5991519401543595
-0.7583111698594447
-0.3797118347560134
-0.7899562505979542
-0.9475099881798887
-0.6840750660774131
0.0872696005361672
-1.1533301445975725
0.0312939346787694
-0.2402195466425015
0.1398464483665900
-0.9936354200422134
-1.0804180931670953
-0.6898883044359421
-0.0003251016888214
-1.9470228291964204
-1.2203529525349919
-1.3196729464720187
-1.5479169015758831
-0.9382755901140222
-0.5089225151318841
-0.9585631915144149
-0.4692525597038076
-1.8448846387031947
-1.5110567390992033
0.3029349820688810
-0.8548195294552627
-1.6627499927541993
-0.2147449575027335
-0.5825369576975113
0.0128290867199654
-0.7653751332595353
-0.8939154379265275
-0.6497152947041941
-1.1465499538978525
-0.7761607743307450
-0.5122021806781838
-0.4038511378877239
-0.0954077840074023
-0.3610872351129691
0.1963817730966929
-0.1609865794808257
-0.7738769435594394
-0.0191831022756950
-0.2506893070184504
-1.5710033054217469
0.2380159635229657
-1.4657184112586563
-0.5577036154525012
-2.1298981418746195
-1.1027671772549539
-0.8946070328233021
-1.9713175757914747
-0.0394826865434466
-0.6264586574616474
0.3178091090299294
-0.2145327000770005
-1.9117288390325171
-0.6942981398550632
-1.2213432725810487
-0.9884558633661737
-0.2760745182554143
-0.2040277834186031
-1.4795421438154990
-0.6446983477134254
-0.3454996454081179
0.0306358810645926
-1.1329945157526320
-0.8397133404870292
-1.3019610272053523
-0.3115767026275155
-0.5018004811377692
-0.6173866468606904
-0.7875552440880544
-0.6761055699294257
-0.6849133480000480
-0.8330473742181217
-0.5182779904588444
-1.7748729793470459
-0.0069720893821121
-2.2382386206276235
-0.8427521043335356
-0.4895638789149621
-0.6016524029813354
-0.6585780030075599
-0.2299366527719734
-1.0598437118326005
0.1503198979559042
-2.1831440024967721
-1.0132873100288087
-2.2950074332417052
-0.5156795481940502
0.0095802551194385
0.5639874831834559
-1.4720316052177318
-1.1147463029250664
-0.6931519831847336
-1.0053981627243611
0.5556806115834866
0.0698733604335897
-0.0850018014341436
-0.3538544307992124
-0.1443343221887746
-0.0547002002417311
-0.6633279774578604
-0.3151827076669463
-0.2125056494820398
-0.4933083178670825
-1.4568053177239964
-1.3110472134433588
-0.6263157623768913
-0.1785248259245634
-0.5070979063300014
-1.7380167275058562
-2.0984889981571526
-0.8642254175251063
-0.1870439109327655
0.3512263751297347
-1.5234409427146829
-0.2720091268281816
-0.3158366653798601
-0.2014770550258719
-0.4816510904446712
-0.6704573598213299
-0.6737270447329992
-1.0251673369833512
-0.1585717623298005
-0.4387339682229466
-0.3095750333888265
-0.9621821757242490
0.0209390190088990
-1.7326024564207734
-1.3091854080574468
-0.2819295921310698
-0.3080464708410028
-0.0654328429220848
-0.5764587889823662
-0.8236749270097585
-0.8684586494621749
-0.1002214000413805
-0.4135300985634281
-0.7069662766521836
0.1142599356035929
0.0555619790886046
-0.1457901132935977
-0.7245389455698783
-0.8483702544734955
-0.4831834666709896
-0.6756994286551714
-1.6123964459656925
-1.5306666103358835
-0.0253905473337619
-0.7782874216931515
-0.8956438770185349
-0.2892980437901729
0.2773428220274071
0.2573862630131805
-0.1913668311376916
-1.0198680116016179
-0.9941381183210288
-0.0920947647319798
-0.2941394096157189
-1.0630073072621804
0.0621926078882365
-1.2697860531901470
-2.1551634147938756
-2.2257704561993390
0.0187636628194607
-0.3639188719292299
-0.2882137312295712
0.0974104156051712
-0.6595946732824766
0.0109904780229998
-1.4103155862170667
-0.9200794729827091
-0.6026198927444175
-3.3435673585292740
-0.7822619520516937
-0.1165291538869021
-1.0455328175885479
-0.0762164629051031
-0.6823860690220339
-1.8402637518365914
-0.8859425510280847
-0.6094534654460162
-0.8495308722002978
-2.0786131100322689
-0.4752875409685558
-1.4696660168482021
-0.8959603807796513
-1.4987267449611508
-0.2382010076391655
-1.9528781809119335
-0.7346788984994337
-0.8730950495137729
-1.3153631919938309
-0.4526783041176999
-1.0832263283603478
-2.1475397479485765
-0.5800708685892129
-1.0101019488336014
-0.7556105014275640
-1.1756277730876961
-1.1665048131821372
-0.4538545560890104
-0.2325129251582063
-1.0842536884533560
-0.9801288996110653
-1.7079783041087286
-1.4243760084052595
-1.2354036995886239
0.1939281006186159
0.1825742739809904
-1.8388300407726255
-1.4732903948842462
-0.6697582710950464
-0.3017174589379535
-0.1194521986583535
-0.1776979991878730
-0.7033933047227768
-0.4109000395290670
0.1113042840841626
-1.9114339713909330
-0.1972735225721020
-0.0234666608743022
-0.7108356347750185
-1.4012939086459735
-0.9725518770606008
-0.4077419185224153
0.0840614587676034
-1.9087929731598234
-0.5586424774154191
-0.2426619337260809
-1.7900465590035484
-1.5568853714182760
-0.4704849070662658
-0.6852076418955082
-0.6209563199239916
-0.1368812157566379
-1.2205655081471567
-0.2973965558946812
-0.1518745738820714
-0.7225064346103254
-1.3748053157973796
-0.7620483743779423
-0.5073601662356838
-1.9122257365803794
-1.4302214140534169
-0.5040712337912518
-0.8844083240203764
-0.1019257996479844
-1.6401132344680787
-1.5038969826844355
-1.1297945564453626
-2.8734434340724717
-1.7872516232782234
-1.3290600455333628
-0.7305611220907812
-1.6007603804258168
-0.3245221389878133
-3.0748446180345019
-2.7905942960656556
-1.7344533166366616
-0.5969114713767818
-0.1608606322592704
-0.3058568489710138
-0.2493041846582839
-1.7254211911627266
-0.4088983415607135
-1.6319254174212838
0.0260803287147281
0.0358784293334031
0.3283124488907063
0.2702363731799858
-0.8765089408896097
-1.3713966578537353
-1.5916602571990202
-1.0834928636498533
-0.3318371352771657
-0.2282767135889670
-1.0408040474689781
-1.1611019120843020
-0.5451538876675678
-0.4789251126504984
-1.1069226941499319
0.0205554158207392
-0.4944266251961265
-1.2253291969871003
0.2446247216665062
-0.6962187764057186
-0.6594404901539046
-0.5816370496234433
-0.3932188193942551
-1.0002400436138696
-0.0354442285889359
-1.4487422452076257
-0.1391716238969055
-1.0807240668416942
-1.1454908864119877
-0.8357772727268420
-0.2889512566528192
-0.0943959462341605
-0.8231829238047695
-0.9937852262547957
0.0527700015867237
-0.4400825234716760
-0.6007148028688150
-0.2719270342462026
0.3193220160326565
-1.5805160498915320
-1.1595300383015965
-1.7719801961246842
-1.0254328935064070
0.2912946795569595
0.1758541853686557
-2.3705988797552493
-0.2825917716140194
-0.7643414383477899
-0.7443588350410045
0.1352616487743093
-1.1284234426849504
0.3777859836650239
-1.2272404332209130
-0.9966416296219645
-1.5183395753948583
-0.2012526793293758
0.1465199402643658
-0.8413502830566940
-1.4459932956445400
-0.6152153848643827
-2.9863069583855970
-0.6999182242912930
-0.1679292251468812
-0.2507372719619675
0.3988811358949239
-0.9006912044731448
-0.6008289202369710
-1.7817866897709740
-0.8801827542591391
-1.1845812911604774
-1.3018173979030587
-0.7136869464671808
0.3760757393108461
-1.1791067351911522
-0.4052398483337228
-1.9572818141391164
-1.0488776505610429
-0.6083564055523719
-0.2104768346429728
0.2284548482737092
0.4882657812884109
-1.6053394261552814
-0.0765787472614172
-1.8078324434628699
-0.3582145273391780
-0.1828213956738148
-2.4372676795474133
-0.8640258796276603
-0.0467762242870009
-0.6396341375083403
-2.0050604750455898
0.1382815088046872
-0.9029099603329723
-1.0002874541803615
-1.1113469945778163
-0.5243941897883960
-2.0250996520336511
-0.5264839771675063
-0.7669395562678479
-0.9572986261919894
-0.3212489358246005
-1.5799462274806666
-0.8349350995047333
-0.5250721853560186
-1.2289092469570035
-1.8465507748052403
-0.7752063199682223
-0.8575326629672528
-0.8535610350276885
-1.0420184084716688
-0.0115206968959167
-1.5390239703943451
-1.0736228229971412
-0.2157259125475615
-1.0885894247534527
-1.7198935351068616
-1.3773669995693618
-0.3032968108242030
-2.0302729048984900
0.0535136449891242
-0.4875931856364954
-1.0354979493099374
-1.2191738506761658
-0.7250709314745710
-0.6800331605383453
-0.5000725061702919
-1.0845017496410652
-0.8833500714592654
-1.5020434684562658
-0.1809671587404986
-0.3350149505699700
0.6519782071742207
-0.9041649171956549
-1.1812915060234364
-0.9541506299725623
-0.4736139196682553
-1.1036962847295881
-0.0492516366350971
-0.6682118461568590
-0.9817605762582232
0.5642109346269332
-0.3426918890380882
0.2493155433117807
-0.2678766259246872
-0.6930624233635078
0.6248537145440817
-0.5450088073883033
0.1879825226847671
-0.5968430193268356
-0.8600385962013549
-0.2062863779220357
-0.2719520491158763
-1.0581590892225234
-0.9971601124227726
-0.4432417730352467
-0.9177576275918889
0.2161270151228140
-1.8262237906314442
-0.8055519905582985
-0.0437682507890985
-0.5875300923940423
0.3759025090787990
-1.2089646187265646
-0.5854105110569683
-0.6685965111045555
-0.4297520460592217
-0.4127728942953726
-0.4302014037464655
0.0634067809906025
-0.2293555416220240
-0.7561436427552527
-2.7866325669233691
-1.8045112509283419
-1.7556955373411942
-0.6207345057701941
-0.9493810208338619
-0.3265976034134588
-1.3270843135259700
-1.1809872444359093
-0.1854387318876664
-1.2393922027272297
-0.8042051141551848
-1.1654072630832295
-0.3484434552865691
-0.1682435649770627
-0.9000857425179274
-1.1197740578598598
-0.9063350053678841
-0.0500090103138220
-2.4912378471744860
-0.8967251409225971
-2.0365406940669644
-0.6899539413972623
-0.8118709357248036
0.6789989440011310
-2.1608035643911236
-1.2761263462983390
0.0633726064393958
-0.6623687681359015
-0.2458181589915352
0.0717829931114129
-0.6345929691889134
-0.7983494573341252
-1.4530977027104544
-0.2220507397315267
-0.2576792537992272
0.4677091294693168
-0.6253815335902460
-0.3200662572394397
-0.9878095632728646
0.5467512373802077
-0.1638040907944786
-0.0899343065923576
-1.1460840819209128
-1.6242995062947487
0.2218128690798823
-0.8491219944794853
-1.9018353795324763
-0.4095506344848180
-0.4767027123975558
-1.0054553706828726
-0.9337742306863275
-1.0662292981317651
-0.2035890049389879
-0.6138335059019007
-0.5021483061633549
-0.4641801366257783
-0.8919344722935059
-0.0231506775563210
-1.1652966896419537
-0.8527672336875944
-1.3788424075526453
-0.6539362574252784
-2.0529807468036663
-3.0875553706949836
-0.7220954686578679
-1.6993801486386870
-0.2039323971510411
-1.4078474822636911
-1.3747889112532961
0.5010290255397186
-1.3371868517449557
-0.9104618139631284
-0.8284838730955603
-0.6093340566579485
-2.2089053087234007
-0.4533486346376241
-0.7145954737733279
-0.0228233802315849
0.1756800967825461
-0.1751022074169710
-1.2688580994520369
-0.6481005181444213
-1.2659939138297123
-0.0677548158975691
-0.2863652982410860
-0.8327308269741962
-0.2420636708751228
-0.5629059921710425
-1.4565943066317479
-0.1228432889216874
-0.6354141087751964
-1.4709781550598675
-0.4250370075135515
-0.1679699222936695
-1.5525130734696182
0.1170087535335159
-0.1520231400970015
-0.7888629064435512
-1.7729059699328058
-0.4182215212745927
-0.2723076766037136
0.1318499126730714
0.2799310714287800
-1.3284422396500937
-1.2868697402858933
0.0276654732561833
-1.1891902447829394
-1.2745065213701345
0.2484891755485006
-0.9035341045868966
-1.1496563059933864
-1.1408524947851482
-0.2719886963280528
-0.5734524896668532
-1.9264611398739142
-0.2583378211856034
-0.7693957505497184
0.4965814636127531
0.7727363792927465
0.0081551899004008
-1.0372884930001818
-0.0012017454702673
-0.4552499866095462
-1.3539945589514069
-1.2317510912382192
-0.1117082497591483
-0.3095142123162153
-0.1522233553945068
-0.7409667254459325
-0.5240417106151650
-0.6350008471454812
-2.0361173054583603
-1.7631293555842875
-1.0560573142407867
-0.2270214783457079
-1.3071092855082100
-0.0161006630270604
-0.4013821227111430
0.4085135353196737
-1.0819884685575711
-0.7819338505329596
-1.8949904539268698
-0.2590271741351863
-0.6776615251635505
-1.0171710395017270
-0.9507532987897327
-1.4175518803684164
0.0158747590008582
-1.2482800697649212
-1.0977307045762776
-0.9948715875443819
-0.1030524209681641
-1.1496513914336883
-0.8576367435943025
-0.8936076485928356
-0.7580563468318862
-0.4033647187474865
-0.4800997077530467
-0.7547783864199685
-1.3578682459550790
-0.7958358972110339
-1.0210833504161978
-1.3029953622308621
-0.2175432206143117
-0.8088819370343197
-2.4771281995833974
-0.2332833450891265
0.3667319484108936
-1.1195342121035641
-0.5931228397488076
-0.4577225306288023
-1.3111229927391921
-1.0059601120643102
-0.6387580169227127
-1.2101168770882331
-0.5446360911389616
-0.9672413643510031
-0.4602237712960803
0.0456520406477024
-1.7183584098217362
-1.4818790324492461
-1.5827862291590697
-0.4986725813926875
-0.9993836462097553
0.1008724121559911
-0.9664283722752953
0.1633313462444198
-2.4478553034927195
-0.8934333732354481
-1.4492103815630033
-1.0349870654901163
-1.0070308797585361
-0.9182394192640737
-1.2506920131237671
-0.9612988119881165
-0.1049535577845564
-0.5790993947712272
0.6657900060542286
0.4734552884744888
0.1644038441929452
-0.5421965019510329
-1.8097809520448276
0.0512469396100336
-0.6741993981349713
-0.7377883393187619
-2.0455386644668061
0.2489008209409806
0.3478136582654232
-1.7473076297870416
-0.9303480111191725
-0.3911437641177389
-1.7391943554440419
-1.9776975804924688
0.1158114986464865
-0.0365836796265316
-0.4567526727616681
-0.9414386677727742
-0.9704811951337580
-0.3469654768415137
-0.9149283425855839
-2.1026070118026485
-1.5799132563566833
-1.2672990173816672
-0.7808559106455991
-0.2480146753753642
-1.2089036741726917
0.2650269767536831
-0.0328435261282479
-0.1688975064179988
-1.0798852635636318
-0.6373401532616150
-0.5439942101825336
-0.2434719725745202
-1.6559656641568821
-2.3843482342783986
-1.0538279886607773
-1.7735347665519772
-0.5794517305242675
-0.9339652383985805
-0.1349356479839860
-1.2220179302552925
0.0176029162498938
-0.0306183644045113
-0.7122579986698563
-2.4792392962025129
-0.9112828659392468
-1.4361641744651823
-0.4526620931922979
-0.6315890539622754
-1.8396108253536703
-0.1836812938019383
-1.3313445879402952
-1.4952498642000829
-0.4650058077026950
-1.0625793414430040
-1.8509889665706838
-0.2024189025139619
-0.5632334801283666
-0.1799063917656530
-0.5030994240496994
-0.8885182277210164
-1.3698361234032488
-1.3109859706974720
0.0807474340386945
-1.1630116927953398
-0.1322297052341147
-1.1148431182478682
-0.0042325634927751
0.0332436138029418
-2.5630667828490008
-2.5886015630119044
-1.4969256969699722
-0.3786828274714936
-0.5824663610591480
-0.9159866487681058
-0.9935709621045037
-0.8961192224544309
-0.4253141749302059
-1.5526446234821742
-0.6448979043918233
-1.0598111874028344
-0.9515698146933507
-1.3206116892090183
-0.3192510769040341
-0.5740196567814779
-1.2684331587451299
-0.3662357722078854
-0.1061862337566833
0.3200442356102470
-1.0144013905923499
