-0.5956470376458526
1.4934206672326493
1.2112762914749693
0.4642800776557495
0.8217355453099017
-1.5156454836967741
-0.8940199744198531
-0.8644493247163829
0.0409644877702374
-0.4918022497671574
-0.8401288165364915
0.3119859202344578
-0.0126017571510569
1.5472205930965268
-1.2219610443697586
-0.2592114986383718
0.3233608808159127
-0.1382238563679196
-0.3133223335041393
0.7763085377114092
0.5415137061402122
0.1368726474748931
0.2006018279231334
0.5458655627358051
-0.2041856132840590
-0.7595258064441190
0.6525656208764682
1.2693075491522816
0.2658619988732671
0.4458836088085899
1.9195942636137775
1.6548538263873076
1.8038744715190123
-1.2514674423605805
-0.7262536590681939
1.5586618945946145
-2.4226702638524875
-0.4927967444352716
-0.0820924063126621
0.5367964051098465
-1.4041498913859602
-1.6567655078772048
-0.0731595431894535
-0.7150650336767949
2.0056778339562875
0.3250590583533739
-0.3973741065994188
-0.4680992774070086
-0.8971949693334347
-0.6572718538708466
-0.0577000744832150
-0.4390003567461429
0.8859472506349233
1.3427988581314050
-1.3286509856127009
0.2088834987848480
1.3623336883757757
-0.9768252527302514
0.7541270103442891
0.5652534217407047
-1.6898809284884411
0.7169521173671709
-1.3916527402521528
0.2467090418374104
0.0328798876824149
-0.8734754219559876
-0.3232541648719873
1.0769061269525690
-0.6738580519649888
0.8705715313941657
-0.3296563251810980
1.2756920084040162
0.0936650593999721
-0.4935756439388548
0.5072855648904719
-0.0740762059948238
-2.0544094327333755
0.4901803266995632
-0.9421857577867068
-0.2702377176799303
1.1995218146311166
0.4166674065417962
0.0879426188552742
-0.4091393261100850
-0.3145580703231539
1.8662522279300493
0.0295866071345905
-0.3396634322219164
-1.6837810774705981
-0.1981176814066980
1.0518312728976005
1.8310412974379204
-0.7857135301433742
-0.5789115473310249
-1.5126654672950788
0.5311536031041416
-1.0476660316151811
1.2798264091352107
-1.3867756824540516
-0.3195140155489865
0.1331070799523221
2.8187610149731590
0.5446906621348901
0.2861060025261306
-0.2294005447470455
-2.1602135770458193
-0.4100731648020003
0.7820121337102350
0.1390514389764237
1.1555306515179151
-0.2228714397265660
-0.1696072581543830
-1.4413969058652474
-0.4823630391338860
2.1663800505061706
-0.3172703162493158
1.7849175560920163
0.9313047460667859
0.7341079435563940
-0.8141894860281463
-1.0062612754581992
-1.2744223252127453
-1.6645941179502013
-0.4298393383548766
-1.1548768656494222
0.1410705606564975
1.1301013782077551
-0.0993384336380171
0.4095063842022487
0.1158328322208339
1.6126104724966792
-0.6338186060724493
-0.6450881109960300
0.0322823485519102
0.2170798080465588
0.1006052767932828
1.0824125390727102
-0.1606844692174202
1.7832420204116080
-1.5086541618266711
2.4217365078994857
0.1132016976893863
-0.5850454145052164
0.1939923753798510
0.7098397290035459
0.3401150391919462
-0.1618803928559490
0.8485581869243506
0.5566957699058673
0.7761974279706833
-2.7701271729831172
0.5523980429472566
0.9023782328986814
1.0288522971614344
0.5524540263095157
1.0984548300163735
-0.1227264440162061
0.8601402918662706
-0.2816224505756140
0.8249033208943028
-1.5504155848199543
-0.9845736504357654
-1.2218018780905819
0.7502367713471179
0.4108251938407049
0.6859107320754725
2.0484622932524448
-0.2929644564472458
0.1529798449551332
0.4908509145810942
-1.0564318809613726
1.2403897683636740
-0.6648915653462584
-1.1069198049611009
1.4914613914772898
0.9794173721829005
-0.1938938309620440
0.0112483912431664
1.1976192296873631
0.2925370601162632
0.2241249101834027
0.2935042346440040
1.1829958882552032
-1.1995303538605986
-0.9544753404144625
-0.4614563087277957
0.3848265435014730
-0.1256467316713812
1.7417011573875461
0.7121948478163319
0.1197779276228625
0.3738402270376928
-0.4019295727525605
-0.0849905639175307
0.1754803505708811
-1.1454987210194774
-1.5652241205801121
-0.3853694161665946
1.0031598680755003
0.6040700772108040
-0.6902387334998128
0.7557530730932946
-1.0318788347794985
-0.3505718001508155
0.1342202484621761
0.4659508234906413
-0.1226344502456979
-0.2828336866890058
0.6165242740327900
-0.7378795533609587
0.0433766921228674
0.5938177898303514
-1.1462518000117798
0.7919956138155615
0.8544194834212161
0.2725426156309083
-0.1160883237021849
1.3162988703166778
-0.5931186114212035
-0.8214270668845244
0.0870962030613895
-1.5747969413907517
-0.5943143667855486
0.1727831080364401
-1.0926786980139069
-1.0215045346204070
-0.2808011377404219
-1.1509400723280105
0.3350417083819297
-0.8380730715121408
0.3297829854051056
0.7419377713099063
-0.6031343222387667
-0.8569728610026831
-0.1731834479787893
-1.4526743941359388
0.5222993419828355
-0.4851075060629867
0.4268441886605385
-0.4322385098775371
-1.6274285269269095
0.6228985901518036
-1.6118714440401554
0.9154008994183345
1.1795795235815283
-0.5550522420653564
0.1811482857334819
-2.1012895262880802
0.2401893839649276
0.8508104031312618
-2.2346276065913693
-0.2673280294390632
-1.3819534815832459
0.3787091975560489
-0.6396737910473875
0.1391128095425636
-1.0715632241977302
-0.2979380839295961
-0.3147091601911776
0.6777135336146960
0.0568215585564598
0.4001751455107696
0.6340692016163038
-0.5506675738505438
-1.4980076365908379
-0.2858279010744901
-0.8441833483145652
-0.2348995729185274
-0.5508004049338011
-0.6186140048129207
-0.3830725265004521
-0.3054710377522776
0.1579898346233458
2.5449284260536755
0.5990266138226955
0.5920743393515850
0.7194137994249578
-1.1548486358769385
-0.6140114339307550
-0.1513473224135959
2.1590170456899371
-0.4549090174006885
1.3736184488474448
0.2675843392801265
-0.1914697982658297
0.2819997520045096
-1.1095112055704672
-0.2783322067354781
1.0389195881249751
0.0364259961505878
1.2605484911113858
-0.7582652552282783
0.3820629989046474
0.5831610371845493
-0.7644414761928902
0.5613170557544900
1.0089030704558115
0.0161212100796838
0.6676586272649858
0.6711306967323554
-0.4048351208417017
-0.9114039672842327
-0.0192648716114103
0.6083042939201537
-0.8619781372647293
1.4393836367477761
-0.2315697726665027
0.1737465994403307
-0.7368598125689733
1.9171359346370265
-1.6702396499912648
0.7491006903849858
0.4294529929408380
-1.0217665534176814
-1.2068921351186339
-0.2552545827339082
-0.5176846808624098
0.9823619081187748
0.5446306987187475
0.7706666316924282
1.9574815616275052
-0.0567592019665532
-0.7509294893934400
2.1900407645007753
0.1224581989735326
2.2754852109477679
-0.9674247927935968
-0.3470048863554787
0.8408408310932524
0.0342052733023817
0.7386336599304575
-1.7168347788215592
0.6159472654721135
0.5582237351855984
-1.2081726227123992
-0.1339742381547322
-0.6969172107707715
0.7418866476501075
-0.3222800197440804
0.9332290309145850
-0.1302122360086542
0.6585669935419202
-0.3305073107292871
1.5277384735853903
-0.6093242526088045
-0.9088995183619808
-0.5875507390152914
-2.1371344734023854
-1.9166621553355399
-0.7932208933891753
-0.0495594793054096
-0.5154528434856510
0.0013594124480873
-0.3084294182854080
-0.4853647562123735
-0.2255199184468721
0.4814215003444556
1.9006228092265018
-0.9353288240508565
0.1881853850941943
0.6911402535264464
0.0490592651900688
0.4744331338813785
-1.4276049142582612
0.0778129939267667
0.2623413770784842
0.2566402879990121
-0.0591793954096301
1.8674454097949986
-0.6913558848629506
0.9222844935734866
0.8844584761339072
-1.5731413154617699
1.1020963146130924
-0.1382391574011392
-0.3737554656241721
2.0717312267959862
0.3575515007707713
0.3598563999260871
0.1578142335944554
0.0762730255550215
-0.4336213561209133
0.7144543524242135
1.3441931001944485
-0.0038946748689615
0.0606208228089468
1.5365753059260765
-0.0964364885650235
-1.5339176669611054
0.9256565839041477
1.3348614232859317
1.4913303876142803
0.9063290593336719
1.8062846683127882
1.8541330756344583
0.1821644313590164
0.9775258678023069
-0.5996959563685773
-0.0359001416533205
-1.4127101189162146
-0.3727497818967022
-1.0202662779794731
-0.3826160390056318
-1.1861465029632348
1.0411546361618540
0.3663889090749544
0.6748347883986145
0.2219541749447463
-0.0557513545325974
1.2417648686242884
-1.2287158378373142
0.8451411663894876
0.5894312151771672
1.0134597149980353
0.1503638475650175
1.0208144173551654
-1.9117119182867008
1.2213763663956572
-0.3429223934756493
0.7680068885673292
-0.6729763337440609
0.3691705423782105
-0.1051205075574691
-1.1844553136292006
0.3763187793440028
0.8082203563878460
1.5643836602098566
0.3370211072093409
0.1911512365141207
0.4372327013169527
0.2726528978040648
-1.1499617041578496
1.9765647810411993
-0.4983359552439984
0.0300413336383620
1.1388953644401780
0.1055788446502297
-2.1292735963672262
-0.2964771256431031
-0.3798142819569262
1.4767647880284183
0.1982998418551614
-0.2201889102693022
-0.5613527470396055
1.3524786466972827
-0.7099960734521215
-0.0868246622732794
0.4009924528843346
0.3073837670934928
2.4760670152332942
0.1160441167860801
-0.2611890370141747
-0.2069331256251143
-1.3848515592337030
0.4852894218963294
0.1334619954176358
0.9660134548134736
2.0228660729294594
0.3470416598560296
0.3103325941671228
-0.4599058906206612
0.2250875464738306
-0.5519175590296360
-0.6833383149515100
1.0313893303093882
0.5220530706531251
-0.5494974918836780
0.3612694902483681
1.9135954768078609
0.9336308563049889
-1.1452815389350735
-0.4874438938226435
1.0164539635334189
0.2352926898087067
-0.6949694778838622
-0.0263489733078570
0.4731718894038238
0.2124819886871470
1.3059847692699242
-2.6539392225446496
2.2446806277371691
-0.2617825748625519
-0.4698070331597748
0.6991300285049790
-1.8216574632106768
0.7379628611836263
1.3551233352093883
-0.6452065623825511
-0.4815306641197999
-2.0691494706547715
0.9325625432366313
0.9365157806279543
1.3062795112958765
-0.5409213028095734
-0.7795501701791480
1.2161709652974195
-2.7803810764989567
0.0511507958855124
-1.2111041438148720
-0.4224666787099349
-1.2177642425131283
-0.3773806489179647
-0.1286999713040722
1.2015806233420230
-0.3873353818175228
0.4219264293189128
-0.9468399970927589
0.4078362917199807
-1.9699790788222207
-1.6374452361771483
-0.7822973868570413
0.0135328124956135
-0.5485065293063383
0.9689883995192957
0.6159604075280107
-0.3459214033238424
0.4945328626003470
-0.7960479196491994
-0.4017385730646441
-0.8496638687444111
-1.5594472979241871
-1.4524499468650014
0.8569739739494798
-0.0053481728632075
-2.5314260082291371
-0.9786474759763338
0.3983302419371424
0.8402259923158603
-0.6257626919152317
-1.0279461415514370
0.1065353267582329
0.7844237959747726
2.0339681295980281
-1.1764164368778753
1.7655782467520438
2.5527595394937448
-1.0700511354679783
-1.1012604805684558
-0.5729514132331066
0.8622592301697817
0.9636248740655483
-1.6397707556410428
0.1749591289557935
-0.8929209120510299
-0.0681450109039460
0.7943541585054372
-0.3623177450928669
1.7184073446662320
-0.7414646322512300
-0.9165884653851127
1.0562460090196713
1.5421879547648492
0.7326842018559484
-0.8284852159109091
-0.6565202321320144
-0.3942317482973102
0.4414239528946773
0.7171224777276283
1.2375848333963835
0.8743102022766980
0.5483444560922397
0.4220443564396040
-1.1225196944940841
-0.1693076538511716
-0.3034422865616880
0.1185419663687033
1.8337308335596409
0.6140733852605722
0.6739587930557686
0.8177492845963066
-0.9749055586451844
-0.8212665714500382
-0.4524031254605827
-0.7471851368800997
-0.0577718927602936
-0.2115499076270359
0.4221004637716444
0.9976342510042304
-0.3835212063984382
-0.7140747280721519
-0.4192590449194709
-0.4426987276443568
0.0438423484626365
-1.1855793333981821
0.5645663315095303
0.0562869489378138
0.2471196435146071
-0.3279232151637069
-1.0587188843868935
0.3705475618036387
0.3529551706672269
0.5357895318783286
0.7945906209398089
0.3944146266943682
-0.8162810903429498
-0.1463584833943024
0.6206332934800007
0.9369256513968320
-1.5877316510868911
-0.8379411605073044
-1.2376074622903073
0.0510784531440016
0.6191595910607716
-0.4334366486364201
0.3737628793850293
-1.4180105188358261
-0.6304337847103574
1.0586545334236397
-0.2256328713272397
1.0277653498548700
0.8070315128877796
1.0404931816402530
-0.2478568978321466
1.2726745169335303
-1.1903842169113021
0.0308374997621061
0.4570593559423438
-1.1657560314398645
-2.1868931206829614
-1.0055270318473526
0.1107209673129179
-0.3624030663934508
-0.7971100477593394
0.4083976573894503
-0.2638998082846412
-0.0851866039956148
-0.7450737736974506
-1.6313931877905834
0.2115520106308718
-1.1548471739878605
-1.9878154892931206
0.6982624668100813
-0.6144792866370442
-1.0153322113345566
1.3494777243793861
-1.0307845539028906
-1.0600902453738283
0.5622271910093947
-1.0061492334504682
1.2895672384256949
-0.8029904584111558
-0.8626092072533282
1.1398713967708649
1.4202462718237128
0.5929455425970527
-1.7621804877388698
-0.4511921806637009
-0.2565778400401915
-0.3023552338243088
0.8524732364249690
1.4702507871233543
-0.7911014298120926
-0.1462969686078248
2.3792845362824400
-0.4636772863775661
-1.5668744087625688
0.8116489699085540
1.0575744604808568
0.8514218680478011
-0.4183674082368065
0.1592664126717340
-1.4419446015936224
1.9215898496442267
-1.7512955643750532
-1.2962290017469658
0.5262123027594604
0.4192366660851110
0.8879239739089462
-0.6247518035838906
-1.0000108391219635
-0.4752275835597529
0.5228510441580341
-1.0174621260749415
1.0889598939938729
0.8722834363356140
-0.9373127439616201
-0.7627301847476098
-0.0701010271133427
-1.2503585651749378
0.1239153846796124
1.0969827497509212
0.3545966394929406
-0.2718271800059192
-1.4616339170337667
-0.2363359997089918
1.4043828996928287
0.8166973660021680
-1.0063667182918341
1.5531776397782568
-1.1322453862000663
0.1482010131548324
-0.7563037137768964
-0.0139891517669838
-1.2980639107782910
0.0008812630585893
-1.1138419070986558
1.2589329121637602
-1.1360547254267517
0.7493137620070153
0.6584890492088705
1.6840179071659778
-0.6386408227645262
-0.2360505634381968
-0.5385623622800014
1.7697408161696253
0.4943644404000221
0.5856449524098919
1.1311200108691251
-0.4733223157597490
0.3865199246986383
2.4125722541875598
-1.2130161249335845
-1.4740797823014042
0.2686558435620883
-1.0874888353658119
-0.2780680472786258
-0.9677678564377512
-0.0743101282734001
-0.2149674101278124
-1.4313419735927697
0.5902106213803213
0.4718297086082340
1.2179744046011869
-0.8597600333816505
0.2190711045680016
-0.6908826613643589
-2.6161014251097630
1.8215169866167966
-0.5258586033634358
-0.3304155492771575
0.3850433850777178
-0.6608017824570589
-0.4069028597806100
0.6489813971984103
0.4624550957219840
-0.5196670265146925
-0.1972713877691693
-0.6133454673022057
1.1111777812680366
1.4068851069863646
1.2513061088328659
-1.1009424830597967
0.9254657082876662
-0.8652405538054730
-1.1766337871354098
0.5905837696524080
1.4647864844069542
0.2435615438476436
-1.5271530836311380
0.3861024715677968
0.0568234019922687
0.8612911620089847
0.7745120305485941
-0.2106467379292488
-0.5829028840892331
-0.3839934033227848
1.2133344005324540
-0.8027712087843433
-0.0219030806458000
1.2984609926819717
0.7780015519739580
0.0296749739964854
0.6172097696465453
1.0136289772969675
-0.0773227038073011
0.1959602435920065
1.2731349699119761
0.5639740311268252
-0.9602291513633390
1.8734023756909692
0.7518479438540957
-0.0666055248896860
1.8996374733625807
-1.3337465201117658
0.0063628046218725
-0.5200068199161211
0.6728302429684010
0.3751055917411785
0.6696826746402773
2.6054466006445653
0.2768988238883619
1.7535140014834032
0.3540176300717465
2.1452452016594195
-2.1922874725478989
0.5576326968226257
-0.5807090759125955
0.2192289141140510
0.0022798713855961
-0.4599773951463441
-0.8086032939700891
-0.1973052421834607
0.9043143515461072
0.0999969803266419
-1.5727582005763585
0.4551564410366881
0.4808598147227530
0.3578105123793220
-0.3383904114518608
-1.0763455214792506
-0.3784040207143792
1.6649366497326228
1.8032553289082749
-0.5381442971910511
-0.9213297566238440
0.1637367388223069
-0.3116601912473457
-0.8694485013052194
0.3442592133922434
-1.3214312399791956
0.0266161898727026
1.7904038818317776
-0.3182683832132712
-0.1664278325980070
-0.2806474751859593
0.8280995048298099
1.0368519946628887
-0.2368897573539183
-0.4563551704434450
0.1836438364275199
-1.7181147430220189
-1.4652403989621108
-1.3073307882630638
-1.5015564070449900
2.0169961548078166
-0.6970792203138925
-0.8070409232725098
-0.4918566419532689
0.5126833897351746
0.9685801254644429
0.3487064144310459
-2.0654027539961279
-1.1481255309335217
3.2151056298568359
-1.3439496838532103
-0.3450550338712217
-2.2335464073813802
2.4260119743771109
0.6896390339265541
-1.1147740475203411
-1.3175480705131817
-0.6809235319387938
-2.9908802348480581
1.4013143156206536
-0.3931702355934850
-2.2399778383861420
0.2134161631927479
-0.6375387608113793
0.1266824593674473
-1.5615213540546624
0.5860854779183505
-0.4725248367824936
-0.7420212633830222
-0.6673215628782826
0.7488869574637035
-1.0652714802547141
-0.7138140675549772
-0.0179456350452648
-0.7624408786566416
1.6260450410676091
-0.4332729364573673
-1.1688071505427300
-0.5622631296948938
0.3873397576354877
-1.9582840885880113
0.3685189871140140
-1.5434172780847337
-2.5134185050816096
1.3462392509844421
-0.4414005885562329
0.8724641991174507
-0.5031931992957368
0.3409971473220017
0.5414988781615170
-1.6193333850086165
-1.9812620673685131
1.0368859162280957
-1.1458947530196171
-1.2492743840702771
-0.6313927608152106
0.0282150806471394
-0.7913191103556909
-0.0421912754929308
-1.7780308111532424
-0.3011961681853278
-0.8666757668566996
-0.3608383239818009
-1.6007145481751242
0.8506749806808385
-0.2168407470140117
-0.3998106643722251
-1.5533853360024703
-0.8741956630555933
2.3197200139511840
-2.6461883853588417
0.3545671253153746
0.3380189246093263
-0.6243504612685307
-0.7579817311101967
-0.7035292003469922
0.8954509150312380
0.2328307133188274
2.1356009471067039
1.6130842715799691
-0.4638082940081830
0.5131386936984081
-0.2952010045434234
0.9389733869043161
-1.4675292256423185
-0.5104352942588040
-0.8167180416238208
-1.7473912439585582
0.5049406864174151
0.6449791657249273
-0.2784982748807077
-0.1305792631872668
0.2602011160289383
-0.2324081891936585
-1.6958964373594658
-0.6924482967337047
-0.7159562981193486
0.0098547038181186
0.0849984381392576
0.5717285154688730
1.3415011203872462
-1.8241863498580404
0.0519540620941933
1.3935599981715536
0.9882266420049474
0.7581966962537325
0.4741673512494179
0.0215466488788843
0.7571495326582073
-1.1552852505943805
0.1751477327638062
0.2039991282668856
-1.9412809310596488
-1.7268651495345517
-1.3406371185822639
2.6933959867574560
-1.1084054676275739
1.7593666588914938
-1.3710970378317986
-1.3273312493055129
-1.2029531008398473
-2.0938212778754517
-0.0669894819235238
-1.6723023696895607
0.6266521774332948
1.9554167770151734
0.2512933244160530
-0.7292880528823242
-0.3161877273491681
-0.2649031524810181
0.1210730509543571
-0.8679905570961254
0.0748039608285456
1.1785302845310195
-0.8428671848386659
0.4552995858993389
0.1314644225586243
-0.0058251575150905
0.0749588018118913
-0.5524488329299602
-0.3864458549039186
0.1168873254037755
0.4970333361588819
-0.2570422934231678
-2.5308476821231078
1.5433970175372067
0.8798159257590588
-0.5555783336586647
-1.1295078661171569
1.2033668915905638
0.0735108010729776
-0.3353145683484877
2.2905866930736978
0.5308753132556726
-1.6329347685561433
0.2147970732550883
-0.1122221510906371
0.8532422970950910
1.2458899886245156
-0.3041205266591097
0.7119829847453061
1.6755784548460162
0.5683566121052996
-1.2551321750694537
-2.0047743291467812
-1.0940537229340768
-1.1358837410476066
-0.4306742945729788
-0.4322944629605740
1.1367874945023122
-0.9537273832596219
-0.9360419751525577
1.1141407707045221
-0.8225775337683936
1.4141072503302605
-1.4061501094798330
