-2.9025083052158145
1.7879209097687658
0.0219855691833537
-0.1827747777625866
5.8261016267290815
-2.3247326628709466
-2.9917514594773005
-6.9042761155624852
-1.1843290588498034
-1.2971414924235856
4.5750373297897040
0.2251864485666347
-1.7962239153818713
-4.9103684710358895
-0.9089567529317424
-0.5952809428634307
-1.4111691068595682
-7.0632689115097440
-2.1763392269804753
-0.1824022290259240
0.2558145103121018
2.4464129893484854
-2.4694827824406866
-0.0338710282098172
-1.2628110515046884
6.5438805236753312
-4.4872352691115784
-2.0236146287532257
-0.8296720326285381
2.2202444283198641
-2.1507206984048373
-1.3093269677462520
-4.3545096796161014
-0.9608354654348507
0.6809967850126537
8.0775598652679310
1.5577928302346240
3.3389954230751071
-4.8822185973045427
0.1492226485895304
2.8663817086253003
1.3761243099377012
-0.0167851147618618
-2.9809376253226638
-3.4015393150498867
-3.8006057314605983
0.4581352427936601
-4.9713850280465746
-3.9629222867708123
-0.4066259496744274
-4.3573338842218394
3.6684373517346600
-4.1611615299823397
0.5436175272285975
-2.6765003002801095
3.4892400889141593
-3.5439422441565496
-2.6931262358632382
-3.1375969939662358
-2.0550131365881152
-2.2969509672060302
3.2915627843428776
2.0122574435869414
0.1707341028779351
-6.8302748232316475
-1.4937016728170176
-0.6637370480699764
-2.7995153111116360
3.1965342479651722
-2.0724329846371909
1.2441157441892579
5.9181076601746341
0.6018992285345384
-0.8626372070763703
-1.4577976825553907
-1.0967454433888850
-0.9968754435014946
-3.2079093130107634
4.8944725133759901
-1.3244323764312194
-7.8729334588054600
-2.0445311220123434
2.5409794444276086
-1.6406271724465498
2.2966774286906539
-0.6003630508116879
-0.0650717177303710
0.3875464172441271
-5.1209572643890438
-2.9001011293346615
-2.3750249928372456
-5.0541778154117329
-0.6161909760838798
-1.7840371504634982
-6.7147658060099005
-2.8817714464316690
-5.1660132240282595
-2.9876537223659354
-2.8178955490470954
-1.7502469227599418
-4.7542150831804717
-3.0285421102486527
-1.9453527545446894
-5.4899832645330342
-6.4291281157140929
-3.8017897428480310
-2.6712330608546986
0.1116240551355682
-6.0776277771812754
-0.0435180820909935
-0.1104234291803172
-6.5812682551173474
3.3223842750902750
-1.0126787573747120
-1.7401722092015048
-3.3567891468573472
-3.3891090599982898
-0.2633021467288488
-4.8814901858338917
0.5994786721667749
-0.6917954582534059
1.5710395720802623
-0.4825750070856790
2.0996336085815210
4.7680482600241367
3.8299592093643620
5.8175671234111572
-6.2966036261618417
0.2611982925183803
2.5758475892300861
-0.7128963965720174
-7.0261829374538323
0.2278118090855413
0.0739911828617696
-1.0835989470616891
5.5686315879048101
3.5872786206544744
-1.2205941340680404
-0.8455755637001194
0.3676443112279867
2.3547546171044016
-0.7840536719512212
5.1300297014425489
-0.7716537621209980
0.3487443839098064
-6.3794724301392005
1.1122709133236435
-4.7120458409171171
0.1069102228789901
-1.0146881334138795
8.2304474356510013
0.0893872202008342
-0.3862137361932475
-2.6609063034397304
0.2918235377619931
-0.2976597080084298
-3.0413836545802582
-2.0527700633854851
0.0609344104303350
-5.4938819709843916
4.2948750621254197
-6.6941131424224629
2.0261533300046293
-4.4309583816531823
-4.7531690451244764
-0.4347253795374368
2.0830423042384796
-4.0799811937970043
1.0786574815870693
-4.1215827776831828
-5.6740247860780082
-0.7060896006419680
-1.5880409928782526
-2.7258786509067319
3.0765510095089881
0.5578664597808535
-1.6368771866567660
-1.3947549506549053
-0.2566679181933815
-0.9781816459951769
1.2913937297466969
-9.3588712312373090
-1.0744274735462032
-1.6640215207163582
3.9275961809549917
-1.1383402163961969
-0.7991840667169070
-3.5895323960376122
-0.3996267052783452
-3.7543147385096343
-1.3288462857979635
-3.9905727081867486
1.4865876495378263
7.3755191499173600
-0.4950910790856452
-0.4420387195639186
-0.6428052730322614
-2.2153364657478085
-7.8840682176108192
0.0007754990925780
2.6278601105672563
0.2903054401635849
-1.4187586032624571
-2.2613034256899605
-2.5225000707410161
2.6968248708899782
-2.3198736069548760
0.3078260729633886
-1.5365055080657295
0.3137102959980076
-2.2791009027600611
-0.2573545717217426
0.8255129009526406
-0.1949367658729916
1.6894892247268893
8.8269831103909144
-0.5229222950983961
-0.3045595381293164
-1.3680759683589834
-0.5029762956274706
-2.5672863441011322
2.4427001575911995
0.1265971216735896
-2.0250866031384049
3.6333700294690847
-1.5623185376230835
-3.2015499838039028
-1.4691265061245622
0.3461462669603017
-0.8541430563089562
1.3749019643331841
-1.2103072908320784
4.3791685816985968
-2.4804116398624938
-2.9251992408831398
-2.8227285557177795
-4.1896275042339264
2.1430201918527008
-1.9025234464699794
-1.4265869477281672
0.3958580900383314
-3.5579849023249284
1.0989339482136042
-4.7508151575231921
5.3773134700001881
-3.5853205771548065
-4.7056737674192641
-7.2604096398899829
-1.7947643835949534
-4.0565368617863724
6.6571100034330790
-2.9099040724085308
-1.1378325462410332
-1.0830808337695748
4.4914572649597773
-7.8161195983578500
-5.7515858585775215
-2.1136058026260609
1.6173083032880573
-5.4341840242388519
-2.8762415286867871
-1.8795960318453573
-2.9772952329739151
0.9666082796688094
0.0082828885241403
-7.6907771662010020
5.4433354969509793
-1.0234815469235641
1.4128715261532341
-0.8352519416380096
-1.8449302976435786
2.7064964261436599
0.1745610134809932
3.6323352634296362
-3.5869522297490604
-1.6496268799399523
-1.3594682853518201
-3.0203898684414856
1.8502997919595472
1.3688860564372680
4.6225949585459425
-0.3337089011495715
4.9229005200218436
-2.8299091232820288
-5.6979934473955751
-0.7229349528247199
-3.0024071880927554
2.6031757277703567
-1.7914770570526619
4.0590960336705262
3.3745051475371293
-1.0004210520097283
-5.5865379515242557
-5.8867289776685565
-0.5797282794474939
-2.4511008386528830
-4.5196264353531905
-3.9205007313624809
-0.1482068128898548
-4.7637435326642485
-3.3673468890258813
-5.7633872500340901
1.6154377305795511
-2.3709407569357346
-0.7341237887131711
-0.1375446809387185
0.2443490685675509
-0.4958946506893976
-2.9985586840470431
-3.6175427119453971
-4.3481395346406808
-2.8655370927471866
3.5189325473431317
0.5556594293103828
1.4254683301874511
3.1999842330976169
-2.9139002817930759
-4.5652562807088612
-3.0831713079721745
-1.8371988024971235
-1.5408577188378896
-0.0659103914394510
2.0095591663936241
-4.4800409221064843
-0.5026967521733925
-2.0805301706425694
-1.8776407341957859
-5.2515243502880109
-1.6574021084297326
0.6320644028818011
-0.9081706665608377
-3.7720316952891788
-6.1673910200318396
-1.6219241176117110
-2.2271153534726253
-1.0196082588035045
-4.4417273647788535
-2.7475393522497762
0.0513953111234673
-0.2725343384863665
-1.8839795386200320
0.5643582814630100
-6.8501215688634618
-4.4433907955830909
-1.9980647179995035
0.9980060296606658
-4.0821810422671003
-0.3972433028132662
-3.0437302482595059
-5.9195609146540606
-3.7315429377533995
-1.1523352790685721
-2.9117459854220837
-6.4241067164447188
-4.2693501768401561
1.7498707556894100
-1.2716742286614349
-1.1587836992710188
-2.1705328763154568
-1.7785750888774918
-1.1380287607381858
-2.5958750437081131
-2.6310144983772461
3.6047385100442129
-0.5581379130476818
-0.5629346098303375
-0.9475379769401664
-0.3702703306719689
-1.8363930352102296
-8.0421906853902723
-2.7728556493300589
-0.1476968862386330
-0.3874622134246453
-5.5232041304841397
-0.2347888494683620
-3.9139941675132537
0.3680738274746779
0.4600585918927110
-0.1466651878307312
-1.9680790192172046
3.6369279503083094
2.5201338172629120
-0.1164766733473497
-2.1685831645002276
0.0244113125658109
-4.8574978126309851
0.1867739797057929
4.8140010422157546
-6.0204012220052094
-3.4681723623074658
6.0244844844485987
2.4207940684324654
-1.2129836467004484
-7.8002305463486374
-1.4603616193021332
0.1215633404604319
-3.0212552128538666
2.1404554419448050
-2.4947041368470311
-1.1375092083209828
0.8624263471877872
-0.4548462524386527
-3.2152486877151327
-3.8962099384580493
-0.9972131206771792
0.8611762082611778
2.2206033981996844
-3.0642096847379805
-4.5550435371128737
5.1174058489280529
-1.3656805590998404
-1.6619035798583168
0.9536519259524137
-3.7599294856077865
-1.3792039059653391
-0.0364580087241438
0.7414091283437578
-0.9903810257568959
2.8614928102444552
-5.7518283825327536
-4.9558401860416659
2.7073110854503604
-1.8121516861600211
2.0192743019200785
-1.8815672587835590
-4.2255122916911478
-4.5599620991898098
5.8285468180602447
0.1187767845683578
1.0766894141056178
2.8272055826198010
-4.4274446265485299
-5.0465118086465921
-4.2558086296553261
3.3988423445209501
-3.7419192334676095
-1.9579442232161637
-0.8001164598584100
-1.2069764712014108
0.6918883102842597
-0.2592299988845782
-3.0479165438247713
2.0330195418717021
-1.1279876496410854
-3.2693471099782001
-4.5192594486121287
-5.9310997368102729
-2.8454680436549054
-5.8367499691232050
-2.5385705350937373
-2.9711681834058119
2.9511980308130790
-2.1567320655276827
4.3553333972798063
-0.7693964978385097
2.3894334186232538
-2.1531236075544253
-1.0490678305361330
0.3850542831515511
2.1739837679364924
-2.0719631392587199
0.9263384692212915
-0.1729382523146554
1.0960432696615856
-1.2674287616033837
-5.8178612059539541
-4.5906662070419539
-3.0760632213576078
2.8672706436700737
-0.2726283079848468
-0.9972408509458006
-2.5299808466757066
-1.7481604740611423
-0.5061454996622230
-1.8198190447404785
-1.4348497110095728
-6.3704149208896146
2.0426756799431036
3.7067880221004423
-2.0265439371811436
-4.4850722070899653
1.6758127380778423
-3.0326692934758199
-1.0879993445766389
-4.5310857133932281
-0.9699849915018137
-1.6209253208769328
0.2871010935027244
-2.2682000347959521
-4.9609676138227439
2.4451937064339742
-0.6170427269380458
-1.9229199574369364
-2.9611073483298731
-3.8907530024841095
-2.0660722964070133
-0.6681834548458893
-1.6324575887359394
-0.6346821078761224
1.9137041447190790
-0.1793662169618066
-1.9215519138258088
-2.3257311367814704
-4.3028979037321955
-1.0280373447975684
-0.4803927355172780
-9.2906095254460404
-2.7914199834175881
6.1780838157971951
2.1994477556407608
-0.9163881752844307
0.3435213662903288
-2.1582526235219972
-10.7286480548220471
-2.8955387020649090
-0.9403725339173032
3.8909811718210610
-0.3456173814617618
-6.3106154512996699
1.9926614192618026
4.8579733998187047
3.4044465395323078
-1.7117333593557573
-3.0811075639000469
-7.9642349323018502
6.4918033770530172
3.6246866309708388
-1.3214879436328415
0.9996196856076445
-0.4449776496012480
-4.8388648920798092
-0.9866173151612943
-0.5176965313854689
-2.7044521431259838
-0.8733131747087060
-4.1914589924016363
-4.1324919095494987
0.0838127654517797
0.4179272067041973
5.2514691112766689
-1.8715794408704027
-0.3197866377852692
-1.3855467227425675
-3.7786957644519217
-1.0312125030244017
0.6005090210710731
1.9880961894416560
-3.2211385646470143
2.2827422663140520
1.8573155093460356
-0.2986838830804989
0.2401253942722741
-0.3805268408838546
-1.8734552954164088
-3.3284534254274059
4.0675363511534535
0.7496265929691263
0.6067383572138835
-0.8886655330544850
-1.7576790953509442
-0.8792874194831288
-0.0259138154416824
-0.5364931917545954
0.1915732374488152
-2.5669342189248243
-0.6421196473861690
-0.7179823019727214
-7.8330763004999522
3.1484578352468047
0.5666902093271228
0.4500806154185598
2.5047360999175803
-0.3624786914459850
0.7552487851372620
-3.6562932263282604
0.4499793492053518
-9.0810983145736195
-3.5340270033552756
-3.3676707026488009
-0.1092218468915439
-2.0954965054059187
-0.9050890728039226
-0.2073534160728616
1.1822306413918093
6.1097990223503027
-5.5637977174032232
-1.8362722920252323
-0.5226590238785427
-2.9416716353091075
-0.7267655632279207
-2.4075822471029866
4.8841973739144251
-2.2849574400647716
-0.1606164729543080
0.1565675928054021
-4.5286692991712698
-2.8479199190875830
1.9729957077930458
-3.1107457133763790
-2.5139042859238785
-0.0681016953693755
0.2619230154416749
-8.3749970148070076
-1.2271632138629822
-2.7489733536434291
-2.5707123520801725
1.9368250070966126
5.2119976768633087
0.1492956854883449
-2.3782134693199852
-4.0346881221919961
5.4432821334638977
7.1393961339199992
-3.6855330344402701
-0.2837105731537572
0.4225673192299567
-2.9704726137088708
-0.7759732529014932
-4.1363949351986067
-1.9814226574877785
-1.8247852033695093
-1.6581859130751289
-4.1700276008369492
0.8916031462788497
7.5573136670961141
-6.1376710390736777
-6.8000399308206250
-0.7206011451843186
-0.0987915947719116
4.3128109384155371
-1.0275793558092436
-1.3852748205625716
4.4552718184360911
-0.3609230155193500
-1.9186853546037397
3.2285729323380123
-2.1786753460071626
-0.0387448441412434
-3.1562957356278556
-4.9569304477032654
-1.1081627909375180
-1.3285446593914729
-5.2189597310031060
-1.7791085576082324
-0.6146893915413607
-0.1453287415926588
-0.4998947474649774
-4.1309498930371822
-0.5072432989411571
3.6284969686062243
2.4862664389354188
1.3165628953095350
-1.0076463080804785
-0.8227437441436753
0.0560706418718530
-0.4914810802906811
3.5433387504488540
-3.3720292094377573
-0.3768792387011127
2.9185537085163258
-4.5178673609045186
-6.9333369383684840
-4.5631050405120721
0.8783280934971196
-2.2475696869660524
5.2458997682032242
-2.8248043676067995
-6.6408720733839264
-0.3075639232380477
-4.1385638108751683
-0.1012413270215373
-1.6893346332170400
0.8472122657879381
-1.1155963879395727
-4.1428825794319488
-3.4457286569808749
6.6816849545225709
-0.0808936403293553
0.7567885387859944
2.5073480255655491
-3.6937440261094019
-0.0215399676845723
-0.0005081814466695
0.3954907926215471
4.0864877083234203
0.2180503527071129
-0.0303414875334421
-4.0422279136159975
-2.6031335506089972
-0.4117899372433218
-2.7927122505776514
0.1561212053283299
-0.3605345333984116
-0.1373914593901315
-3.1042273985186961
1.2332567371970258
2.8815642727370658
-1.5004875078179729
-2.4971311344861999
-2.5750382036383956
-5.2827571113965810
2.1813944325526542
-4.2373561605316459
-2.4502271612164348
-0.4493082127070725
-2.6611709503666638
-0.5471971000538692
0.1984236533795872
-2.4125710457363301
-2.9177195921338765
0.1106775300359871
-2.8565361230389770
-0.2283943664303748
-3.3069855583355383
-3.0228361465880851
-1.8630037027797128
-1.4222994108356763
-0.2155298917181722
0.8909548201019081
5.3180487835409274
-3.4020574048426973
-7.5792572289241535
0.0643279490690476
-0.4726322828129110
-7.6800388467125797
-1.6277541205076969
-1.8368541927238557
-5.1565768518311534
0.1832872487014812
1.9278947957696018
0.0646252633024959
1.0333139926656936
2.3787738181140790
0.0155866536444632
0.1696514926571155
-0.3542666577991033
1.4081176354906113
5.3545045212527773
-0.5981208690887977
-1.4572319301793106
-2.9020160890282387
-2.8895955129193531
-2.4035978732550114
-4.2758576592681834
-1.2555371390048840
5.1982916843515845
-6.5697746803515331
-6.5256082510928621
-2.2805802168479392
0.3645777477099902
0.3068138874312516
2.4216356872992053
-1.5625633852162288
-2.8760090830405440
-0.0462233886738758
-1.4196445321660187
-0.0809799902828830
-4.9472780559018146
-3.7854311985312687
-7.0816712367454011
7.8849586828918694
6.0765981870767831
-4.8789940059380381
-2.3546716857591923
-4.5671119425226268
-3.1898632441304375
0.0380537335456759
-1.9327199918234574
-1.6318484965571141
-3.1711811402992427
-1.3309392291712725
-0.3195033494396951
9.3605904371383399
-2.7885102091523057
-6.2362350859341271
-0.4733982234650332
0.1583695671464942
-0.1125544972523142
-4.7095583945897417
-0.0735162551778439
-6.2351181196242891
2.0736729866267387
-1.3252007036154057
-1.1827382824869082
-1.6797533526117943
3.2294658835024226
1.4571360855357127
-6.2106850886987228
0.0376452979214181
-2.2841078150174394
0.8176561312487147
-1.4639516176795131
-4.0856173642254792
-4.3655452075558818
-4.0518110994026886
-3.4487345653982437
1.1983069939558151
-5.0857622411569769
1.8213748077629068
-1.4584213311022021
3.0505805942396753
-1.8196784652490805
-0.1609042138901827
-3.5373371809862331
-5.6179276152273019
-4.9746089272500811
7.9761828898073324
-1.1448708856307306
-3.8378105170319921
-3.3155078423977487
1.4064908272366556
-3.3144935951848815
-2.2409964009599346
-3.4507686304507863
1.1672273186970128
-5.3679276199847621
-2.0508907624372226
-2.3666196804025161
-4.5420665840363261
-1.5739684784909542
-0.6590287788922042
0.8291931197730642
-0.5996402453204139
-0.4249485304176662
-2.6658377350228792
1.9725766810940197
-2.2898869614383401
-2.3272374659287220
-0.3595804273944264
0.8412575495341567
-0.5595178266445126
-5.5908661502960166
-2.2904324991118568
-1.8695108165237035
2.2799456585314428
0.8440417260452354
-3.9938259248573766
1.4920940546052104
-3.3271446234095317
-5.4907727717556689
-2.3551774398200278
-3.5246014972707549
-1.8052795983085406
-4.4557867383116365
-1.6131365848669452
-3.8183157239135306
-1.1141862581606947
-1.7801457686336988
1.8922508533487719
0.5367613383026466
-5.5838997565061925
6.1727011384076356
0.7249914266909044
-0.4215419712789052
-2.8020080877907314
5.7889774894685386
-0.9057945097027649
-5.9200610933450522
-1.6812320825735143
-6.3026541907487248
-1.4934995902483803
-2.7073479818988013
-4.7686199024935689
-4.0880623126315223
-1.2430070901788823
0.2915458567611802
5.2124071856062724
0.3928770483508280
4.0746098154124546
2.3019406964869948
0.1095903625146194
0.0011827945597923
0.2687243101896111
-5.9246591176537358
-1.9305076131739349
-1.0967767270708526
3.0800109682952082
-0.5914328651388063
-1.4925690264129874
3.8412431921414791
1.1561760386036704
5.3990711695175468
-5.3024753652876635
-2.0933613723159104
-4.5699563376296481
-2.9549659986195049
-2.9288102838488457
4.2529975846597949
-0.4026265999099650
-1.1048301974554873
-0.2238372500643325
-1.7714010522164920
2.1388079665795505
2.7521901464422607
-4.7944750316444775
5.3765998768099816
2.4516444327128717
-3.0364092706207289
-5.5205889154661900
8.5468525766789600
0.1916774404530439
-2.8624962772800502
-6.6973973276845644
-5.1816912794450571
-0.7046255201000471
-2.5929386413119468
-3.2224443091299904
-2.6886689281314275
1.3706430749063625
-2.9478516910221813
-3.8521970077665109
-1.2628355330824823
-0.3684093048616175
0.1745370289299820
1.0042269889273316
-4.8798746850332630
0.2017197086011004
-3.2693312067678595
-4.7786536124216550
-2.3434518503576731
0.0631379009264977
3.3180733265175335
0.3721171568490573
-4.1336169692374165
-0.3769964503300311
-3.0819383250890082
-4.3191193550198239
-5.6300096392049834
-3.2718848129377389
-10.2113831822137158
-4.6988503935050554
2.0899852892422150
-6.4966580978911912
5.5546946165631335
-1.9056532458383499
-2.7695444706472219
-1.7001695792668472
-5.5368537636793480
-1.1247194193839154
-0.6688323207232186
-1.2228153032296791
1.8372535304797446
5.3959040717572337
0.2586655291034452
1.6470293186656242
5.3493325817208630
-2.2822580076235721
-6.2449202709275990
-0.8970496444687717
7.1132147303234401
-0.6911407171102363
-0.5344702988750463
-3.0990141812799936
-0.7911207787307664
-2.8403793097865782
-2.0164214473581463
4.6808284504598747
-6.1201933186163755
-0.4497557414987395
-2.3233819804598506
-0.2765292431569125
-2.5700484448166092
0.1248111528011106
9.0481145663650633
5.4536826703691217
2.2621855066766692
5.4873765609713363
-0.4246635367194305
-4.7950107253015846
-2.7135077126670399
0.1313941198524229
-5.0007455199905397
1.9337257663943561
-5.6843487567604543
-5.5816963310224539
0.5238217574450665
-0.3625156676461767
-1.2502260190844885
-0.6974294354506131
-1.8800132450319813
-0.9307669160528573
-0.5272889967398907
2.2704545975695671
-2.4794335080130949
-2.8529863457341826
-2.4808335465076126
-3.1817093144524784
0.5515203032973253
0.5254043659849978
4.0810671609743645
-2.1246515946896558
1.8072161616376048
0.5924052137498437
4.5011708558249079
4.6376237409263048
-3.7756931021848357
-0.3668789427414076
-4.7702141592616094
-2.1666855327206678
-1.0020598188705920
