1.4027858404718851
1.1955552525110809
0.6909228187744627
1.1186918903392709
1.3869107433688326
1.3693024004760359
1.4651202528151719
1.4299448478421510
1.3219253889898901
1.3961257859046745
1.3442818680358923
1.3378323410578921
1.3791334037127154
1.3441289363263127
0.2965557505833097
1.4066212983720119
1.4382078466836126
1.3783348848419230
1.3333090244707624
1.2167348069052673
0.4551185244169368
1.4446072952634670
1.4605416022275757
1.2818276386371643
1.3861742809466617
1.4705432528363469
1.1206738359451482
1.0417479524042330
1.3300089698199491
1.4130091878761291
0.5614281867299294
1.1032184122114521
1.3856114860764541
1.3571800895124952
1.2841182947886938
0.8057094027588939
1.3046496047399154
0.9677291104545118
0.7851808629212332
1.4103323112954307
1.4348138355525786
1.0342761347712410
0.9586348989502123
1.4181174213092649
1.1264321171042864
1.4472799475779081
0.4176678289588098
0.7220731298111264
1.4092040689403356
0.4248002710358681
1.4355936441354469
0.7477606793170487
1.3929810770060218
1.4260852604588541
0.9989241677612437
1.0535830387127878
1.3550267656991386
1.3656311782383546
1.1231242789142444
1.3708459553726735
1.4246195637104815
1.1759634209036482
1.4173271977998647
1.1188220409071337
1.2015070536225390
1.4364608321715659
0.8625073311161801
0.8760856380830498
0.9913453977139095
1.2636405269577629
1.4000494461456034
1.3528729097699017
1.2152988772273046
0.9908269183059004
1.4233939796847965
1.3089225582154944
1.3539867549361173
1.1581632720160731
1.3693191861257614
0.9137405416468471
1.3228781693339355
1.3542084131170757
1.4570629535892867
1.2840181631024028
0.4623045741482620
1.1549041118613845
1.0491173078500837
0.4245310366986512
1.4283843411464676
1.4005597602400923
1.3978709138400480
0.8010543812315318
1.4232666465813413
1.4740389735713668
1.4290571711628930
0.5011621593449808
1.2652256286719497
1.4080322907909677
1.4638565086831374
1.0847383873458196
1.3983814473107921
1.4516394692225121
1.3668401672717423
1.4452936419637574
1.4656842946634563
1.0896938656921842
1.0265155212184429
0.4902155695075309
1.1022506044476497
0.7206140372847912
0.9855888947889749
1.4131168418183007
1.1401748189540748
0.9053204251612061
1.3386578829406708
1.2050382005293128
0.7389873901350928
0.9395008720479019
1.4094189760164511
1.1048011972897660
1.2125720694385760
1.4528268189274904
1.1957253940784793
1.2903293259402455
1.2247359618821601
1.4261306038425143
1.3602322995902008
1.2961648644254509
1.4112298394527198
1.4354427787313329
0.9535846658457066
0.5316511677790703
1.3066976773295549
1.4279752915131469
1.4474933421493779
1.3814425133211858
0.8777809000006530
1.3116588028417957
1.3897812003922967
1.4115666934282203
1.3750246580582968
1.4589580374654669
1.4252987302932065
1.4623726029483490
1.2972378326111791
1.1561665782514492
1.2723326486861528
1.3679971624852854
0.9137560606737674
1.1001578998235511
1.3725790945966498
1.3603729700361478
0.6714251346042450
1.0911439875238369
1.0726797033321021
1.2092357345069071
1.0325795585409370
1.4387108400432973
0.9327922063052805
1.1927784710311355
1.4367152066419402
1.0798534997757234
1.1790006436533902
1.3032840158491312
0.6751625361045556
1.4507807137940882
1.2303577713483247
1.3691818296818759
0.9035757072412440
1.4755590337566808
0.5518969713195956
0.7668646280652908
1.3393220940924844
1.2269568512520161
0.9941440517211700
0.3829909406041590
0.9005822239333060
0.7235522210870529
1.2079601980295587
1.1608234533014385
0.8865753920189896
0.9672235289273353
1.4583978155740005
1.1273308385979524
1.4604375149594271
1.1107462172236702
0.7509777368048876
1.2653843739171826
1.2059526234985529
0.9519890397361118
1.4431617908818903
1.0767322263792212
1.4403929022505282
1.2888347898296673
1.4329310989478445
1.1345662923133508
1.4418753124923147
0.3766541221965967
1.4267290292994921
1.2688873073647642
1.4227731019036747
1.4647406269330303
0.9792823485410027
1.3016940510227921
1.3431364336214426
1.4375253116127777
1.4219478093994002
1.3866570418741497
1.4528432006037901
1.3861319176832392
1.3892300551456713
1.2891269435813224
0.8228418001773686
1.4165390280714061
1.3319401500837622
1.3682598199148814
0.9824175639500177
1.1934496081203201
1.1474855212261947
1.4060028126003430
1.3377894418712495
1.4146439328197753
1.1621388129939854
1.2532984256572675
0.8601226499836661
1.3530559636141788
0.9181820318157168
1.2304205204089886
1.3722970387544635
1.3081132386679348
0.9032707774300529
1.3371529669076490
1.4665117330582860
1.3546626146749847
1.3989817526075112
1.4455827405503090
1.3389896210584360
0.9682023839525908
1.4272073604518174
1.3139130922978477
0.8570174615914294
1.3686567175899578
0.6347952141700312
1.2607547692082655
1.1112799270720894
1.4669938014872403
0.5409810909567675
1.1914229017207045
0.9051211217206905
1.3924585152337923
1.3396788510076643
1.4396074460622448
1.3793688288859185
1.4543383787742206
1.1915850901262601
1.4390137643826728
1.4176940348012181
1.3636905740315304
1.3915203394635263
1.4670287395522956
1.4459733993230601
1.3825342659656104
1.0221956430354644
1.0842215887328222
1.2551585673348729
1.3899040611651432
1.2984683918540820
1.2304263869112748
1.1416804782780849
1.2205206376814723
1.3726184481335624
1.3568916802635911
1.4409360678024035
1.3817438227767815
0.3548887090779264
1.3463246696266344
1.4467171503830065
0.9564065724671568
0.7229629403597705
1.3026987196606230
1.3057669390990554
1.4236392038398278
1.2402636889786016
1.1629261678630247
1.3237403040187325
1.3751150451832457
1.4235241952567739
1.0191091201388742
1.3621409440045051
1.4531952851294851
1.2400045570709863
0.5710294510719596
0.8287674553513500
0.3260636565846644
1.4586894280809628
1.3750004774890734
1.1105139979112706
0.9359665416389034
1.4243122624905595
1.2028833282797486
0.7652497868293306
0.6832426085203841
0.3993215666963884
1.3878501932319949
1.4359743041336377
1.4520369644011073
1.4364237440781424
1.4362496526097819
1.2747813228777600
0.7847440160333643
1.2409701214555140
1.4605919010979642
1.3625547662129023
0.9889531070425031
1.4547019249416500
1.2504106335295084
0.9110406837460076
1.4208866516256149
1.3602755019740556
1.2301838810197780
1.3654448529833572
0.7136588301650048
1.4444731381114269
1.3375094940090035
1.4467900885612233
1.2807111985495303
0.9608488657930421
1.0033772331841555
1.2478201457965856
1.4603069273162117
0.9294878634355966
1.1157741493521727
0.3239438072120048
0.3563904135026927
0.6766012873449507
1.4197925474400832
1.3086669797037280
1.1232310376861729
1.4061985465918794
1.4371430741169524
1.3143436670600486
1.0572585649661304
1.1674953771447023
0.3304002465898788
0.7550926774132346
0.8191819221104465
1.4272855442150041
1.2661685565081189
1.4295459658062080
1.3380257388454446
1.2864113406114788
1.2601252846178144
0.8036257429747193
1.3076187965047303
1.4659195071881066
1.3720936855203243
0.7247900451989062
0.6300688122040602
0.9440382218316772
1.4676811590135503
0.6597006325253609
1.4263717853042175
1.2716681662422600
1.4510447222509717
0.9876277074786989
1.3882965239496381
1.4470014804821585
0.9844066136131064
1.4221336746340405
0.3750705088025166
1.4659013216942733
1.1665122010683353
1.3216777995403282
1.2348984444801243
1.3323460144269801
1.2654468242198316
1.4208163527510265
1.1486731586025551
1.2659656759938296
1.4573452593561840
1.4420037830751595
1.4405783784966795
1.4583747343292477
1.2952102559089937
0.8210394554462385
1.3207732537898953
0.8763364699353917
0.3374337525851001
1.4575007809379921
1.3193516177985085
1.1843077730721712
1.2568413796741660
1.3886169545082216
1.3915240724068612
1.3060221125759732
0.7930070743646986
1.3618824599859172
1.4510656547065035
0.5844975680680022
0.2962090471744716
1.2266638442147111
1.1335442934287407
0.7250239483295191
0.6739215546546987
1.4285810019736944
0.7273581437581168
1.1546842710511809
1.3770609380652865
1.3875829764956040
0.6978551699880482
0.3582706569419600
1.2117630258380951
1.1296795491340252
1.4390492855812971
1.0641259710006949
1.3649607489175375
1.2868331536157762
1.1027576461031838
0.4692667595059060
1.3491263987228119
1.4170930111443443
1.4575409124631609
1.1905990378677744
1.1221210637139023
1.4213679577703802
1.2796970310891413
1.2916780382906714
1.0411403944591713
1.4164087908215441
1.3537051512930571
0.8985555704906647
1.4261916488431643
1.4041684818431428
0.6753845150537817
0.9683690140334310
1.4212278451088731
1.2939653470599253
1.4651905692122467
1.4797461920429777
1.2230115945587254
1.3544824942319367
1.4464038697038322
1.4259787522267984
1.0402365454217397
0.9678108516070932
1.1158082369242617
1.3185287703938859
0.5536121136605497
0.8430879294631618
1.4669648729754414
1.3401151192255176
0.8919484439200708
1.4203695002282921
1.3156015178068341
1.2632117369846916
1.2567275689089810
0.6954825811995887
0.9045038263892032
0.5226942947118355
1.3936346397166639
0.9041283880991325
0.5809732508043959
1.1809721634749124
1.4309688968472143
0.8394787209289376
1.4414683579036121
1.3578399740245006
1.1884361752052199
0.9028905849702279
0.4300303966166856
1.2894313540219693
1.3085649080678394
1.3642629450035342
1.4004860042176457
1.3696129392526419
0.5780494636793867
1.2852693177908385
1.3262249528037724
1.3602487752576138
1.4319092116918994
1.4177462207515807
1.4776165592014694
0.8348339111504197
1.1922108968362184
1.4442280861371928
1.3599434091556992
1.4604405094487884
1.4687992018167868
1.3843627303494652
0.7919389044953457
1.3703265985387101
1.3598234146794836
1.0320385039207300
1.3340903915093265
1.4144994927159857
1.3946823236364061
1.4082920513079091
1.4314714586637129
1.4342517531910175
0.8929638472287660
1.2690725341905147
1.0573380934036121
1.2162995792171256
1.2734555906641047
1.2798171539133021
1.3374922923102122
0.7829391158801644
1.4268266203633224
1.4104397206707080
1.4000697765993733
1.4136047738842024
1.3580024261077210
1.2947308395659560
1.3951897214747024
1.4530745157866425
1.3792518895058559
1.2994148672034427
1.3238703005178361
1.3853836648311844
1.2644124045167693
1.3715511321307969
0.9044745285858183
0.7625335965236354
1.1512114071072959
1.1549745994243723
1.4334483603095522
1.4710793179959754
1.2965832203428791
1.4617832824112720
0.9400719590787481
1.4506187749566937
1.3642395854390250
1.2445917044893953
1.3566095083155609
1.3370768889156983
1.2545951191381080
0.3021258901336182
1.4306498788899795
1.3282482274636007
1.3678385515549998
0.7532058211987753
0.9759028650542385
1.3709033115183076
1.2937724168651621
1.4472136670880820
1.4344842829625533
0.5570921640461387
1.3266499014425082
1.2529295659331066
1.4311733763451324
1.1916430952075070
1.1381553666136155
1.3882856754474784
1.4271223153711872
1.3274627509568664
0.8528872352262513
1.4522605677613500
1.0558963077981300
1.3028908115965556
1.0037807371460705
1.4454306116585636
1.2604743575156974
1.2354739213532344
1.2470772522454392
1.2969538625101145
1.4001880839625067
1.4607845979499230
1.4698673880309747
1.0413017241053382
1.4476168630044897
0.3972655443123153
0.8458391225944385
1.3496699565818429
0.6038009496003999
1.3222468443066995
0.8735736572909649
1.4012678073740963
1.1555862718001602
0.9462125698325166
1.4029027411107151
1.4101118388019560
1.2078823208696361
1.4250837487436976
1.3296343150986991
1.2876964418977994
1.1011804140310848
1.3691780290775430
1.4536517028566853
1.4507798592655681
1.3611160161471492
1.0512639686511855
0.4183804585076543
1.4498887729894439
1.3132775342293734
1.2794608654888422
1.3019450712418010
1.4194710706147857
1.4443845719352486
1.1993573725422628
0.8848074634943013
1.2947138155763986
1.2117727911913754
1.1033016016636552
1.1794753832131166
1.1149672589628890
1.3603651267379877
1.4437563856844404
1.2438595666697465
0.8407795140967480
1.4287213261268665
1.3643533929961142
1.3928891413342692
1.4452411011716377
1.1605323986308260
1.3664304602052579
1.4499258852938348
1.0542013325915209
1.1086828948330947
0.5308879068686981
1.0804215514810154
1.4299922764255810
1.4286559031329504
1.2973960725334472
0.5617281429032174
1.3976655879320303
1.4101965775772785
1.4555550998094871
0.9495742942112562
1.3775948181523250
0.5568392911832779
1.4264070350482805
1.4401305325772118
1.0622390210710257
1.0731728812133690
1.0535064043755271
1.0357181544740126
1.3296249294805249
1.3853461682918842
1.3877927004221062
1.4509999367239055
0.4723375332181916
1.2418144968268605
1.0671246573652970
1.4257535361684959
1.4656368437647234
1.3462011427946452
1.4088726062432806
1.2120305905337132
1.4476577071208636
1.3950441144079015
1.3890613816413953
1.1855968946608413
1.0061234566233246
0.3021779194618309
0.8965961307195582
0.7303613985398483
1.2607167318093975
1.4468965402297440
1.3443511545842608
1.3481680868607449
1.0468788011417822
0.7130761395359370
1.2760905216052205
1.4756242140502775
1.1628171498195112
1.3689009824175915
1.1151570286856252
1.4112617781958041
0.3237565554132815
1.0778573463569459
0.7251260209887954
1.4224717463795187
1.3394219585378466
1.4542484556107322
1.4635724749606960
1.4258008740116173
1.3574957390399549
1.4140862921623023
1.4301843917883186
0.4392552416927805
0.3253245477583152
1.3574072291618853
0.5521563460168800
1.3472347537402030
1.4426143229418054
0.9154977047741069
1.0147572490867998
1.3066643578212103
1.4537395144790608
1.2857277175502007
1.2825097061640069
0.7747198122372171
1.4502727144748397
1.0759017084442981
1.2663032804477483
1.3833667143353467
1.2229506853758922
1.4666882746667023
1.4202583856791389
1.2559059540196624
1.3499149849896213
1.3526822712934059
1.4685481728584429
1.3014989590389123
1.3777230172929475
1.1417195261769044
1.2154795581238855
1.4306841693285071
1.1221076747298178
1.1730558528241088
1.4026430400318040
1.3847406536918891
1.1940658186000355
1.3894676107517820
1.1637736952477253
1.2248984316118408
1.3931804172852353
1.2310480891731106
1.0014619171295378
1.4372136633610384
1.3967177404929183
1.4241964662098294
1.4298751644345962
1.4246680515791132
0.8353393825572353
1.3917311070815976
0.7462742380549626
1.2496586683082469
1.4174614516853155
0.6215492267539604
1.1544596009741619
1.2883138652361581
1.0823591654702709
1.2865343559980775
1.4632771103951290
0.9147203205475848
0.8186617380177830
1.4295396664771096
1.4667713238512099
1.3215519844323367
1.4607267534872836
1.3838597106164896
1.3040666906004876
1.1869026187641352
0.9964196652755197
0.8295827077188587
1.0313384535394825
0.6016506606631222
1.1153627134462396
1.1198486342745499
1.4234119374667382
1.4639044622627151
0.9348891746953938
0.7892274200208041
0.7133499660736610
1.4377376115566898
0.8801163723772288
1.3848592066516603
0.7342762706518724
1.3362217979793019
1.2054718099308497
1.3582571609107517
0.3895859650181646
0.9904558135657504
0.5257755451386719
1.2179588363503360
1.4166510661526071
1.4301968633726350
0.4003371528220164
1.2847643994440081
0.5071950309386595
1.2657524453818467
0.7203730986378665
1.4076391974502458
1.4372055003970350
1.3916181892309327
1.1549105648598499
1.4153852530524476
0.7910401336878283
0.9876242236404732
1.3126025224082050
1.4035292255309553
0.7246383683319115
1.1136095898036118
1.2296572019089855
1.4218633191703489
1.4222007035765694
1.2650055597089802
1.3649287695200485
1.4432703693631512
1.4673883294144821
1.3294603559906653
1.4600822487325849
1.3431263796576736
1.4191007654647692
1.3552056440537432
1.1004029563861590
1.3702225353841009
0.3594478486201999
1.4495513022548832
1.4724531086396098
1.3477121578337377
1.1747055148435694
1.2982092029400154
0.7633551830584131
1.1888987855101913
1.2439704785089476
0.8338299284103800
1.3348745623082079
1.2887402876509881
1.4111224961487394
1.4458315411176681
1.2288204831939880
1.3384458403128032
0.4674483091893739
1.1713252539616705
1.2560853107821635
1.4281085410327408
1.2913840929878244
1.4119872780186609
0.8132569722873725
1.3467044681806928
0.6806804892186356
0.8428513780827651
1.4234004556733739
0.3733215731601318
1.2794666419415233
1.2772596390983180
1.3134603713920541
1.3980472105563200
1.3661651662407868
1.2078734547619649
1.4362600894320152
0.8725088926734265
1.1415102621955804
1.3165552095713338
1.4817037120883672
1.4703515072391509
0.9649226079639380
1.4659054030466208
1.3071843860050179
0.6309520911568982
1.4672312599521271
1.4199397206552165
0.8419658373965331
1.3810921116628301
1.1553269773716606
0.9388729723253338
1.2056294949802098
1.2665476282349855
1.3129728156839022
1.3853545275506405
1.4139363720806213
1.2957835497142103
0.7895962545585052
1.3992827845112354
1.4161177025524796
1.0293160018618805
1.3594252835597433
1.2414694132778525
1.3057155926553925
1.3464886434508057
1.2492912854122120
0.7412579920982532
1.2255714319171918
1.1486026482087679
0.7473338477858091
1.1891719282557993
1.4539369014961152
1.4318678009232717
1.1911971219550184
1.1721570067396567
1.4675401370972665
1.3670742235703499
1.4658857053567571
1.4778447196583315
1.4177802138780100
1.3554540571841411
0.5272493347151463
1.0007582995460249
0.8833434892284427
1.4659468124416648
1.4297198926157435
1.4448277078047602
0.3603098698044366
0.6431267041490096
1.2462429557007575
1.4624989775659341
1.0391362767757115
1.4073854140015905
0.6024441924155133
1.3505357979545429
1.4367049090012534
1.2351012563559083
1.3560658708423978
1.3608492589650727
0.7692480936134178
1.4054558767189720
1.3765514270387891
1.4347612853070424
1.3282364415632715
1.2899868712679754
1.3467694502053251
1.3079150286058439
0.3583353883837247
0.8881298702771924
1.2764769487837688
1.2326868703261069
1.0503307668081145
1.4020379417001776
1.3052856576403964
1.3878943916354376
1.4615947893558046
1.4479134233254816
1.0111067227438681
1.4694039646918824
0.7908907901301941
1.3144567281608408
1.3142618558327235
1.0490856476112016
0.5910619550966911
1.3998161134620106
1.3441128136687750
1.4487960838996834
0.6228957744678949
1.3105505124406229
0.9060823805436891
1.2034614504194454
1.3226477488408714
1.4731733345390019
1.3654092890851663
0.3348331927160442
0.9946803431996001
1.2994344898123316
1.1521691586568370
1.4433680922113497
1.3016131457907425
1.4265788815836644
1.4350690386564946
1.3675474171065654
1.4459646421586922
1.4485295892954135
1.4373505564931430
1.4697654791631596
1.4216503533209484
1.1898774329749904
1.4402600402740728
0.9787211462870898
1.0750134158812392
1.2997853347160091
1.4168832176959250
1.1944619877112646
1.4536510167138779
1.3015204103962366
1.4064673766006914
0.8019187092693024
0.5117066507897637
1.3475845734474166
1.3011358596713729
1.1446085654970328
1.1446730748726446
1.0740459507070566
1.4048511421536503
1.4156870014665976
1.2307078397489166
0.6772370702125610
1.4180805772249518
1.3801156243966139
1.0683848540021461
0.8105409693839317
1.1905970459137329
1.4331609176089157
1.1991876112036441
1.3005313329915660
1.0280424628781677
1.3990596676183560
1.3512543924085303
1.2645163601233051
0.9733899419493935
0.6429742681179660
1.3544319909399420
1.2468664014430790
1.3198557360903740
0.9203128647185240
0.7103528147417356
1.4578119807863732
0.8170535154367445
1.4289763588552478
1.0486354924696406
0.7720559737811351
1.4011661183675383
1.2671916188209984
1.0789159268667901
1.4331221129068352
1.1164905987087261
1.4214230419514304
1.3666931433691876
0.7023034334070373
1.4411548061265944
0.3038721484162014
