-0.4662983097371360
-0.4021349397170859
1.7957153050888695
0.6361697037072297
1.6200635173349121
0.9689504340052510
-1.3454654810391857
-1.6161173920075738
0.2990515336737404
-1.2291846440395551
-0.4496160941590536
-1.4911827496395633
0.4999592147870034
-0.6813910101702041
-1.3724441784273103
-0.6824080320827351
-1.1420361674827355
1.4493097922729692
0.2286298701952554
0.7814599587387011
-1.1842996967378394
-0.0292352796740874
-2.9611170819845118
0.5710140957868726
1.1222840103869534
-0.3837564061968195
0.5449720865497775
-0.3303872556446363
0.2952954302175924
-1.9324572921405514
0.1893717612652544
-0.2811372323344947
-1.4985489347303005
-0.7234027165943709
-0.9179159040058137
0.7323379502026864
-1.5845536508805846
0.6425736015502674
-1.6085332825368899
0.2130524412971455
2.4097095794265724
-1.9732497886021487
0.3269828370243271
0.0403744514199343
0.5752250361519167
0.4865225776688434
-1.0878314469771555
0.8911522275042097
-1.2957424125528985
-0.0161814325126491
1.3783166074865973
0.7375954194692161
0.1687557588931086
0.2352971113848197
1.2780950851257549
0.4378488342346385
0.7714620108491016
-0.6245726577329532
0.3621597065898722
0.3297609390519681
-0.1650987799933364
-0.2721521425975700
0.2212469421189521
-0.3388561195072408
1.4341384035868705
-0.2371799883222685
0.9322574703010928
-0.3399576598609775
-2.5627621932784637
-3.5242406401945394
-0.4327032879395959
-0.8917390402632830
0.6259015198032565
0.1790303691134587
0.7091738197397376
0.2665700009332699
-1.4795168131026346
0.2221310435950449
0.5275512134588335
0.3549465687077348
-1.2952017637777975
-0.9232214640571019
0.0894847405102386
-0.4716259435283623
-0.5643053556306304
0.4133715612984339
-0.2459526237118350
-0.4192679566557385
-1.4548552755437905
0.6218759484590624
0.1173153891068854
0.9905020844762452
-0.8325000628089586
0.2306054231557483
-0.7225960214477737
0.6728835191582259
-0.0514119916067102
-0.9847321391511543
0.3522464360621764
-0.0218344788649654
0.3422154801466821
-1.5593247900044576
1.4976136956152057
-0.2119960046288662
-2.0212492207134525
0.1196308478562361
1.2003263531744228
1.8989698957236727
-0.0779156300639434
-0.2855391535113095
-0.7396362341104660
-0.4517100890393883
1.4297099850299921
-0.4865588690814627
-1.7467746080082065
-0.3366699918822351
-1.4722352628147712
0.7215487870388835
-0.1589619749205673
1.9582143666644765
1.5027867115911198
-1.1425050543746103
0.3680655008829502
-0.2656384600618409
-1.0490793259163667
0.2375893554693370
0.0537573602322404
-1.0895777888553402
0.5512527726533243
-1.5088926211190725
0.9177675494477284
-0.3254950274582215
-0.9484578636440176
-1.2704250606506864
0.5145758091570041
0.5259069162558377
0.1322876721095734
-0.3890357537695696
1.8710417136223090
-1.5887563129168720
-0.7148661767267355
-1.5884885143771110
-0.7027654689376877
0.7402298208762312
-0.6694466677436439
-0.5192513362887140
1.4737800745947951
0.1767667085909531
0.9692621142540767
-0.4578384073215215
-0.9834556115276337
0.8710699443361081
-0.2303346227369882
-0.2315381269685937
-0.2683784645647208
-0.0988611950697745
0.6908782100640990
-0.7154849124054551
0.4769654254980777
-1.1556491680197640
-2.7712728887861666
-0.7713984951556847
0.9992877117830758
-1.6216225851078689
-0.9892996967418458
-1.0873227008794706
1.2114122717952394
0.4738954763240483
1.8751119267473293
2.2837082388453065
-0.4775924498280584
1.3942578131616661
1.4132190639173756
0.6025009074159309
-0.1526707253347056
0.0839568777457085
-1.2511274138436481
-0.2778163283481924
0.1925377991206860
-1.5979960136011222
-1.4760593126128436
1.6899697460430911
0.2951594701302422
0.0018598134973213
0.2986067852222163
-0.4176805522014914
1.0129649498976347
-0.1769030279118620
1.6202341958123130
-0.7149963718745751
1.0212271124853445
-1.2566940148502899
0.4099590513923841
0.3590718088331178
0.5634466923627816
1.3075839318907458
-0.8166110605363901
0.7240519410543803
-0.5799012642812100
0.2058231646234600
0.1501573640530713
0.8099801595490826
-1.7068060451308287
-0.7605961496265310
0.1595278783120336
1.5985177238852750
-1.3752082627222029
0.6236024899282515
-0.2753221692585535
-0.3802678109044224
2.1019722373706382
-0.7491455073723479
-0.5272901697444820
0.4114262979684831
-1.1150559841393353
1.0384576496668354
0.6135131485381179
-1.3725964724810504
-0.8688155519407916
0.4370536329401515
1.1618516057182986
1.4974086144147403
-1.1684348392589547
0.1905226991337821
-0.2009575892166964
0.9461840835138383
0.3534491783056511
-0.5875425952425637
-0.8835457520167950
-1.7074271116122572
-0.2949170357092023
0.0073024539304356
0.2662693750265878
-1.0090699827348550
-0.8394972904947926
-0.8635482364594224
0.7463000858986707
0.0563042354361144
0.1754583881832588
-0.9060698737659353
-0.0748846863204046
1.7811333277089811
-0.6871061242174386
1.6834324197908921
0.3022027423852848
0.7633375284066084
-1.0021846861107944
0.8928404009466476
1.3201138049216259
-1.2050949566764289
1.1191466670446617
-0.1597756583909485
-0.1930776293006979
-0.4738347841220820
-2.7345598628755381
-0.4595745339743932
1.3420472338482374
0.2012244542676512
1.4493584035097600
0.9656422353985332
0.4499967851610708
0.3417686423075713
0.4422849451396850
-0.5787588622473022
-0.4940070633949721
-0.7624464609342736
2.0454817418080267
-1.4954793179168846
0.1128295430890603
1.1772612425078970
-1.2996582235474561
-0.9271157479629712
0.5005348501004275
-1.2663711507997446
0.6444682285575859
-0.4634861756679720
0.9586950567541199
-0.2382668945572835
-0.1753979044741030
-1.7216130525174644
1.5825261918976612
0.3136867843549866
1.3177076307509530
-0.3822995937468872
-0.1527467662146279
-0.1255970932729164
1.6812449382991739
-0.1390312252031564
0.0796837695751127
1.7145506156659123
-1.9245814149910534
0.5493238490947330
-0.1257698037922239
-0.4024841884701479
-0.0227846647648422
-0.7487302919591058
-0.8170804110808878
2.2437022887032656
0.2143430788227999
-0.7355098388056442
-0.8755075793116662
-0.7571329534749405
1.2351383692017961
-1.8484621151452536
-1.2754898527372609
-0.3277687128200754
-0.8750727593058908
-0.3523673599907617
0.1330624395065108
-0.1033857362134997
-1.2240535043648562
-0.4389140443587825
0.8985901684762370
-0.1989200836887805
0.1279065297009781
0.0570482133231159
0.0663452738377573
-0.2704708536322386
0.1832779465365281
-0.6501031426998903
0.0079813618522636
0.6129383897830263
-0.2287273018362678
-1.3774029695759793
0.8930912162065980
-0.3485755035122804
-1.4379478974558424
-1.4505400799831603
0.0020745061577294
1.6838659151067568
0.8109847272714279
1.5325767013725966
-1.3953781158126286
1.6059124822640816
1.0579997427800516
-0.9395342978605661
-0.3065635471048532
1.5845032352231680
0.3882988624334165
-0.4409985877722162
-0.5219386631683179
0.6618392605868124
2.4160776529968646
0.5377290643836738
1.0425104171356219
0.1854375695064599
-0.1635920892180010
0.4800156276627295
-0.9938183841186830
-0.4201533285587773
0.8772726859556852
1.3711603586740995
-0.1006101954701784
-0.5560788922271996
0.3055906603081797
0.0618757338551687
0.1601342014871879
2.2579046803318064
0.2741343137294575
1.4122751109924159
-1.6939022370304697
0.1068744724017492
-0.1365208860108472
-0.7006416283151650
-0.2772964827015028
1.0983224604471311
-0.3348017065191417
0.1905678774797699
0.5672857916249777
3.3476143360010475
-0.4975640825452713
2.3931810798975772
0.4166203678439579
-0.0319128586729476
-0.2717185620344333
0.8900949926678406
-0.3013103874176881
0.0184037383806648
-2.0594447641792817
-0.9003065054822910
-0.3916294297234881
-1.2661020681731012
0.7956052448499480
0.2847759782297405
-1.3125838316072116
0.3378115514117106
1.1333668980668890
0.3185146101782581
0.4286813801445296
-0.7608600109153160
0.7479444593445648
1.0093546518943903
2.0237188534941422
-0.0679998086967996
-0.5267781521250078
-0.0827146415115801
0.1920412770620348
-1.0178781818261091
0.1396210325027221
1.0746812692088883
-0.3519081232841838
-0.8772318479255753
-0.5071904036040529
0.2341802895893554
0.2583206776436430
-0.4965432382606315
0.4232991684522368
0.1900519644701445
-1.1155311330694062
1.1622994410404808
1.1912903421952061
0.3113660046222124
1.6563217901956349
0.0340828835869979
0.4468793519801333
3.5762151398228665
1.8103034501453870
0.7975269443003352
0.7619581966190212
-0.2218881408880378
1.5260358889622152
0.4932312530185439
1.2084423623920570
0.5994844912221787
-0.4996331385055188
0.9747468294048833
-0.3840688364277698
-0.5861614940159686
0.4161250082967038
1.1073357689929872
0.3962486290629335
-0.5605692589318486
0.5427987681177633
-0.7222597271954715
0.0013841745114060
-0.3981115079376089
1.4298484277181460
0.0586100520188336
-1.0175705722958952
0.0833128795928005
0.8028344438874155
0.0034281076519447
-1.1957513282389438
0.1897225822640849
-0.7368946444307065
-0.0908252136020072
-1.7681994322393810
0.9087928100888817
-0.3789125615710144
1.6200504175644044
-1.3985710874854638
0.6932809605380982
0.6299906608980783
0.0661524415754366
-0.5460403769816922
0.1653885636516077
-1.5894092350235942
-0.6911174036299448
1.3122405426198618
1.4471143410318432
0.1247033028241097
-0.3230003325000965
1.5942328971238078
-0.7969234382552960
-0.0340689261752563
-0.3819726460779990
0.6044104797071244
1.9049513569727574
-1.0591588858443957
-0.1471729171188769
-0.1481907694639651
0.0564017331661840
-0.5073425781489110
0.1483357953107962
-1.0680234059361413
-0.4240245804422162
-2.9225229987379864
1.0365555757425429
-0.6577338456083652
0.9817711608516234
0.7225861022581272
-1.5597925071052914
-0.2517471507532295
-0.2986741543097575
-0.2941067623070049
0.2729495821131570
-1.6692342549390371
-0.8387792596800066
0.8150400547902005
0.3684485086204793
0.1417336645632344
-0.5416759629347492
-0.5909870655517997
-0.0089125654186300
1.4278329627687014
0.7795294433785914
0.9316021785397921
-0.7019122043601501
0.7141577394630869
0.5742825393948201
1.5157936201149358
-1.3381925089778408
-0.6910518069887646
0.3708818853161702
-0.8343179924658579
-1.5804322088845801
0.9116368934433825
0.3548956079518708
-1.3321545699493744
-0.5054964954652414
0.2164727822275218
-0.1957799150280063
-0.6921379779246594
-0.9931532317290022
-0.2407189441935817
1.5639690041548211
0.8947278209994750
0.9931516162858514
0.4381498660274085
-1.1436986547437780
0.4636663332459309
0.5209252344889852
0.3484430481061798
0.3506795268726748
0.4753713792673986
1.0847978810535299
0.4463548204328535
-0.1092346356041347
-0.3716170232890918
1.0154396552023208
0.2537760553845350
1.9647933413807634
-0.5443654160632592
-1.8737290760042642
0.7873055521665960
-0.8683856573801790
-0.4692717067434775
0.3890561950597224
0.6632123339319100
-0.8462437487207408
0.7945108668024045
2.0526814431910920
-0.5939839717646760
-1.5583596944272193
1.3709408285143212
-1.2176175862481569
0.0755359871011202
-0.6306061847199745
0.4550349073113887
-0.0366828095378176
0.4896471932475875
0.7367426196856709
-0.9827528878484235
1.0607770019831568
0.9952424778976348
-1.1801739043577033
1.5595240597618423
0.2198719296273189
-0.1211882840527139
-0.8584721930407726
1.1648346745924345
1.0048246318976526
-0.3543014875883432
-0.0107744433645036
0.8836773687283216
0.6645002501296886
1.0692863265329418
0.8754824950367817
0.7887537582467821
-0.9762585406918133
0.9834976158222875
0.7720551527129867
0.3048601380280275
-0.4038611646729721
0.1607160483708732
-0.2927389588097828
-0.2480087091307268
-1.9201461372902842
-0.2319990558127951
-0.9854965233978887
0.7524055021915395
-0.9446824186790107
-1.0000388659236121
0.8852127986423022
1.2487955426809021
-0.3123342586529238
-1.5125097837619996
-1.3761244426205419
0.1840794195265418
-1.1932260066985059
0.4300747224377206
0.6315401780932903
0.3753256285688776
0.1636134747712283
-0.8233882588867326
1.0507877644674166
0.0736767308004928
-0.1244712218847124
-0.5188177874722144
-0.6564497591450289
0.7474639746646948
0.4841140076307327
0.7798345675276265
0.5580500103047626
-1.1539498999745712
-0.1457601350491309
-0.2682415078595147
0.1271063776527893
2.0033507172833072
-0.5736290816414120
-0.2038611332692787
0.7399603280856797
1.3522965951459704
0.1212936500688635
0.1513015689542220
-1.7717955667771310
-0.5061091725954792
0.7608259559789400
-0.3658586688134874
-0.2907212983328311
-0.5539389353703820
1.0252129697763166
0.1537080031647463
0.1236982871872041
-1.0449765579989243
0.1104887948704382
-0.9434741605711978
1.4765264804581755
-0.4610978922457072
-0.4675019720429534
0.9412534600263958
0.6391815661291451
0.9332227719097573
-0.1449631476964832
0.4214004584340826
0.5135299269015620
1.5498629244083524
-0.5351253139849556
0.1811030896726430
0.0415966694255823
-0.2835821498620464
0.2162964289481473
0.0069260017016139
0.2346873512674925
0.5171338379005894
-1.1723992453933478
0.3415741947326557
-1.8874429781473396
-0.7238686671199486
-0.4624843608444178
-0.4848686884157646
-1.8630086803829449
0.0846827644477376
0.0416037325449569
-1.1590060334355723
0.5846889611627304
-1.1447415367544111
0.7924707044662808
0.9321664826942059
0.8385783500327415
0.5780700327474583
0.5910783500300038
0.2862006206234008
-0.3560003325844567
-0.7294830199042079
0.7804420170908015
-0.4620010265944541
-0.7177837824090628
1.7366313329841343
-1.4192739850159539
0.7209835941095450
1.7642307733141018
1.0400484089122206
-0.2506839360717725
0.4688241360915031
-0.5745548280680900
-0.2307543211910185
1.3698441990461920
-0.6571169044943656
1.1759527576244113
-0.7409633878419364
0.8051943110272227
-1.0556785681472463
0.5457601766148600
-1.3223278254807347
0.0616281734268103
-0.1723429428307942
1.2682209796463861
0.6649366388473822
-0.5878522722202910
-0.4860527842339198
0.1024322763457789
-0.0424086660286246
0.2230475844484850
2.2036531992917410
1.5383765261496423
-0.0596324197885661
1.0419455742294959
0.5775213859705544
-1.8641088069731155
0.1461048188458473
-0.0364439735435485
-1.1621891152583084
0.5184427308139063
-0.5413721007390809
1.6441437960553698
1.4473318344045003
0.6225336266914346
-0.0826123194071720
1.0794594568980456
1.4562089484323839
1.0899097355380085
-0.1176836544318015
-0.5825809112763930
-0.0041295523102260
1.5642457169279143
0.7347062332545956
-0.1384349728437913
0.2541260848703979
-0.5060110120958833
0.1230654616619433
0.8167441960632085
-0.0202108317473785
-0.0617161640291229
0.6148770980905343
-0.9432913966378536
0.1751712646360536
1.3924499452714525
0.4549328257110544
-2.5135520660430952
1.3891420330932671
-0.8303635017780688
-0.5160358701273186
-0.4420391261070866
1.0263360991678996
-0.7179969105977460
-0.7054350378485044
0.1363980172648895
-1.2703413901439078
-0.1361806860565275
0.0671158399061507
-1.0868094790799674
0.3829533874827993
0.2283897409996900
-0.8650418556938635
1.2044597362664269
1.1626733264917433
-0.5358097380576790
-1.2691405712140662
-0.8044830304309744
-0.1726651499364797
-1.0352195654743164
-0.0628490037971082
-1.8532998954754463
-1.1342239513587062
0.0193992391590564
1.5353720402479467
-1.0275017519189598
-0.3446188259328976
1.0581508174649421
-0.1517363132921102
-0.9106626768518014
-0.1622026947774406
1.0456468739160969
-0.6224497345046470
0.4293862222047814
-0.4198113629542514
1.2195522490514072
-0.9108626738407212
1.9627435215945515
0.1886145285686173
0.1845967147636874
-3.7384831047333207
-0.4241558244829501
-0.3561087695182631
-1.4703629365122532
-0.1314157685899515
-0.8892269336684294
-1.5313020499780992
0.0624442129692038
0.1648930409670089
1.7008151721744404
1.6903623474021903
0.2154026836370055
-1.2270385978222331
0.6446879168944754
0.9037785478136765
0.5845242291266425
0.5045484856219654
0.8160144591112842
-0.9761626977727906
-0.6680455601929977
-1.8124246533909543
0.4767904013941419
-0.2653380142090372
-0.2719415363533949
0.3749069657171031
0.8287644516525272
0.9855624254865943
-1.1446311399867142
-1.0504499288587816
0.5524496103460854
-0.9279991516948166
-1.6211862480265307
-1.7062812101506859
-1.5461762485792205
-0.1973079099821862
0.6914623578850926
0.3348015147778185
0.6705120981940339
-0.5994418963191848
0.3168682649170881
-1.7306941459659246
0.3880252420481735
-0.5678569886148271
-1.4295014099558920
-0.4457425229332673
-0.0096223500023440
-0.3283510997894059
0.1764221918693730
-1.0111827385150738
-1.4201868373326219
-0.6109151032142657
-1.3587076520223591
1.1069715887128913
0.7642829337661029
-0.4655738919683020
0.1750811433920197
1.1306270197393506
1.1533789029762973
0.4808947655214958
0.2950446210778896
0.3150842857951586
1.8203120401858977
1.7082512072448799
0.3832759804669292
1.6342973965108971
-0.1785606400447132
-1.5190762333173569
-0.7601279177287071
0.7882282484462522
-0.1829630683816143
0.1864712676962711
-0.4789855623097628
-1.0313688513283430
-0.6519656962400960
0.7752211136671308
0.8937432754557870
1.1400679172651793
1.9076344213533580
0.4557773596182341
1.8845265141910692
0.3100403910908482
1.0781438260337475
1.6038814728012323
-1.4851581450863209
-0.2611377616753572
0.8046647628512045
1.4307559910628287
1.5139134264962129
0.6679245629300958
0.8269930144762420
1.1877541661579401
1.3607492076397429
2.0309289757029010
0.5681478737983927
0.7981606458133065
0.8087620276836860
0.8124516639649830
-1.2131131768596086
-0.1687909048839344
1.2498916705051568
-1.1698654683690004
-0.0117656237442220
-0.7875242790737994
0.3457689072985642
-1.0047856085464644
-1.0051582386069551
-0.8230343613806494
0.7587854729641272
-0.4028393157915445
-0.0960644520453530
0.3290736666421900
1.3483941227991469
-0.8317575100346585
-0.2212423562478521
-1.8235905620633821
-1.0210634250598498
-0.6181971008717140
0.3978827964498595
-0.0294945188345388
-0.5283405995537414
0.3595979251754163
0.4469206847988423
-0.5949752811162036
-0.2386120195536390
0.4327124028723832
-1.1466743356774549
1.0944997511711250
0.3584186595975576
-0.7225426403143825
0.7312170904856149
0.7929582723609305
0.0584357226560100
-0.6576239814147099
-1.5465280582664440
-0.6246705886484949
0.0004550128220304
-0.2323951125324770
0.2774479908680407
0.1575152673127780
-1.8275728001587106
-1.1914176638148382
-0.1300471070245189
0.6649708857994934
0.8203040329516765
0.8842389827597209
-0.2928977371400526
0.5577330409237136
-0.2332511907308725
-0.3014431226146735
-0.6184035816479586
-0.2242657360504238
-0.6564568118136267
0.5311237173970673
-0.0923881094041676
-0.4302211613530819
1.2602824318650276
-0.5493781702270312
-0.2750168727517347
-0.8004949697935700
1.6942253827652689
-0.0556765732193170
-2.3132014134274503
0.3262056907690721
-1.6955874997255493
0.2963323682929180
-0.5687115372821678
1.3454672908004242
-0.5679923400306450
-1.3556182951751750
-1.0563043948962372
-0.3833712723216985
-0.5221295277690480
1.3383821964997591
-0.3924316232045468
1.2708554490883057
0.9992644757011732
0.6292618779802222
-0.9293869600935403
1.1548309812079220
-0.9316619943651629
1.1948677817713913
-1.3524822381349315
-1.3479745724311851
0.4365575377239597
0.7275717565159047
-1.0157419938542007
-0.3839313848982031
-0.9744960685860399
0.2568253803176186
0.9930260005540573
1.0700828128172817
1.6797694109418031
1.3717464804541022
0.9223249723733470
-0.8415272551014263
0.2581544077001453
0.9310403154167517
0.0889969419234459
0.9543090714990052
-1.7688292089223894
2.2326388579470238
-0.0570023074797079
-1.3532541450686792
0.1630556251154062
0.6679718924255412
1.7083253829904304
-1.3070872973287186
-0.7722064865740815
-1.2614159386955437
-1.9576167530718078
0.3933921902750584
0.2950324363095196
0.1823283823424629
-1.6791140777400801
1.2684243824821726
0.6442791167379498
-0.7392441472970364
0.4483712508229323
0.7219918627208179
-2.2066412604778756
-0.1681459228282301
-0.7801425914443874
-0.5086550704696575
0.4089265905383793
-0.0289894314473293
-2.2648470107568333
1.4533662723629830
0.4544953689794193
0.5493992077709542
1.3601745808926573
-1.3575704486686848
-0.9813581232561253
0.2570029351974599
1.1729726414334076
0.8281355633187699
1.1336380924788085
-1.0377107372510068
-2.4269332594012178
-1.1965314686110073
1.2872947764267584
1.0270720565785856
-1.1464779342391458
-0.8167784895044320
-0.5222378712275992
-1.8700175989819552
0.7529683568476893
0.2280881071600825
-0.5388479604034366
1.4771238371402802
2.0096530142153801
0.2523765588293376
2.6583843641650482
-0.7265463386411495
2.0602423641958945
-0.2311353174432980
0.2530188062569431
-0.2121499872509360
0.1761539876037546
0.9026229309278074
-1.4102402687638513
0.3241532019565979
0.7712137580145375
0.6727774167890402
-0.2422032198982327
0.0716031745787726
0.4140548414235868
0.9464214682162784
0.2805656766174265
-0.3501673484547179
-0.8102530859146041
1.3526772089612022
0.9368537482053741
-1.0527263307609016
-0.8309584716501192
-1.0182074802496459
1.7228403482174290
2.1635858943790236
0.2297098895026398
-1.3641260100051831
-0.3941892763705850
-0.9077980891063303
-1.1045705773587671
0.0694969319432558
1.6660242230320523
1.0489614699662151
-0.1389180615379222
-2.1261132013400337
-0.8820683970919507
-0.2764633769138326
0.1580736527799190
-1.8197415430215798
-1.7769611493331485
-0.5397402360950376
-0.9117972396910843
0.5542759717626839
0.1634989893723996
-1.6433802225279228
0.7943471603068547
-0.7082459844609793
-0.0944428422715755
-0.3395237892822367
-1.3002412186195624
0.8919025638182884
1.0183705291417342
0.8125479068490526
-0.5459483956492248
1.6771064093327765
0.2296514083760439
-0.1425950311519021
-1.2503233849098356
-0.5295460488616696
1.1207975083550765
-0.7585084816069081
1.0798706261656585
0.6631804653284810
-0.3901959593300494
-1.1338700919631404
-0.0171669339554056
1.1465523819312540
-0.3236668833271791
0.1782667451256287
-1.7719886895939931
1.2665620608375456
-0.5641721675207396
-2.3388680621179665
-0.3703755553653363
0.7706910712731951
1.4909314207695077
1.0587457038370838
0.0273037816934351
-0.1136555996531890
0.0601996933965074
-1.4135462253847393
1.3579199807140596
-0.4565922967040374
-1.9498368096534255
1.3054266630049070
0.6162342493974747
-0.2868864223702975
1.4191460486760827
-1.2436784005211390
-1.1422351631525907
-1.2871090507714011
0.0374490502603668
-0.7126320356818160
0.5159855653300083
0.5111859203374518
-0.0725032520579489
-1.2806649226854689
0.3492387256066766
-0.1581065791512801
0.9397297228786249
-1.8460244021390790
0.4560143563484753
0.0336061233499811
-0.3509453979859508
-1.0410017619713665
-0.4857418060698514
-1.1273201529936254
-0.4994360197139391
1.2011372593637115
-0.2863427681745730
-1.5812787078924095
-0.6319926202610920
-0.9860203781713774
-1.6273774412766073
0.6410493239478462
1.1977407267760096
-0.0299895204553639
0.1336603676796514
0.2443270494485681
0.7362920180199899
1.4695257607896046
1.2858730966362943
1.0322125763834344
-0.7564902783601526
0.0026564999240466
-2.1283891323563910
-1.0676843833084393
-0.1974385806196539
0.9426977259851125
-0.8107891668755121
1.1824354397389321
0.6503214022697881
-0.6687968868056393
1.0333387176667446
0.2333877434605972
0.2157988844198865
-0.6151519755905601
-1.4032901667669853
-0.2555271887984753
-0.9692380867428564
-0.0636288839241888
0.6680856969695651
-0.9113061549092890
0.4564397842100962
0.9236992624706809
0.2987609806833965
1.4261947299651059
0.5599085502413829
0.8998345512388231
-1.3912213151699042
0.3236275190282490
-1.7887687239351366
-0.5550910565655773
1.6796899473490405
0.8819313409475968
-1.1501441342209304
-0.3414948887604454
-1.1709589996435172
0.8094311640022359
0.6211940716674844
-0.4488624484289570
-0.7436282780778003
-0.1151107293298839
0.3564259842216270
0.7406103585143884
0.6131038550849974
1.0683013344277457
0.4134200864371083
-0.5413645078099139
-1.8447370485117662
1.1984423109434694
-1.0006754123485946
-0.5046229701054751
1.9579674697686256
0.0605298879842797
0.3451622436982349
-1.2826220617324204
0.8928110745762829
-0.1289154334250152
-1.6779159383780407
-3.8845607016867985
0.2322644185202422
-0.5576492982752015
0.1055405519808323
-0.5132069013567571
0.4067202411742201
-1.4205163074412885
2.0757431747104449
1.8800946493179294
-0.6029495155854516
0.2510957755041324
0.3222165832946453
-0.7203749078541938
1.0096352729998994
0.0059370063519446
-0.6730068222747513
-1.1483853899754646
-0.1110804557287399
1.1199887073730752
-1.0564102171918688
-1.6764780176879692
-0.8780938324849167
-0.0039769084118940
-0.6545124249345963
-0.8130199445709307
-0.5041702281674354
-0.4299576834410859
-0.0557134409679753
0.2874182432032881
0.2907219419881364
0.3930668034153341
1.0456925209979111
1.0223240445876696
-0.8392247346146716
1.3100776123641327
2.7062156654278962
0.9466508853186894
0.3987412866746101
-0.5516110184461254
1.2296231854446456
-0.6195104041571337
-0.4562113946573938
1.2417667510410610
0.7868627490896154
0.1033254888624759
0.5424960122261124
1.0260966878110338
1.2606440558786871
-2.0349004570242486
-1.0446104837080517
0.2056136622374864
0.8752805374382541
-0.4710940413942237
0.6933913649494416
0.0591293249535686
0.0287397698252576
-0.6204613628351762
-1.4436708807181320
-0.0565294070964214
0.3216634316151626
-0.4212188337087864
-2.0522040931280183
-1.8465403963117040
-2.8743545601318861
-0.0714781922133014
-0.5241832195875128
-0.2438164080340592
1.5843862285441757
0.0568741043543775
2.1973040857741806
-0.9876740830320543
0.9480254198028845
-1.2374266548578903
1.4830197112603360
-1.6808291788306169
0.3451018012000607
1.9635612789122563
1.4916528646200096
-0.0347711842039737
-0.4132132986581705
-0.1418278754144685
-1.8249663851061804
-0.6576890230306356
0.5076158519939361
-0.1543261068411056
0.2224521880233802
-0.6850388711087704
-0.3756741684907813
1.2465990976873638
-0.4608535609888162
-1.8161512520309242
-0.0653997085589897
-0.4650733329380159
-1.6299975899807913
-0.5024408874040753
0.5546130973400992
2.0628923081034540
-0.5279912885991551
-0.8289036777968798
-1.8286072947968819
-1.1172702183430272
-1.5858864236480008
0.3825208244094025
0.1136922105890193
0.8107973818234452
-0.7960171038140846
1.5346904865115030
0.1120336193074621
0.0525234292007469
-1.9724578249590314
-0.2626598104639107
0.5620469002778022
-0.3271277739195970
-0.0229379239528922
-0.1856284456646061
0.0631169663951899
-0.3912702618031377
-0.5784223508573588
-1.3379708968150823
1.2234523140868054
0.5826498062220068
2.4036279113678796
-0.1814829076442292
0.9178336435801060
-1.7864619533430048
0.7814213611245691
0.5604780695647441
-2.9399722891970179
-0.0636015513176678
0.4220280121139684
1.2929675155972260
1.1153692601469609
-0.4416300278509382
1.0785012117469233
-0.0760815727682563
-0.1400221708615899
0.2841151025795206
-0.5119698261390562
-0.5548099393322028
-0.4614252467573090
0.7355489934402289
-1.0427851721360744
-0.9588839026618834
0.7247464025810340
-1.0485847723321577
-0.6717476808187086
-0.2130150001099526
0.3810226505706408
-1.0274118301491535
-1.2550928175842315
-0.7855170918187474
1.5844366326474377
-0.5908732936836499
0.9909424726382255
-1.1334902904435424
-1.6944992220589443
-0.4285224883299984
0.4580231908212082
0.5009273523773126
-1.4559462599639670
-1.8882960504392354
-0.5386220246830290
-0.3795852131873507
2.0491528909790109
-0.2428686096352282
0.9901360424143425
-0.3222191138326185
1.1751294773736158
0.4018776985736573
-0.6345693214730710
-1.0692549116394512
0.2064851781265289
-1.1998469791377555
-1.2483770786820554
1.2341854626057538
0.6032280094598892
-0.9777120059864558
-0.0382154521079282
0.6956717918396953
1.5529604265458532
-0.5484743048656922
-0.9614217361498038
0.7251872659370890
-0.1916211422518789
-0.4992604976831718
0.6244265377911117
0.0960279806432753
1.1665127265422006
-1.1325825993561984
-0.8851216104161734
0.0724678611700502
2.2104843853765996
0.2718774928583004
0.5152447563917310
-0.1438608182136484
1.4018846216404954
1.0252198587755752
0.2427145161237137
-1.1858138799665432
-0.1877856466491559
-2.7689950367951921
-0.4260893093105377
1.2051787951281632
0.1377240627401658
0.8677945433181310
-0.1110412985036484
-0.4739043005734334
-0.7207521797718204
1.2030407945063322
-0.1625687003980062
0.5159551263724486
0.1146770343779896
1.5905362481419063
0.7106211326247476
-0.9450417907052068
-0.3738096686217699
-0.4828090960573358
-0.5680555775991558
0.8929098121876582
1.2742286058416896
0.2854326035943994
-0.5313031452657324
0.0778419786007155
0.4234014429292369
-0.3845097924437126
1.2053536110485734
-2.0313530808312872
-0.5550510648611321
0.6616170152286007
-0.3735708674793556
-1.2609451264775253
-0.2255323772120962
1.2062467610361469
0.6914540592010967
-0.5962187127821459
0.3957996541147329
-1.0361472216617269
-0.1017002365225270
-1.1402145618733495
-0.3739047354912108
-1.6928830979525378
0.5346632383550282
-0.4874386867442297
0.2240046466038713
1.2109629894786840
1.4975178621877987
-0.5591090497912626
-0.1486013218938787
0.8844554266762129
0.1372296499564988
-1.4133207274082988
0.7794386669533165
0.1531687828734141
0.7930183855929376
1.0308654391447734
-1.5913300088637421
0.9467651467314380
0.1277091259548100
-0.2343128196776048
0.4837679355750918
-0.7438965639386835
-1.0367549556332347
0.6825589424685097
0.2288385517153267
-0.0451854076518384
0.2408312614941172
0.5926354668869942
-2.2669018596507082
-0.2544382825031298
1.1462722637411504
0.3515468464570208
2.0579357658813677
0.5828368363154215
0.7980296813970246
-0.7823716359760611
-1.4949208664216300
-1.1402531513392227
-1.3067983871214706
-0.1200988144972271
1.8110010845372371
0.9631431746798530
-0.8140667077714789
-1.2231577663285804
1.0905081359177755
1.0738410077086378
-0.6871045330072506
1.0707487376310090
-0.0661265557518721
-1.0810993876485742
-0.7118185237569563
0.6175206758687640
0.4236259079388677
-0.0547039396504369
0.6883642441467941
-0.5633871026122522
0.0769690301041978
-0.7671478047383130
-1.0859471526202145
0.2209286621883432
-1.6197119983048125
-0.5478344895958247
1.1758651757217380
-0.7735270002083933
0.9346566369905371
1.2975930680740064
-0.3630945746725636
-0.7294259019655760
-0.1298631383014185
-0.0465155358717404
0.1409632195813255
-0.1508836198032256
1.0976236683504463
-0.9002141849272475
0.7681300051695514
-0.9755386926534036
0.0809684166487951
0.6002491947534383
0.2031609325527950
1.7095423719922789
-0.2697952914257651
-0.5222573475489976
0.7951983970963530
-0.0482718162145468
-0.2162362998558621
2.5231508259817059
0.6966012321049371
-0.9674430408486807
2.2185220056844162
2.2510017233200279
2.3477790053315943
-1.0472634304841062
0.0277567184252587
-0.9755724012314386
-0.4503320677427143
-0.9208253462619495
-0.3131269354853911
0.8952343813477808
-0.3462711817096347
-0.3027423114829033
2.1904210653121652
-2.1928357300966557
0.8673865428699614
1.6250061042519404
-0.6317086032328387
1.5763528696906330
-0.1979170346346520
-1.3432225025071545
-0.4215915226988605
1.6769283049804371
-0.9518446788857693
0.3058243282098277
2.3076599016772987
-0.8911876053875303
-1.5442131948792375
0.4228701418803039
-0.6457300530079688
2.2866053338095664
1.0287306061848769
-0.5056247852792212
-1.6606583579209049
1.0073733423938211
0.8407068266580714
-0.7984772377808941
0.7646289920888619
0.7105387259727051
0.5359517068009119
-0.6099108797329897
-1.6161385428517581
1.2198486609110455
-0.9825208576057345
1.2100154866722213
-1.0210917763425069
-1.2651959003570956
-2.7927323882669763
1.5105180721179867
0.2528996592422941
-1.0321397685273035
0.6675984032208102
-0.7879821807205163
0.7764115053077468
0.0900506384294386
1.2772930447016970
-1.2142719406305864
-1.1227308008680315
-0.6797163424946275
-0.8915958907538144
-1.6484616195314599
0.8785869806641045
-1.1176204329223121
0.9153052200648227
0.8485473623254612
-2.2348618499033148
-0.2128364013021301
1.1368249408344275
-0.5723066320831403
0.4587075281791477
-0.4524846840367226
0.9441368632179540
0.1132337478943234
0.0388719888122143
-0.9877416421009306
0.6231993577246816
-1.7433234363685206
1.2726164858821929
-0.3661171170004695
0.0420703827922087
-0.2085748668369659
-0.3420815138042403
0.5737652362771214
-1.9516291813508455
1.5528147026980157
0.4272720359982836
0.6374264330675246
0.4418600685305777
-0.1325619390889293
-0.5713204469349749
1.7013355841463380
1.7012241747230812
-0.0594337452181421
1.3351127665238058
-0.0590675848713125
-0.8785517483268969
0.0054879250348281
0.6614039571234900
0.7472880152378482
-1.5948377021022020
0.6679693350967867
0.7876626818096479
0.3863874855441451
-0.4226865151211238
-0.9211646555181712
-0.0609268507373910
-1.3708808148627312
1.9645037190754622
-1.3498556168264682
-0.0437085081769912
0.7251675012989336
-2.2437105653865723
-0.2343421951410505
0.8303453610986193
1.1543203862608913
-1.7035158339428138
-1.4017765835873195
-1.6335769898283561
-0.1196836259254248
-0.5501158731941653
-1.0909400754377332
-0.1432042601981409
-1.9567141337132070
1.0538051068881826
-0.8724081581188957
1.0459898704337307
-0.7191814565719983
-0.2201191643014871
-0.8521622422245593
-1.0721082810314519
1.1472724878237388
-0.6892413049043310
-1.8278917614069197
-1.6312407781625107
0.7358927892552755
-0.4022906060303131
-0.4231680376272474
1.8428031626996788
0.2576783966646876
2.1847323973768247
1.2668719622064240
0.7153204610211125
-2.3437462217703091
0.8163237678157935
0.0567500499853285
-0.5443890783706042
-2.3250352927990359
-0.6871868899864465
-0.6536841146294434
-0.5348321301647001
-1.4790437815372028
-2.1335317859831981
0.8183709798150084
0.3484279242184704
-0.8473584500046757
1.7897698738747045
1.7342948255257766
-0.1501326395431397
0.6290712342815111
-1.7215741770112045
-1.5325117064325922
-1.3115542478895266
0.1363460310610453
1.7354273231825612
-2.6842770087653167
0.4105949701201160
-1.7276587924278746
1.4551132243303555
-1.4775951310708797
-0.2827663664570161
1.7803531041738778
-0.1235903070324951
0.0357857448239653
-0.4178824453191075
-1.9937852737365305
-0.0771048553398268
1.3292150485990466
-0.8156932486392459
-0.2274082085290141
0.2008092240341965
-0.2419164777912675
-0.6483968871878698
-1.2909078641991141
0.3469676949173184
-1.0193020563792645
-0.3258420843730634
-0.8252214487177633
0.0836734995400781
1.6574145049456237
-1.1920405920706916
-0.9309775530023975
-0.4349014210430043
-1.1787744071686683
0.8397818807413444
-0.7428118485638694
2.3106429034631937
-1.5607949906983025
0.1987644634476102
0.6163820684942630
0.8089245602977182
-0.9341334732314454
0.0545020595537065
1.4510891562566255
-2.0272509733498518
-0.0899441326058364
-0.1592592768142677
-0.7716489683690875
-0.1342348568326339
-0.7417982638204880
-0.3136712182718915
0.6461910916585664
1.8726603139348386
-1.8190349111616149
-0.8941575573251503
0.1629996007016198
0.3649387014465882
0.3937778786589701
-1.4289322197336440
-0.0853076864306139
0.3792656579806890
0.5609404732923714
0.0425839696217573
0.4016722583782876
-0.6093666088107743
0.4460662323410944
-0.3156330121917014
-0.0840202555277139
0.7333936960351841
0.3329752264212992
1.1938323470318877
0.7500030686428086
0.1188868407705244
-1.3773928089058949
-0.0907955087560951
-0.4068803273654130
0.6612548286239794
-0.1462034860111973
-1.9717019240289291
-0.4540393235551582
-0.3317936503543850
-0.6477963903264630
-0.5874114584693507
-0.6525273859243468
-1.9068211008019247
-0.0767352428052339
-0.4354423665832634
-1.4861553210957181
-0.6933329999973969
0.5351409266354147
0.4554813285776434
-0.0591306005185882
-0.4734897394030921
0.2271503932170923
0.6786494757421946
-0.6922746243995410
1.0827584494729845
0.3796300575968828
-0.9147566637916651
-1.8299352567263145
0.6116512779544616
0.3589314766006351
2.7407746923382117
0.4894486429047169
-0.3929712989468697
0.1039083958775354
0.8873715928163184
-1.2178337802679653
0.5584076615451629
0.9472874940160519
-0.5778053161179709
-1.1370081601212951
0.1962773328815020
0.1044420062511978
-0.8252767462778132
0.9372320934240694
0.0739983389271290
-0.9165830939643284
-0.0745407776675362
2.8009127213178981
1.6065330020133972
-0.2594514465516563
-0.6875177374050686
0.1714618640343859
1.5696724873376233
1.0788807181095665
-0.0539889444574246
-1.3129503289446181
1.5468627706767921
-0.4981492838752333
0.6788062396089802
1.0992784881561506
-0.1044978133726787
1.2467615892989019
0.4746547915634853
0.7961717312690233
-0.1204349439688755
0.4803464171057303
2.6921147612517693
0.3019557534933550
0.0682557808776800
-0.9116879622345762
0.6235339681974499
0.3555237380646681
-1.2661036671474630
1.3980439028438507
-0.4428724819253005
-0.0429791590116996
-1.8096306453712268
-1.3869963472643614
-2.2390277733774213
0.6191799267484369
0.6580827895903254
1.5094355617659452
0.1259912224122332
-1.3151005536377482
1.6590748889671940
-1.6110894392604187
0.6511248030066916
1.1209121713441628
0.8802834334071618
-2.8983054955495122
-0.8111237404311223
-0.4769140203216564
-0.2984763953033182
1.2104251298879314
-1.2759400631660041
0.6204939431870733
0.6185008857744901
1.0198753383607744
1.3503185606090111
-0.8328901678018750
0.8032490240941716
-0.0890313215627899
-1.7156251926259003
-0.5274413939408238
0.1536542889361831
0.4932791962169801
-0.3317604430299436
-0.7872829516724689
0.5909913633197517
-0.2180199497069349
-1.3533221962715831
-0.5018668268140265
1.7320706713795320
-0.1616195707142078
0.5661483246933406
1.1063145338695757
1.7698404913326953
-0.4753421240809572
-1.2996144493515582
2.4488357842901092
-0.0217434048541920
1.1738625737157107
0.0211435402402092
1.6440600401211325
0.7556664706858831
0.2358940820397106
0.9086046888698973
0.2699928914177094
0.4136215828396072
-0.4629569170708525
-0.0988880570008085
-0.5090157208386726
-0.6291174886362888
0.3669362453957825
-0.6013679220767771
-0.2480868004532318
1.5676781833802582
-0.4122485620333965
0.4886921849357085
1.4329954273829739
1.2979923636925064
-0.3832801011202257
0.4319679661856807
-0.0619226792297772
-0.6693969657905595
0.5265099375740954
-1.2482568753110417
-0.0801114486418853
0.0397142002941539
-0.6344743921591741
-0.7004976261743949
-0.4225902755105174
0.1843463393438886
1.6831081020904537
-1.7489568457927049
0.5340719421761478
0.0993887985294297
0.9506037254666928
0.4757434925468768
-1.0018596688807027
1.5353091913111128
0.2326858999419908
-0.6350029294966762
1.3054882561071008
0.4107976916832765
0.1263830326400155
-0.3868933228042333
0.7933266871262014
0.5832921208069437
-0.8911347443270992
0.7946193399667326
-0.0476090266234521
-0.8153779690209189
0.3495748984378044
1.4998317348388854
0.9954790010745113
0.3581086475407124
-0.7208463826712214
0.8584083088122265
-0.5229991138712113
-0.1391609545757852
0.5546674138923777
1.0013917803546717
1.5765696836630534
0.3752271302931004
2.1317493128532368
-0.8348291270313334
-0.4717388625492330
-1.9880468342927395
1.3454196066556168
0.0773143250855073
-0.1423071209858854
0.7752320336954622
-0.5909250535375510
0.8266596243293451
-0.9263168540169092
-1.3155265374365259
2.1276012012596230
0.2754086626667632
1.0090595905344417
-0.2848949217199288
0.3938404606764513
-0.3675922389059509
-1.1919650017193579
0.3149371324182298
-0.4183130311170626
-0.4326265975990049
-1.4654034324734380
0.0517288803862553
2.3548787687167549
0.7741978185693951
0.0392581435692569
-0.4687100711426884
0.5434046325258608
1.0963509849475059
0.1591824629878983
-1.2002645019086551
1.0797177311848469
0.5061143899463268
0.7906255920386427
-0.1384310296422506
1.8656401632213362
2.2461656313687213
-0.9919255062429030
0.2964999010423690
0.3285823789887209
-0.8021464954210721
-1.6759496611582660
0.1722997405575794
-1.2514605988597158
1.3898134297725024
-0.7094911647849742
-0.5733836574780619
-0.5079646221769007
-0.4726209661021835
1.1917301629432717
0.8805136415175832
-0.0703802743305275
-1.0290397054244227
-0.8283399425232664
-0.4239193813254480
-0.7692693551228446
-0.1248335892164941
0.3100065180459055
-0.2180449100791173
-1.7796420324030597
1.0127539199615885
0.2899894340412038
-0.1337458963195954
2.1815509832403630
-2.8390747349103207
-0.1501801201287617
-0.8308561142234077
-0.4747825370206248
-1.7794945877651871
-0.2800486219337949
0.1530216989011016
1.3490283529741984
0.9336274119459750
1.2105357334448841
0.7044566272272638
0.6902674105250411
0.1289263328441629
0.9018002842720961
-0.1468628550174005
0.9429862871900956
-1.0992690984580695
-2.3098541478317252
0.0156261691554473
0.9376172336855322
0.2284545843417692
0.1812428256951184
-0.1951421981996213
0.3159237559849035
-0.4446149550406984
-0.6973263040492350
-2.0263723508782019
0.0055748890035126
0.3505080085749843
-0.2036214215058362
-0.8703896524239927
-0.6109302085510850
-0.3363124784180537
-0.2069334369629503
-0.1356034434563931
-0.9238030628578209
-0.1054265842816369
-0.9994632825025676
0.8792020847112358
-0.8269137834363726
0.6046695278001445
-0.4567045189475399
0.4386716706864836
0.7718760009666376
0.9099052743576957
1.4007916234725326
-0.4853376781764420
-1.4296329677006963
-0.1873028988555913
1.5735663031616460
-0.1928560832742208
0.0565802645820316
-0.1741119251531754
-0.6127311915754945
-0.4295115787226695
-0.1604297899031662
-0.1589885692780178
-0.1009270631227396
0.2532153333358503
0.0770125194511986
1.4844380023450190
0.7769985243498827
-1.3137580827936013
1.1849355172303289
-1.4062619731263077
0.6320892919701898
-0.9528027963828150
-0.6797894472291898
0.2074344675072295
-0.0067106750711607
-0.3014168661170037
-0.1329316371080091
0.0506431216086979
1.6869861633759649
-0.0813660271107851
-0.3200658259801628
-1.0315387666745992
0.0386059232690842
-1.4630560151136536
0.8033212390853530
-0.9362668380627922
-0.9593772974438413
2.0383532522318664
1.3312467681234803
-0.3255876882882273
-1.8736593233427550
-0.5258554022532883
0.8841718681930848
1.2183282322553408
-0.0575449278808255
-0.5231135466135145
-0.5679267713168324
0.4499584094069035
-1.4428038663791938
-0.5309294310067078
0.4236429790307216
-0.7005271358507441
-0.6971128157750971
2.5801586892377721
-1.6377028740053197
-0.8505424199979116
0.7122118797154899
0.7907384083813744
-1.1210368861301698
-0.9343912332991170
1.7130897807635550
0.6364411651818290
-0.4883236176435018
-1.1173232218496862
1.9733696433959464
-2.2631386302883230
0.4900769594634001
2.6973466447943024
0.2166936120402235
1.1684318465524184
0.0183306003455004
-0.6375763961165136
-0.1749041973610845
0.4882294845376640
0.0413893111316455
0.3131041359822982
-0.2417348625656967
1.6773192150823133
0.4453642246849292
-0.2032836803451918
-0.8159749021845003
-1.6283401130173945
0.3703246602755253
1.1180130408182729
0.7823838170087128
0.3019631351364482
0.5240071269149253
0.0835190082541670
0.5701419834234498
0.6621768856850043
1.5055789398927664
2.3976939070884700
0.3888406625086367
1.4177273269582311
1.5007834081362359
0.7026473198086568
1.6247599097443639
0.4131544867067465
-1.1619442198019660
-1.2848175673812963
0.5281344100987488
-0.9594923693107570
1.1413029641090737
-0.1007465122783592
-1.0789175332263885
0.3978497592042257
-1.4302986087376315
1.9900947648408476
0.1902229004952382
-0.5138803614530675
1.2921592310358847
0.0290383929893984
1.6957968630170788
0.8037507714546673
-1.5293861479072626
0.1169781626205989
1.8591010419785130
-1.4681902777975713
-0.8651121584049836
0.7961875781697029
0.5908483483373510
0.3974940444065145
0.0592584774921765
0.7440147947874974
-0.2195314840144451
-0.3127814785046193
0.1326334234916789
-0.2674489236949356
1.2554398690030670
-1.0588747889970653
0.4535674277563648
-0.2203301913080329
-2.3791393180129092
-0.0552997384124408
-0.4055153329443952
1.5391386283658923
-0.9337093838935873
0.5718699958418980
-1.2654660797158148
0.2080541270737977
0.5287859036319736
0.6315050424045646
0.7763552799528317
-1.7630611007581043
-2.6929332563617421
0.7328053064160119
1.6797915522647915
-0.3802668370188235
-0.8177431688050335
-0.2272686944255167
0.6432692639168071
-0.3339895602787450
0.6071803320749601
-1.4628952789427980
-0.6078675689831362
0.2230580082342322
-0.8694353946472799
-1.7374251910352456
0.4094939994502027
1.4447985216763821
2.1520961449421652
0.7665455002765801
-0.6535273972574699
0.4779794696769560
-1.2540613296717342
-1.2959827300222042
0.2702967341846576
-0.4519996310436221
-1.1569782750177413
-1.0000377468242081
-1.0418491604866473
0.1598042904429363
-0.3949745764719678
0.0194515573666103
-0.9265698786029252
1.9792970412579476
-2.9475786506284654
0.9144277423353921
1.3006912476832804
0.6414866476497685
0.3493549545767871
-0.0932475325765156
-0.0152348985412890
-0.2741528739189670
-0.0656830881961135
0.2547370276002089
-1.9747409334134216
-0.3392361707227317
-0.4140687180084682
0.7148531712643315
-0.0906200989420672
-2.3438685946876303
0.2367495202394052
0.9585432192017861
-0.3469187574052665
-0.6139307231214324
0.0662412939618519
-1.1282812443896915
-1.6483491080062369
-0.5710103273622589
-1.2162731276362146
-0.7805419278596465
-0.1312802879586181
1.5572243263139391
0.5326038899914350
-1.1818503363358552
-0.8270300238947841
1.0017388306397583
0.4609133965192844
0.0666405280310540
0.7012462183646111
-1.8021832131657982
0.2832682702551765
-0.0574969659321968
1.2280637231580778
-1.4885649725653360
-0.1275094285815677
0.1147923121209403
-3.1401924127768899
0.7106680361383589
0.6810067483118317
-1.6314804089506674
0.5966541506109575
-1.4944460849101395
0.1321388588475270
0.5668721339659349
-0.4044028132644183
-1.4188733336901713
-0.3895551910449028
0.5647594722503565
-1.4106679128232751
1.1517037758622668
1.8000922433327740
0.5314079606788392
-0.4725554228739550
0.5678588887133995
-0.3934537044901327
-2.1977921910183031
-1.3555317096227180
0.8052936477228165
-0.1583058251853179
-0.0600099566412939
1.6525718178664008
-0.5639552086266433
0.2917707122983684
-0.5933043090264751
-0.4727761744498994
0.5449731764698603
-1.1041622318593989
-0.7085879453094358
0.9911938731003679
1.8767373106088974
0.2283953212381059
1.5680167895201447
-0.4990851508939354
-0.5554081782877625
-1.1456657938694168
-2.1330336240818344
-0.2913168457702983
1.4553795407168402
0.4998857429865730
0.2372300756541294
0.6627841915803387
0.8475371245542098
0.4964112252345788
0.7491565192606746
-0.4814991183253414
-0.7044865881920181
0.0667183081990199
-0.2295691538687271
0.2454756160334518
0.4077485978647992
-1.5765990219589925
1.7720945400626733
-0.2125662604370865
1.4544336416603580
0.7876347823856585
0.3982040194051748
-1.3190581204759779
-1.0614375258474116
-0.2880609097720159
-0.3458134205560552
-0.4605987674094114
1.1196800127787949
-1.1564107461767168
0.2459845935204500
1.7111398518181176
0.8005806169657665
-0.6383784567336105
0.0630802049360112
-1.5616816190981226
0.1189820496266838
0.7158083635244494
-0.2225076004619024
-1.1810803226893274
-0.7751530337600576
-0.7146916178418856
0.2871861166629369
-2.7276985118003934
0.7605815129831709
1.4857474873017171
-0.2393601464294545
-2.0194871425551471
-2.0715889741420352
0.8106949202469218
1.6981875248681115
0.0261985352908694
0.9339233616732230
-0.0957850648470724
-1.2588980853841341
-1.4724344423391682
-2.7004773930956985
0.2915003303086360
0.6513234376984454
0.6217687361765667
-0.5693857256364214
-1.2325662308088361
-0.2133652179411306
-0.1685628401885051
1.0039816605076355
-0.7556867866267974
0.6263586204494342
-0.9220103797948151
0.3242998385270693
0.8615562755215090
-1.4281308544931524
1.5969737062755243
0.3755767578842315
0.5542797966447774
-1.3002065521788153
-1.2960586693961442
0.1303061515539056
-1.9400040572386958
-0.2128332281664388
1.6103685865422213
1.9354418309713906
-0.4132029983560479
-1.2271153199442926
0.4262622584251219
0.5096957557000769
2.1858112130740226
1.1182405212963034
-1.9952941939117079
-0.8505145116065606
-0.1039670510316067
0.2883820503202761
0.3380738100217692
-0.2319469963651529
1.6708448072422468
-0.1079909301171154
1.2902829338702784
0.9405819697047801
-0.0641304998311312
0.9253588582521397
-0.6490603895771240
-1.2184437106821888
-1.7531412359976293
-0.3549632357359629
1.5344037333045379
-0.1583982550116514
2.5531195114236436
1.9448976733586607
-0.6188963208984413
1.1957789949806583
-1.0494879114196229
1.2347201702602479
0.7372052940672356
0.6317751849698808
0.0021831828450149
-0.8018290113718189
0.3042250447927331
-0.6416696723859835
0.6143719216442498
-0.4657811397272635
0.4884470186652167
0.5292674399293312
-0.3342797846655114
-1.5075476009644500
0.7129938316822435
-0.9509884900442418
-0.7581083509346970
0.0873971107624496
-1.4720164275137793
-0.7131668462546956
0.9729527182949530
0.6054076668311462
0.8055404621733367
0.9284993270379307
-0.1692462275241004
0.8399929585281147
0.2763796194453824
-1.1787854841007037
-0.3912783189876438
-0.2540792683853708
-0.7442036869612304
-1.3491466898912234
1.2418436788329967
0.9499322977268043
1.1867265389538935
-0.1441466577137865
-0.5426097120931818
0.0711704177220218
-1.1816748942507183
-1.3365507627787021
-1.0690296799682526
-2.0493877276952475
0.3658054255309842
0.1343608867702610
-1.1922100443361590
0.0831367604226419
1.4703343755787763
0.8348046445038538
0.1970301715881344
0.0343685651960349
0.2964263901548138
1.3886268481436497
2.3906265759890775
0.7347888997303577
2.2849827685381583
0.6447782420644318
1.0061633818856814
-0.2556349939725326
0.7851842481001251
0.5462701385819284
0.0639557617131765
-0.3585211157077399
-0.1146970447276387
-0.6431925387804623
2.3685817103679452
1.0169688779457005
0.1326372310233661
-0.4511619950722330
-0.9907383967391902
0.4296161452860353
1.2998025334514833
0.9208830375573871
-1.1306618376183448
1.2632747733578695
-0.0596615831862965
0.1988748383207603
1.3672601244274047
-1.4344391667789400
-0.1024027869538214
0.9109837067764600
0.1178422328021392
-0.5847252643689905
0.7382102632311166
0.7221098831553104
1.7991175713322165
0.0573268821069800
-1.1817140277717417
1.0066192696678040
0.6106904831719774
1.0838988879226439
0.3518829503506921
0.1334129684818780
-1.3149443944762180
0.9964696516007614
0.2203691703753899
0.0349161838867203
-1.4721096977179162
-0.3373972020956713
-0.7922276214815869
-0.7548693151898145
-0.8857496835096053
1.0237785802186101
-0.6482139434565438
0.7993451507437845
0.4170194914839522
-1.0387670329120267
1.4061257394393034
-0.1412734787958464
-2.5058425203084767
0.6019631734482410
2.2899113477746660
-0.3034650670734607
1.1671334151273183
-0.3862034616195217
1.3246886417092267
0.3227908818446826
0.9876845754652724
-2.3461757170349298
-1.4456925730071166
-0.6833610678497869
0.5533297204712078
-1.2164683127530209
1.9036054174021622
1.0357239080426059
0.2854549162661080
-0.0348050002698550
0.9008844664748870
-0.1616555502307060
2.9523105795586915
-1.8663880072646262
-1.4404290158941566
1.4141047143279100
-1.6044479928787168
1.2204490110757320
-0.1620673026787689
-0.3760670494517561
0.1341288546107163
1.3482199610984780
-1.7783806972764731
-0.8742946931602374
0.5660737206871069
-0.7297579437103516
-0.5715260384958780
-1.3153997872753507
1.0781551347135163
-1.6543323530889702
-0.2531990118170513
1.5303281091957546
-0.0949918555293489
0.7869143103856860
-1.5517100651273510
0.5482927856514398
0.2067753525289812
-0.7483794359021226
-0.2336999514861742
-0.6917757550429768
-0.3310648299272712
-1.0587939588842894
0.1451931292931531
1.3106279578979492
-0.3288079346339450
-0.4722450392176318
-0.8493984414377462
-0.1034529220689940
-0.8400539268664016
0.9930766281088821
-0.7407863488763941
1.4169091306183152
-0.9313323284751757
-0.0487138753069222
-0.3399202659872266
1.2224479977123575
-0.9876688245782262
-0.2909340226952887
1.4213677278298833
0.4315515253683254
-0.7341700440044255
0.2312673214182535
-0.6007957287278458
-1.3440790381380037
-0.0629308175763143
0.3131319190822456
0.0392400738069400
0.2138710537765767
-1.8528632962614202
-0.0917271937155032
-0.0058603528203864
0.6370810856711815
-0.4315942511599611
-0.5736071634494549
1.6907134310159992
-0.4053190109536535
-0.2794832932063449
-0.7453799254664550
0.5147025196200841
-0.6902851798401743
0.5377847270044472
-0.0091762339427586
-0.9668272629959233
-0.5956844891770297
0.3438584016653989
1.3583762958398236
0.2810520034530813
0.1774677620005900
0.2129986595879224
1.2439795632694914
0.2006614608128666
0.5636247176576070
0.2198291074527794
-0.7012727989193703
-0.8781711743367641
-1.2749165664448261
1.1006234935192130
0.6005726248184221
0.7132472892677609
1.7267313039291829
1.6566652092664200
-0.1539698674725843
-0.7201705458285520
-0.3473247656235950
-0.6477392608578803
0.0907157660535073
0.0088270169878671
-0.1884013651565948
0.4756740108362260
1.3015685429482267
-0.6204981615974893
-0.0661922028944410
-0.8843425475065008
1.3014247464018367
-1.3581694221948233
-0.0807045993393638
0.8631207399619341
0.9453618849119911
1.2688898648385087
1.0295999142843026
-1.8277836997301951
0.0823932835580660
-1.5081992589865441
-0.6830099137090795
-1.2532049844744815
-0.7200461757903188
-0.1315649939603927
-0.0728689549092951
-0.5993687936845081
0.0908699988284044
0.6447239701999168
-0.2333769538581664
0.5175742088202444
-0.7448516926041218
0.4018761811356469
-0.7334092772704390
1.1610683374567823
-0.2437038659134302
0.4816382121583425
0.7895286782866161
0.9449747935076245
2.0575848442635420
1.5784513854886406
-0.6989772068080724
-0.5829430768627037
0.7876679075723773
0.6187128416076276
-0.1115059259983361
-0.1363142602201818
1.7385206627655614
-0.4691323941822665
-0.8230786801355801
-0.8940752469601843
0.4653230083855914
-1.1523735116969216
-0.9285986858897927
-0.3983336067483972
0.1278003923339673
-0.1310265312151449
0.1214697476565834
-1.0184888736648816
1.3539026638813481
-0.2415467518578143
-0.2079025819108775
0.7278648920422269
0.9358383160112734
0.6117290987933121
0.3815774810418598
-1.8481824733074099
0.2702027569367867
-1.1694658136630456
1.0284261565895401
-0.4899549864891097
-2.0442127485438082
-2.1785179081610773
0.0787377425270665
-1.0731152493862675
-0.6230894143592746
0.5900692867576248
0.8246495906351090
-0.2872246516054480
0.5203556896545118
0.0074124157413803
-2.3703793129067958
0.6521372938676774
-1.5297122802111596
0.6367832704488167
-0.0945852917641561
-1.9379178514465016
-0.1191036047362717
1.2119207126003397
0.4233190800868910
0.1583922636551740
0.3688171571849099
1.6127445180221496
0.3925065748346129
-0.0245635193865942
-1.2031040661170918
-1.8214391820423885
1.3279794150383180
-1.3761436206610245
1.6545438358714151
0.2993055161485523
1.7041278702888463
-0.7239666119176771
-1.9795483367139859
-1.3509218263046232
1.3075842414375445
-0.8034111432203700
0.0311756830411008
0.3333586948844427
1.0985335233870750
0.3619991523567211
-0.0116619117314524
-0.1824695728252792
0.8698780896413481
1.5442543941610605
0.7786513030503942
0.4392803686646204
0.6180543638921696
0.1572682029516750
0.8345473555026931
0.5220087857679553
0.0873776119271355
0.0935620114197352
0.9531914252151674
0.5872258054065569
-1.1092075183426098
0.5617316714320737
0.9025849354012592
0.9531565173008740
-1.5340890396537279
0.0387827646256216
1.2313061368673637
-0.2720918367648618
0.0451405384618228
-0.4288789732774399
-0.5185921012383712
0.3791322070636088
-1.8570548799265285
0.0629590244053533
-1.6482123713981192
1.2439740542673963
-0.3902899269875766
0.3838655661743982
0.7483991685403949
1.2155195749231695
1.0310859720886378
0.3000943692019867
-1.0151629746348252
0.8698859630207024
-0.7187694249836484
0.9476201131089514
-1.4742694164089507
-0.7495787169309647
-0.4983514821010029
-1.3339381605360716
-0.3747587935049758
-0.6948862371669486
0.3489054366012840
0.2825248114304448
-2.0552742467804594
-0.1426384908515459
-0.7348564417474003
1.8803661803263778
-0.1707826109597642
-0.6890812292969862
1.0600740422697641
0.5110284629085424
0.5022123057297394
-0.5376599994119367
-0.1250383830127907
1.0040662155756932
0.9795678495696101
-0.0789272804072449
0.3389730010815610
0.6675391305810768
1.5025970783712339
-0.7113265387254507
0.4856279892503384
-0.9214502246303398
-0.0361680356519870
3.4169224440773478
-0.2777176301878755
-1.5079650750386977
0.3557953923346929
1.2270025719956985
-0.2078856961132879
-0.4322458370630194
-1.8141448090945533
-0.1204202764249875
0.2294656143175409
-0.3773587731695294
0.9295784226397171
1.6157304417792511
-1.5045768625326981
0.3285738970005470
0.1332639076399577
2.4378871040808834
-1.0706575073968361
-2.9619106230245413
0.5977035840869090
0.0230814539755402
-1.1465686891244582
1.0274928685362146
3.3873314918549684
1.2378030371504016
-0.3446277364087380
1.4158141064653527
-2.7601651275688868
0.1350943766210403
-1.0798791566487016
-1.4652264905532293
-0.4002649526686332
-0.7250541756427312
-0.1108619152840100
0.5305103241447658
0.6431910827150717
1.2177480702593269
0.7323804387747521
0.4880154664915613
0.0275393474588420
-0.1196746263158558
-0.0521719422627201
-0.1233919645763373
1.3255436358006758
0.0403036951974104
-0.1372862226152401
-0.0226365774718369
-0.3551284318977946
-0.2428640497209870
1.5550720376258091
1.2187905779035690
-1.3504776294301288
-0.2411680105898706
0.1171596580438141
1.1147934939889432
-0.0495120045274720
0.1297255068150961
-1.5104287493749475
-0.8939060239209967
1.7047960819545174
-0.4116953724722038
0.7573822638661134
-1.5216331790675066
-1.2066919150726305
-0.3858153077715938
3.1669879996302241
0.1589365253315644
0.2474991618246864
1.8809726621995657
0.2551698650367538
2.0593890080980199
-0.7316153761245803
1.3151519705090622
-0.1908972264997381
-0.0926779325623195
-0.4073103924235541
0.4715921850654328
1.0327201010119615
0.8538528385870999
1.8585818373215990
0.5308751856855083
0.3425089811634058
0.9051414504094425
-0.2944736772861486
-0.2749851748997594
-0.3226533065927435
-1.6718319266393935
-0.8969473143896013
-0.0990484507702957
1.3434411911270645
0.4556737538454959
-1.6495086135202772
0.1506355842110066
0.1571931137490633
1.3880100081500382
-0.5709850034783195
0.1036110363818276
0.9110303751580360
0.7553587847561667
-0.4130724018522455
-0.1109790569186989
0.4457602612487221
-0.0292292576374984
-0.9098114155523314
-0.6793522877178401
0.4515435920982082
-0.8336176515143017
-0.4520733093377958
1.2636504736310628
2.5837862486874319
0.6194570001057444
0.5896337666783951
0.3022622491370439
-0.3030955879073470
0.2101581837840518
1.4339209017268781
0.4522327797450141
-0.5084258632800714
1.9749501525093707
-1.6934734063190684
1.8562946217467742
1.2192269302132408
-0.3687832373743206
2.3329177221677058
-1.3874203791739110
-0.0987893529030505
-1.8903417313704496
0.0706797486077266
1.1068273598235028
-0.0524577350488072
-0.4397970406676834
-0.4971037402309099
-0.2603623663433117
1.0934337330348436
0.1569808980614635
-1.8076772417520175
-0.7627064289023051
-0.3380475325539304
-0.4696476025126592
-1.1132393956472144
2.0035062433114725
1.3598865929460322
-1.1403889871774733
1.4486823908992936
0.2716146459273860
-1.3909965432994955
0.3929856122501797
0.7522436260189808
-0.4820100446111255
-1.5295531189952691
-0.4104615178242894
1.4369348316485835
1.3724278415621531
-1.5437708570811646
-0.4461934406377992
-0.9550999891419895
-1.1398706230144844
-0.2579641093847362
-0.4144977058151752
-0.7789044522003846
-0.9294754934724209
0.3929066956115358
1.7912941424391278
-0.4891017328850194
0.0096289960794897
1.1306488338847753
-0.1008585547259997
-1.0879020151102756
-0.5953568039040215
0.1055172860505134
-0.0800356389523753
1.0464497242628918
0.2567770079294465
1.4325425764942743
0.1571452503766030
1.9086416922199634
1.5871633963470335
1.1793100017017530
-0.6229631045857286
0.4430583590120818
-1.1302409575676258
0.9086718988554554
-1.6466904380144571
0.4575405546598363
0.4048822462512914
-0.0383834932031114
-0.1644385271449734
-0.4222831555830844
0.6344645882861080
-0.8658709665478357
-0.6960153935142304
-0.6590015628744348
-1.1906439464337288
1.2824510114916925
0.0761375176820969
0.0989734768555381
0.7186707196044791
-0.5154913657635507
2.4654165747871746
-0.0996521824382588
-1.4207229243525479
1.6847234210064961
-1.2922129903686763
0.2191544322517675
-0.8342808349890706
0.9127038141371850
0.6460550712632624
1.6996896292112489
-0.7283619968863320
-0.0130882862393464
1.2521059411144788
-0.4831421954393338
-0.3270399614717831
-0.2060389263855543
-0.1605619547590430
-1.5491834934656643
0.8690555703675255
1.2939297605305320
-2.5757046828117005
0.7506767160442077
-0.3129609396769181
-1.5755111394059780
1.2963459771382237
1.3834750171722139
-0.3706195139066008
-0.6842078026669048
0.9036842816805094
-2.2664591767716242
0.5635910120483123
-0.9556591730538728
0.0592995397505319
1.2129425635489128
-1.8930425669112874
0.6778121060881865
-0.4168074908962665
1.7597728239897537
-1.6783122778352004
-0.4906130285508148
-0.6911843559721929
0.6670377254764085
-0.1063915501030052
-0.3814071531867788
2.2465577250004096
0.4670664802487119
2.1171011456795665
-0.5672661656058973
0.2379462952831581
-0.5107097103133680
-0.8769443923255743
0.9552157884207990
-0.4020702017976138
-1.3088413916462971
0.7625663143491539
0.4286023973740948
0.5768912519966726
-0.6443171770475388
-0.8411104757726400
-0.4494338532574599
0.9238659948891430
0.6640924975751239
0.1785644566367720
0.6932865029799520
1.1402510877054293
0.0534547614418646
-0.4965543417924577
0.9078809022919051
1.1419508643305523
0.5271810917271245
-0.7050703175051107
0.3970965632659686
1.0978177283871826
0.9803934892002462
0.6378563042843726
-1.1449925961142029
-0.0317803592854277
-0.0716950038814134
-1.0119605349419052
1.2424189708016458
-2.0050563827574366
-0.3571006343869756
-1.5763136519407812
0.3418004480568584
-0.2943874881277702
0.9958226497283278
-0.8971914168718311
0.7090888360252117
-0.8153557514193749
-0.3507654297016554
-2.2841286671134262
-1.0156679192352274
-0.1355292388426431
-0.5255624110054451
-0.0823436009045091
-1.2711084941816286
0.0160830915702359
0.8007391273559867
0.7402562979096106
-0.2389842502323706
-1.9916736090790297
1.3146326418258552
0.0438815063307867
-1.6414976740730558
0.7271035297000005
-0.9795550706884607
-0.2883923895999099
0.2852346601803187
1.9916402321263516
1.0761144929363369
0.1256305523955223
-1.1263028966591870
0.7283626792901007
-1.4773221424159495
-0.9417196931804629
-2.5001403481744440
-0.8176087498009892
0.8991335236613099
0.9227253855363147
0.5345363822782264
-0.2692968727623830
1.0178693816334095
0.4322271115450615
-0.7153135639448620
1.7871844170077871
-0.4114511105021443
1.5265824519890607
-0.1001076124200151
-0.3390673641403512
-2.2209301000843502
-0.0264937181344345
1.2755633663450863
2.1323832439751871
0.1910592782368628
0.5705701487937670
-0.7661560024770924
-0.0695467904962813
-0.8292052112740959
0.1617601396364380
-1.3023805174551404
0.8071355863285101
0.8659003331533449
-0.2185458458940631
-1.4165006123138819
-0.8818390865900149
0.9837879742035082
-0.8599121466196825
-0.1403047346179439
-1.0350585775108814
0.7031923302031282
2.2289642359935051
2.0247126375812567
-0.2312519024203617
0.7910639029187079
-2.2653086404480067
-0.0680481531704116
-0.2043718029563647
-1.6354971939165417
0.7900086298758275
0.0621364301273008
0.7488138187125880
-0.8020204004184148
-0.5440203385056186
0.2187348490486865
-0.1032331750294535
0.1112552810593229
-0.3349236104808688
-1.2465804863582473
-0.0240658611762997
0.1662055430733283
1.1059889911667040
-0.2067274412401557
-1.4051426172268771
0.0405044796027929
-0.8683982338814327
-1.4538525646980724
-0.4788065393129859
1.4632994262460657
0.9181823372375466
0.2230254776348400
-0.1689692188003114
0.7304498398658485
-0.9656263947884199
-0.9383931613852274
-0.9860931676369725
-0.5027622291341854
1.5194690812667679
-0.6049537544226483
0.9668727862554904
0.3750934300819266
0.2487532618557382
-0.5051850436378623
-0.4799704250412608
0.3945609942635845
1.0960165879106063
0.5566658007207663
1.2463119695442273
-0.7816193909958385
-1.0225858111106720
-0.8260003280095276
0.1350516401382573
0.0107862125181854
0.7440517441460337
0.5964758033572681
0.6844467043321183
0.9825009187131265
0.1516538139461130
0.0837034118367241
1.1300739300303653
0.2440299284386399
-2.2972332072671171
-1.4480749667689277
0.0956483610947721
1.6301432218142773
-1.2146975661792252
0.0911395038718714
0.7632688912888314
0.8560713871782003
-1.1358369499328402
-0.5619362621795404
0.5167607002293720
-0.0793658254257560
0.6260642324733373
-1.5906644322423660
-1.0570951342628121
2.0122769668881992
0.8462932197758837
0.1012078011544574
1.6193682246117596
-0.1021972906069932
0.0914121471213765
-1.9097566639564372
-0.9469736748746754
1.5230664696246718
-1.1454733631745768
-1.3512502214100777
-1.6540161972406531
-0.7108781725448802
-1.1794459259631671
0.9415776992758129
0.9833409594815092
-0.9054995607865605
0.2098501098718857
-1.0776993217020576
0.1351765557539923
-1.2971294534307705
-0.6144141614110308
-0.7319980237620725
-0.6052505864626937
-1.5844521429071117
0.8233571378842017
-1.1853743457322823
1.1826311667163723
1.7500536334837444
-0.6900694275321024
0.0339053942497087
-0.4217569868953447
-0.3938491613676156
0.4136505872158330
-1.1584913266031356
0.2420473966293781
-1.1049178996751059
-1.3356913463696478
-0.7166063874895299
-0.7957126192587914
-1.2733232272609580
-0.9743090576340476
-1.3112837195665703
-0.7232527514512536
0.2876891471541384
-0.2191314014145202
-1.6262285141135047
0.7239691516271171
-0.8350841468491754
0.4084881501291660
-0.4997468059197854
-0.9218860933046189
-0.0375263810099584
0.1999726941967312
-0.7215079181650284
-1.9179522427442395
1.5132846551485903
-0.1520689740805994
-0.2105729711403722
0.7434816058474527
1.7746060078384971
0.8915831397737876
1.6670414745388344
-0.2156968094960115
0.7651267166456476
-0.0282590985678996
-0.3844434808769370
1.4822689107360461
-0.5154986906976998
-0.2072385656700361
-2.3708052395165842
-0.7869629629689316
-1.7658515980247365
0.8423141835223001
1.1972089214689017
-0.3311189267698782
-0.6268164951798726
0.9590430856494195
-0.7384327201102003
-1.5419978275141821
-0.1788328961729087
1.4949278031572710
-2.0198859944336434
-0.6851207460022953
-0.7427861861072583
0.8092865988724725
1.4682847063738973
-1.1464240644607886
-1.0078079182606321
-0.3004363110626792
-1.3168047241597713
0.3651245186664667
-0.4605131414811975
0.5064573937576454
1.3572968973735717
-1.0601606034886888
-2.2073758711830256
-0.0326297428926819
-0.1336387343351788
-0.3612940285054324
0.8453316530506509
-0.9279087895669468
-1.4044551627737840
0.0384225441182338
-2.7103673975005362
-0.3984828224763895
0.0392242108984541
-0.1373239520709828
-0.4120701509871910
1.8848346255833104
-0.7991340729141111
1.7909040938844432
0.6462520167701019
-1.8983861670727162
-0.3138329606801437
0.1194147672768661
0.7665806315532515
1.3645459436962679
1.5628912736043934
-0.3831981110847966
-0.2346314548780614
1.8275168895108080
1.3534144325922657
-1.0778947416159381
-0.4537901472560054
1.1918283452075868
-0.5691279163248812
-0.9722425744547109
-0.6235901384395071
-0.0810886955103132
0.3446735397386715
2.1484901588179959
0.3208829817927836
-0.5597332357227607
-0.0261455229972599
0.3987820503630076
-0.1686113730058601
2.2988024465461709
-0.5834610166638142
0.3937900313431508
0.7697445205657751
-1.6145556157006187
-0.5941956044056764
1.1610271058939245
2.2855694162286491
0.0936301352524811
-0.5019889617804376
-1.5884466675481321
-0.0604569921890687
-0.3055457562621595
-0.2703781962223731
0.3052854723564231
-1.7594247875226618
0.0991012010438537
0.0367677904327446
0.5189681539727588
-0.9919548776686735
-0.0976226063147574
-0.1188751995398981
-0.7787740998854210
1.2235807595791277
2.1330918875468288
-0.9883090054074076
1.4106002672838267
0.4483538467502026
0.5027194314706709
0.9521265562190480
1.0175122407861508
1.4940979881811827
2.2535782210161037
-0.4646630656470148
-2.0661598182641630
-1.2118885803282089
-1.1323799770914307
-1.3441678400276789
-0.4188771422167531
0.3803461739622823
-0.5475860159950168
0.3672394694657329
0.1574345622533399
-0.6862315097491719
-1.5121394640306909
-2.0103032302416062
-1.0165917762403347
0.2511504283757037
0.5111586733529775
2.3192411431693523
-0.1078182756694245
0.1699610640655890
-0.1814396365773020
-0.2558559519305056
-0.5157915981533049
0.1072065979798494
-0.3148993408324738
0.3003440786564819
-0.4382985476570763
-1.2367176767988308
-0.1048127184497623
0.5295543519693828
-0.8329166293774296
1.3752224987253723
1.7658525859810830
1.0483934833560462
0.4301770635939208
-0.1255289376580163
-0.9917603860459246
0.7142673799679511
-1.0666278943191965
2.7044325503654005
-0.2436947589769762
-0.4884592215362548
0.4970509175408059
-0.6667367054366700
-0.3516491556331104
0.4906435371048429
0.5114915650959547
-1.7708674113587759
-0.2771988527488273
1.3953983223024373
-1.0653923730695138
-0.4268663575088641
0.4119008937384659
-0.6382344201732866
0.1692962107733275
0.6834215951787738
-0.6446742205695901
0.2004103516213445
-2.4082336136665972
0.4169268012239514
0.5942009083258953
1.2754806029661829
-1.0385966589682507
-0.1864946118559161
0.4662288413918644
-0.4686333886824458
-1.4616979708108042
-0.9654919039297472
0.1746457259627973
-0.1607763488070841
-0.0537037249019761
-0.5137035190359976
-2.6809389538489659
-0.4211154899994112
0.3980469303849289
-1.0218259719598675
-0.7491658999109821
-0.5023446893417015
-0.6201087186929782
-0.7617920544082851
-0.3229367910078742
-1.5259979621161148
0.1787753440464027
-0.6314752880657468
0.9395805271175943
-1.2877147840236061
1.4974450114689843
0.0133405672516594
-0.7018054025086773
1.4320750780326350
1.8077035999198556
-0.3678866930952274
-0.8629501350534582
-0.1476213997699302
2.6558562345399253
0.0011357436869635
0.3103630832111381
-0.5619858341060752
-0.0935466532311916
1.5035541542499755
-0.4862468058021921
-0.9080597135608887
-1.3593944799223390
-1.5180908027402960
0.2911062561245334
-0.1917535483974595
0.0186314954099281
-0.5586011631082682
-0.1897960341805638
-1.0814962617648125
-0.2742090324971302
-0.9596833964659280
0.1786415783250646
-1.0675960208792028
0.8037156136445934
-0.0808769062892236
-0.1502298950765137
1.5390212031014507
0.8012929063506897
0.1933160166530901
2.0316623198458643
-2.1416785606500546
-0.7874648326974023
1.8328157944991164
0.0241424317292264
0.8943683631897119
-0.2212619378149724
0.8053803927422244
-0.7618716269625482
-1.0260262779966824
0.6047711159738988
-2.4115243977630598
-0.2255031244231078
-1.6433685782261198
0.2001502347131262
-0.4779985460874644
-0.1650466977590254
-0.0902290343881635
0.7045709692323864
1.1531860478190661
-0.0747124286142090
0.0979868099068351
0.0820747341926934
0.0251895416338348
0.1636059493281598
-0.2224481348047909
-0.6796029998628312
-0.9976619677723435
-1.4618996655695204
0.3407608325256464
-0.5199768570809846
1.0869342814369702
-0.0827211114717800
0.6753342755145630
0.6595123586314229
-0.9368245381820272
-0.6732399033983065
-0.3247082128907962
-1.0552810468835130
0.3726285663776855
2.1037252124098482
0.7157553245075625
0.7300612978367460
-0.0414306238567305
-0.5034843072767479
-0.4133816799753747
-2.3122815847457652
-0.4449288634687251
0.9923442445237557
0.2092210048700139
2.1067213886445977
0.3343807010861545
0.7023690469693677
0.0296275381458672
-0.5171643985672186
-0.5449597106123660
-0.7048453460260434
0.7619944210697811
0.5998153022387108
-0.4466314817284381
-0.3450256380437143
1.4687089778375817
-0.5330801541528939
-0.3215509245255149
-0.1281307054108789
-2.6082429168425665
-1.7061651704838519
-0.3151484893235912
-1.3965209208790565
0.3521997504575927
-0.9017169172933588
0.9920087102251549
0.5393241297704174
0.4483013589588281
0.8529001749628382
-1.0322181201530798
1.0528806430638256
0.7754279055725178
0.4178277568425479
1.1116121174625100
-1.9169261517522287
0.7274198462466536
2.6978863192586968
-1.2625205900152117
-0.8684595523561831
-0.4791970068505442
-0.2826092396468840
-1.1300237532344117
-0.0464537188644265
2.6118127776706173
0.9620387878166200
-1.6280365407451134
-0.0704557984655002
1.0378532349990941
-0.7485729080941460
-0.4422608783357701
0.7333382693624956
-2.0615654536851915
-0.6278788614463633
0.1426126612504419
1.0803856036626363
-0.3740025982383721
-1.8142607310499261
-0.2130784719717112
-1.1236274735081546
0.0262979840742311
-0.8772520820795070
-1.0647012003055081
1.5611901967449908
-0.8843251729883906
0.8726598866925059
-0.2212543813849283
-0.0607196408896391
-0.7998450026550766
0.0186771364357182
-0.0775291546599373
0.2551765123939320
1.1135523156541189
-0.2528038134972891
-1.5194231179347428
-0.0585668268146627
0.8936181306778936
-0.7927435817709644
0.1094438831615915
1.3421224040171968
-0.0933692636991846
-2.1816340445654085
0.5347462390175827
2.0693677276774172
-0.1050645655037046
0.0898807266563808
-0.8753369564600604
0.4074527629053100
-0.7021656859745395
-0.5570777891320552
1.0991313783936665
0.4028508567401550
-0.2404232808036237
1.6689664557771513
1.8865036764710212
-0.9718630675256016
0.1736980648634909
1.3819557717808295
-0.2473678564268852
1.2554824044567594
1.7395968225924139
0.4072572686450609
1.1512307817103653
0.9726458825750872
0.5262711704796110
0.5518720676600942
-0.4153279048990375
0.0110728898411407
0.5450744050030806
0.4295000888590593
-0.3884411714565101
-0.4138199963012417
-0.8836547864696045
-0.9156516068156596
-1.5572154580947377
0.4198091768826993
0.8697013269646404
1.2914886282907181
1.0563079543345795
0.4721915830938592
-0.3475237274094806
-0.5488904299480903
-0.1201745141041871
0.2970804901882055
0.2747655700750883
1.0722474562092232
-0.1309757266397444
0.1307357831628261
-0.9167171931190998
0.7739159549508740
0.5319040848599640
1.1123179069916516
-1.0622817754939067
1.1130752406585871
-1.3222375215658395
-0.2726885463324153
0.2059582400884509
-1.1664328999035991
-0.9011950637553213
2.9381298240254186
0.2299143370760334
0.4477386266428268
1.2104029547871817
0.5656875037261972
-0.7787386576599153
-0.7832133276414968
-0.4087582265260330
-1.0710159230308638
0.7728571545029104
0.1991549453450492
0.2442985296769591
-0.1784412846394099
-2.0533576998096978
0.2379438672497932
-0.4706928184141652
0.7658662069792762
1.2646124872809807
-0.0113735009509455
-1.0136193070617365
1.4798938070556091
-1.1008928804684213
-1.0246997411102179
-0.2953354914520526
-0.3736040840847639
-0.3403140697153133
-0.8573596481220809
1.4123779135869561
-1.1830857140800504
-1.5747710775432906
-0.2939636463297006
-1.1380487256595078
0.2783987156886892
-2.3150471814949878
-2.1212131327293813
0.4423672894070657
-1.5805999189480764
0.5245058754417190
-0.9996616234075774
0.6846032356980676
-0.2692315822234917
0.0679711348249995
0.5577117512175961
0.9954227882759118
0.0260908509125352
-0.6240546597749096
-0.1997296535700547
-0.3124228012600153
0.8144252140254239
-0.1509718515535478
-0.5252092035831284
-0.2598915555934208
-0.2617185324579147
1.1149433302428582
1.2342100412237107
-0.8334402064609683
-0.3738384651777643
0.9432145072738651
-0.1160410454532903
-0.3114401727239801
-0.3273603502333244
-0.6082805260112031
-0.9458956768060655
0.5631544854226657
-0.8467538808030103
1.2354898075953378
-1.6940012484703026
1.8217173655930827
0.7856088596619587
1.6147065100064073
2.8104564650935671
0.0624183974496076
-1.2014367406010584
-0.6112055164476795
-0.5686013387887809
0.4880868475948164
1.2460205119075889
0.5485584767178915
-0.4854659802931942
1.7541105581930019
-1.6869799390936402
-0.6314625986151705
1.0073992523693327
0.0020628413521856
0.1059921885433089
-1.2487610802654718
0.9585119086807751
0.4303468457639258
-1.3188557069602076
-0.4444301375459521
0.7291130976477990
-0.3955206708242363
-0.2653077964953223
1.1126131494685216
-1.3157609088107982
1.5340107724509926
0.9474086918888559
0.9722696998544487
0.2294553074633774
0.1491923764971721
0.6159763330666540
-0.1098311293832572
0.9836334154807360
0.0959298888190271
-0.2656823273681623
-0.6123576004659393
-0.3830769775213094
-1.4308989064733375
-0.3655593463987012
1.5364601414845480
-0.0241604730227678
0.8167740039107000
-0.3848268559808649
-1.0827894671542952
-0.0573097342514766
-2.1124623991051550
0.0527366734977803
-0.0803637301032466
-1.3760374063011604
0.6702339804722951
-0.0690501101829257
0.7442867057002216
0.2463702310755594
0.6637561480871633
-0.2228598401462423
0.2413003351354567
-0.0242351733306387
-0.2580188342271968
0.4781205739031318
0.9895563201007094
1.2258679696306007
-0.4826223944992202
1.2956407394954761
0.9835930084777703
0.2522321710059043
0.5958679088385640
-0.4675355196605732
1.9859507426126977
-1.4816735555071916
-0.8590279632396161
1.7910401888741136
0.5469320575275496
-1.8207313425549048
-1.0443967115056649
-1.6959742930679991
1.3287184360512951
-1.6184472275959356
-0.1898956350460170
-0.5175038413713705
-1.3136489218387588
1.1013637491262478
0.0011317781685658
-0.4293189133069479
0.2647167833073062
-0.4330800686332098
1.0390318557351748
-1.5227823379733765
-0.4173927435900874
-0.1808212438492693
-0.8054251699264088
-0.9701504004664103
0.0840632588730003
1.2191510647089057
0.1334883246000041
0.8493071622753086
0.2342616174312683
0.7133762697393985
-0.2731007410640873
1.8132673703147524
-0.0635770796188540
-1.3706961265716224
-0.6754445404685712
0.9301508148767799
1.9343508784942647
-0.3155774098451232
-0.4470645623531943
0.4092408655552110
1.5090546339368431
0.6003020423858449
-0.5049080477315407
-0.2270098321592063
0.9922573632297200
-0.3680870909955873
-0.3517156006535753
0.7863812004187154
0.2999802276686078
-0.0905086208826578
0.9026705592531956
0.9448153724535676
0.3325815560179479
-0.4524034233053850
1.1343713421396435
2.0779562451985485
-0.0919808830239258
0.6736313037998665
0.4370351851422566
0.5146799882848452
0.5930977856839603
2.5494880817135952
-1.3835015541464095
-0.5520524813142829
-0.9840397800337043
0.6732840315805660
0.7403955651680468
-0.2345376378234650
-1.2959189051420545
-0.4629392129408633
-0.5838054305168566
0.2270212539167935
0.8669138183994728
-0.3433722492469080
-0.4602741676893671
0.4097920176894012
-1.7042505110821882
-1.1754896696239863
-2.2752007467377862
1.0957043174845060
0.2391876951166807
0.0505273729078058
-1.2166198378139985
0.0627751967722527
-1.3160580455465374
-0.2806744781277023
1.5382254371492385
-0.6188067984166701
-1.0211271482143509
0.2618407708841328
0.1938224298746212
-0.6101213444632819
1.5248975367237545
0.2802896183425695
-0.2598239176959063
1.6069200312562706
-0.1880959352634353
-1.0003960927425390
-1.2887251183403092
-1.8498551320411794
-0.6058849516334071
0.4727300871222915
-0.4817645179946158
-0.5027686944954516
-0.5119278250143313
-0.5705458860025984
0.9870623211106950
-0.4646475179947435
0.0206167755699247
1.0067463882941050
-0.0944526523040186
-0.0421520317181948
-1.4175695385785683
-0.0803216172572568
-0.7624037266737658
0.0666989080740010
0.6201271994708841
-0.4782470301558683
1.4978010978739837
1.3150628521514185
-0.2916184863263000
0.1218450325277385
-0.3763099766934332
-1.6037876905421371
0.0498457943005523
0.0752387833199286
0.9473230421373200
-0.4344928564890454
2.6435071770996523
1.3297279438909508
0.3593996061493647
0.4089273394546161
-0.6325752601301867
0.7511924967847798
0.0869898237584618
0.6773281057278140
0.5792968444018440
-0.3158051799024879
-0.3277993459873775
-0.4368059620865392
-0.2881673859787444
0.3569861540071882
1.8896800890019041
0.1499085024958107
-1.2566359139852539
-0.4422230253276731
0.7156074206539144
0.0004178002421967
0.0593334460342534
-1.3977513548982572
0.2909160607238739
0.7527341647072127
-0.1537686768967222
-0.7844990649362465
0.6018153348183842
-0.4702641836868523
0.0557660006532836
-0.5113795848476590
-0.2149121093777265
-1.0111009426188482
-0.5754340666179635
-0.1001883394412659
-0.6762609744426576
-0.9191264911955401
1.2442625835556056
-1.3003755591678829
0.3511528567686680
0.2946045635758420
-0.8108997743104166
0.7139955050009158
-1.3430868297654162
0.6658588623987381
-0.1825327525710543
-0.2189056934786620
-0.8921114278102581
-0.6658530188574119
0.0075259010120580
0.0003568098485351
1.1009620006687451
0.5855094171763434
0.0713704057885856
-2.2451313972007294
-1.3657115787626413
1.8020304953437121
0.6289468225739506
0.7468178100638238
1.1797735238008142
0.2177601561289338
-1.6403927818083783
-1.0529043594424323
-0.9277058186577991
0.9513956691685930
1.0923351819748921
-2.0427835902497780
-0.4852305795135122
0.8277702318964834
-0.3152839569586072
0.1022295948521312
0.3391739314926580
-0.3717718002840774
-0.9488286180356134
-0.5436783208803853
0.2257987622065653
0.4489750290308542
-2.4952114958732690
-0.3626119241885439
-0.6957060690728687
-0.1802136570609565
-0.0914975236723473
0.7721736049996827
-1.0732124425676934
0.6027855966180354
2.2916946803739067
-0.2669022168275973
-1.4919529455087568
-0.4758202958336341
-0.7338373253670196
1.1433250509247830
-2.5181445362718820
0.7405725774605297
1.8492514767748325
0.6396756153532300
1.5436710809784444
-0.5334836379417229
-1.8603968158295288
0.0648427190913505
-0.6267689338063213
0.3507118717385618
-0.5806050589975607
-0.8882798781610430
0.5104539376098217
1.8942540655463043
0.2281750880204727
0.2116322683848291
-2.1468338364510871
0.2923643065014275
1.0493493378972707
0.6129321533547186
-0.3423348430789747
1.5660387235268272
0.4121876691301277
-1.1527912357692931
-1.3552103611471045
-0.1726306426490343
-2.6838507011499595
-0.1054683733658521
-0.5169897812744392
-0.0736634577897955
0.0926534372280205
0.5052085287046274
-0.3136493033837366
1.5713013610202107
0.0952953027975628
0.5434795422433625
0.2976668490406241
-0.0389065785830262
0.6163341702518775
0.0141290557622152
1.8189892775432983
0.2890201583925677
1.0483589214436693
0.0655950348597632
-0.2480094631203168
2.1405189989367392
0.2534608794817738
0.6040365761017904
-0.6014109945402553
-0.6890547210774710
-1.4524228750204178
0.9301035512152356
-0.3210514634792163
0.4688379115255745
-1.5188952955468766
0.6130516916790760
1.2763487857464377
0.5229770442450516
0.4630966276229984
1.8860324657384508
0.5344548475921441
-1.4120349080378836
-0.3525284127899462
2.1901071442989757
-2.5061729868083118
-0.5007797291305626
-1.8109209554023058
0.8307384553567704
-0.0243091979555969
0.3187118782504693
-0.2787323305254619
0.6532903499460467
0.0201327612011182
-1.7860524768518036
1.7544439836600976
-1.0666726621808444
0.4264663244214302
-0.5768520597087480
0.2863490447396195
-1.3082580125060754
-0.3112774861204762
1.1571433510081148
-1.5342391390873389
-0.7059501212535705
2.5585149797183919
0.0517560706716337
-1.9271087748365656
1.1823583304290191
-0.4478488911437408
0.0157695159615570
1.0525091516621834
-0.1649364847489768
-1.9199003535664187
-1.4305151123733499
1.0637758094739154
0.5320394487171582
-0.0207924407131743
0.7251906803338578
0.9471091375671752
-1.0306017906400751
1.6576635686664611
-0.4675295610889194
-0.4553634146655282
-0.7865780361510216
0.3909388751383116
-0.0272724313341427
-0.9305244676759935
0.1468245879079343
-0.7842921226675817
0.3461066594689125
0.5223306028525475
-0.5703888980693607
0.0871947146885150
0.0252638014584624
0.7867076370807001
1.0761517488309447
1.1050042592870952
-2.0829521374220490
0.5184589361962666
1.4841311401531443
-1.2246868109271825
-0.7496926351280753
-0.3433558054009056
1.3458006187478526
0.6554608193809098
0.9997011267080022
-0.9514775317474378
0.9888972602486341
1.5305663267758105
-1.6043348123847521
0.5628285189336898
-0.0675284780622461
-1.0777733162273029
0.3058983492438134
0.3848256934075582
0.3315381841839461
-0.5717108127435961
1.5498383875429511
-0.5197536566915469
-0.8291245153489326
0.1359625177650789
0.8628187286179175
0.1560266376609876
-0.4931953529701624
0.7802391087066136
-1.0448999578976743
0.8415746796038122
1.6013652819716548
0.5594850399602378
0.5411858833744748
0.4362644109975822
0.8301347093325068
1.2041649396242444
-0.5014052071006757
-0.1299306810757449
-1.1753924052719498
-1.2384946749974584
1.2512160704580424
0.5365954254933778
1.5315190616381618
-0.7724933200447868
-1.0301797158355845
-1.1068393409253732
0.9021555373984222
-0.2888638898560307
0.0759147119139846
0.5405641721310084
0.8994996306651816
0.3123947266226889
-0.9404986394633379
1.5993248248251575
2.6440841400612611
0.8231276960153401
0.2642272357697804
0.2271223586204891
1.9589451991022364
0.3817538005247108
-0.2904564067966316
0.2904317152445065
0.5493919398716480
-0.4934073491154085
-2.0555641424292452
0.1424953758585594
-0.0990278254865403
1.1406959104779699
1.0369943722080524
0.8194617673471888
-0.4444071824584462
0.2190906050815369
-0.9462485522500115
-1.2404566616581387
-1.1564682936694437
-0.4766964912434349
1.4464427756664406
-0.0627739539023154
-0.8272694821586257
-0.3012432928829444
-0.6672460984161681
-0.3994551595946031
0.8359200488113113
-1.6394480222398902
0.1520748757158836
0.0516590088456520
0.6250006699964977
-0.4069947275937688
-0.5570820199515478
0.6722772830650720
0.1440286476982517
-0.1746719995293605
-1.1415951611729478
-1.2460355608626916
0.0513507290538447
-1.0705740860200796
1.1983147544352690
-0.0648508259267966
-0.6189403735011070
0.6955266327207382
1.1191474233698777
1.4673025292237387
1.9733621659755332
0.6687348874733261
1.3261125649676155
-0.4743849808232383
0.0171445806448765
-0.4594950226365701
1.2851704506996176
0.3995378812059083
0.8027727837092409
0.1400765791842921
0.6977358150715780
-0.3318546523123228
-0.3626024264197878
1.4824260132754150
-1.3912535440581995
-0.3709437160293391
0.9332601918274763
0.7302583347894682
2.0926717773818551
0.7617914373000469
-0.7227357266019293
-0.5732036040860125
0.6752093381692325
-0.0181584722091757
0.6756461804922657
1.0458804466778389
-1.8676681448651145
-1.2005751559496491
0.4657907647373397
-0.8650700752984573
-0.6471284677443643
1.5116412438719573
1.6324946062698495
-0.5117394699399280
0.2247104015727620
-0.1950149084674420
1.6941586449789514
0.2744437115965160
0.0056053464576463
-1.1461535271569050
-0.8879349596904753
-0.5895449060440751
-2.0335842347313728
0.6522056923213115
-0.7067170255404744
-1.0559739337273646
-0.3725402507914926
1.4563862834707000
-1.3144608553713895
-1.2487062638790807
1.7323910650635868
-0.1333134657399498
1.2329745297123020
0.3476512401853042
0.9418642232661321
0.8534785817437343
0.8345808948184628
-0.0270472179195102
-1.4507120393019191
-0.1299785446028528
-1.5693808315113909
0.5910480611101444
-0.5632029496153613
-0.3356087297116037
-0.7659798673996600
0.2730525085674703
-0.1342792679876602
-0.4394688758080124
0.4016403858164531
0.0532645360544801
-1.3387306701581081
-0.1250026520872614
-1.0340040534443924
0.6499124720808278
-1.4854944095491835
0.3231519681040401
-0.5658361810045822
1.0743557098066894
-1.6166744976566925
-1.3595312750733797
0.1025983971288578
0.7852196466923459
0.6396985912855108
0.6009480089112954
-1.0377529274859527
-1.2110987867756156
-0.2964052450937593
-0.4135334793943397
-0.2081440432446052
1.6505539231794746
1.0041648241349224
-1.0607476091754902
1.3898737991947869
0.7114723901289191
-0.8090608754682869
-0.2800642144714784
0.7453517428117603
-1.3782539784238244
-0.5597648699450333
2.8467206461614265
0.5019841710040850
-0.3761481493633554
-0.0316862267242162
-0.2422679427499978
-0.5806262161695656
-0.2608916652955768
0.3491163794461928
-1.0849645825139800
-0.4747151679844623
-0.1389931127567720
-0.9483562964325326
2.2195800436846049
0.8226979640134297
0.3111511882934180
0.5966974000533268
-0.4003457591216553
-0.4055738307346545
1.1159834082131730
0.1306027839138850
-0.7266067484379987
0.0617082174737208
0.7336427420820265
-0.6389195285731674
0.1353999713376092
1.7415781156463670
-0.4127570564046588
0.7357860443864244
-0.2351449809652715
-0.2497196730096606
-1.2508970644161292
-0.3079700565660821
-0.1099145506159997
-0.3154361941818268
2.1198277126918712
0.4115832247620296
-1.4918285273573906
1.1324565726867459
1.3193234192277663
-0.3786485563709277
-0.3020689151306685
0.5749618809581400
0.7161855803280478
2.3563341620211964
0.6629715060609233
0.2547982598479835
0.6689175695913161
-0.0722383318163219
0.0295253630683567
-0.4203477164552575
-0.1549849922392879
-0.9627398630635585
-0.2415648040429909
0.6530209333328406
-0.6095063750612673
1.4301529956653913
-1.5433689664538965
-0.0714197879823161
-1.9345629561739499
0.6533654236201971
-0.2814831219375439
1.2624075442203095
-0.1941952539167437
-1.9271294287741914
1.8653639195717953
0.1525604824384046
1.1483990608219437
-0.3457591269441262
1.6714383650285682
0.2162138576261328
-0.0569179557607626
-0.7458379562580137
-0.3460619924188926
-1.9791697122714356
0.0911504461413323
-0.4420522610492076
-0.0784325435401464
-0.3456029979291957
0.6055263645401292
0.7688064455854658
0.0772335014408348
-0.3856374134682268
0.6712371352004379
2.3508653071221870
-1.1445840982165827
1.4512012275326851
0.1238034895789814
-0.5532866732136869
-0.7864038985464322
-0.8429102653227449
1.3627967371066338
-0.3553050411166814
-1.4356605852058553
-0.3762849440540171
-0.3872394395329927
-0.5815711211840077
-0.3267069288196017
0.5742985810574456
0.1313892109507116
0.2749769456317934
-0.1969571698507541
-0.7098730396267391
0.0279024143588752
1.4551786021465152
-1.7728449844638809
-0.0247205422006081
-1.4603340292966585
-0.7376221730461789
-0.0830228225575840
-0.8481328924557365
-0.1125305164041987
-1.2091803487029500
-1.2216003133257971
1.0871745656923062
0.5053923566168042
0.0857165025305276
0.3833877584665425
0.0270561834496311
0.1792270162511858
0.8944873280085478
0.5588236468414925
0.1197021624467289
-0.9077699014323111
-1.0609199338130713
0.5239440995844312
-0.0314261231370411
-1.8358254329713677
0.8540658043061229
-0.7144853426744778
-0.1524978183601020
-0.9761642318020511
1.4892135992875419
1.4888875473543792
0.5554748938264501
-1.9132433323449276
-2.8111727195409260
-0.6845053713479297
0.0961028402477134
1.1271779621687732
-0.5749331332370172
-1.9144705420070802
0.7124064985804883
-1.4204285010123461
0.4310208494280146
-0.5368839112455603
0.8819633683776210
-0.5392994799267492
0.5288897310816113
0.8598845668352071
-1.7139589378735576
-0.3768730567146162
0.6218312093477529
-0.1204863012108500
-0.2857142323828881
-0.3753601489939383
-0.3416770075693597
-0.7306332705992962
0.1888363302714162
0.9330929617775563
0.0157194958817578
-0.0443278881509278
2.2320554296071142
1.1671945762994156
-0.9940201868369445
-1.6050408555836360
1.1270445710833759
1.7541021799455654
-0.2973362794178299
0.1655253495479700
-0.0539914452065033
-0.1031901783711891
-0.6633913962585481
-0.7466135978155890
2.2232387465469055
0.7647262878972122
-1.2115310055390123
2.0148770739347883
0.9095333019337356
0.4105848815680165
1.0781701242811437
-0.2909069896550452
0.3363961224236731
0.1492255319541413
0.1546460617526854
-0.1491876651801988
1.2865664284830203
0.0961592994617178
-0.7578866935951080
-0.6666988913491700
-0.2003983891830457
0.3474638187517609
-1.3591841004558320
2.1376738237956348
0.2547831057672732
-0.3644636442601643
-1.4390904720939048
1.4125290146009473
0.1978517159787786
1.6165131689883299
-0.5449592527161307
1.6516836341191155
0.9033972868484000
1.0912037906206757
-0.1382182359606512
-0.0579266507769113
-0.1696162992827205
-1.6856490509040272
0.9271184923700544
1.5974963104635711
-0.2268247592463512
-0.9636042015983523
-1.5018061170611769
-0.4022893967014743
-2.1200074324768745
3.1934050007009729
1.0316895453728940
-0.4891782494801348
0.8882732362633746
0.3557045355663731
-1.4334801707207205
-0.1283800172892169
0.2076926474146248
0.2324751781235385
0.9025518941140365
-0.1518096791586851
0.3401491153103868
0.2319355244761177
0.0889706404212871
-0.1246098106230038
0.4409832546034125
-0.2753254640654673
0.8904953398737345
-0.1123579894897678
2.7496033281511676
0.0570494967825236
-0.2117666917100933
-0.5407075166823977
-0.3353569476620277
1.2986368810088642
1.2100481048650704
-0.3902621343718564
0.5392861400849830
1.3575921920979965
1.3759516436679384
-0.2712654060721796
-1.5339125498817729
0.5672609541176167
-0.9935659956096348
-0.7921529975495026
0.7664669905074574
2.3988242657903567
0.5360764716325580
1.3991094343832327
-0.5624300251896661
0.1747210166154688
1.0916729364374138
-0.0372479256159615
0.3284574791005372
-0.2700800961687445
0.7832584200806438
1.7697319041754827
-0.8387877672419352
-2.3895543011087859
0.5196182454028763
2.0590604459913635
-0.1329702582837884
-0.4065398978869099
1.6925744379849776
-0.5814526120346469
0.2461215410299862
-1.3761350947618070
0.3128239036937621
-0.3609678833404118
-0.8292841836058298
-1.3466702653617351
-0.0619704593854842
-0.2854861248394378
-0.3407103892393498
0.4295810917554947
1.2911577061636874
0.0787839259943240
0.7224761949053837
0.3120368126405021
0.6783510257853377
0.2686521405346829
-0.2412640994646303
0.1321621435521840
0.3178422716514183
0.3489850368481940
-0.1877796013570988
-0.8001119529056933
0.4704944575025248
0.2991899359691664
-0.2640072745046698
1.2903936924480381
-0.5734444519060197
-0.2230850255476272
-0.3218847324408428
0.3569139170823944
1.3057705220622786
0.0572206988680390
1.6713225894060038
-0.7885246618045620
-0.7619970677808503
0.6059019236477557
-1.8356867312292895
0.9255569352169490
-0.5363983386626141
1.2507988291488825
-1.6264112359083189
-1.3099356046252904
-1.8183145831655734
-0.7969444782249403
1.9859184165622092
-0.2983093433159141
-0.2273675924601781
0.3954960285017154
-0.3278928919511014
1.1767836884960812
1.4938388202409858
-1.9722420317779832
-0.6968540012130543
1.0340000720786449
-0.8650302948316824
-0.2293878106497239
1.1494433244648208
0.7970387402152114
0.2106303017551819
1.3122699316272672
-1.4646016760553835
0.2614701012311212
1.8507904710150522
0.8375273996364089
0.6738480027468096
1.2931839134376339
0.5804756226457161
0.2653222570479216
0.9838741302848903
-2.3661281351462975
0.0424270212811448
0.4177114037216661
1.3501092353741346
0.1447777277286489
-0.1535609853595929
0.5033923317320852
1.3697230317199389
0.2264101626418518
0.5988145003089099
0.4809717447638017
-0.0659975374311991
1.6022560401767103
-0.0761544733075598
1.3182481677326459
-1.4101926487927359
-2.1800936434287563
0.1686985711182612
-0.7753655665307342
-0.7275533458996143
0.9298702428455647
-0.2588858648968237
-1.8084259148678727
-0.0004898638571075
0.4201310092468153
-0.2903422222250124
1.3917354385159213
-0.5459887542916139
0.0636397781726478
-0.6199947267063428
0.0146812285179612
-1.9136042592901545
-1.9845652157569014
-1.1990233923968525
0.7599966803511068
-0.2941752353766576
0.5971251644519876
-2.3857862395330276
-0.1184439477635976
-0.1601485097862460
0.2061361148397130
-0.9640609110530580
-0.5232367914570759
0.5242926668769187
0.6069809066214927
-0.4033256587882727
-0.3457355074636559
2.4044048531840190
-0.3956871212806505
-1.5347433947467426
-0.8215914455958144
0.1586852520058722
-0.7790312887022591
0.5139071133697812
-0.7010335448800893
-1.1973206370878751
-0.6688553487046044
1.2151157852223626
-0.0278731269955567
-0.0650810986637210
0.6279960631622514
1.2378844511751801
-1.4935197857822453
1.9467037362785038
-1.2841373076753304
-1.2691916904417311
1.1333596961316148
-0.1261211752152346
-1.7214662045583644
0.3184539501737771
0.7089197958868420
0.7072787616836599
-0.8490309507951425
-2.4937224029796945
0.7998260263022303
-2.1650065491600414
0.5128100478754294
0.1311621037403115
2.0332240224686333
-0.1267361408979698
0.4549188499830193
-1.3284424190416819
-1.8381116862899827
0.7511741233466144
-1.5030160452145336
1.3202789739870426
-0.6549716343693365
0.6087502579155146
-0.6604870655529350
0.0340926148077380
-0.4468703921758274
0.4494518654559963
-1.0343068623211913
-0.1370906685718160
-0.2538942595920763
-0.0496597547779948
1.4773797741598043
-0.1301067604459762
-1.6430831136107429
1.0378269757888123
-0.3483139083242169
1.0996989370262931
1.9446315130661871
-0.9954849305611672
0.9877395030731279
0.1084905265061087
0.7383853760349314
1.2375573829988658
-0.2001927268059313
-0.2868082996564291
-0.1599167704064164
-1.5738789206209087
1.7797581202847674
-1.0009568391797086
-1.4607853885737774
0.5940970379212297
-1.2687717734684349
-0.2877618162192016
2.0923112165883953
0.9629780451441243
1.0997656558360691
1.3553388692590402
0.0376041955409149
0.9149532294497420
0.7527721321570672
-0.2852297164485906
-2.2787048787033712
0.6445733071153349
-0.3792420559177297
-0.2429681852608652
1.0796103870966725
-0.5541184896367820
-0.6079625850024963
-0.1883028407018123
-0.9882549955087171
0.7940488302623399
-0.6141966630369970
-0.7944322154281742
-0.7673419569737595
0.3572393989174400
-0.5782663214480569
1.3044988418473737
0.4083772827262869
-0.2322693320141677
-1.6299753683513023
-0.7887154250374223
1.5511736881392970
-1.9072343978667563
0.6852252660462580
-0.6245062986803095
1.7751543146607687
0.7660829466077184
-0.6508754918156554
0.0454484992830814
0.2326864047852519
0.1893175737795608
1.2388444517391846
0.9630642308324998
-0.4968543133963061
0.4556866520719607
-0.9997258251142571
1.7281409949482494
2.3568361711673060
0.4111996483330980
-0.2975862645836641
0.3370415051061624
0.2528757308312681
-1.1848157266035153
0.7615868458500679
0.7109732962798705
1.4171801032903664
0.1688402272682166
1.2544733023193313
0.2366137939558481
0.3776907505631208
0.3772544913601011
-0.9482007834086318
-0.5124771517243053
0.4636686555246070
-1.5968151763900023
-0.6091268640661449
0.8193778839786816
-1.0456449927152875
-0.3388608545712802
-0.6742664627933137
-0.9310812976958203
-0.1924306566781998
0.6907053023829127
-0.7817168689751219
0.9937991707586136
0.7326805195416907
0.1283220440589182
0.3775496796428756
-0.0475266951424458
-1.1572848685469475
2.1658270972974987
0.4711129821004302
-0.9639525318304266
0.0951472704513532
0.6133957440953482
0.4078890499071216
2.5442398071116838
-0.3530964426591214
0.0780811213310279
0.9523950708565901
1.0529289354720943
2.1080673754642412
0.0461050471955139
-0.0131347134036622
-0.6282101077523007
0.0127561753936334
2.9058771046277267
-0.3754144472071255
0.9705705857519265
0.1804813695469625
0.9241945476495240
1.3927672519783461
0.0324135519516962
-0.3825891301560253
-1.0709514592597569
0.1095008817921892
-0.1886218561643825
-0.2146038268493764
1.2526343747545257
0.5590185713739714
-0.8829490912844778
2.3375436348263809
-1.1036319095263174
-0.5386688116182253
0.1230807683324919
-0.2502553994259749
1.4586522993305178
3.0684977006314882
0.4037157184779601
-0.5291862955309734
-1.3568917788879240
2.6241362216775554
0.6277626674889238
0.1229517083809172
-1.1595903152632192
0.8638880046996504
0.4940324436206179
0.2152461655935469
-0.6613950440440450
-1.1342141411354936
0.1788220027493159
-0.3004780791549351
-0.8924518920332216
-1.2119232335393795
-0.1977772727549879
-0.1605774936770015
-0.9730570590739432
-1.7180144763182257
0.5590669243753619
1.5759549568369984
0.8237164003427110
-0.6741867709317663
0.4698195824635329
1.8775810824642782
-1.1795348538345818
0.6193136616819630
-0.7490185515447891
0.0458904266421644
-1.7618838507603853
-0.0960928502447369
0.8129652106687568
1.1136817226434199
-0.4570830392758193
-0.0724787474303804
-0.5902181493702754
0.2994720096151558
0.3972689840270732
0.3003736129332118
-1.6660661497245546
0.1520786443727835
