1.0915733273157600
1.0958059985141295
1.0412973639331993
0.5736043740474148
1.0798832994953547
1.0061378288379976
1.0823150293036887
1.0958634941130467
1.0664779689738979
1.0791864893514038
1.0775815608174169
0.3364095652947913
1.0932195122760602
1.0785256838852626
1.0808052828150323
0.5005307075851765
1.0917525991909867
1.0800409505426682
1.0964304151376947
0.5987034118173093
0.4694531157087679
1.0212928061739752
1.0914482699124024
1.0900159232519204
1.0888709361149624
0.5137992000366446
0.4519686810399973
1.0884633785371500
1.0820702050506714
1.0278674400375130
1.0193651190722086
1.0932328354670471
1.0804826039550501
1.0234673019002580
1.0914963842925276
1.0620001998458966
1.0446951607570818
1.0905164186003216
0.9317134323024352
1.0695967040011527
1.0278297409488386
1.0852620570976836
1.0826067912530144
1.0929835085784467
1.0939617956240248
0.3758572421186517
1.0877554685599145
1.0930178889315330
1.0742677965411067
1.0194350431678594
0.9575188434010785
1.0487054587894635
1.0937487854253571
1.0929608816657688
1.0592371946129471
1.0737840514800305
1.0586086659149176
1.0929151596608064
1.0819567077107715
1.0613362436636542
1.0899441665757823
1.0689501513251904
0.4454210730509749
0.5076958578997490
1.0859475752971837
0.9740187150111809
1.0279698946615696
1.0892685907976196
1.0891120944364485
1.0884198866124570
0.3258256971237004
1.0489988408288891
0.3347332174584440
0.9746798537552624
1.0818451424749647
1.0771599304691497
1.0293667971248015
0.8685595458896548
1.0702530346810102
1.0019767335839154
1.0058633946566742
1.0895342974527034
1.0970040369859870
0.7170940106805783
0.8941956669965924
0.8963551351669042
1.0654857468145549
1.0783111583617679
1.0934148209122645
1.0971044828858287
1.0832836409967825
1.0928060781395983
0.4084765409733932
1.0523112453804964
0.8283476312805687
1.0942821295286762
0.9323029751168681
1.0779027947042426
1.0923314012354037
1.0978248630736429
1.0951645514478283
1.0490120870410859
1.0931584373778029
1.0941552665832011
1.0905427609137046
1.0777730090081468
1.0912027725647009
0.8459866066771689
1.0977515712093358
1.0925488233190785
1.0968737954599459
1.0663113522045327
1.0922960342432262
1.0751835318384491
1.0983521932491629
1.0953820049177561
0.8716484498986113
0.6525412958261131
1.0950360055778401
0.4271397277028462
1.0967061703521328
1.0951257004134582
1.0935082111531695
1.0300477534405974
1.0975868148888099
1.0964679399516875
1.0856038476232708
1.0918198015323304
1.0853236504882573
0.9519347244834799
1.0901022729342840
1.0802030894966337
1.0966059105992894
1.0967716662909226
1.0827440727641207
0.8798258500939518
1.0809786713290932
1.0218082987894515
0.9800018815061510
1.0858556591229129
0.9709593935127745
1.0899897116152089
0.9465158379233914
1.0925630062809100
1.0928175064055865
1.0721870127160193
1.0396200147452512
1.0860093851219443
1.0771070439478168
1.0929668923563218
1.0828065298126199
1.0649211238985630
1.0858687081405312
1.0748291498394871
0.6009494423523033
1.0365713640658283
1.0803448604294650
1.0911567801538076
1.0791374021683433
1.0750253307431230
1.0948216161762581
0.6798542486573871
1.0732474941602188
1.0972301188024443
1.0950245721555960
1.0968819848635347
1.0825430720271014
1.0940809436430858
1.0064691644449197
0.2838904345786994
1.0931800280362216
1.0435562149763735
1.0436545708611942
1.0237881239721356
1.0751843302479227
1.0906468955089381
0.9922177042354249
1.0675077972679141
1.0687084357064682
1.0968800520814295
1.0889562286110728
1.0906814975029464
1.0335879590730612
1.0948784768755129
1.0791903953482351
1.0385400426343045
1.0568541230246540
1.0966114773482560
1.0251064628025126
0.5983334867415981
0.8822432730640607
1.0908929803581662
0.7034830493719996
1.0711355704292187
1.0866232708339920
1.0506009749454190
1.0784122535072609
1.0893291025208596
0.9765127166883941
1.0932093354796211
1.0489274171699052
0.3405547815179724
0.9941422259956227
1.0922399905435329
1.0880246147242527
1.0682873033942011
0.4305612594976663
1.0980137058576287
1.0854779035085957
1.0933985353743731
1.0481447668260131
1.0960127126505983
1.0906456500369583
0.9654148004826120
1.0729831257850413
1.0944006342595201
0.8462159468610956
0.4735664762315097
1.0485293380875667
1.0683236556341371
1.0588423337226360
1.0879598449781074
1.0524029258992156
1.0977392414779785
1.0802062899818519
1.0551524315586331
0.7960548131274614
1.0930817863771474
1.0948422469807695
1.0947465089128401
1.0859280031238614
1.0936522930618657
1.0378178455123346
1.0922982469981890
1.0901137975592989
1.0831889394356113
1.0716550984249689
1.0552209902354328
0.5098682771861532
1.0886748656639826
1.0642364376778732
0.3767249799303862
1.0163018694003148
0.2840279958156564
0.6075906645356826
0.2809811632368411
1.0928684766171888
1.0124227055357047
1.0827602199858903
1.0145701722755713
0.6942763843740302
0.8717796897367727
0.2852395691696698
1.0602922865217239
1.0861464785980977
1.0877911413661787
1.0890767925941205
1.0976205694697487
0.9164761434549309
1.0634864606726908
0.9726426936429792
0.4636456021160243
0.2884110269806239
1.0319918763362614
1.0935939943547262
1.0863051513796127
0.7689974243118078
0.8312605667990540
1.0783727197234974
1.0960244175738791
1.0848455922723366
1.0942136948294150
1.0940760977259234
1.0957023209147854
1.0858569753233898
0.9912488711605040
0.5680075131344996
1.0843661753248535
1.0614209603947224
1.0642205559419453
0.9116045316121073
1.0503796319605332
1.0651504099528908
1.0817048061582402
1.0422852571799848
1.0844059374890807
0.4861000732243490
0.9995403633817996
1.0357005041702021
1.0725731084855938
0.8648498174355355
1.0721725823489301
0.2864365045893102
1.0885056902312353
1.0581157877928473
1.0820253897136527
1.0850059327803603
1.0918394346439764
0.7137411822092934
1.0881354784864006
1.0023556555301973
1.0776953983098323
1.0755308518612312
0.9104380353801105
1.0969409482972521
1.0953571676456080
1.0690934869054110
1.0890078321671643
0.9987336249734212
1.0740233577613962
1.0573969833205714
1.0963871655044795
1.0957662172131040
1.0701600800103224
0.8126857423404569
1.0929676111971842
0.4103236763820053
1.0978784638967352
1.0807627592498108
1.0926023958339517
0.9710570963080855
1.0952009684623165
1.0924473869687457
1.0878347661308816
0.3427385866079308
1.0981745971289041
1.0805473675077903
1.0881820647606066
1.0956550590345251
1.0980687006078018
0.3253382370428927
1.0941108054612392
0.7357824049781369
1.0700608539655656
1.0934083054308721
0.6566537942300457
1.0963800988327590
0.9580824674744964
1.0943856574596103
0.8266185915534968
1.0834589612666992
1.0979747776482029
1.0836858078778968
0.8946552225682923
1.0752175458219686
1.0904521032411738
1.0976324409675764
0.9619253972616794
1.0841562589034737
1.0741746799100655
1.0201358845414323
1.0628433931756271
1.0882800387053986
0.8590779686978651
1.0960885666909197
1.0961723171443369
1.0771762333883761
1.0851775633291350
1.0642303844746137
1.0951361112059752
0.3896832557553836
0.8951742605001972
0.2959991693661592
1.0549831901749669
1.0984897684551582
1.0942825756884884
0.5870161519273315
1.0882056298290081
1.0403730172366119
1.0717354811531656
0.6818790148123686
1.0952208267049157
1.0699887944976834
0.7641692803480594
0.9585816160001615
1.0792971494558854
1.0822670044368843
1.0843210097623199
1.0825344344655159
0.8945121782818747
1.0958743014539836
1.0956196588801621
1.0521484364212572
1.0970524579084460
1.0982576397064614
1.0969330319132851
1.0602309081424972
1.0857755599487484
1.0409576905734439
1.0689926046862377
0.7604678433105382
1.0967299239339499
1.0908566658428787
1.0969674133653231
0.3397548182080922
1.0965561432882713
1.0853764550548444
1.0709414967461801
1.0704947748331699
1.0933959627239096
1.0983386551237950
1.0936478010225168
1.0883026713101034
1.0194214622020168
1.0757172126338870
1.0760896731099252
1.0871079277583475
1.0960483560795042
1.0872667973585664
0.6857721257824175
1.0978658566123074
1.0970987929225988
1.0854471581432146
1.0498518475293432
1.0966353480220459
1.0945100507700589
1.0674296648294623
0.8545025537647478
1.0790979352791688
1.0837970429866648
0.5899742345457818
0.8159644242491337
1.0907319799218009
0.5892327766204658
0.8928392640845544
0.9787576506791894
1.0933597712904184
1.0646364814660672
1.0767191547366308
0.9992712194171126
0.6628432327186495
1.0871922008149695
1.0839022438023176
1.0768118166267853
1.0958854480191835
1.0932735071274413
1.0881249404822904
0.2962191433142252
1.0875243685196201
1.0965153772329976
1.0901086447741821
1.0894471899259257
0.9694829629160555
1.0942575552266469
1.0781621142698354
1.0558679174683210
1.0967734380784058
0.9797510613616286
1.0762671741071468
1.0920728474807051
1.0163242708958158
1.0756576472127863
0.5986048275025793
1.0973293240663173
1.0030873097629736
1.0955572922772783
1.0870744353435797
1.0837360288574238
1.0759328002528052
1.0626112402252075
1.0982811378976294
1.0917585698109527
1.0969659254979263
1.0966053555181248
1.0941946244358858
1.0980365915144492
1.0968529609796651
1.0811606891274730
1.0923275011077340
1.0891180636477538
1.0708163721575872
1.0545194644801230
1.0641697544754674
1.0758013949488674
1.0823655940487666
1.0597436456140528
1.0916862429415062
0.7662260146694793
0.6416908090402224
1.0520845246153070
1.0774897612718624
1.0969113085274169
1.0866963249478823
0.8220332366390001
1.0889914423003275
1.0778307708768093
0.9627256499307455
1.0949882602096490
0.4166820763939506
1.0933955733539447
0.3032555721528207
1.0890599143540229
1.0892820203740627
1.0947901553210426
1.0937316032965612
1.0826153058193557
1.0900053281839355
1.0795181926048214
1.0958592040102302
1.0913766067396915
1.0979318974761187
1.0971741257869603
1.0950593697672122
1.0959790884068505
0.7422078026362433
1.0934437363083402
1.0802268374576776
1.0787163764946353
1.0320261690319918
1.0927826626291226
1.0979581068146402
1.0869212129727808
1.0801685193765151
1.0899581306474224
1.0785532938670692
1.0302048945000031
1.0560064886493365
0.5162199175331620
1.0910037114098647
1.0905335894390016
1.0903594974123207
1.0924316658103217
1.0884550014185774
1.0878530826972097
1.0723620396857190
0.3362330184138671
1.0719608934036020
1.0872134716239015
1.0520013983153529
1.0842735216463439
1.0886598017233056
1.0918355154812232
1.0952722489179794
1.0622639275555301
1.0582312935776887
1.0375463890524528
1.0880430195791941
1.0003967694970330
1.0875547197886384
1.0737288269403253
1.0935819121497454
0.9380106887756702
1.0965494932772835
1.0888585079342519
1.0918880292545690
1.0863807642706222
1.0934019605103353
1.0953969527999954
0.9530824211457808
0.8239788014479489
1.0889034542882845
1.0679194754261110
1.0741258659311894
0.7978848772210673
0.7565247225529822
1.0955610723408467
1.0597881398922124
1.0926963440035580
1.0826151105439308
1.0921811952489391
0.3195763152846398
1.0597706441473265
1.0887090903309038
1.0680417827569797
1.0960843943753913
1.0215423442108127
1.0334557596081326
1.0967148041067207
1.0946973094885097
0.3109390817261485
1.0671484278801975
0.9944654479584872
1.0588409064400326
0.9366932129062339
1.0915809522654270
1.0814950828169618
1.0990241881589626
0.3471910482148092
1.0979768126103979
1.0572616162025579
1.0930251807959457
0.5023306192042866
1.0809816919293529
0.7137460702594214
0.3313017510641835
1.0917552373682884
1.0386734235326496
0.9625094810957794
1.0880520910303180
1.0797871062344118
1.0957694848899540
1.0681845340077911
1.0899479508654097
1.0873629719888349
0.3660477423262047
1.0937051711162513
1.0853985697580253
1.0982256348084420
1.0391666925726439
1.0878822347807002
0.3291761143689347
0.5987459404826535
1.0863610599416376
1.0196141924513442
1.0809570343324952
1.0625708239081286
0.9599357147810056
1.0798117024871938
1.0969819184509411
1.0405193223746372
1.0934207072905651
0.6913984897790540
1.0945924142187236
1.0725755592504709
1.0932843077912056
1.0921721722522542
1.0962673043798177
1.0873955832563298
1.0923871809606238
1.0425574344812223
1.0792270380272109
1.0791551652537521
1.0945454585130296
1.0830668186960619
1.0954848456132749
1.0949718180847245
0.6880651742215875
0.9658753844089749
1.0523404195394463
1.0839491472671656
1.0900434237391938
1.0881904039329042
1.0003068923001170
1.0884918623039932
1.0545909778907596
0.5552355364829759
0.7641668739161167
0.7517779294889814
0.4836707588736853
1.0930096775005624
1.0361042953121180
1.0591851844197886
1.0960754445023637
0.9981986727124176
1.0917785788047418
1.0656665097863391
0.9013891075119397
1.0812647877563535
1.0957501781274042
1.0718371555669259
0.9168931735645892
1.0923556378436621
1.0724154089420082
1.0836978538306219
0.8475664602451645
0.3941856363087429
1.0925549832511363
1.0964889868466237
1.0870629736570394
1.0888890016705193
1.0864032077137544
0.3625954405385036
1.0042955359542567
0.7744030064838257
0.7070042800147678
0.9659666864047373
0.3047146984015818
1.0857392654418625
1.0952403630669421
1.0394539098970945
0.9953663179681541
1.0760276503565467
0.3203322967812798
1.0094658672691892
1.0816859139773098
0.9884900039205261
0.9851655779251591
1.0486381437599062
1.0474567564611794
1.0580700480910274
0.9716021174287668
1.0794445927042093
1.0902127302514146
0.9003994395970057
1.0919911887286207
1.0829206861993226
0.8640371871997001
1.0090978129820629
1.0946608236266662
1.0966198889683374
1.0654836178507672
1.0896416863526333
1.0826277192708276
1.0910678225325785
1.0967895142108470
0.7687342649471069
1.0344844798768906
1.0970893015782019
1.0984838988823395
1.0684043706310158
1.0854329170599155
1.0415897698782424
1.0989407116021506
0.3163463779075559
1.0949169384876845
1.0584101645603179
1.0883347615326477
1.0981364152272675
1.0967596360146665
1.0225588533022882
0.3440724554392737
1.0981809139089433
1.0831602324327605
1.0643529073733982
0.6332908045989867
1.0177192099673444
1.0979222960016468
1.0934794712069213
0.9393862984753332
1.0088474346814247
0.3050720279892101
1.0924557114380196
1.0974290252849286
0.8506504399048470
0.9760158551713016
1.0792192673833969
0.6825826142278741
1.0982230605789138
1.0473104901013888
1.0770811653710688
1.0734310158549452
1.0430618965180054
1.0909822719523614
0.9987664981562783
1.0406213517682856
0.9797016215685779
1.0788327578492931
1.0625884564518047
0.3822952875634871
1.0684077007073534
0.8392971691033018
1.0845671134505070
0.9977211140182700
1.0724086219488664
1.0937737519926825
1.0904672873210146
0.9316531056329930
1.0969772389004799
1.0940499826114789
1.0694252697583457
1.0553999855430389
1.0952103393610360
0.9433887577419166
1.0746029308309903
1.0761592566065514
1.0972634409736735
1.0948260138706498
1.0652137318156740
0.7986595197105524
1.0923048300565470
1.0815298266982591
1.0955938077929308
1.0831772149699412
1.0880405418635204
1.0954288253013857
0.9118232259271075
1.0964364625891168
1.0643711255325436
1.0672801406998886
1.0515552026747903
1.0456566338437780
0.2918944790544037
1.0333148283128208
1.0887452043493484
0.3103529427772282
1.0878737462587780
1.0322134045906617
0.4969939665635775
1.0505889305733005
0.9720373579637723
1.0929672251829303
1.0790457906140620
1.0658747061597289
0.8942673629514358
0.5780176931006977
1.0728444877185785
1.0023302031104191
1.0721808535690736
1.0588675223904598
1.0941461794136338
0.8473736220376816
1.0837274245927380
1.0871392030408134
1.0893924379748969
0.3118207501417327
1.0941419556266097
1.0905537434493990
1.0779994401269877
1.0463006636649279
0.7879777052511259
1.0633539331477722
1.0488512888559971
1.0692092351096649
0.9852281644771479
0.9633022675748689
0.8518970872115746
1.0792532742376475
1.0901994886689741
1.0731986481976821
1.0832801765482813
1.0915401855241857
1.0318595720170713
1.0904478028707847
1.0870228971258702
0.6512714503683769
1.0894325706767132
1.0016454647184447
1.0976336378462139
1.0530686814178425
1.0977569508723029
1.0966176237931402
1.0954011457926194
1.0478073345774288
1.0768911336894069
1.0966470534942780
1.0839416441982972
0.3312529460147142
1.0828359968673809
1.0965451493748302
0.3077704595792013
1.0963600677985805
1.0140516389812029
1.0793440527211120
1.0602611529349941
0.8731981982774941
1.0974995878068272
1.0931886115330949
1.0857891835945148
0.9762221116811700
0.9001231579219107
1.0602296268508740
0.9264442427491573
1.0986516365705052
1.0987836130057185
1.0705414518879688
1.0268865647646381
1.0923296297602894
1.0967573673792184
0.7144698457659959
0.5485425398173939
1.0952116014968905
0.8846427924696986
1.0961674251581761
1.0362200378585507
1.0576310799832729
1.0339315824769459
1.0791875874377912
0.3720188025588902
1.0732571331049265
0.8078268588283910
0.9461511331459090
0.3349451675699612
0.9238983504414384
0.3202655923986959
1.0906633315468597
1.0945520387669785
0.6985042851134567
1.0311155535006080
1.0753330087522472
1.0860141506708807
1.0933075834437749
1.0946013729843020
0.9691411314113353
1.0861143141498371
1.0821332077784722
1.0657151793895343
1.0939950530904468
1.0735833878165151
1.0893465237989250
1.0132250293333989
1.0656010199418533
1.0865543117681180
0.3345461486832629
0.3232945712884695
1.0754281408325697
0.4710057806806637
1.0382821125024000
1.0848021752928265
1.0929289545459735
1.0967106855028619
1.0849836357767311
1.0962173858575417
1.0851793789494997
1.0908054831011800
1.0264154931397160
1.0876813879504119
1.0910750264667632
1.0207296569595277
0.8542245649220558
1.0756357032247219
1.0937635613822108
1.0973857950635051
0.5853907151636850
1.0059392895211006
1.0613540876391756
1.0900406178074264
0.6400443982752396
0.9161951622645916
1.0418564195644899
0.4308105198183105
1.0844981726493317
1.0868732297531984
1.0793888258102857
0.3780390156870437
1.0978018750556071
1.0907675567995974
1.0962764968004424
1.0651280128441485
1.0953549575191406
0.8803953699774049
0.3329552025114606
1.0726547943110345
1.0902912151459907
1.0295396602546523
0.8494296593227275
1.0631029425335423
1.0943158125549699
1.0627919990620962
1.0881595840200988
1.0862750598554733
0.9272245419236654
1.0956068237489749
0.9524115052731674
1.0946301447619853
1.0888515124705118
1.0831808914340459
1.0878955673273345
1.0918929310499981
0.5175185090320473
1.0953418273442530
1.0930692255478365
1.0937374320585269
1.0535112247583800
0.9819616430414269
1.0966039271476264
1.0965374748887664
1.0728829382054266
1.0830068289812327
1.0909578981407630
1.0944873735283547
0.9684932046026250
0.6724241589903204
0.9018298440830129
1.0954684391475273
1.0098574190789897
1.0659935188770504
1.0833735233115684
1.0466502154453168
0.9940449130053566
1.0728382249142285
1.0186656082951004
1.0197882959501263
1.0907626522861960
0.8572850772601788
1.0570377795518251
1.0979699516916042
1.0932847797797862
1.0888099622633918
1.0533665002405121
1.0020322798252517
1.0987188009787547
1.0945987889287259
1.0909579223250092
0.9145081449256707
1.0949687670027315
1.0104639389035377
1.0730706604278097
1.0092926756995138
1.0856178203550280
0.6923334514588987
1.0795839401718135
1.0706064918195948
1.0961597604607352
1.0578157660876026
1.0954287799159836
0.9404981956692023
0.3567909526590040
1.0935331918872309
1.0946340789182489
1.0911955355140817
1.0952091088905238
0.7911137413437163
1.0941022765730670
0.2956411989145594
1.0906878394019524
1.0763069345913066
1.0839464226052582
1.0961943364080888
0.9186378208796804
0.5721935175334446
