0.1563548490940038
1.8042326327989018
-2.0673533979145633
0.5341816347438461
-0.4994386595858741
0.5416602609681683
-0.2492499614554382
-0.6819968867911999
-1.4716812470926608
0.7366114704682314
-0.2742882900875011
0.7097148436878976
0.9544892741721295
-1.1691328136832031
0.6818214434620150
1.0358467735537287
-1.7710267124353885
-0.9045871861384868
0.9405685822648887
2.4855454421384398
-0.2252164968472959
1.1528575474184735
-2.3159817086113477
0.6540285749180370
-0.7729702297884204
0.9384033737465709
0.3190002044512849
0.3918313786366023
0.0408160159046047
0.0518221348389948
-0.1732765284635849
-0.1097722648019193
0.0839151417870173
1.5050144229578541
0.7389202374466566
-1.5331892173394666
-0.6062290955581023
-0.1851995853117829
0.5291165160321609
0.7223626595204850
0.5669819401159026
-2.0638004539276964
0.9787996812150878
-0.2688498528827523
0.3945810276774406
-0.8448268611690232
0.2845668923063935
-0.6173644518372484
-1.9019716775415219
-0.2745171203988588
2.1552497523584244
0.9297435041501723
0.7492124701771596
0.2568672370856143
1.2045179541133670
1.0233153014550942
-2.5838301332176301
0.3393482419214908
0.7532936734213815
0.4745246892803552
0.2716077195448100
2.6035567171393730
-1.1480193788440045
0.5359021993046970
1.6411521004049923
1.7191367099596691
0.6542079326697877
0.1586590739074352
-0.2482212386956340
0.7738475392777714
0.1568313620000532
-1.4177826939045843
-0.2747726955824967
-0.5537360008231322
0.7545699319533424
0.2324392368545021
-0.3492600625667347
-1.4060907036611281
-1.2882693033245864
-0.1048043005641016
-0.9166148289325826
1.5258154791549818
-1.1440416897188121
1.4410346213017211
-1.2312416492668894
1.7829070137557865
3.5858214496585439
-0.0699424642958354
-0.5605298935853487
0.6446097066694608
-0.3195002322876429
2.9054193230297543
0.1651972206608203
-1.4413849548713284
0.5785454256767620
-1.2060265384872593
0.4242664004987458
0.1840936578334158
-0.6671492906561659
-0.2151394545896023
-0.3625468176784024
-0.2345025137132347
0.4330963061487423
-0.2352748484091937
1.7239312691342628
-0.4032097221079118
0.4962751323781325
-0.3346493461823301
1.0659796100056114
0.7534871593689046
0.3730185598213787
-0.2693286110944922
2.1031355286365003
0.3007022942310491
-0.9045101323863172
-0.0171107066582991
-0.5991525066359537
0.7930665741896623
0.0858509950092891
-0.0453444568341273
-0.1882513980563124
1.0611677809364295
0.8951668058689101
-1.8472857399263709
-0.5593687986627218
1.4455177075640264
2.1259519116645111
-1.6671406479514315
2.7580820465388904
-0.8870699007950292
0.7081449907596375
1.4609852478476741
-1.0573155188160175
-1.4868824787261845
0.3128055115626486
0.6387609864379563
0.0283701265867316
-2.0328230320787140
-0.0986835269057643
2.1265607591767637
0.7912669620559186
-0.1590454388423687
-0.1306662448534548
-1.3491762658107533
1.1403750513261173
-1.1764033476604545
-0.3798432694758161
1.0449413122805749
-0.4239447860677695
-0.0884593497874843
1.3322056399412814
0.4708474161592899
0.5699474523705723
1.4386725194291532
1.4082016857791728
-0.8870361924134307
0.3853960077818162
0.1206537072925437
0.6536430912099113
-1.3654625347503706
1.5204766891442241
0.7035881429108162
-0.1377171522693682
0.2813729918140016
-0.0182967660490893
-0.1279839050786510
0.3922929643745212
0.5818315035497957
-0.0389260102691757
1.6552266495854422
0.2471976832335973
0.5549618666145106
0.6840130131744995
-0.1723161380627150
1.0386975716760303
-0.2419781826938391
-2.7912225798876906
2.1711931988224635
-0.4411626907238970
-1.6798357229765215
-1.2818854274520441
1.0871456857948552
-1.3238136096148667
-1.1823121322170960
-0.2799978431555540
0.2779209958794489
0.9959825587321148
-0.5834275076520368
-1.7707615340666600
0.5908500608121152
-0.6674421056297521
-0.8271032764027761
-1.2589908624387762
-1.8957710657452307
-0.5302672238940002
-0.3778333042141988
-0.5652372754651754
-0.0961988125463501
1.2966560619756715
-1.2554750926254816
-0.4302382735895064
-0.6933420884164597
0.3581428312761861
-1.3540392837209467
-1.2491242681298798
0.8044284948520409
0.1760082305460384
-0.6260380435591560
-0.5516494025274712
0.4566937528664254
-0.7823670062153152
-1.1741935736774480
0.2443431605132968
-1.3492460394693242
0.1849318781056977
-0.7841379472766231
-0.3387547724244208
0.0837848687605912
-1.0172961736597212
0.8627321866804509
0.0407920052839811
1.8532498770944554
1.0300378477138934
0.1670780434383392
-0.2735606007907976
-0.0295378860653679
0.6282236652219835
1.1778603489771229
1.3965351786637692
-0.7516019759217520
-0.4356705674248399
0.9047785903372936
0.0315362205391390
-2.4246470463048047
-0.2371126144375422
-0.0247045794972524
-0.9869248758970781
-1.6607683313223747
1.8824707537327117
0.5464433631552089
0.1555998587131366
-0.2271539956960165
0.6977298199551004
-0.7188631871641994
-0.9371879485556871
0.3891141387217478
0.2330644087257691
0.7099520053246453
0.2331973201720649
-1.5170188568435916
-0.8773198813329207
2.1863531301936510
1.7217399232284205
-1.1225238279621714
-1.1533316007449510
0.9855036460362266
1.1071578666354660
0.2878813895990391
0.1571737784017920
0.7003405029057370
-0.6993204349453217
-0.6153542449910783
1.0249144519194666
-3.3516984296518042
-1.3059569243988225
-0.6290587502581542
0.6576307414528600
-0.2513027462151143
-1.1399717743732247
1.1461829440861231
1.2462000544838761
-0.9067338060353476
1.5287371341531777
2.0628882646200828
-0.4869504358326572
2.6363645597859326
0.5621710262852397
-1.4755688141279140
-1.3915302403965129
-1.5506739716864086
1.4444625715781363
-0.7267066436824065
0.1605596507521566
2.2208219445440300
-0.2523520736157239
-0.8320845159130076
0.6819905704692134
0.0690632543742899
1.7516444925976060
-1.8440338103508678
-0.8466065414888027
-0.5352617437760306
-0.6083470633019015
-0.6628358818714217
-0.7357786636685728
-1.3669644532879237
0.6725326100523712
0.6332904126239953
-1.7375420328112687
-0.6116866541463909
-2.2065098878750433
-1.5560996245655889
1.2158663739840334
0.3484946558214923
0.6183134494761463
-1.0812889646551396
0.3416306749801164
0.1253305726715330
1.9895080621310179
0.1346901262138385
0.3386556498399761
-0.7233061133099189
0.3709990070693591
-0.0374694003858346
0.5135541585442892
1.1295767543230868
1.2989689945358289
-2.4899429410490428
1.5112727785836053
0.4075780339896500
1.1784486309226991
0.8806454110881327
-0.7251504795655505
-0.9203125698686189
1.7253160080980725
0.5590154683903362
-1.5187292789296774
0.6013435496567148
-0.3326443095690853
-0.9537421006496941
-1.0163859957255561
0.1913226360886334
0.3414344036710449
0.4996078079879595
-1.2555791514883228
1.6971674718852745
-0.5947366687224268
2.1429260812392248
0.4856180685569293
-0.7552225858432031
-1.2289117962578229
0.2784368819946380
-0.4394140484396205
-1.0177161698610642
-2.7629014538775150
-0.8682938570799921
0.2131210313776751
-0.3273285607479034
-0.2830136535536715
-0.8867616814934766
0.2284038539134564
-1.1861624722784889
-0.8229295954714084
1.3650302704610926
0.2474380969033616
0.3107579603047447
-0.2489627573374791
-0.5258017922341365
-0.7142378877037587
0.2762832552710917
1.6082212538315694
0.1400950382062710
0.3121994017961054
-0.3367385743815280
1.1179929171554055
0.8651092380480460
0.7305146389582861
0.6308300773973993
0.6083991511623890
2.4598331237254349
0.4201108074980568
-0.8811476053591411
-1.0565803149864235
-0.8402258923176487
-0.7844146852477631
-0.4836681466741471
2.0213836798045985
1.1404120215949427
-1.3546066433842523
-0.0202673428675226
0.9271788233667601
-1.6040524481354690
-1.2452833042788816
1.4288960121204795
1.7856530492154168
-0.1137158604934581
-0.1495576452530659
-0.2912687145276715
-1.0908607901398517
0.1332989028974552
-0.5236155971596789
-0.0600783881283094
0.2126245137823258
-0.8398989444582293
0.7881673619846894
0.8213510742834372
1.8576560814254162
0.3348044035001098
1.2232032721870110
-1.0527226836588743
-0.8749344249418840
-0.7326585679177209
1.7563685672310321
1.5630413237206264
0.6287308902425583
0.1863339168905763
-0.4325938920917989
0.8949803127554907
0.7788182398879194
-1.2656936343510630
0.1174274459938836
-0.1945573812282110
0.5897504328770906
-0.2437993523413590
-0.0150398679221108
0.5623286982315636
-0.0952531972864944
1.0527679439257458
0.0666919568093474
0.6065178407509126
1.5930645179513967
-0.5802304145709382
0.6918367301338199
-0.7163451349788416
1.4986070325157455
-1.5082276080022996
-0.6787091054821091
-0.9485120047394036
1.5617154825771740
-0.1944141437453170
1.1550809440902658
2.2744259515814060
-1.5444206882752090
-0.6153962566495911
-0.1471451945583233
-1.2926869394016522
-0.0585022060509694
-0.5093705320825624
1.0850212092596045
-0.2772569260196832
-0.9056454135930122
0.5302326334486843
0.4938928149650441
1.0032141263310042
0.2171625271364456
-0.5657145218302524
1.4567298514355698
-0.1162807020510852
-3.0683589871711789
1.4016912606478058
0.4644055003071099
0.6692916707826302
1.4368215021443387
-0.6969283356663443
-0.6964714588011972
0.5281779582545799
-1.2134705265062906
0.6513238794169181
0.1521138915493722
0.4393933315581856
0.0746097638371930
-0.8618676628594797
-1.2397034470525552
0.2175699499734195
-1.2090622699342033
-0.3401051997090188
-0.5915741708427915
1.3644823737131599
-1.3097247909310230
0.2972091038465138
0.7734642514476838
0.0446420335939468
1.3158210068276925
-0.7818626198935911
-1.0097080098383069
0.6417091836598927
0.0418415801140736
0.1814427600985311
-1.2143840129714207
1.7246944446360672
0.6182146171576729
-0.6735882564375707
0.0985756247850945
1.2753683275195089
0.8833910356975794
0.4419657086427762
-1.0966752362055472
-1.8182631292970486
0.8903900072179864
-0.0018958844087056
-0.5792962773637671
-2.0371231941146122
-0.1093382358985762
0.5503210111020007
1.3688647896683015
0.7258236502347740
0.3831618184141921
0.6259276253677422
0.6991122632802712
0.1154490182831940
-0.2432579357476761
1.5793667903365531
0.5763271609940931
1.0682790030372964
0.8098008887121769
-0.5065714020591716
0.1281375727884920
0.4101674322323554
0.6353967098201970
-1.7870759593322931
-0.6453758117020399
-1.3404667890815261
-0.5147846700077529
0.2371225354396272
0.3270816146899655
-2.3745928380072296
-0.5539414451586122
3.1525767350537501
-0.1988026040560038
0.2641511422686783
2.4864373497502719
-1.6633099757593028
1.4918432027857036
1.0003412054526442
0.7793991048859304
0.4082680364374346
0.0611882336496978
-0.9831548001314449
-1.1542675713773776
-0.2731512736245769
1.2557498103890898
-0.3480948546345925
-0.4841801047872676
-1.3283074864546929
0.8187697695538801
1.5523130275498482
-1.1707903163771385
-2.1163741562047145
0.6004805386248852
-0.9745879939865539
0.2368640539061514
-0.7517014088557836
0.1662605171090618
0.0577571466196740
-0.2031929868198710
-1.3387148350928617
-0.6189867285011060
0.1950710948504143
2.0124183258892776
0.7235704340003172
1.2578062548221198
-0.1072272551623118
2.6791376447060262
-0.5469924564822130
-0.7649873618404356
-1.0296456478138316
-1.5654644883290008
0.8625390115374642
-0.3748909096719928
-0.5892652995714041
1.8777459947672370
0.2716404246249300
-0.8455046467242987
0.3711175539209646
-0.0931710496349474
-3.6889052491511842
-1.2636070599236966
-1.0958615799644558
0.3472208127951358
1.0600878282483721
0.6404540026241327
2.1950013338315695
0.1727465461917572
2.2049412980216654
0.7024378949601227
-0.2998692375641664
0.9698437831136096
-0.0758562122185649
-0.8569662220186289
0.2698489694117883
-1.5551535159229464
-0.3472904075473691
0.0442339703128825
-0.4938151913750579
-0.5415706225269938
-0.0382537413591941
-0.3160063004746154
-1.4545180585087294
0.1413621034795896
-0.8925120035231550
-0.6362759541174297
-1.5089241553723207
-1.6804023403529742
-2.9597529977254102
2.4127980920099303
1.0315268178872496
-0.7836965723323168
-0.1980528266199093
0.4657004253401910
-0.3714465988576418
0.0524719455613762
0.1881496525151363
0.1912356303884712
-1.6066918723887378
0.7217539003855887
-1.3598716106134261
0.2660005976675550
-2.0196265659624877
-2.2130846464460747
-0.8117803369154398
-0.6145555439380235
0.3450800383378023
0.5298615828969043
0.7459957661008770
0.6028164348004610
0.8965914054424207
-0.0874521878852522
1.1299924627973847
0.3243230444954701
0.5567899954850466
0.0607834498520275
1.3825617481089294
1.1958855813487617
-0.2853027381978300
0.3588214760919914
1.8785948508062187
0.2780863891373648
1.4437073904388926
1.1499448046506764
1.1289744547478753
-0.9839997857516035
0.7594142745046608
-0.5440693869232904
-0.6079055831175496
-0.1341336933190095
-1.4313749164716216
-0.8551112800957976
0.3440981705118932
0.8056884339009051
0.2428857297127380
1.7339832914936200
1.3872088612983275
0.1711086085214679
-0.4874045862802893
-1.3017660604332564
0.7275456731845764
0.1349135228266776
0.2601498131963991
-0.4867438656379985
1.2769084588397752
0.5411359046169096
0.8281391823399165
-1.2494361130606013
-0.2098412496799199
-1.4202434449402759
-0.7669274697218030
0.6187996408138016
-0.3851170333275168
-0.1703883243563694
-1.1965254099486586
-1.4363926158814728
0.5482849227941502
-1.5291940874252627
3.0408168140219916
0.5176032872056262
0.1299193212272404
0.0756058555112440
0.2503584746604905
-0.5211703200258208
1.4646987439356904
-1.8273621070795292
-1.2368417887643146
1.9008079225152719
0.3692510949052674
-0.8617953213731299
-0.1898293061419987
-1.3610198902099382
-0.1051345670820116
-0.2764205235837018
-1.4050642241251228
-0.2541125838076511
0.0382809788668734
-0.2885738287847764
1.3383168698738916
-0.3250085389159019
0.1232235116573008
-0.0344411104620953
0.1342829620088302
0.0228720651659182
-0.6171573428316538
0.3528165669534061
0.6848177936929473
-0.5803830649932408
-1.0021659213973435
0.6936875143026440
-0.3094755479318264
-1.7939178783555869
0.5200249820134966
-0.9262283021743111
0.2678232864354627
0.7063618870929881
-1.9709694797362898
-0.8536175388510913
1.5650234325538288
0.4201665613994051
-0.6430969872966602
-1.5552750910590429
0.8745748571974803
-0.7191124410754409
0.0617615285644197
0.0086401010657563
-1.3176889581694033
-0.7607910832203212
1.2485732377421705
0.7469818768265486
1.5461763259041215
0.6521259630500496
-0.6080092871074756
0.1245260904663992
-1.1414256490004568
1.0795643990219081
-0.8996959070366014
0.2428037757707124
0.0108603433665334
0.1545424355941885
-0.2414936604771986
-0.4217851880512061
-0.3342281983099009
-1.4566813220550232
-0.9393018911203720
0.0715158871521325
-0.0866129740462475
1.3534375189358643
0.6239930358543888
0.4788075140949162
-0.7898197083239190
0.2256727162586447
-0.3262478591116467
1.4712895240961488
0.0186473332910717
1.0030124754887610
0.0499450525360276
-1.1663507014773564
0.1009460273026910
0.6437769869683048
0.5713529972068512
-0.8325822798569700
0.6084754455137295
1.8946801644721620
-0.6779360737140894
0.2865489876262612
0.7263697298234434
-0.7595958095288682
0.0678669347210829
0.0526716450235221
0.4218581610378331
-2.5851373469827439
-1.4804394416149618
-2.0085324581127271
0.7794392823573454
-0.6699278072526024
-0.0590314941916203
1.2341553622999160
0.5639164350949448
-0.6594541243479871
-0.6963287443499375
0.7887064792939481
1.5575643977380993
1.9709139573268497
0.0000358420001158
0.5467010528849717
-1.1692343935228726
1.0917083632655811
-0.9873208021175599
-0.3684396306189350
1.4219326530816856
-0.8655772419554560
0.4589309335670129
0.8545240689049645
1.2452249161601694
1.1294349514402480
-0.4241073666412919
0.8394864561880387
-1.0857045804279990
0.1497783369004890
1.1414077653814247
-0.2364433925366789
0.2721508498430572
-1.0818348864852168
-1.1621099882546391
1.0688096382091476
0.9491203701335380
-0.4791446892030964
0.6569652658851606
-0.2427467849302834
-1.0456669277843844
-0.9126022096912934
1.6518598144376937
0.4517889856901250
-0.1889064423438372
0.0428171617335383
1.0418731525908262
0.1190742854950389
0.2205771522318901
0.2298823689186767
0.2315376787963195
0.0823897623339625
-0.4030757020587297
-2.1921748430585239
-0.9416974562496647
-0.3738039630675604
1.8949370613359846
-1.2890938352142094
0.0882718508105463
-0.9648995168717942
0.2808109501615285
-1.0603005141646968
-0.0614305716533801
1.2684951722560451
0.4612506040410155
0.6215891518912797
-0.8717173268227332
-0.2962924210746771
-0.1176218364480888
1.0191369276968023
1.1250111280980757
-0.4238512895021705
-0.9479817063641001
-1.5807616575891863
2.0255549411055287
0.5618187766504406
-0.3340364792495362
0.6125647761080343
-1.8878968813119816
-0.1602221145591418
1.0345022832936630
-0.3419896902792650
-1.1919547664919723
0.0969027850530234
-1.4953294268115607
0.1218076132412861
-1.6780532373331700
1.2654521341014451
0.5415088564777095
1.6839706422008802
-0.2567094689736492
-1.0794220237808902
-2.0517573321424294
-1.4926261464087476
0.0130191635874888
-0.6122372886433662
2.0768750927894568
-0.0204988078606343
1.0682786980383874
-0.5138650020172122
-2.4428994044589190
0.6546851407467673
-0.4570719011833033
0.8233391069291796
-0.4666229466709000
-2.1203678620233091
1.6025485058282107
0.8375192635759346
0.7165860121061445
-0.1772948869313193
0.6393323701781253
-1.5198567730951686
0.3298358130193898
-0.7425520257513692
1.9719087513727089
-1.1559732065095438
0.0896309139198219
1.2720295885638655
-0.2858770382546004
0.7827961188664256
-0.1264927550874581
1.0109591719235984
-1.7366663180458768
0.2336125298174760
0.1686021265823230
-0.2168813360549391
1.2482887841025652
-0.8998479399742682
-0.0173405111249084
0.2842022667746332
-0.1655189591290182
-0.1382442159441273
0.6591515298404907
-0.5998620168984367
0.5235445027145058
0.4465839832181768
0.0733782908678761
-0.6276286942028204
1.9599391158034103
1.4010427224235029
0.8905133048624576
1.7367961208589668
0.9863209550652051
2.3056657449476443
-2.4329600054630784
-0.4849525124863057
1.0084931742539922
0.7611571856275697
-0.6428700807594268
0.8518216144716291
-1.2647675301814887
-0.2438021372250488
1.3696089555337452
0.2200472685787205
0.4811324881049941
0.2903626196854415
0.0659607865355463
-0.6054923629267762
-1.0430770207392266
-1.3930206046393558
0.2898661985288081
-0.3570709258531549
-0.4258383998003908
1.3664003089313592
0.2876297849297121
-2.9846257610742644
-0.8067816571780057
-0.5716610263181965
0.3968373336299625
1.5783735619744026
0.6358201983272910
1.3977074200919077
0.6467931411786141
0.4502119301421730
-0.9083290655349319
-0.4280746802057875
1.8720868483829978
0.1118088737147278
0.7067517323361129
1.0791725934854222
0.8924221101016907
0.8418132481683070
0.3637068033794123
2.0016009806754065
-2.5497177206666763
-0.2585738514994825
0.9406662003677193
0.4409431086503370
0.4100222824811265
-0.5637717171739890
-0.2684858173411141
-0.4886479250827759
0.5096796443981616
-0.3078268474353119
0.4172052089167081
-1.2248716393046288
-0.0795067777093682
-0.3510250039952887
-0.9468025231780228
-0.0755370521052790
-1.4290196450737580
-0.7992282170933172
1.2314272629314584
-0.1779210505458035
1.3770577913259794
1.1759295885454473
-0.0644530276019206
0.5127677497050852
-1.0568767748843031
-0.9437782385391353
-0.0763214706271178
1.2922007349943794
0.6213891285222088
0.9273420669078494
-0.0846773531499903
-0.9230306071783619
-1.0653884018657054
-0.1745541424940444
-2.1869367393654775
-1.6169110073655291
0.6566490994244237
-0.3805111236833633
0.6116744270613621
-1.0080417058922317
0.5803634135991510
0.9760622383084663
0.4730336446354102
0.2550473446254206
0.0019481282995116
0.5826845360627085
-0.9494373151878021
2.7862996299851028
0.9731603054969820
0.3552055274373584
1.1721502108387400
1.1366511223391704
-1.6286682947007267
0.3373370501039717
-2.1127827043148324
0.9057523465198190
-1.3166124062160296
0.4166257010853554
1.1830798144989558
-2.0663527796856731
-0.9831697418233003
