-0.6257881855115976
-1.7321213635985708
-0.5821682387222302
-0.1642748602606661
-0.4083593342078674
1.4041853403329525
0.4146713589323893
0.8920111052274375
-0.4168948887050793
1.2807462615381831
-1.1547974722950856
-0.4987024544147669
-0.9295472107894472
-0.6415526253095629
0.2490937706578548
1.7857572708678400
0.7970580837874670
-0.1662968090800376
0.7855169662944103
-0.1442592599783072
0.2396076223960240
-0.1241334889680448
1.2102860977990642
-0.4381331878998117
0.6544108152941200
0.4839428232870250
-0.8624121227035781
-0.3579328723378065
0.4159278671294546
1.0730288856897612
0.5211287240343150
0.7695628250271402
0.1611141814146350
1.1778753842182745
-1.5259770140276352
1.0714669068436387
1.1052411873855115
1.0746250795971810
-0.2617616094323559
1.5626050084781542
-0.7099327863518665
-0.4936257366525738
-2.0498287175835319
0.6697696055693239
0.5680461373729668
0.4965823326318037
-0.1174427015385733
-1.6607264044380925
-0.6655264420264181
-0.1674017491880635
-0.3704366323220838
-0.6603602019392283
0.6243746289511291
-0.4686876651607259
-0.9175012514023402
0.0757055582101939
-0.6897090529353748
1.5279268612160979
1.0170925032098270
0.3441892234827391
0.7215471732081939
-0.4757896219780552
-0.8873214826989496
-0.8010990755729906
2.4404831059091920
-1.1066074517383639
-0.3146884856637552
0.9794450134393498
1.1135474687694313
2.4329250803914730
-1.5527836465900939
-0.4473430957332560
-0.3166215058514790
0.0175292159905741
-1.6760613197245697
0.3596779439136080
1.0624613512384851
-0.7726381737699998
-3.0433687626927397
0.8395128634098975
1.2030162728307432
-0.4529443772183708
-0.1361782533111125
-1.5042340874669713
0.1353981864530912
0.4433091973769858
-0.0345149161126810
0.7531869666802222
0.8696980851007169
-0.0488093390243111
1.5824515160602235
-0.1041505197566988
-1.9163468300689410
-0.7684177851155088
1.1373151638712731
0.6044981745502450
-0.6338601617020716
1.2073169554891121
0.1697287415058464
1.2530200837489527
-1.5714476135693631
-2.5394774963243232
-0.3713676650763166
2.4382652135116505
1.3661637317766788
-0.3213124515303161
0.4044414509983790
-0.7063800470021283
-0.2115206970009138
-1.2453985982176641
1.3042008171889534
-0.9246174606764954
0.7238964412477445
0.1624641032852636
-0.3291577034199317
2.1823050430808322
-2.0152459819792705
-1.1944537698532212
-0.6349525030703285
0.3996046889621612
-0.0807769885372586
0.0753915551834053
-0.6645866287259244
-1.2784018401562141
-0.7089982526915868
-0.7243480839892085
0.1506722738521208
0.8691908803596601
0.1817326606504508
0.5191331365120587
1.3698373889091289
-0.4246208816776555
0.8149070009962287
0.8329548061994817
1.5212824127928486
1.3622671806122515
-0.5553086791584853
0.5340364365097783
0.6454263307193179
0.7779133268432901
-0.5204566925903459
0.4464538929226162
-1.0822021015199812
0.0544538755841599
-0.3086169764231723
-1.2296318624038700
1.5229635449160364
-0.0763842225863504
0.8955843964395914
-1.5034609409711350
0.0035746959874181
-0.7210294951333561
-0.7588426646371798
-1.9468490273274972
1.1095259843984691
-0.0011064540787054
-0.2727036186662450
-1.6448507014367082
-0.0492607307009472
-1.1018016465836458
2.5564637642799251
0.4438220565871179
1.0123188587608123
0.3610377473360697
1.2845328342096738
0.0384313896791205
-0.3775113455912422
-0.7705230010321017
0.7171875213922727
1.6636357506003230
0.7787363599978880
-0.6379147935899545
0.7483926210220440
-0.7787631449709436
-0.9325442115423785
0.3699581837460295
-0.9995191219830233
-0.5831134843498900
0.9663982427352706
-1.6886718070682105
-0.2758225559992340
-1.0231407101328978
-0.8709452026945815
1.1086145699650598
-1.2831120179077187
1.3688761437816548
1.6048214192870722
0.7675359993368188
0.7553021793685413
-1.3392988708670281
-0.8212394903863817
0.6092965717646497
-1.6104418495205179
-1.7879739828690959
-2.7622117412623028
0.8817214699882968
1.0044602272040044
0.3300131857043432
-0.3045672165580275
1.0667862094570293
0.8455278182779413
-0.5053840293110603
2.6248463918932812
0.5577776236198801
0.7094592767287122
-0.5941688693713649
0.6238832627940123
0.4345439879090042
0.8349892181508920
-1.5563700648134002
-0.6527959066023779
0.2373383820962320
-1.2011942863905751
0.4444959125974659
0.6117356276884183
0.4947321299502854
-0.4496805066511499
0.8497950265218611
0.2589352984372792
-0.2267525205032771
-1.7420018671603721
-1.5172633727570204
-1.3053922870856751
-0.9166572952421204
0.6886483038388117
-1.2105743069143799
0.3056354131595012
2.5475673086507826
0.7544425396520055
0.2686264972381299
0.6187198855388993
-1.4333598324109207
-0.6059262640069344
-0.0909229908309796
-1.6019531784122094
-0.2857607656427930
-0.4001269596573320
0.7852332586215927
-0.3173371921725189
-0.2585573782075478
1.0629765811718628
0.1146296941603837
1.3437465762656191
-0.0173021472304852
1.0707414655952256
0.6153772066936072
1.0284949351441093
-0.0962383217143601
-0.3313835665796647
-1.7744610350625114
-0.5054240160956456
-0.2053995814097013
1.7589348676426180
-0.7849668967447077
0.7619050895353241
0.0442050990300301
0.5044870371050574
1.4782145772678783
1.1728978740701190
0.0013854798467807
-0.0266793784604604
0.3501627408055234
-0.3774366857784697
-1.2814083016262745
1.0471088544574447
-0.5444471617368509
-1.8053965231945994
-0.1360997366183626
-2.3802540159644030
-1.1504190909028760
-0.2864640634955528
-0.4922418417158576
1.2546511445879940
-1.4335134291435667
-0.8495681643144725
0.7314430561654878
0.2480606494297269
1.0539946592363278
-0.7255147028629453
0.2172537506143143
0.7756134437326683
1.5254425160152218
0.2391278818434302
0.7983210356005238
-1.3340855993161043
-0.4204108616862009
-0.5171016766787913
-0.3699220216634208
0.5679403256663582
-1.2800319808648997
0.8877583856618598
0.1762270649008692
-1.0768644070976674
1.1480160861336017
-0.9811078242858262
0.4773062393793226
-0.0347297218420440
-1.1491954473303501
-0.3156159432536712
0.4337715943461107
0.0170972475150238
0.0191965913930350
0.3741813018483611
-2.0621700938529135
2.1997226134660561
0.5280789150688254
-0.3081530272039013
-1.4857678594281039
0.8466094874970774
-0.6357086905691550
1.8459726699949155
-0.0071401614495209
0.4745534269133729
0.9964329119491716
0.0123161610071810
-0.3048322091360727
0.4755183661365518
0.0596998017708395
0.3034016454309719
-0.0198529908334686
-0.7741208224567514
-1.2648783304988775
0.3023607009049433
0.1043792822225846
1.6317652950837642
0.5446863267460451
-0.1701335244831940
1.2212746397070977
1.3394323589697668
1.0138606799232739
-1.3227965376029429
0.6647684996111469
1.8859387460749701
0.2870156670024466
-0.4578669600352851
-1.3476953738287820
0.2186808403819987
0.6481382591191625
-0.1606762880466477
-0.8219483508445368
1.1062137047554934
-0.0119764225072338
-0.2758077547046107
0.7956201962843098
2.0043872767279955
-0.7409315331485774
1.3969422449321087
-0.1755827229137202
0.3169789246330388
-1.0677056824711568
0.0950923559037063
1.6228134652032278
0.3970498365247856
0.2915966433619781
-0.5485001304401104
-0.1708831299891448
0.7514661175811747
0.8858891406619334
-0.0414645350632713
-1.0225873604844309
-0.2411555063329496
-1.3981455693156055
-0.9802176304489292
0.0078403909796796
0.6605684906593365
-0.4210019720727811
-0.2276404392778233
-1.0103627003951559
-0.5707456386108587
-2.0935077593453939
-0.9610782307656199
-1.3586496361430933
-0.9205037398477370
1.5495487734298792
-1.0758341477420907
-2.0445739690953095
0.1969250868872285
-0.4219790389393987
-2.4381936663288846
0.3696223214625154
-0.2076832261121789
-0.4918339505050379
-0.1628296927118814
1.3005532493272469
-1.1996354186951945
-0.6384883688451883
0.7042297962368715
1.7059487199419641
-0.9551478182592614
0.5840485825740015
-0.5063471949313603
0.0478073194662167
0.0004133031705284
-0.2104203331655038
-2.0499148670738818
1.5302265747507773
0.0009181500413352
0.2554632350098029
-0.9517710380414319
-0.1570015619480857
-1.6485537292703671
-2.0385929346201808
1.0668374360294048
-1.1519654867998317
1.0871725388126294
0.3348384678843758
-0.3854489311303124
2.5422422370157269
0.4427426784050499
0.0454034830335468
1.7382970665103989
0.2020946359874748
1.3130921824431430
-1.7410167059918371
0.0998851186404799
0.5099016553347365
-2.6946474917047878
2.9367407661711429
1.6488979215028301
1.0922916855550286
0.9406692913284169
-0.7469361371192366
-0.2809097479475766
-0.3423298327699159
-0.6520184816997601
-0.3028454458953581
-0.3903706950562230
-0.5486161256311272
1.8979697393731443
-1.1496267031615706
0.2784950475669320
-1.9416218734618005
-0.2972304142016527
-1.6181630758255083
0.2068951982444259
1.5622241051273715
-2.3129428100840395
-0.7716750435378216
-0.6930209843462585
0.8834784176910569
1.9302664342553288
0.2580782851958388
0.3420199258624280
0.0277098456147637
0.9979890749660384
-1.0347292093402636
-0.6313520045209684
-1.8702779211471474
0.7971312551305556
0.8573928225227544
0.4293164692219643
-1.4665302757185017
-0.9598749067954820
-0.4006523179185525
0.3033700321923626
0.0499055219064433
-2.2040983190996419
0.0588537660343113
1.2416232861650405
0.3134867280402657
1.4137142334222574
-0.0851261632549607
-1.0217291594794684
0.4158994874172215
0.1481264925994952
-0.3096735459942616
2.1508626219942446
-0.4749823181899462
0.1543525724440236
-0.7747307332639625
0.6895337555922090
-0.9701670850203026
1.2547545414357850
-0.6255127417506131
0.1747288160072888
2.0044030283424568
0.9997828831994277
0.7553187324993453
-0.7421600812408136
0.0701836729607017
0.8983380272642177
-0.9541039870963833
-0.3312055609643301
0.0529377292614478
-0.5601636609975824
-1.5213954614420386
-0.2245874989952833
-0.0419409879555937
-0.8443804779253692
-0.7760445809152550
0.7211788300609139
0.8381999754451716
-0.8889187646364118
1.2814560356194877
-0.4775486946063345
-0.6271951665131986
0.7658882576995423
0.8059999793827461
0.8620300134511378
0.9120976282785733
0.9707344526495277
1.4411734194564214
-0.6674123737936629
-0.1151093550744370
-0.4671986262763151
-1.5986715481567910
-0.0820662122180761
-0.0294873374330948
0.1513475521566995
-2.0115821065766446
1.1935293887916045
-0.5935916075972597
-1.3566283111674573
0.1840744415398308
0.0530237341794942
1.5520523366346772
-0.1559204457445958
-0.2446689239647999
0.2564182035105871
1.0623932108938006
-0.1364976427133218
-2.2417096780470174
-0.6819854607056910
-1.1970482256911603
-1.4697162635428873
-0.8437272819506533
-0.1642696100855585
-1.9460481793894340
-1.1684193501020543
0.7618636926599964
-0.5692717981079718
-0.4249200320966552
-0.8273243872990917
1.5327461689290300
0.6270318135250517
0.5122868383659583
-0.4465377065109049
0.9360698045987765
0.3335992643336075
-0.5360369624195996
1.7206075293591103
0.2805912477752036
0.8745712714419006
0.1648170731775608
-0.3490720208882817
0.1951378775495777
-1.1547102227372852
-0.0319051173243065
0.2165217411907825
0.3882072043897257
0.2469486629810997
-2.0281695980902659
-0.4909701207514147
-0.8117787336679517
-1.3009277893232765
0.6019169077123974
0.7256016378114106
-1.5250130904035144
0.1962066421539070
2.1786715955719562
-0.5865786713325416
-1.2537434811974997
-1.4639510447137014
-0.9325358381912683
-1.6190387083535047
1.0830937720401126
-0.6848202466610470
-0.9696036533394815
-0.7161082384312911
0.4793441266000146
-0.1080157282405911
1.2841513422454931
0.2789034178551495
-0.0172008167340846
0.0193283508066061
-0.3317841369390646
0.8774320718787416
0.2588289308445318
1.7328341267509890
-3.0984873954583914
0.1942325511044190
-1.2978634280872556
-0.2338850690452539
0.4007965166162474
-0.7479853662275391
2.2778749096598534
0.6849620280827465
-0.8575924853174846
-0.6604418560610034
0.6057561884466807
0.0142246153005854
0.5190032011194060
0.3739903207390717
0.0859168349115452
-0.9766437729620048
-2.9178897301948483
1.2845803115770940
-0.4016805586553000
1.5566771885566046
1.6642704877995285
0.2416730545464028
-1.2376097112541002
0.2054534613887332
1.7069438583757186
-0.0390019535073250
0.2778150111359720
0.3995800729213576
1.0339431398300494
0.8445580711209447
-0.2736916229645852
-1.2472388371369110
-1.2054390397027217
1.7439665685679693
-0.2378409846973134
0.9327517242577246
-0.2220224913564442
1.3636415420985069
-0.6101342807322434
1.4624869669233855
-1.9495870501107169
0.7174852331431065
2.0819039658831704
-0.5740949454798843
0.5188745499035614
-1.1948749594882777
-0.5771812641896711
0.9696665388537381
-0.6102899674583817
-0.5290194262121326
1.1518973126099845
0.6863921715582656
0.3745619393997820
0.8401803395099250
0.1202872803102952
0.6014813998524116
-0.7820778865716405
-0.2222191596501759
0.2381918740369272
0.7570709260903468
0.8505681925993001
-1.7126479211032835
0.4621886416180565
-0.1428939078291059
1.1953963254010218
-1.1408702882855914
-0.3859566845262338
-0.8973320708891609
-0.3739583177565310
0.2317521982340242
-0.7647911778341347
-0.6320004714297393
-2.0306427740978799
0.3137368337796149
0.0857868067085125
-2.5938965303232275
0.7844236518694894
1.1855706470456071
-0.0524442682888142
-1.1201396250317814
0.3076043995797480
-2.5123787264348381
-1.3307562926523067
-0.4137340170963029
0.9615397908804340
0.4020883600545648
0.6887791034954150
-0.2713366280676168
-0.8908810696892838
-0.3264725474040833
-0.2189948295227376
-0.5654621524703177
0.0266982048887138
-0.0052595459485394
-1.2669210082565989
-0.0843049494947279
0.8143713097437064
1.4511903789212881
-1.2058833449495758
-1.4963303312137597
1.1867129189557908
0.1701041073306442
-0.7246251489930573
1.9271980304201446
-0.4936462693190752
0.5726483780879479
1.3842221909629702
0.5711241150315327
1.7423789643211640
-0.2362926145411687
-0.5190664554439048
1.1028618788579452
0.6681622450998778
1.9399751822676985
1.5664640008270572
-0.9196879949654391
-1.2118534048974132
-0.2114918969810994
-1.2346780865191871
-0.4373741581854165
1.2325913935981736
-0.7671708419419869
-0.8496363462057573
-0.2524123244133085
1.1715165778322625
-2.2953848648909836
-0.7849365608093644
-0.1827199815551879
0.3251970740155448
0.6256084719872611
-0.0356686611128114
1.1487537319193071
1.3671787386768202
-0.0206818289738031
0.7281122075244072
0.2638692904301749
1.3537164031078641
0.5271736269346916
-0.4984598637475088
0.4910797002892633
-0.1634241885452157
0.8554827106883738
-1.3811247525108352
-0.3994704489384492
1.4949559956615359
-0.8346309464020523
0.3076754453408890
-0.2629739252118992
-0.4246125376992190
0.0228983588894257
0.1991661906826144
1.1932268249998661
0.6650278777659140
-1.2233159300612548
1.1869385561967138
-1.4432894349420065
1.0159463186550723
2.0834807024519568
-0.3981483903934441
0.4764367093191143
0.1200213391390484
1.0257522286469658
0.2561816455379706
-0.9148634698999850
-0.2811339642232268
0.5504171072018289
1.5869490753517730
0.5897622231027728
-1.6078225800408179
0.5298837176866757
-0.0168156976357950
0.8703215992582501
1.6733474786724973
0.1482972916413114
-1.7894767344294107
1.1788518764365317
-0.7137243368608392
-0.2893752147188163
-1.1854169156855074
-0.2889048027466428
0.3939681051835808
-0.1261521995822437
1.8490928887112386
-0.2113940181427540
-0.3248255433524393
-0.5182488627221745
-0.9447040560336244
-0.3759676800710849
0.5847504018068156
-0.3585078876344087
1.0167511232627238
1.4970220913742514
-0.3747004065551067
-0.1063002126486419
-0.5075950390666903
-0.2015325387911463
0.1020483800534887
-0.3683617857987251
-1.7666491280272989
-0.4460756395519869
-0.1520250861970841
1.1276926593112364
0.1698990929736809
-0.9958466602293595
0.3621030007376466
-0.5692217594358993
1.3236373473753329
0.6286912935286467
-0.7377104667967458
1.5450742779925204
0.7571984931937205
0.7308893003376830
0.9337005081010213
-0.6880013939664275
-0.3345613138485909
-0.2371589833599067
-1.0287915355675989
0.6229600619795014
0.7256169620651327
-0.4974489301031509
-0.1484911266705513
-1.7554858313162316
0.8406962414331016
0.5786522869207881
0.2220062302672124
0.0692760138700526
-2.6031004876086739
-0.0325341603067830
0.0666322379272291
-0.3479321507942758
2.6235182084845192
0.7008114311272738
0.1335869315314808
-0.5431251968670090
0.4959488392756409
-0.9879188409729357
0.1029738993893786
2.3757164345360038
-1.2943777006655244
0.6747190011804848
0.5631735879571893
2.1336949231896498
-0.5261348636369529
0.9770036053826316
0.0565192662979393
-0.5347197175825326
-0.0380364928275753
-0.8318136955370554
2.1878161546481496
1.1887567632194977
0.2957562295385802
1.1062974992617656
0.1302871580403788
-0.7277396113003579
-1.0213671317837647
1.3684490586687126
0.6310364100723171
-1.7995890490231523
0.8484432629860714
1.2318749907036672
-1.0067930736581825
0.7920311133771305
-1.0360794339518393
-0.0147862610979956
0.8280441350089044
-1.7233916477545199
0.5428355190378753
-0.0631923876553743
-1.1351933385135882
-1.0622425528475958
0.6488262352620645
0.2788109782655926
-0.5438005868853619
1.0006483699583995
0.0752233849742295
0.3654977090487320
-1.2261811565905820
-0.9298077905823356
-1.6030285291999484
0.2432717081711344
2.7553738082542920
1.5501021353856084
0.0780971750779566
-0.4339027246327561
1.1206605969147083
-1.2921273382290188
1.3687241339993641
1.0802326390272061
0.4779274066271401
-0.4508273422164762
-0.5549052483576123
0.1202722253451162
-0.8144073843015247
2.7472370024139905
-1.7559175305544750
-0.7746124461939956
-0.1232803804293406
1.0070631145771871
0.9934949300790133
-0.7513992505046337
0.3620547929828258
-1.6950167583627722
0.1831132004981008
-1.6076600098294740
-1.0193893273641510
0.4649996183962750
-0.5908694919893601
0.2898408870878224
1.1641258113642436
0.4931830344420082
0.1194968445847064
0.6779990486608928
0.2429323432940325
-1.4932570178464284
0.5975867351524009
1.2062278461640505
-0.6202016266098875
0.9480205830356223
0.6643517305731111
0.5510844415654393
-0.5369867720114291
-0.7792276697803380
-0.6225545898262149
-0.3591886588818368
-0.6709385564420588
-1.7923515937273584
-2.6474969441156020
0.6997255528832673
-0.5085563987465707
-0.3351319947306039
-0.9088055078402684
1.0430596655837416
-0.1382747466952088
-1.2619923791084036
-1.1096926373750675
0.0152276603615044
-0.1184833788844038
0.2508509751614377
1.4215347428235898
-0.1688214763546100
-2.0156963197608864
0.5370489956740625
-1.8046147083810005
1.0087332238336730
0.2149356682420486
-0.5098374168015561
-2.5849184686053897
0.3862369718918356
1.2552834956138530
1.4493795246190755
-1.6380893001491954
1.3254647713373058
-1.2028677504717220
1.4225195482580000
-0.0442704617817374
0.6846340843980269
0.6797506806158085
0.9144571469335439
-1.0966835890192002
0.0103844034255683
-1.6610025852450441
1.2072783781511518
0.6716296786014413
0.3228381967352169
-1.0716087184564771
0.2035896792623532
1.3220032852864481
0.1600929203571833
1.2544033466128801
-0.6958103392871313
-1.5716048340804329
0.7326406721846311
-1.1063051551476017
0.0206348579895823
2.2272721888366358
-0.0563838958080672
-0.8769112351484002
-1.5554346583078449
0.2935238736469894
1.3386779669273470
-0.4088781129074532
-0.3134796420635972
0.2071765020121162
1.1499481006883976
0.0752944038458014
-1.3813290351164744
2.1620038810148543
0.0142523603339269
0.0438010646238755
0.9134887595041468
0.6968547497387947
-3.1827139350336155
-0.2339762884090877
-0.2383960160946451
0.2124332958521254
-0.0308131844940053
-0.2980632735057478
-0.0131786741125558
-0.6770153446947824
0.3314472601967998
1.1732898164945196
0.7448038763101386
-0.7701164564416638
-0.2918236060097525
0.6268250219376867
0.4181404545164934
0.4620105999620804
0.9099325962950143
0.1583933060549338
-0.8363261125446120
-0.0634092942649083
0.6904763698341593
-0.3302445911512386
-0.2281886842487751
-1.7548094185997332
0.7860295727442923
1.0861583803467139
0.0268312168533327
-0.2654413617855986
0.0558695212926716
-0.7795914069246788
