-3.2699867129491405
-4.8576453366883232
-0.8837799551600964
0.7882423142193394
2.9225050641760366
-0.5689799800930616
-2.0875851162161343
-4.8949398445084489
-1.3609644193386163
-1.8805795738944855
2.7914994323972007
0.3948557453531786
-3.7070128949682153
-1.8427047242092489
2.9814201777486686
0.7343833348394697
-3.3111575455194244
-1.9322912898530258
6.3095726245382826
0.8076187455301939
0.7119444721500299
-0.6793832812849260
4.2420337393710321
-2.9601922003686880
3.7750671120152535
0.2560117309915025
0.3007483591355071
3.7158934717755621
-2.0694692578569733
-0.7373647876565385
-0.6636974251764914
-3.7111864564622548
-1.9603303979153550
1.6977587189856527
-3.2527155691652010
-1.2429421596361629
-0.9288057745713202
-3.0514117439922335
-0.2566808387571017
-1.4579211178348945
1.7370106518343715
3.3396709681121370
-2.1096680397162131
-3.6350598221935564
-3.9601237457608267
0.6408826449782439
-2.6201912929187876
4.6453149017487227
-1.6344564829917085
-0.6642568991202080
-0.3383339598083367
-0.9874607913763936
4.8829068242775069
4.6283515124199566
-1.1798842904183000
-1.6140331863632444
-1.1664140597293076
4.6148940200575357
-2.0611954237329289
-1.2271843276500307
-2.9476729592959647
2.4366420865246150
0.3055339969507572
0.2604347551677930
3.4093374047081224
-0.4022403721408285
-0.7383285800860744
-2.8360073592440869
-2.8116280442857420
-2.7097631222968031
0.4059840557142788
1.9920152008497836
0.6034432473644169
-0.4050442194078027
-2.0531376118207882
-1.7696550157106630
-0.7516710994362137
-0.1134556935466403
-1.4802185598566189
-0.5430688903941949
-0.5672206469888768
-2.8786397450049948
-5.8436043873871988
0.0884201580665541
1.1644312023976693
-0.1691073958445022
-1.3328719665152620
-1.8307794442340093
-3.7694529880884224
-5.9530900405595846
-2.1630898809776893
-3.5833060048420533
0.3331520919407727
2.0462540432204595
-0.0467261475664527
-4.0842511440089257
-0.2583494797123325
-1.8085563936378770
-3.4537659833780729
-6.9486453323444213
-4.4877014776366639
-0.9922217392146803
-3.6880367196330228
-4.0338760879254343
-3.0564116983698826
-1.8016209011082789
-3.1888976939983058
-0.0743280357141653
-6.8259124548442580
-3.5115681654591611
6.7095664973982707
-1.3561617281918179
4.4445949927789039
-1.6747230659645869
-8.0606411266663081
-4.6044570053236038
-0.1191946372217161
0.1482324824221297
-4.4223130049781272
0.3190416209338465
-5.5488833321664028
-4.4676668315806278
-3.8002981280426695
-0.7583151217389031
-6.5707026867398106
-5.3404848363319877
-2.3737873795544973
-3.3269374321982350
-2.3457314016089033
-0.3190072021503742
-2.9754368351126401
2.9424767842149855
-5.4585102993933639
-5.6101776429607826
-2.1202504586382074
1.1348917779337713
-1.9929718187211107
1.6836724127117746
-0.4284017706380467
3.3997049030583764
-0.3895309345570919
-2.9556035707756130
-0.3011976091738977
-3.5154262980449182
-3.5865817396453079
-1.5503926815023081
1.8629326026771542
-2.4158678662951858
2.7669572749141160
-3.6301303818137076
-2.1251065895416383
-1.3174131998800240
3.4010667024799033
-1.6588824977556242
0.1906155186165439
-0.8271263191680840
-1.9514850053678774
4.1791890026621932
2.8777048904889795
2.6676103915553622
-4.3187133087146838
0.8759661304921325
-1.5920243371294369
-6.0983194265735099
-4.4166198640389362
-5.7177467140588396
-2.1047983765469671
5.0051172684953853
-0.5711139622857268
0.4761051279116621
4.6947159554699915
-0.9132719518460204
1.9145952482426618
-0.7005338772536414
-1.6747591328363454
-3.0763827380385731
-0.4880386320387821
2.3914525876484842
-1.4288545598521893
-5.7158132004825450
-2.7878615923439818
-3.0830924446132144
-0.7944365264649772
-4.3455565640140259
-1.8808087530698885
1.8499522209100923
-1.1303549517062286
-5.4634228458665799
-0.7121179301081180
0.1926715330408505
-0.1396796968450719
-3.1249257700256035
0.1018327167519268
2.5113763689448469
-2.4831510687401126
2.0175823025417055
-1.8363772824440920
-2.8455768299337429
-0.4129276319841156
-3.7038332133902978
1.9909028993678657
0.3907346677271404
-0.4983141185126624
-3.4301905345398831
3.6555808360659294
-1.4154971597922554
0.3164938786159935
-7.2955819910458253
3.3610768198388361
4.7641411152463684
-0.9788621095652886
5.9954600035883709
-3.0761419190654400
1.3675435062235743
-1.5814195525417061
-4.1328419367535947
1.0747028141152231
0.2850817148055170
-0.9847450381626565
2.4166397983515862
-1.1713864640774048
3.6469565971981552
2.0478336073415764
-6.8058534707983842
-1.9426790855506926
-1.0973869746249789
-0.0015584260411636
4.6645765243393225
5.3284016480405239
5.2839249014474445
-2.4072784473855595
-3.8492108887888179
-0.8414563121051213
-3.4451669334152215
-2.9774864860639929
-2.1554230495077578
-1.5303865754393833
-1.0986794487304918
0.7411384837731688
-2.7462026447913575
-1.2991533990616160
0.3583965944958794
-0.6398554315031327
0.4755692920068853
0.1853605218559524
0.4949932651554542
-3.6012870248802424
-0.6114106786390220
-2.1215034180135603
-0.6269273357426544
0.1106375396878189
-0.1194407150256217
0.5287271798853588
2.2031988189455527
-2.4305071155287394
-2.6248148132228497
-2.8062008813583934
-6.6208243303736820
-0.2161425571002978
-1.2797359392246368
-0.3964707199679280
0.7077394271680797
0.4622392052416291
1.7778128268302436
-3.8292215290314786
-2.4477227926818625
0.0320291625520645
1.0511257954905027
2.8341835875779275
-5.0035830842382438
-2.2996617112690694
-4.0568715757243003
5.0032609416857259
-4.7922930676452706
-2.3998421771652607
-0.4829642020685094
0.2159987926600120
-2.2555868029858455
-1.2291726321268559
-1.2987359887231580
-0.2041366320887687
-1.0139780888196537
-1.3236461527460222
-2.0431058797747852
-0.8964702798625087
-2.2591653378363334
0.2760336218682476
-0.5286177722251502
1.8173560424313080
2.5652731727997380
-0.1066939317491292
-1.5498424636842403
0.5324261866698299
-2.7218906649061472
-1.1560601040696281
-2.0661929758847575
-2.3148691849939520
-3.3315841423041284
0.9082299387712375
-2.6705053559988925
-0.5453626912819536
-1.7975022259038549
-1.6905772240935535
-0.2013240475058855
6.7776091637395615
-4.5907084028867189
-1.4413025572305052
-2.7956743654871512
1.5239427513492534
-1.6240659557025983
2.1412777072345630
6.2745427027557739
-4.8322863265443283
-1.4770165268431616
-0.0240393799389442
-3.6303432756620202
0.6682630850125412
-7.0423989255582216
-1.9786108221242895
-3.5261992359369332
-0.3899302459230448
5.5067009936808855
-3.4842914663213271
3.6304964601231378
0.3886086485720087
-7.6326731514737984
-1.9645214512869713
-2.6768390876799821
-4.7632797947532000
-7.4060581140991051
0.4065213136873581
-4.0166068378636393
0.0691517296612333
-1.4736147259353958
-3.7673254699708600
0.1446781887155943
-5.2688787323576332
-0.3403433013964479
-4.1266163380333367
-0.0441425186901619
-2.1774556154966787
-7.2201140908584955
-2.1963836298628276
-0.1654208412300145
-1.6762611215517502
-3.0392909564461479
-6.6387061546981423
-0.3543470968164578
3.2369170393900690
-1.6304811062855458
1.6699035071746440
-1.2635496256430843
-2.6902817503173595
-0.0964445006668632
-5.0487463733020705
-5.1094072032999485
-1.7704884996443955
3.3314184323097980
-1.2989942739842821
-4.4730119496305072
0.3478533970318631
-0.1665421323718010
0.5536624174063011
-1.0942088297484209
9.4428071860743614
-4.0844312525059010
0.7985186560478241
-2.6800571378056972
-0.8721854595254890
-1.5333740533017781
0.1221807998353402
-4.5171526499201606
2.4711547358733434
0.0376829065676039
-0.3421321094287589
-1.8870972805739799
-2.0840021582621642
-2.2515383892298986
-2.1041402986914313
-0.1651124833701139
-4.9020367814782624
-4.7418559667732278
-1.0434599752193514
-5.8956850826248539
-7.8246418931343875
6.7694719925358156
2.2018175967642111
-2.3913865874263505
1.8794884604431026
-1.4380191071787707
0.0419540844845348
-5.5709004583341111
-3.1176397149173409
-5.8050429768255993
0.3915209950181499
6.4151214997593753
3.3509573363115637
2.5044045339481169
2.4886156917327149
-3.7633037836454650
-8.0256199451555492
-3.8476609128626276
3.6934109643679620
-0.6641481806985482
-1.6992224968677780
-1.7167997562158903
-2.5396124603170884
6.0203081926817550
-2.5588145375314744
0.1185929408683211
-7.0200303728856799
-5.9467366419600012
-2.3579988640393581
-1.0054784142411695
-5.4846261005166133
-4.1790929426590262
-1.3890895918708064
-0.0885427499634200
2.8754008830067677
-2.2058089853898379
0.1991915523897061
-0.0286596936347570
-3.0929486024651753
0.1997663313228706
-0.1615273265827570
1.4228115583391148
-3.7515758863956585
-1.3097586844990590
-1.7474501833884146
-0.5270521404050573
0.1392717212761544
-2.5497540261582992
-2.2148121708112805
-1.7520660799114482
-4.9093857023666043
-3.7240034762013048
-2.6690777866246784
0.5540569796094257
-2.5907181999270348
6.3802740722039797
3.9765696238790866
-2.8644869116140725
1.3835480747297018
5.0743632068227242
-1.8225969494419048
2.1110204571966853
-5.6118616151535896
-0.4272682790301565
2.7253201918250474
-3.3881391426968177
-0.6400251961207489
-1.6964485749788110
0.1924586279974422
-6.2201575492445516
-0.5498280550039905
-4.7047360341440800
3.5356093487834395
-2.2006271425256001
-1.7093473391828142
-1.2578074746289392
-7.8814702909821124
4.3125517256537300
-5.8034911417778083
-5.4580211129186980
-4.0493280173499517
-7.3409921397166169
-5.6888993475121588
-2.0052681855024943
-3.4527515437762761
-2.8125483245078060
-1.4999460752830844
-1.0855899681234373
-1.2974026396802720
-1.7031600868910155
3.0913732566530530
-1.1909629660209990
-3.2957638125812694
0.9647139398944051
0.8425277820617620
-1.0423669588220514
-1.7866916224086273
-5.7473034749211243
-2.4914648532496542
-0.0373885621303870
-2.7931870158659220
2.8047001294730594
1.3573319549956828
-4.3986678595032931
0.3268990785960452
-3.7631770962451072
0.4344819058729361
-2.8036153344250980
-2.8381241767368692
-4.3040498261941238
-3.8768499372641814
-2.1103207673971092
3.9583352548970980
-1.9002727972941087
-4.8921303246126344
-3.2262893348739907
-7.1394615782481585
-6.0323994923215247
-4.4340082046224341
-4.9723224716219327
0.9377239607605853
-3.7789329470378008
-1.9439790430499604
2.8534548162954350
-0.7781640113241023
-3.5766185600197038
-7.1884567376743735
-2.5174912375397680
-1.9402947181173127
-2.9500987656872666
-1.8442524045900635
1.7598616948243204
-1.1136985553321259
0.2542546097268188
4.1474132686148240
-3.0546685297670471
-3.0220512771670869
4.4801129783130129
3.7147100052539783
3.6328910648598347
2.5571001879619391
0.3950339145171380
2.5418192572093603
3.5523295425485970
2.0409485376765102
-2.2473004949314550
-2.7440158862517299
-3.3306552314512667
-4.5445216248974134
-1.2493145041915656
-1.1584703897136848
-0.8383000475757806
-2.6580441977843048
-0.5336397543700249
-2.5945423703908324
-1.6117372089574207
-3.8251128237788561
1.2749327236709425
-5.4093949055289059
-2.7732150149467722
-3.3431576014487421
-2.4560316870195367
-3.7652566668671157
-4.6127848478019597
-0.3228956929120185
-0.0402371603131909
-2.7799277458024929
-1.4040434558710535
-1.6284056050628999
1.0039581115127842
0.0464457638937434
-4.7069636333828662
2.1919461011009460
-3.5522436575106062
-2.1103057922255313
-3.4152451067848202
0.4130730193008476
-1.1915593279904590
-2.7511870527815656
-1.4078302958874394
-5.0457752608976749
-0.6814544565533561
-0.7930376183966066
6.5568583429398544
-4.2615374744444434
0.4237507436175606
-1.3806529549808579
-0.5000660252364987
-1.1713559655691816
-0.2710342799832327
-3.2717110979429531
-2.0283257611098011
-10.6289240767493798
0.6156389493918912
-7.2240051672213177
-1.1385349081423288
-3.6474996548602578
0.7356841656764220
-1.9931744476455540
0.9082348001390759
0.5998933538758362
4.3117733916389192
-0.8515372638133435
1.3565232712239674
-2.6592604316973407
-1.9165897029171475
-4.8343558718947524
2.4122773299918863
-2.9483298600897143
-2.5706134937872092
0.3674174686951757
-3.8675806470296226
-2.3531543397089671
-7.7490628742912424
-0.8574430732337571
-2.6367133795750499
0.5976448770134505
0.1923478726709777
-2.4538598139652064
-0.6656935107973322
-1.9915217571989947
2.2568131812513359
1.3470295576676961
2.9180982480504611
-5.8202316787399395
1.8740030738531819
-3.7713777928699637
0.1133482367506239
-4.2148285580408373
-1.5653686184822728
4.7274266284116706
-3.4129663809216271
-5.1806589685361359
-2.5746447968393387
-3.4683594541355598
-0.9000225701046002
2.8829618330368234
-1.8787439843253162
-4.1943565658898692
-2.1456308706243346
-4.6625841557051020
-4.3906030612496183
0.1164640586208310
-0.3693212006397759
2.0467562005938191
-2.2188545238539059
-2.9650258428222664
3.6779767906915009
-0.5331098148803670
-2.7199270954165855
2.0869106759637268
0.7744154535556989
0.0376857009976986
0.9482244267918043
0.7222134819679561
-3.6428587144312217
-0.8218620769331995
-1.1787580507093534
-5.0394180066686829
-0.5208719884517393
-3.3172349918244861
-1.3379002857331237
-0.1802702694425483
-2.0123804360341886
-4.8221627328286303
-1.5371709398315303
1.2171903619973263
-3.4600873653652573
-1.5591579851339386
-2.1973996985773363
-0.0769185781510623
0.3442752879220830
4.5132424761176395
-5.3580390677865219
3.5342429670740350
-2.7777648274184954
-2.4585111906684949
0.3704123610115030
-0.5573087948610402
0.0255843239599177
0.0984094969613800
-0.3696746119478994
0.5676720284321888
-2.3876403544304590
-4.5274985346346659
-0.8609141806838547
-0.5049895364272533
-1.7138446418813846
0.4121907295732785
-0.5909207561401115
-2.0417641475243888
-0.4688599479898702
1.4525095299076400
-0.9864211917373260
-0.9684953620286134
-1.1551083482887787
-0.3921655871802547
-1.8958624025175181
-2.9952297003577266
-0.1780459516838402
-3.3680734930920857
-2.1340506745470647
-0.1052312597548181
-0.5884376435267784
-4.2451349405083878
-5.4708689143464655
-1.3328129767533881
-2.8963318701764749
-2.1112732375787733
-3.1606231053991429
-5.6272045317121089
0.0323397792556797
-0.8040315190734815
-5.9361800684207244
-8.4254476535602070
2.4191838181282859
-2.3565764554838897
-0.8875034416383618
11.1808830594768782
0.4169297586000969
-4.3639681169237772
-1.1622223749712879
3.6978633270574592
-7.5487429002784925
-5.5987801278360898
-0.6899910935788217
0.3873242928607487
-7.6468124696859565
-2.1531116884786270
2.3022228941510949
0.1644957636537518
-0.6507274782261943
-7.1217450469532020
-3.7907354669218964
1.2790500798390401
-0.5867566912879969
0.5681901908530380
-3.4865092773204305
7.3496348524308894
-0.0820357689986330
-0.4107743182415790
-1.8825047676567304
0.8784651922431455
-7.7430726909463985
-0.9663170857485429
-1.7656405805547217
-1.5994779145631226
-0.9066720437654072
-3.1430271031633521
-0.5241322081495139
-0.8752745017200161
1.4270452482156624
2.8600863247089734
-1.2572467695003773
0.3538161209618081
-1.4192889839005582
-0.0635824035332048
3.2738113951283263
-0.5181501049807967
2.5588959666108200
-3.8917523405412355
-3.0421415063673409
-0.2565105425881303
-5.8153196542050125
-3.9932959967479889
-1.4522140987534715
-1.1020676514677179
5.5116249381284517
-0.2913119839085682
-1.6489427378088128
-1.7201286870416008
-6.1385048830939413
5.3207736399138827
-1.3253781958445079
-0.0049791664607768
-3.4468699397243641
-2.0307570374505270
-4.7263742336294436
3.1544783375805001
-2.6577122432077251
-4.6306777799806857
1.2046665549072859
-5.3145214214205527
2.3027043640609368
-1.3845907620433215
-1.0333961168122852
-0.9422882721449778
0.4542802329633471
-0.7915507616138602
3.7564711414561303
0.5754782000467895
-2.6355989803425022
-0.7800860092215509
0.2681713669290587
-1.0173855697410983
1.3939602910759705
-3.6302289485934538
-1.8723666703726072
-1.3437404440689853
-0.1645854033132337
0.7916055779477771
-1.5759195808695925
1.5452082159268481
-1.5501577866254668
2.1719249580366884
-4.0303305662868034
-0.0766012657540806
-2.1998987246447603
-2.5433646092746600
3.8556800459007565
0.4226034828368609
-4.0286853827896545
4.0585024110922472
-1.8137603856619406
-0.9515163547474115
0.0088288311305537
-1.2763658756582772
-0.9897198406068141
-1.4450894589419467
-0.4528111187539428
1.3594978214229947
1.0841273873627972
-1.8845069141821231
-2.9928393700299707
2.5900532677784809
3.1628082673455089
-3.2625187003336871
-0.7764603363645575
-3.0384848663653705
-2.5294794884074463
0.1493240175622866
-2.8621287339498589
-0.5410739395871503
-6.6405164478267054
-1.0594395738556635
7.8347162499746288
-5.4688610248669294
-4.6151281451739656
-0.9737527377056157
-1.7560390328633315
-5.4951060802515235
-2.2182066935080362
0.4001578308473520
-2.1274068300984852
-5.4056631134293038
0.4280044329637152
-5.2529133722206609
-0.6231295172583180
-1.8898754650481493
-1.2024978142238434
-0.1221123265921048
-6.4459093417451898
-3.6973801197872094
3.3927964694847441
-0.4116667175723406
-0.1774276356428340
-1.2017887968488223
-0.2421142050919909
-8.9653078674510187
-9.4663712918792235
-1.4902488217227250
-0.7282371872431120
4.4533051196509286
-5.5966379187168283
0.0910446574420662
0.7694383069737101
-4.5122892303080233
1.1445020610496259
6.1058094087911670
1.8231613480120816
-1.1460513790755673
1.7980917273040180
-1.8806439961913621
0.3623307429294467
-1.5924139258539318
-0.0173102733999610
-0.3000303612505424
0.6036594730908651
-0.2352910159368754
0.5877317156378656
-3.0795652331041836
-4.1972095397443772
0.1066197834490334
-0.7689250901369165
-1.6815056255646248
-2.4163731525583168
-3.7348316661830059
-4.2187646904458163
-0.3821764453894362
-2.4270531540661198
-2.0740958270877621
-1.3392608295751869
-3.9725481685661506
-1.6057246416425721
-2.8483469111795863
-0.6171431146840113
-1.3360740301366389
3.4753652209090413
0.3967478789227494
0.5911987133131815
-1.6858541322239964
0.2869326277930153
-0.8469012848890345
-2.2955850400654620
-3.6189405960353604
-5.5530500716430726
-2.3127399477934625
6.1428799810198660
-2.3315950268003434
-3.1074436480875876
-0.7239165260513422
-2.6106536897112704
-3.1621163032889501
-0.6747438524791083
-0.0880687889988484
-1.6954291971807627
-3.8881354647415787
-6.2925855494348548
0.7972641602436759
1.5677064538305376
-1.2276025916565274
-2.9645317430035130
0.1588574592045932
-0.2154384003475969
-0.8909227833582506
0.3163086718097106
3.2675189714129256
-2.5118823404633148
-1.8925362408081741
0.6426910543567681
7.9094906593106877
-3.0999429339229478
-5.1876984918272129
-1.3230346377209379
-4.5894903291493687
-0.1360135001159702
0.6016156847932352
-1.5684612797678859
-3.0094973993222611
-0.7533488652693262
-0.0800005072980744
-1.2700324543003816
-4.0979079458004932
-1.2622738685413610
-2.6737780286879960
3.4444351260917427
-0.2442328972203846
5.7341521965099105
1.3206174666284634
-4.2314722896461223
-2.7721738793266302
-2.1547744672069458
-2.6384660714821813
-3.3443307849227000
0.2533112557135146
-4.5822717046660033
-3.6607691485176082
-3.8789018523461043
2.0672891038162042
1.4373751845164766
6.4567628575536222
6.3990872062018935
-1.5774407871724403
-2.1408590708616586
-3.1380595077550124
-4.1693943793112798
-0.3795903505409258
0.1307604836918428
-0.1812656312111980
-4.6531787254968515
1.5935783876258904
-1.3470969477323476
-2.1704266438299666
-0.9565931452256740
-0.4977881627752941
-1.5756721097163813
-0.6581388645307317
-0.6670941029073958
-3.0989763263672789
-0.0933252809244222
-1.1340275012321863
8.2109097019021462
-3.7275764078226832
-2.7660100001357470
-1.0647100331642323
1.5434043438133460
-9.2106342708002167
5.2176283544363962
-3.1380644267947857
1.2112411028712122
-4.3891108588831296
-0.5977280568187345
-1.5849137838515177
-0.5897504979655744
-2.3752077575058257
0.1124697070807662
2.9042326296927441
-1.4925308328648104
-5.1001862415594061
-1.1498449774550219
-4.6306521683053568
1.2824138158904277
0.6244522994253904
-3.8086615805327422
-4.2332178053567286
-3.1873649770571517
-4.5109775644088943
0.0048345860965192
-4.0133164016155813
0.4469855311380757
4.0843262465987040
-1.7272417663280699
-2.2186192187892404
-5.1256868558099935
-0.2216092420459856
0.2128292692647840
