0.4024480884144074
-0.3230290262861299
-0.7216975289242005
0.0450489490184373
-0.6156036403943085
-0.7683838913539296
-0.1142989447417777
-0.6290760414512989
-0.2706458800311135
-1.6455779848710677
-2.7398366493027595
-0.8948348761705293
-0.2319754170668402
-1.6418590347079556
-1.0081859536462681
-0.8403782420970645
-2.0390121904745420
0.2242156939972834
-0.0343465953679494
0.3542755142919763
-1.6278107431050277
-0.5352373115766866
-1.4502350643356909
-0.3434994377646181
-0.9217135797997766
0.4751717044522640
-1.3794894779613591
-0.3955899388553165
0.1720750498279215
-0.3806354724947958
-0.9831849685988684
-1.2738738081047536
-0.2621791549449864
-0.4482956594957464
-0.3587328476846844
-0.0699802008297941
-1.6214695707215636
-0.6823889260226593
-0.4810215918746489
-0.3420423863410743
-0.4118596289591397
-1.2189528275821118
-0.1731345471726306
-0.4392660189586700
-0.3266878306031496
-1.3757428552498585
0.0276664558028415
-2.2601102256914047
-0.0817499302047772
0.0891487196023701
-0.6576889233618612
-0.4763478168496736
-1.0464449258756914
-0.4309183275729590
-0.1949918691382405
-2.4024351628160230
0.2373906923345631
0.0987847749795645
0.3739233324180429
0.0687331772120401
-1.8667531450107910
-0.6472679637114114
-0.3719727754271301
0.1117138505006649
-0.1383455740869400
-0.6274276316525372
-1.5432938270850800
-0.3756545494507163
-0.8703075863668998
-0.8373472370425984
-0.0607200463769416
-0.5429839147233856
-0.2254435318452982
-0.6735340739979091
-0.3631405323293899
0.0890935587735768
-1.0008772257041534
0.2815265807296437
-0.9105791367231667
-1.4768020020148962
0.3159126134206564
0.1709741757613874
-0.9276483558743456
-0.2462918284650154
-2.1166539177670018
0.0406811211728881
-0.7319833989296330
0.0862573230937843
-1.5868089171090265
-1.0886330962829600
-0.0548801567348039
-1.1042597888985954
-1.4458986328732986
-1.0016199640342907
-1.3862453594667943
0.0221090373065438
-0.2564828666046962
-1.9841353313364654
-1.6270527647353530
-0.0694307367575004
-0.6533039998579789
-0.9800917634323395
-1.2894812105814739
-1.6445964078373496
-0.6943130649844172
-0.7363282460503081
-0.9465811115474563
-0.1010164501528149
-0.9566057139624311
-0.5557640004933897
-0.2703537980890522
-1.6766251374544150
0.4306494116267261
-1.0234092769331491
0.4643701176550444
0.0731193553869395
-0.8626307700610226
-0.0699300003259614
-0.2376998762717721
-0.0757397702159514
-1.7075651592699321
-1.4927232929082073
-0.4981257845993179
-0.2746328288907299
-1.1454529848973967
0.2326901173245788
0.0982812906434043
-1.3498796036486727
-0.6682161548999133
-0.6133705479961818
-1.9842681308317032
-0.6410720756593696
-1.4081577294177539
-0.5674016760977180
-0.4624964047082025
-1.0334783966263148
0.0109918241513159
-1.7156457180904914
-0.9362757867560698
-0.6221564584096446
-0.0361378130048549
-0.1231135269555107
-1.4306603401313827
-1.3014930403327358
-1.0012235691905345
-0.1056607106371870
-0.5195408148203049
-1.5980521259539495
-0.0380096806430128
-1.0814739434500595
0.3033939788468452
0.1389969087797819
-0.4521566109205911
-1.6676108538712586
-0.7915652865648963
-1.2094701718688174
-1.3630821241265132
0.4378552654452855
0.2443030193988589
-0.9433796375582376
-0.3241758435655815
-0.1485730476562641
-0.1276672862728952
-0.2464103496319668
-0.9105445728910049
-0.6076259528080321
-1.4684722873570035
-1.3770169942257049
-1.0070168773972672
-1.5119891473581526
-1.4483312118428906
-1.4542737101554029
-0.8580146498936057
-0.4804470012147428
-0.3921582111833605
-0.8197176836264345
-0.5635515025949304
0.1202269792211765
-0.7630477449692091
-3.1661328352512186
-2.5622174528867299
-0.0763246503456996
-1.7842725663477659
-0.4992610401570808
-1.5725035719021339
-0.2402564093778286
0.1505807996491976
-0.9828205348866969
-0.0392127735955863
-1.4917350766988253
0.0058704563142587
-0.5640604983801585
-0.8194106327843844
-1.0847955145613808
-0.1544390463349950
0.3300198572885553
-1.6834127689834519
-0.0620312614310929
-0.0636091736802218
-1.2682762348700218
-0.1602753467184444
-1.3135055647485734
-1.4394401711707521
-1.1770264904896410
0.0147019838429378
-0.7927671568054551
1.0508191556739828
-0.0786651793776277
-0.7401480696076451
-0.5202784705479014
-0.3475239653916486
0.1192894158344094
0.1703053698161373
-1.3351091583843189
0.4805192446677262
-0.4795407985581200
-0.2905235721890574
0.0668342417561773
0.0386643649144797
0.0430108987167570
-1.5274134369070245
-0.8414697234451752
-0.2847958173941826
-1.2065434330938682
-0.2513931074163475
0.2346046953308976
-0.1156242751780825
-1.0829661499831156
0.4529446810600413
-0.4438510017874395
-0.4216417916349536
-0.9003436813697594
-0.9890415516825973
-0.7817028905974940
-1.0300681018256082
-0.3612062738338663
-0.1123996934647726
-0.7318829678140394
-0.4323560680797610
0.1656248620649605
-0.5013344101093370
-0.1446487306739254
-0.7470834871738219
0.4687840437899535
0.1321007943403050
-1.4644271364908730
-0.8931994112227591
-0.2157132784232030
-0.7835214680485202
-0.3378218519745824
-0.2073669479207730
-1.9551530819143434
-2.1719276656532229
-0.2423264992809701
-1.4201956263687638
-0.9858528268701338
-1.3969355517184026
0.6712910407112734
0.0086631830720159
0.3193512604446914
-1.1731800831134389
-0.3633056596640791
-0.5365090842620648
-0.7411959027543145
-0.0342724676357311
0.0229896361549987
-0.1820914951945089
-0.6201394683375308
-0.7326499353027440
0.2385109282362466
0.4016371213781328
-1.2491311674791099
-1.1295669318412487
-1.0301881749706376
-1.4320314450297511
-0.5966705937785872
-1.4231669473409085
-0.1007647605141513
-0.7302642756321458
-0.8666245422089133
-1.1170024867356338
0.0757371343468528
-1.1136760792187432
-1.0318035976867364
-2.1720915803363745
-0.3563246744067158
-0.3180697546622697
-0.9855700854850595
-1.2331855541977923
-0.3649309595816629
0.0332789900112079
-0.9301517390582198
-0.1738712058915883
-0.0083150935652917
0.1977531001778280
-0.4774916080889724
-1.5059185743387888
-0.1302363871414106
0.0944694961399346
-1.3582385899102396
-0.1745733646830901
-1.4423151045704266
-0.8258838917979504
0.0471501999547562
-1.8187306027288719
-0.3093653006073006
-0.6752786086407211
-0.2751796247641787
-0.9283644754429963
-0.7950834747248733
-0.9828593232915537
-3.3035422971712918
0.1309815652820245
-1.5579798208801403
-1.6153261867411393
-1.3474623256232137
-0.2964192053735458
-1.0454020512641709
-0.2772314670953101
-1.0986206399821914
-0.5958077085766728
-0.6102839730752198
-0.3343066645818200
0.1088488253492883
-0.8702339979430507
-1.0535360031807184
-1.6188794895032639
-0.9278967632123073
-1.3802822930169409
-1.2410584631690134
-1.3043294918346555
0.1931290603918954
-0.3733173332724503
-1.2582535707319555
-2.1752453957674303
-1.1037494521991058
-0.0463128214566417
-0.6103578685312673
-0.4690107820402195
0.3650764860740540
0.0994209379053072
-0.6188715180198796
-0.4580860870427678
0.0018987339671993
0.2502834295904899
-0.5556418677713164
-0.5438971913456280
0.3124157037529754
-0.2513634567910264
-0.3205552370058356
-0.9013346006789029
0.1879630574366482
0.2056384408471380
0.4923559274986919
0.3379794836481696
-0.0138603614117148
-0.9802138060921032
-0.3883215242614301
-0.9314406940061000
-1.9658516088023423
-1.0966912720201123
0.2121973820808364
0.0704108111186640
0.2324679934523339
-0.2945380329590221
0.0532318201372293
-0.1709350243968512
0.2018036658561347
-0.9910920695296889
-0.7752714757014048
0.1215431096907279
-0.2143413825607858
-0.1853662224779139
-1.9091574320038862
0.1864258722359203
-1.3373224727546145
-1.2214389510490815
-0.4051327111753437
-1.4790027902502079
0.0114591248530651
-0.3355566602821581
-0.5501560188562824
-0.0463580845824165
-0.5786347518400813
-0.8541788148322451
-0.6923887486723076
-1.2244851056466248
0.0349841410879358
-0.8770793524345533
-0.7933410485801383
-0.7422923436329353
-1.0958658733958648
-0.4001437512497606
0.0427987655663630
-1.6640804290733606
-1.6781273690425935
-1.4512375448234884
-0.5351889179007401
-0.2672515936634454
-0.5869784732388523
-0.4823942520441827
0.0631698969589859
-0.8374426754633724
-0.1613215958820674
-0.6539448395275802
-0.4987757735714771
0.1919332538577171
0.0225656072027381
0.0353589677055193
0.0484961317438227
-0.8400370050453213
-0.5550149070514255
0.0476533825413642
-1.7120399858224715
-1.4281603145141357
-0.2787329312015717
-0.5151473759657622
-0.5652050428207017
-0.2202699246940664
-0.4955547543936293
-0.6769810092159368
0.1227503140560408
0.2419187846755939
-0.8694057291132063
0.0019461865106071
-0.5653828607324960
-1.0148630596393615
-1.7020248181217539
-0.3454042877481984
-0.8259653486243320
-1.4569234407628426
-0.3491096991703205
0.2731280815085328
-1.8873798354899043
-1.1551545920559843
-1.3085589472482331
-1.0236741050206901
-0.6612212834670164
-2.3078558613791609
0.1059094331454730
-0.1146969230076713
-1.0479638454898519
-1.1010808480144154
0.0592387542893851
-0.2004181573414472
-1.0598498056594297
-0.7827616188171845
0.4607541421738095
-0.1203108850671077
0.0186654605197463
0.1611224411041328
-0.3555625397142114
-0.2870006634706523
-0.1484919610662194
-0.2576319867692868
-0.0210848362942777
-0.0560186484647526
-0.5334105276365239
-0.0495237521935516
-0.7825597498607944
-1.3160010673282556
-0.2551413133484270
-0.5321358043223604
-0.1057215686916217
-0.8074526405247864
0.0895274572994103
-0.7791011673810239
-0.8129821560577359
-0.2451919748418685
-0.4478644382954901
-1.2391649975314123
-1.2381088906813214
-0.7015281047771239
-0.1334063065841253
-0.9821436153077450
-0.0961225582976462
-0.0078599080242161
-0.1993887335785209
-0.4546439162335254
-0.2512726841533868
-1.5641672622188112
-0.6322286962647763
-1.1990371323162368
-0.5257439909378194
-1.2694972530337882
-0.2260917879292008
-0.2927259500335631
-2.4843491687690822
-0.0911805510247441
0.1841623934623501
-0.1220043582407769
-0.7683741816637484
-1.5529923567228499
-0.4598293483216073
-0.3453776498735250
0.4053575671686382
-0.1791673852922375
-0.0859809473442232
0.4056963669325609
-0.6272762815980999
-1.3148981532462383
-1.0949841254457344
-1.3933491439931276
-1.7555457259880796
-0.3567732360443606
0.2632935459504889
-0.6662902677491973
-0.7671475937631757
-0.7260032937241456
-0.8716785262473894
-0.2231030240488506
-1.3635921920505572
-1.0803322952206993
-1.6667185777630440
-0.9704468639229828
-1.2477775252542596
-1.4262885822061053
-1.3462090008391057
-0.5138467410237355
-0.5970465243579594
-0.4575881553121635
-0.1080390724837114
0.1949044049545803
-1.0696827886410820
-0.2707875865252915
-0.2247599007902039
0.0265784053804750
-1.6202577075708815
-0.5491284253945050
-0.3252486571173214
0.3853957832752538
-1.3884768729972181
0.2131289710082581
-2.0366976407014179
-1.1017541575139413
-0.8797788010653794
0.1495070273363655
-0.8250178194472281
-0.7587176799030684
-0.3605224651067675
-0.0367010501506326
-0.5608129533133965
-2.1162762805086226
-1.0227337039367901
0.1853893885571031
0.2766713964062020
0.2964560984086702
-0.2727562776818451
-1.5252412461029006
-1.3073010046188109
0.1672442392580404
-0.2583099884848747
0.1731384825221252
0.2974230629267804
-0.0495587002055797
0.4818654084661771
-0.3462817246355016
-2.1872413274535978
-0.6448269310362050
-0.7926105271738623
-0.6090496882724807
-0.6125805980355514
0.1289504473146534
-0.8413486694258188
-0.3979911699405103
-1.4278589707760421
-0.1346427189718230
-0.1540865756579103
-0.6321462252744409
-0.2116193584695603
-1.3720745046002201
-0.9923740990028589
-0.5279003219156211
-2.3951809184584221
0.0634361051144376
0.1276277572897703
-0.1098701421607739
-0.0411109387556203
-1.4926541131396525
-0.3492333346375691
-1.0447525174771748
-0.3381126260957294
-0.3676234406729476
-0.1163612023406621
-0.3581673989022963
-1.1172647584557582
-0.2002382275160846
-0.3421054323629877
-0.3322791196003791
0.0188260457110678
-0.9246894867060309
-0.1622707371954010
0.7719020499518825
-1.2628217290862571
-0.5556796046232653
-0.0797859142269629
0.0755611973370685
-0.0827256027565196
-0.1745119105263440
-0.1893107231276814
0.3663540176284031
0.0559996397270896
-0.6597672771204800
0.0247383610736925
-1.8701692782027040
-0.0961569168299572
-0.2368181702207604
-2.0094002604911130
0.3092760210928395
-0.7222953526173813
-2.3960009928200146
-0.6637021420748854
-2.0797269159609097
-0.5009461414693619
0.3020889310416952
-0.2650609595204567
-0.5341254779610819
-0.2788567742882296
-1.5798765335024314
-0.0140975809200524
-2.0235262912249632
-0.3461691059003874
-0.9657401345624499
0.0337088079587122
-2.4018487602738499
0.2474257198819763
-0.6301725098773026
-0.5035313092988107
-0.2038064361113174
-0.2942170098871601
-1.2027919557413014
-1.8569539797617409
0.4802457692266803
-1.1865640291946522
-0.3674070227299751
0.0310751405379291
-0.7617091623983531
0.1982887654920989
-0.4610900316546748
-2.7630786106482317
-0.7631613796639566
-1.3440494431620227
-1.6487067080133364
0.1546272463807762
-1.8853400529443680
0.2594680802734520
0.0137682816341015
-0.6201535165388526
-0.1193535298996744
-0.2232341251011743
0.5387269585019133
-2.5214738591038532
-0.8615876487041066
-0.1150530260647306
-0.3559575243719852
-0.9139338860754764
-0.1072775008130695
-0.8388255700340755
0.2972077230841112
0.0934419768583828
-1.3670995945172073
-1.2001167550251650
-1.4672274528110174
-1.5590445983584431
-1.5855228511053232
-1.3502247573692157
-0.8530566134221816
-0.8999374667414050
-0.3903714820424168
0.1355344890280565
-0.6731124649695011
-0.9694014839729902
-0.6602119776897224
-0.0319120019961390
0.0157969499677412
-0.1460979096298426
-0.7283968354564410
0.2743525701802212
-0.6006969264942001
-0.6884183312647866
-0.5579001161106834
-0.1263241599760610
-0.1598088781811007
-1.2517084325783516
-1.1768921318749832
-1.8478372280368716
-0.4770853600251119
-0.7957334091488323
-1.3191495289140578
-0.2827349914113086
-1.1075104155855295
-0.6489905095639822
0.0575821106761563
-0.6412472064830060
-1.2745444213494574
-0.2909589792602642
-0.3336594863755514
-0.2350993141259371
-1.5072813846990709
-0.0002944143953228
-0.4137655473005443
-0.4389273975598892
-1.5145623143162017
0.3711544185490238
-0.4078309880981980
0.2280390958833673
-1.1039392725500563
0.3714804861999444
0.3087549839780176
-0.3455648190738356
-0.7054636847356718
-0.0415671481649367
-0.9280387087581672
-2.0460820526364594
-0.1587442481185481
0.1029053929195719
-1.2991354084988824
0.1441200975101241
-1.7792397083185976
0.4010786687261587
-0.7147809083056884
-0.2658258039812502
-0.2050277954397159
0.0558985800097830
-2.4165539539367544
0.5696850830225002
-1.8877238401814500
-0.9373921013972285
-1.3190006910015608
0.4526427750098567
-0.1581277589912649
-0.5227581204135995
0.3417632302898335
-1.4325070542470333
-0.3483951409676514
-0.3111112532367021
0.0852662463678959
-0.5865444876469506
-1.0436009080889919
-0.0490320663852309
0.0645571182041701
-0.0537705726880970
0.4913084370305784
-1.0453030754201038
-0.3351674478606581
-2.1802593755070392
-0.0687143073880663
-0.3077439103913330
-0.5249464820192669
-0.1701734535074866
-0.4677552016921712
-0.3017166874830982
-0.5329843129297283
-0.6635194811072369
-0.7220071757275839
-0.7283797993172590
0.2519751391361179
-0.1497400747298222
-0.2147261612845640
-0.5382315149163306
-0.6468292559616953
0.2846795493135838
0.3552288474532439
-1.2027984048013296
0.0034774983956241
0.2338285807062044
0.0869920862506892
0.1341775635401967
-0.3806207876972996
-0.3659982670455633
-0.2288712518621165
-0.0980031509209944
-2.1543035259273120
-1.2096735637867604
-0.2557862023552614
-0.9711816639463248
-0.3846908795007576
-0.6054944918030942
0.0326704347257752
-0.8927467474848552
0.3189779451804284
-1.3210779519141767
-0.2832490874604812
-1.8369589634245171
-0.7567201580724010
0.1070536331628170
-1.9675655318795529
-0.4658984574453036
-0.1400545906815946
-0.5825944684970414
-0.6066713918264843
-0.4418875026475219
-0.2161635704700417
0.0748041915412121
-0.2180603987789201
-1.1191730352421150
-1.7219756215786755
-0.8153371397905005
0.4297161935017706
0.1879823335120474
-0.5578434227799948
-0.0307927677557047
-0.7336929195807734
0.0690078777659861
-1.4454347532817649
-1.2519020215843852
-0.6431178423742899
0.0610244761124561
-0.8032104749396763
-0.3909919232863210
-1.8195195423944983
-0.5543633373465431
-0.5210590962468039
-0.2655637533226424
-0.4162502216467699
-0.4828161847580625
-1.5053181193204985
-0.9815058377434931
-0.5524369162572188
0.1237103681525943
-0.4944120829762592
-0.1673896343887342
-1.0564789757724309
0.0848627798881782
-0.0200845727278860
-2.3397263335344247
-0.1251605780726769
0.1000706608383452
-0.8127846451944947
-0.2167684098641325
-0.3138833367366920
-2.6375489693488898
-0.5431615826951406
-0.0246596202784589
-1.4442577214818570
-1.6156445410459419
-0.5995934236767700
-1.5577158912157394
-0.1738222945625218
-0.5325163891016718
-1.1940776531426569
-1.5187062038604562
-0.0557608837270453
0.1174223597932598
0.0812958525778713
-2.0387565318415639
-1.3312452740351786
-0.6704151617166296
-0.4037575548769513
0.0497192859416586
0.3054039021671138
-0.3997549502925836
-1.8802333343245539
0.4262981064790213
-0.1952032800065796
0.1384618297979958
-0.2685163340366753
-1.9798752557636272
-0.6898537426482301
-0.1973268866755699
-0.4809608960876238
0.0912057591855638
-1.9560255228293630
-0.8555714558965247
-1.0273077078227359
-1.0275271310565848
-0.0130723189587102
0.2608994913931019
-0.5772289870733679
0.2410011637626116
-0.1811757563611287
0.3768356168923330
-0.3317793128197790
0.1331014528977961
-0.0099565390989602
-0.6956176732832723
-0.3510976166711519
-1.7166126432104236
-0.3323515088067972
-0.4724795684273263
-0.4531486329357933
-0.2598739670916298
-1.2943592955002878
-1.4007945148131966
-1.2666140796850369
-0.4349011772353588
-1.4131699101360997
-0.2588386332452522
-0.5863519446318408
0.0123453807236049
-0.2846304599380917
-0.4689650060910770
-0.6333486125798912
-1.6116104811702028
-1.5269529082260078
-0.9381507818458094
-1.3160998964305188
-0.8605040503710343
-0.0555177802809532
-1.2921401997598985
-0.0124057830297526
0.3722008762628143
-0.0001577685583220
-0.4564888841599289
-1.1062801953720081
-1.0717068282687987
-0.5519935785589809
-0.2675541209082952
0.4949508656323505
-0.0803881540566040
-0.3936488389614800
0.0326961815667623
-1.0629149099089235
-1.5579686796839016
-1.6383351060589393
-0.9835909685525831
-0.1768239477577593
-0.8359818706278344
-0.9533862377427422
-1.2139026500095391
-0.2453379164748345
-0.0920413967210371
-0.2634648765741965
-0.4145405589638218
0.2311183494795817
-0.4321335983330248
-0.8587630048565341
-0.3398058504473905
-0.7770491800573585
-0.3250686600666092
-0.4884219870250776
0.0342181293753718
-0.8605805785206959
0.2729805383229546
-0.4594120330331079
0.5622140218400730
-0.1169544368692195
0.2994707305500641
-0.2919624046139723
0.0201552875624469
-0.8189551819431709
-2.1979409816654827
0.4020683203174096
-0.1660722556910803
-0.2531802031377735
-0.2900061032685738
-0.2014043393518396
-0.7490986713835727
-0.7593530485582701
-0.9116127406019336
-0.4723949663669931
-0.0076750066698542
0.2026920970051294
-1.1242369301764006
-0.4683152864301336
-1.5572837283776408
0.1985626207607867
-1.3374753914087034
-0.2944241031697946
0.0316781331416734
-0.7367701046889648
-1.3492810089373031
-0.2211886464321569
0.1684181241821174
-0.6483111343855229
-0.0768061464461856
0.1914974965193114
-1.2838916182061486
0.0079124762935695
0.1652637468726740
0.1928311665275906
-0.2341479891743994
-1.1372614727519921
-0.9607670637959093
-0.5620500243959490
-0.7353467536153608
0.0816529897796050
-0.2498064865682398
0.2199372435915772
-0.1867618159355618
0.0353277691846385
-2.0598583696077557
-1.7975376252982707
0.0659405049076950
-1.6691664423611750
0.0321206132856689
-1.6577669730261109
-0.5001170153888462
-0.3703762498498864
-0.7713872776191126
0.1302840293236072
-1.1593369203497357
-0.8861856796208798
-0.2149156725417329
-2.3273270174772489
-1.2129371445781614
0.1092826635062785
0.1341130775456414
-2.5901456776803089
-0.5624159955318195
