1.5771679543383548
-0.3350724998788944
-0.0303973229947667
-1.1758674315168391
-2.2210882315491864
-0.8653837759536404
-1.2387733212803496
-0.6629222590064601
-1.2277824280185441
-0.3901970289741352
-0.6034997238976002
0.3475203603288395
0.7456309954130915
-0.8885091210504928
0.5190796320480434
-2.3766798218403360
-1.4566183712015139
-0.7069239100635010
0.6296804703858335
0.1172496734886723
0.6003283998349662
-0.1274576805300170
-0.5539740365217175
-0.2149442368000943
-0.7748985317210685
-0.3741055539174080
0.6290629305164311
-0.9789296958117329
-0.4144152924771129
-0.4525162024862066
-1.3586883484322785
0.3283376235934085
0.6450895093206356
0.4751517378227466
0.0648413314157335
0.4330033280293904
0.1063735784353149
0.7999180322076346
-0.4284472200415493
0.1520795755377627
-0.2041989107904376
-0.7097873822786789
0.1139525558952926
-0.6118863502175927
0.4764051683762396
0.6992757064091398
0.2516030111713403
-0.1934184165929245
1.3688850393574648
-0.6076164568590465
-0.9337951967853277
-1.2320197206015244
0.8420698457906831
1.1552200373260968
-0.8191080714555993
-1.8252860622042020
-1.9502662989339155
0.4815792092578922
-0.3544900469789045
-1.3080178088065137
-1.5933446670356850
1.7442236374839277
1.3624504259935981
0.0480791248444486
-0.7035467098232221
-0.2478006591281944
0.2189964127757739
1.6163639331243362
0.8501247530138780
0.6328483050267153
-1.3214775878231575
0.1846905958345207
-0.6059287795918933
0.2656389078437639
1.3961721676631591
1.1190134975087189
-0.6898655504433960
0.0358613287814967
-0.7689163168749471
-1.2186243488424733
0.7393605798373102
1.4908600279699511
0.4495675950445134
-0.1495876865102748
-0.5338974800896468
-1.0926546732546474
0.2993797795083911
0.9781950793407013
-0.3839660850212915
-1.8900833783933748
0.1359762572520600
0.9967420104922596
-1.8200372696076927
2.1990463310667878
0.3478587940199525
-0.5752939160717534
0.0664426658423673
-0.1288675987570454
-0.8736106044121521
-1.1502890868475302
0.8408343340170535
0.8031148909366019
-1.7120301997426228
0.8066305240178441
0.7091352641439068
0.7430681807558865
-1.6497781827192284
-1.2916430393293910
0.3533162283446623
-0.1276274748178831
-0.2442140655270396
-0.2310684276205016
0.7711983202687371
0.4543508451999279
0.9908732993404971
-1.3241768433278560
0.1326887322451314
-0.7388045859119029
0.2602517551540778
-1.8388639165991689
1.8589257247405422
-0.1580078160082330
1.0403399128991888
0.1420960955259236
1.3365947463964414
0.8660026426320644
1.2417772805026122
0.6417295894839381
0.2496392837058761
-0.0273174216305967
-1.3884211642108570
-0.7939121581961156
-0.3245591667362565
-0.9068258056074761
-1.2246753771216916
0.4994828344334725
1.3308739555757994
-0.2306411681060485
0.0456846705439394
1.8485700381244587
-0.0949098801823725
0.1875936292949507
0.7530162639646701
-0.3812537670362250
0.9559218701719233
-1.2350648213536377
-0.6299464048611029
-0.9471276823540433
1.4444170295166843
0.9078226623763339
-0.2207969617159770
0.2413501587581462
2.2311634030979186
0.0712687972870104
0.5105784700325837
0.0758409164326251
-0.0320999294849355
0.6407200494966006
-0.4378184625501317
-0.4578487498751001
-1.1792609189895145
0.6264126117865164
-0.6397932247582622
-0.6684304595751354
1.8976639190544760
0.9619057917765077
0.6005105633299844
1.7659608657794612
2.1234816931161240
-0.1358256523052624
-1.2464222481391729
0.8347739824971949
1.8347134260005988
-0.6664528008235315
0.9746318334049731
0.3456335299364907
-0.8663916552350499
-0.1914122491348683
2.2714626658835875
-0.5691976748449851
-0.3414361830141597
-0.0828886868333909
2.3440367244259148
0.0771803825085877
-0.3604046964052692
-0.5917284184499176
0.0428405776001389
-0.4471901176433408
-0.2918581023336868
-0.5164669132975037
2.5648409487314030
0.5787284236173731
0.6931018152672428
-0.4113165714040792
0.1663758005498472
0.0012097767494174
0.0624368609004656
0.6743925211283407
-0.3401327434366185
-0.0635763228458704
-0.2284770329415245
0.7276535337346342
-0.7580186911991698
0.2983971435387470
-0.0280127236826816
-0.1327506484017917
-0.2417601739986012
2.0694711496880411
0.8137389869681793
-1.6980159389496845
0.6564101644017761
-0.7494198616908161
1.2443490396409811
-0.1313992937891273
1.0065779878204597
-0.5043424695804989
0.3239777651457254
1.8077962047115901
-0.2344499501149309
1.5011263515547484
-1.4354458885488737
0.7081258855662392
0.2860277821081671
-1.7586238890255508
0.6243938493817767
-0.0227900546252483
-0.2022185283342015
-0.8783239620910737
1.4279034642886150
-1.4773901376281831
0.8457708386256925
-0.3187594682443292
-0.7617911350038573
-0.5201927153476591
-0.7198556104275962
0.6812915300172274
0.5306097188698641
2.9421566173778451
-2.0429714963503991
0.0915225272057497
-0.8455108407636506
-1.0454382435278591
-2.3465549254171427
-0.0984657217941276
0.3560467661415876
1.1101045499165567
1.0301755827848211
1.3967403914785423
-1.0618571944461679
-0.2863110684194029
-0.3100838256085013
-0.4151460160689929
-0.0077016708329960
0.9458585809678779
1.5148078093817494
0.3929619492689386
-1.0402833845594825
-0.3375759301391204
0.4632016008494130
0.7897837583952713
0.4869243357361270
-1.1293056488487692
0.7503494757260730
0.9952709436626614
-1.0265251945730756
0.7598883345298945
-0.8084126194455118
0.2103079193248872
-0.5267875961948121
0.3523434100930453
-1.5508612094404022
1.2559229735287867
-1.0347858767233986
-0.5064991271496985
-0.2993109445302529
1.2620189138054683
-0.6900022603569734
1.0682636783235642
-0.7035119670507834
-1.9601111742896524
1.0373421237845983
-1.0617563276091615
-0.7480536681046205
0.5858831135059051
-0.9705323743667937
0.8664619580831817
0.3898030442113701
-1.1664681346052683
0.3976538397773080
-1.6161483847271247
0.1903370879850436
-0.1089687481551307
-1.4206536281610795
0.6947478483820607
-0.7923192133211633
-1.0522712127679394
0.5978477750153464
1.4422250836502104
-0.1073858516590749
-0.3883310310535971
0.3341986579089535
0.2713313865957447
0.7807490096773143
-0.6549970931553150
0.7566597355128555
0.5182036271489268
0.7693094120836105
1.6774986313092060
0.4664068521232355
-0.6883787502036592
0.3883598000333893
0.9327694018370123
0.2601694045927115
-0.4264300616927690
0.0701729154483901
-1.6970676447861075
-0.2964225509478254
0.2019214455061769
-1.7296678100619800
0.8040329899255074
-0.3557026367653943
0.8539879973982083
-1.2165566017093881
-0.1085368966356271
1.1051412699671899
1.0598045360499790
0.3894967666282202
0.8829608971571081
0.1153051240078207
0.3060256267616159
0.6985882233314257
-0.3857862486039304
-0.0460023979291199
0.1940796608022733
1.0364607464545466
0.6639370491512590
0.0934542433055163
0.9057823300030570
0.3164615193813165
1.3714674597665322
-0.6791190885650981
0.8187547213386926
1.0471776225120699
-0.4246356388464177
0.4668795375387110
0.6344165441694616
-0.5732198623849780
-0.2979784606833651
1.1359544952632110
1.3227361858723756
-0.9732158009438194
-0.9199989852797370
1.1570213523614494
-0.2471263335623429
-1.3183095521874253
-1.3132843993558101
1.4017800084098730
1.3417180645673461
-0.3106312960237356
-1.2391494476801321
-0.5202680608730745
0.5147264266119477
0.4329691685259073
-1.7150935315910847
0.5623190475196860
1.0421214964129970
-0.9907158763084136
0.5331201881403641
0.7750455522235177
-1.6159129865105408
0.1310387208784504
0.2828232791106756
-0.8309730947081179
-1.7546844093393343
-0.8764880412533321
-0.8736354203938242
-0.5100598710033162
-0.2479532707021712
-0.2391920053904068
-0.1766718138746858
-0.1409937517463433
0.4555414864738702
-0.8686230586608625
-0.3453333524244833
0.2636567320913147
0.2523638258241256
-2.1968956946057299
-0.3190478031691367
-0.7389081637830477
-0.2466542592331497
-1.2312818243238290
0.2279232426113565
-1.0053639556605680
-0.2648099162910613
1.2656351022858270
0.8806063191968327
0.2763148759658842
-0.0070542661177861
-0.2266314633915460
-2.4555002616855188
-0.2647208172081746
0.4308238238384400
0.3103474483269384
-1.9214640762453810
0.7162998400119289
-2.7173350057975156
-0.8104856977756532
-0.5915185948787391
0.0463616920421066
-0.1796183163319210
-0.4966188661687796
0.8587038883282107
2.5491800467269123
0.8015649255630490
1.1145550528827259
0.7629902150914473
0.3854077543031207
-0.4475121310172194
0.5204011167668722
0.8353983892009754
0.0389642253418821
1.0076059860855422
0.0685793119464774
1.0545462621214707
0.5787664262593514
-0.2528897230967403
0.9130707412997765
-0.8955326253841872
-0.2294985750034242
1.4517036513429484
-0.1788613171113700
1.6607965980282007
-0.8602508664694924
-0.6530199306747674
-0.2597719148069989
0.2941504410330848
0.3823604484673115
0.0182859020857263
-0.5730431365010717
0.4199496353682884
-0.1051371179021325
0.2737396519199298
-0.0256057612177893
-0.1672291655045262
2.0108423934392223
1.4295041019571699
-0.5172226728828179
-0.0349996222595183
0.6877156916511264
0.8230379386072707
0.5020016521347153
0.5883435815720546
-0.4847815981759652
-0.1553278566961296
-0.1728674999070781
-0.4484318923620902
-0.3615850090530924
1.3141191080730439
-0.6939990242297965
0.1459982379617715
0.9281945631988632
-0.0057861218514624
2.0726988339867143
-0.6853276260669882
-0.4165907406459777
0.8628678426026943
0.5950872243739165
-0.2722160505852166
0.1255224067797290
1.6272998588840752
0.2323071517377301
1.7050871253585358
-1.2971644255109767
1.7526997687349879
-0.1685910773181923
-0.1702934637632445
0.6970915541439984
1.1969939872886026
0.5206650265258717
0.4720684219358623
0.8524558812889402
1.2826355050986784
-0.3916366668048271
0.8243783490037715
0.7812458923223354
-0.4174950048978852
-0.5966195515316517
0.0610732406688563
-0.0281594211407984
-0.2949431963402014
0.4414061929355874
0.9843006373468167
0.3882572827527151
-1.5849357594245903
0.3554999357598223
-0.5809952527815563
-0.0233718287063077
0.3225506967429792
-0.1521647179299101
-2.8587891141990815
0.2501059230502100
-1.5232494546372215
0.4008087987019196
0.9388114389281674
-1.2454514685407820
0.6890988282255615
-0.2954031940104909
0.7719612527873756
1.5278233493187663
-0.3733975559485923
-0.3739121929352566
-0.1030898393191262
1.2882045704257001
-0.3250122940177148
-0.7377404015194086
1.1506959857006060
-0.3847228001278645
0.4851374621530334
-1.1575004261478443
0.3001784078148519
0.8344012660807865
1.4720934262051741
0.1253778504460792
-1.8173732622010415
-0.1040738859298303
-1.2265347802987479
-1.4217337969145183
-0.2334240936014740
1.4023275812969045
-0.6409776007586270
1.3312363740652784
-0.0191916654466075
0.0841451928090061
-0.3487242125718090
-0.7536075017203242
0.6367764744660404
-0.0082594597790185
-1.4313731251326678
-1.1410143429042201
0.2502816676683685
-0.5887136804554416
0.1967443132473393
-0.0008740603640569
1.1666298556176904
-0.8532941040510199
0.7423820616988314
-0.9266167156831973
0.7215862603512456
0.7137507050845925
0.9024488490835177
1.6035961698933523
-1.2846862749965429
-0.3403431954158306
0.9468790317796901
-1.2750930994240628
1.0169836582402025
0.5372775415346455
-0.2650430518470547
1.0767430310379691
-1.0666001955345559
-0.3369773196764060
-3.2005121046703415
-0.7705598247393652
-0.6579461254026155
0.5007353690384376
0.3408787945025474
-0.0017000049046900
-1.3301761785107222
0.9089410284348590
-0.9601193579251657
-0.3803674539767720
0.5757986630728654
-1.2384774674253605
0.8028473582118330
0.1063707208114824
-0.1471657914014906
0.0752959728494765
-0.7886267209002610
-0.9692909894999925
-1.1604791967452479
0.0955433783808360
-0.0714160591749510
0.5024267135855468
0.3558838952509127
0.0741594550917685
0.3323548645603661
-0.0695732690498230
-1.3243158809920326
3.0175521222093700
-1.1058473108220237
-0.5893717462209517
1.5085191001299412
0.7056193925008585
1.4498577401812851
0.9229190438902118
0.8166250589160511
-0.0369904004754414
-0.2128428109798436
0.6561134400734515
0.0557831186361555
-0.0342981487050316
-0.0481251510258869
-0.5187439514567115
-1.3171362985182133
1.3886196201552703
-1.0061378712953775
-0.2293527503412385
0.9923269717815036
-1.0968847130826909
-1.1659874819495273
-0.2471309628201533
2.1187939190761553
0.7175064883272468
-0.6876672217774106
-0.5186034067031048
1.3192952016369253
-1.0125604153494592
0.1663837630055628
-1.9912849863255122
-1.2935720055921447
1.7889651541239437
-0.2817343633927059
-0.5782535099650576
0.3432607977770723
0.6186970176543757
0.7264769894650296
-2.3750573070313656
1.1238380769317622
-1.0774427366201977
1.0894184112162038
-1.1385739876905885
-1.1246451681215111
-0.0270512059628807
-1.9979824605853014
1.9902983153021152
-0.0380286622410809
0.7459220609594189
-1.2178518416787167
-1.0535925641954371
0.8373774754462682
1.9556750475578220
-0.1021497750945752
-2.1780701289762412
0.7576260579049982
0.1841887525442665
-0.6679325208621048
-0.4360662350753554
-0.5971319747248885
-1.1743709667911071
-0.6253459926887903
0.8622953271313314
0.1980832747884667
-0.5748585501542836
-1.8914922802561571
0.4626424928369151
0.1520633749869032
1.0200638906901507
0.1826500713436671
-0.4894295806231316
1.4388961007480743
-0.0685387603487176
-1.1050303996615474
0.0878624803885654
-0.3990738489137062
-0.1491284869384176
0.8711674532980969
2.0145313260803692
0.1741688080269291
0.5958200713240026
0.5627461795918398
-0.7233147574767934
0.7080893053027448
-0.5676826259828293
-1.5441130311316187
1.4261220712319707
-1.5333291291229998
-1.8103774625438358
1.1412694338478913
-0.4655723888631951
-0.8776555724512705
0.3100849934057531
0.3604140885282430
0.3464866218778090
0.7774812740156046
0.2581417144588500
0.0083290016755588
-1.4441611516963491
0.2970463455512505
2.3766266945501928
-1.3475146038898862
-1.2414682147027849
0.2987089886494212
0.0777037024611727
0.3050211017966166
1.6007894590846776
0.5059478475629737
0.4229419547769115
0.0189256989424325
0.2776792615272733
-0.6987686728592998
0.2016052849655003
0.6930097501299513
0.6292541969766690
0.3379232705537812
0.8800337521458607
-0.0525839540274469
-1.1889859216632728
0.9730020495411489
-0.3149597940435385
0.2322278961375244
0.5487895733216580
1.0362185583089867
0.1175834182031087
-0.9929394212387662
0.5600522931218591
-0.9709881646979843
0.0125227635864945
0.1229444553048935
-0.2429033442651750
-2.1184453419825333
-0.0673604391441505
-0.7211188125285013
-1.5429281272877571
1.1952258761588275
1.6633203824647940
-0.3240684567300464
0.1677527797995365
-0.5624063242508159
-2.1897989401388220
-0.0998172389100120
0.6530762299701903
0.4156937781233391
1.2044897868629520
-2.3431925581552093
-1.4403394087250925
1.9118660922274899
0.3455003524559484
-0.4403114801898385
-0.3255057800781289
0.7792032627840711
-1.0605686964547072
-0.2548672483413483
1.1088670469959636
0.4791615529375566
-0.0214663335995062
-1.2398974764984831
0.4822258674510407
-0.6006351978373046
0.6595685396981880
0.8661481282468259
-1.0727801145608995
0.5087552563057977
-0.4473681140572267
-0.5083120496395169
1.1487875149830247
0.4150280248530016
1.2301369855239976
1.6639222812335701
-0.7751486542537742
0.0525662571471544
-0.7566429588260546
0.7955748863169625
-0.6446863927676648
-0.9310671819406610
0.0157885570646055
-1.5354628257740819
2.1079788541870088
-0.8598826130913979
-0.1539505982017051
-0.3113110035506311
0.0821770833734100
1.7971214729338414
0.9310687538626368
-1.2814464289761456
-0.4481273351545612
-1.4076174029210078
0.7061130430773852
-0.1912734286390600
0.6734400567125224
-0.7450984947070728
-0.3213112296943902
0.5472823945466537
-0.1084752131251307
0.9348264974237049
-0.2002689200935357
1.0051533659552041
0.2220408024724629
-1.6642035345742581
-0.5448849278656310
-0.1256285921364922
1.3983999121780408
0.7246173226786666
0.2001470378525906
-1.2168318135068730
-2.4772353696900238
-0.0986067573601652
0.0619775732246402
-1.4800927751069390
-1.2836931197680017
0.6426324755495106
-0.5551888859260495
-0.4576558446625485
0.4936018199159891
-1.1284610599119369
-0.0450948587675877
0.2842298236531057
1.1177895666837219
0.9365499062107370
1.4626527352852445
-0.0391213809715879
-0.5934737954919449
-0.8401281633405193
1.4103095001284149
2.3068820557741758
0.4608043507852460
-1.5068408667380551
-0.7703733332521954
-0.2133579875432308
-0.2625987031602875
0.3824451046650992
0.0256184248532085
-0.3345731606196934
-0.1341810242875659
-0.7359309802297456
-1.0908676003582314
0.6357620671285054
-0.1210051781723158
-1.5801053546220099
1.0327302986015696
1.1755617657319930
-0.0114874307883158
-0.2892528240045693
0.2783277119660518
-0.3391796082015407
0.1322624175757724
-0.2506434528370940
0.0352994920936667
0.8212312970943396
-0.9469203864406969
-3.1787194576847102
0.1787897462667625
0.3889505287237482
0.2551569437828107
1.8735298202886195
-0.2243822592570077
-0.1399995301879902
-0.6758534699211202
2.2021454276493673
-0.5170182469876082
-0.2765203126310801
1.0384954817217773
-0.9237823304879536
0.0630861236005788
1.8703169735334642
-0.7151380832181683
-0.1482428874235910
-0.5161898717644849
0.1962883879186113
-1.7527007301425481
-1.3863923098147788
-0.0351546699761383
1.3658544558760752
-0.7195664526763429
0.7111732977307188
0.6051083216621183
-0.3976094210477085
1.7276416356945923
1.1215468153036421
-0.8309639970280192
-0.0362512904234268
-0.1930350851109713
2.4005476917353650
0.5378211392432458
0.4323201432972231
-0.7324775400404828
0.7569511861599608
0.1461240180271008
0.0959008778601882
1.0268218751468958
1.4540954620137556
-0.4194041293057940
-0.7733134683167106
1.6841556464415672
-1.0482610899912279
0.2391656582478325
-0.8970535004521734
-0.1597177822066362
-1.5258217738577482
0.0704063586370360
0.3372849995118588
-0.6923937341853884
-0.1445738463596074
-1.3988148884423013
-1.7709848367255550
-0.7314581177834770
-1.3297404995975366
1.6295394291111549
0.4514564674670761
0.4157768949705735
-0.5363115821896104
-0.4820033960117797
-0.0569346333085038
1.6178315716908005
0.5704300945924987
0.8020037749812491
1.0312852742707712
0.7860189438505726
0.5645082497397458
-1.3852943128236082
-1.6308685870953783
-0.5970536512973026
-0.2318315317346653
0.9378868611428152
-0.2207223053023712
1.7093627054066693
1.0117029430768567
0.8795334096517450
-0.9732671743904487
0.7887986001651114
-0.4367987930979888
0.7536023157529467
-1.1919409410219852
0.4639024659066379
-0.2206846364014157
-0.9472613018555943
0.3168432025252209
0.4441313967892531
0.1565867314802336
1.2260080242736184
0.2487019762016499
-0.9584633658507586
1.0679406783135132
0.2315802818974473
1.2188309163323197
-0.6548709411692124
0.2595627963548834
-0.8096955632643911
0.8450387497492434
0.5112550723572773
0.3345275191567593
0.1836823944815584
0.5760346733056422
-1.3783807055252055
-0.9372598734061195
-0.2129244857474748
-0.1528026961631266
-0.6737946677748167
1.3991128597743159
-1.4491711117528847
0.9834489801997751
1.1949609913848309
0.0264659576117234
0.4296329649755085
0.4782104157698912
-1.3427442140427630
1.1672656067584575
0.4935982134904182
0.4144076858534159
-0.0936625101665527
-1.3321682883923169
-0.4545120821751085
1.1637830321560567
-1.6805761333660689
0.3282457631752234
-0.7678642793440502
1.2894173599418277
0.7690348156919523
0.4686712779281443
-1.0814674272782687
0.5079407364500229
0.2613802084880644
-0.0712952094960241
-1.3411215176262925
0.8888149338262697
0.1731418908951391
0.6002673214418239
-0.9557487716618810
-0.4250852367520280
-0.0312438379197501
-0.4995299083061064
-0.1508799045277963
-0.3347221743490869
-0.2472032042044133
0.9263553564281412
-1.0298097526699928
-1.0706430208092570
-0.6325374898897813
-0.4437111448773357
1.7122135324044592
0.8628950429431429
0.8116264512613256
0.7097328868306758
0.9289988732195587
-0.9596725788520737
0.9574095888879373
0.8283640035839989
-1.4246431561388373
0.1194597246613912
-1.7840485985818899
0.1696130643600214
