-1.7188369266073755
-1.3742775415969537
1.2816970009652011
1.3903832314508138
-0.5337210734913519
0.4259310468645169
-0.3925016936660274
0.0654063341721677
-1.0992727057456917
1.5144339438222436
0.1051437566902376
0.0184807513555868
-1.1677359565670899
0.6945450682807494
0.5844100760601957
0.7755354296624560
-0.7297865257384487
0.9977064777690040
-0.3149623930693116
-0.8985541060488255
-0.1271618322493738
-0.1265439641635009
0.6490919392239649
-0.4731217830792247
-0.4344988326770233
-0.5102827748755621
0.4551645859872344
-0.5302438051779583
0.7014810475106312
0.6918186267728347
-0.5447330833008613
-0.3642575455608576
0.7660990554954780
-0.7047146338830538
-0.0999215806655888
-0.1323956327729632
-0.5464322687157556
2.0928336529240146
1.7713686199417875
-0.1686605017740155
0.8872261869777033
-0.1600855976076673
0.6263455799453909
1.4484906781153248
0.6719455467274054
-3.2710606177898311
0.4755969149707221
0.8754032247355394
0.6762561313049903
-0.2373425585576694
-0.2032765537924810
-0.1894656079323410
0.6458498722280884
0.8785740325068477
-0.7431094004825409
-0.4061615122825539
0.2366743700670028
-0.7258061632243691
-0.8227660089266882
1.1904041992865193
0.1741519399216870
-0.6434597382576821
2.1220962890958539
0.4288216593669033
0.8548470717773095
0.8326994744937826
1.3206494863291014
-0.9962008671002773
-0.7718444577135796
1.2547750834140059
-1.0327643583379860
1.2166239937367336
-1.0054244241089370
-0.5856983035795803
0.1846982381283343
-0.3022497805304435
-0.3841185518775243
0.3325813181006647
0.5877060921510433
-0.5956601180457988
1.1608070287006313
-0.7877418143530054
-0.2014076486175521
0.1650034288701737
-0.3517770611835933
-1.8686865227510281
-0.7107601331146437
0.4837574529196352
-1.2825917430094027
1.0557369757735322
0.2592058424614238
1.9437488889300898
1.1487334260887476
-0.2707384321045602
0.2391035903366206
-0.8839394950256158
0.7198852543373542
-0.6480079019138525
0.7846770532615903
0.0502098655015239
0.8863936912437471
-1.8141126827608418
0.4822570243554797
-0.3807820021580623
-0.7403993541315508
0.6514742066569696
-1.0337221503357752
-0.0349984643521518
-0.3762028598620112
0.8116766862427665
-0.7836822864202033
0.0156203171835574
-2.1020127065761547
-0.2883640970055786
-0.9696998273747777
-1.1991480516814927
1.7832817058872279
-0.2780410267087380
1.5651449488322209
-2.4204600779813088
-1.0572064960726981
0.9431978250045010
0.3724004495352309
-1.6934212838218465
1.4435176931051592
-1.0933746275501532
1.1499635817981815
1.5591828324747732
-0.6844460179430620
0.1708854416364075
-1.0581667499936513
0.2472309926947548
-0.8233527227293252
3.2797623296338800
1.7686260792879056
1.2671088004978848
0.2891553844626857
2.3070871719800987
-2.0003013084163412
-1.5895366789167988
-1.0833450977853474
1.0631288915525707
0.8344454286385832
0.9606098988363403
-1.1849712532572894
-0.1835820355438927
-0.0813007954826082
-2.1094904143419071
1.4719931862301716
0.1857786078569331
-0.1586200048526348
-0.2742814680810434
-0.9228425187427652
0.9273050328517854
0.8336205599639270
-2.9010386614877537
-1.3519753552734277
0.4002699306894196
-0.7821083481599338
-0.9084277008637840
-1.2401842091230546
-0.7051332245684518
-0.3038084395446243
-1.1647076639739926
-1.3430997468473720
0.4176500090430494
0.6928902309074580
-0.0243275085819925
-0.0430435966601889
0.8471426874030437
0.0153387040800371
0.2997547530092103
1.0529707294842985
0.8453973241832911
0.4950871952155698
-1.6333224225566294
-2.1202761267377115
-0.4157803588807091
0.9506399728411069
1.5149292624835387
-2.0768700181403319
-0.7882872973525157
1.5722121205764015
-0.8582001907452285
-1.6119933576932892
1.6298866051128569
-0.1704242885456281
-0.1206355028427748
1.6627824475835742
0.3477685102815576
-1.3139180637907426
1.2944260053293368
1.2664752830300046
1.4639782814251077
0.7932135056872003
-1.1732862650859839
2.2200590433859793
-0.7384690941791764
-1.1215207156809912
-0.5706470733983319
-0.4495769756656356
1.3259668931394759
-1.4625411421127290
-0.1778911028784273
-1.6394862607505858
-1.0733454661103288
-0.4184437749611473
2.0255421093037267
1.1127362935749534
-0.2929758312814557
-2.8130150276432859
-2.3455506235982244
-1.1343030130176124
-0.6969848091609001
-0.2010615696552260
-1.3639687698705238
-2.1662786428340177
0.2489871277776479
1.5212659556632906
1.3779024875456432
-0.0062637031013480
0.0306081225400449
0.2194918766183142
-1.0321851214629219
-0.8653258979278239
-0.9338874355400645
0.2556857608701699
-0.2097541706001104
0.7144694927906966
-0.3573280014757486
-1.3333892856609213
0.0747440029922919
0.2366084722949617
-2.9276126694795899
-1.5473832684386164
-1.4179313963025757
0.7704592567700141
-1.4895711804217089
1.3244729886290250
-0.1417392376409380
-1.2672968056505249
0.3910506134503505
-2.4542804734437080
0.8442194193320182
-1.3209603974746460
0.4034199897117929
-1.4838596332298191
-0.6963542235690697
1.0420944708126372
-0.6497182406947655
-0.3385289571281678
-0.7214696347992101
-0.9654076655763302
-2.1864238335963413
-0.0199138930006525
0.2533648657479829
1.4856900129968682
-0.3611653651838936
1.1707106045200242
-0.0870659734663554
0.4170515991526399
-1.5153155834682575
-1.4961691751649524
0.6948123046284458
0.2557492637134210
-1.3374471744927148
-1.6582672872736446
-0.3878751480403123
1.6561961277180239
-0.0225201681343918
0.3666816355791644
-0.6325969733581890
-2.1003022424777815
0.0450117522014802
-1.4784640262020772
1.9305286780764597
-1.1531378222749098
1.5958564808328075
-0.6950997005539513
-0.1057154285080738
-1.6254805518879452
0.6441442775047889
0.9773774145909436
0.9365985028063230
-0.0387605205370238
0.8335410069483541
0.2225422019471799
0.3273287073417543
-0.1940786901127575
1.4624470026644252
-0.1029400735717877
0.4104262887438327
0.2963181170956944
0.9159732631402330
0.7796663209212096
-0.2743812901762989
0.5530113747270653
0.1983995735289672
-2.4862382896590378
-0.0838928600178637
0.8518984146665360
-1.5783136554492219
-0.7108005135326045
-2.9203853531410378
0.6848922433727270
1.5117732673054007
-1.1681927251135695
-0.6695419656127741
-0.5399254378979348
-1.2546436047010776
0.4675821648045056
-0.5000862003539928
0.7820351806161377
-0.0372789946623640
0.6215064064642621
0.5515459328061105
-0.4437375067812061
0.9539884813807150
2.7493735494479914
0.7787358971433821
-0.0872341153038346
-0.6722890987394845
-0.0692025949272256
0.4072216907364516
-0.3707173266212720
0.1572739073949544
0.8953651750434830
-0.5386783255917221
-1.2313323235121483
0.0694468148607933
0.6161071648053684
-0.3038027770013841
0.6045048094828777
1.6436462574671391
-1.0886831816994418
-1.1779679047004683
0.4685004399856171
0.4089429420640958
2.3121743217265811
-0.1272133477342958
-1.0741156211577381
-0.6103075863142927
-0.6907186910737855
0.6099384045857137
-0.3078208638728037
0.4721049853295620
-0.5029186984046375
-1.4125795666745344
-0.4612356551367262
1.4784880800325835
-0.9686277161751577
-0.5730579752400254
0.7329415353044929
0.2030513485282754
-1.5201755902642053
-0.0927563267128174
-0.4130729415932807
-1.2607894685538841
0.2305043444154536
1.3215335016737924
0.8521041956053295
0.1018506258042365
-1.2886205334554242
-1.5622482595171749
1.1849106438379975
0.6075337930641650
1.6181972937832028
0.2205407385058824
0.8177272668912464
-0.3589281528181553
-0.6360683147375428
-1.3694083225852320
0.3093750931124287
0.1727082837629171
0.0703402003215657
0.8119195254552377
0.4572118776159753
-0.8906971768970020
2.8086124598618043
1.2167013393702848
-1.2312759215439684
0.2301287463668888
0.1931424259861979
0.5484491317445552
1.5953461337900472
0.0259466996747795
-0.5087526615364568
0.2471325579664143
-2.2192966765394426
0.9328385068574011
0.1026098126518543
0.4315992132918079
-1.7557579813796060
-1.5906741490527037
-0.6462697531289954
-0.6220213882888310
-0.9499221686607804
-1.4395872129460594
1.5171652725175273
-0.4956914751809828
0.7438511062939868
-1.7752755831227478
-0.0559262580867019
-2.4921970680813801
-0.2841384641004583
1.6761569538854912
0.2999098514957644
0.9947370707323572
0.2300225652201539
0.2696677355429275
0.7910669589192967
1.5748008137790515
-0.3206658271689583
-1.2388879899961822
-0.5837579101893764
1.2480037229953729
1.2431953364898320
-0.7989595866828387
-0.1358305951988144
0.1228757671519803
-0.3760409645648353
0.0828624020419643
-0.4988968875073600
1.0766002936110255
1.4418879692321880
-0.2242819383176478
0.9717054038723434
-1.3437800579799115
0.7454569368001503
0.7795911934727657
-0.5284317631318071
-0.1811275410043537
-0.4262184866226666
-0.1686727867293822
2.0668740063210196
1.1454035636074718
0.6490470341437471
-1.5714530567555349
-0.1241749832278197
-1.1346583413018974
-0.7068377130547335
0.8056598784858486
-1.4926471636124752
-0.0222574224305056
-0.2175009100638402
0.0857887640856098
-0.9573428460524354
-0.6383477471209850
1.1986886528035183
1.8807009600474616
2.2303450370348239
1.4852746879737857
-0.9129510336645416
-1.4901233657786690
-0.2658011561062320
0.7768331799906546
-1.3875727953218495
-0.7065241002958116
-0.5627030229297624
-2.1275605756620100
0.1971004950084602
-1.9372330909178894
-1.0567845898592532
-1.6577643678860676
0.0947405099458228
0.1229473574357714
0.4227508123323677
0.1395511305900919
0.8276070406244855
1.3793453784244856
-0.3735635867493112
0.1462809696337775
-1.5303303108193596
0.8435230185068411
0.1981523042409022
-1.2328713929896695
-0.4848870659318834
0.8259992608324689
1.8988571689870244
0.8884172864672779
-0.4982117401937498
-0.8059222223347519
-0.9153027337429707
-0.8218197308019166
-0.6230647791600721
-0.6845194483464684
0.4926597655104860
0.7743441825299247
-0.4574587550458554
0.1031236726290000
0.4866683558451266
-0.4384436973111808
0.6373230431219512
0.4502503206481141
-0.3389522263333115
0.1190639468466960
-0.0240127544230462
-0.5017660514073837
-0.6270730213519650
-1.1893958615144389
-1.3699853647069651
1.2757557554801149
0.3017807185841704
1.8938827859279534
1.7779369504363232
-0.2647415640311841
0.2527276035738051
-0.4564966825858202
-0.1498318292884711
0.1046009673654127
3.3718383257352089
0.0996424493427654
0.2849671879590825
-0.1558212932138300
-0.8677670988202142
-0.7709016963468189
-0.3618594733433372
-1.2466032311215058
-0.0653310129732976
-2.3196294089037814
-0.1714214136072574
1.4044134686131096
-0.5079067349295026
-0.2278636380305811
0.4917779902314460
-0.8842128996545306
1.0236741788210770
-0.5329253483318600
-0.5159063213048954
-0.8320789756937670
-1.1806098242799048
-1.1779490137489934
-1.3435088851399895
2.1700317757735466
0.5881573260929571
-0.0826587259270600
1.2388245165265435
-1.6171404740734365
0.6904300770943539
-0.0886490446344631
-0.1977644143367198
-1.3870162373106363
-0.3611095534615235
-0.5062534705248554
1.5038239782036453
0.2270327787260758
0.7640052727586248
-0.5744021220217230
-0.8292947839141313
-0.2657430319856337
-0.7889271732758727
0.4488279844166954
-0.8056357366181972
0.0718307187047428
-2.2105099154440389
0.9925566593436673
1.3037108881511916
-0.5728049384918872
0.2702783354364363
1.8340820099464703
-0.2947397174261150
0.4244670935871654
-0.6547535219553638
0.1265765653455774
-0.7282984933133758
-0.8218069108663442
-0.9940502133618627
-0.5160958844894432
0.7482845502795944
-0.0976116833038862
0.0358420496241943
-0.0702377641774500
-0.5726598783798057
1.6208590091351038
-3.0930787396598944
0.3526061146787089
-0.3184510318995844
1.2690644166851781
1.2170539990461746
1.3639250698589194
0.5025369247169178
0.7193960623450465
0.7275869984973178
-0.0605310763482605
-0.6627582668750156
2.2779322970713460
0.3200441190143862
0.0213863387454511
-0.9923063329464863
0.6745768797252547
0.4535503086057601
0.1941383638910237
-1.9350254570353105
1.7882770238817547
0.0051028352772011
-0.5764548160795520
1.7200337510284156
-3.3658848422586822
0.0103256794924299
0.7016306296558034
1.2494722442500619
0.8823365604104666
1.5898108381981300
-0.6639816375705255
-0.0470899813319211
0.8616326875508052
1.8465610952430986
-0.9439861223848359
-0.5388818178197671
0.4323394616625149
-0.6635098031752089
-0.4615743142209339
-0.6910533353525508
-0.6371774087343505
-0.2751926143347526
-2.1061681490907733
0.5028250275266751
0.6701007878861084
0.4964514058450902
0.2109534854237869
-2.2806665238477608
0.7200499291865669
-2.9155131693435901
-0.3917343253384397
0.7761676152777113
-0.2239058224914451
0.9612656533396060
0.4072276375259793
-0.0859518388432370
0.0354377137090447
-0.7568441184842117
-0.8244464500478648
-0.4831018010174345
0.3461582902798784
-1.3456478887141856
1.0138504979464060
1.3135228105568455
1.1882302993885077
1.8111930094874102
-0.5845411225309876
-0.5920982674575799
-0.0177206611637356
0.4596123650579267
-1.0810955018781006
-0.8894399507512668
0.0202821754359527
-3.5502207598188962
-2.0718805094206818
-0.5522068163754882
2.7091083310666519
-0.0424277936701219
0.4822406093622341
-0.5862001465385077
0.5038789112900669
-0.4857329232450352
0.6766549570094170
1.6751481720977746
-0.4900530682963806
0.2648130628904155
0.1668513229966048
-0.3036698318731612
0.1212722019057461
-0.2490469040569809
2.7583231512483630
-0.5996850148101002
-0.5015985048786860
-0.9300718009216420
0.7455519173691726
-0.3088722195176861
0.3873510379043253
-0.1971606371363458
0.9012773822149333
-0.0677808965271303
-1.3535971059661500
-0.2656440457365338
-0.0982525200148058
0.0615469935619643
0.6110627729190806
-0.1591504220656372
0.2978598917933272
-1.3879035354170741
-1.6096028830264064
0.6571684476443456
0.7284744685413993
-1.1105858319641357
-1.2115944845944597
-2.3084695948547789
-1.2957429203359763
0.5816429789161651
0.8724118648931158
1.1230428862529456
-0.7903471456099392
-1.8505841721494178
-2.4528578690758187
1.3558053034734658
-0.5205597273616771
1.2047368036439676
-0.3756909150284546
3.0633478885476735
0.0510662925662822
-0.2627749481484555
-1.7612139642197040
0.8648782565843902
-2.0877004099026713
2.6516096660026847
0.6767517201281863
-0.0573959935218206
-0.6488463854837465
0.7578936188900530
0.3549389655053646
0.8503719839495978
1.4020530045990134
-0.9153371820425922
-0.8509474530913905
-0.1548459857353850
-0.8389349659244520
-0.1018928167328940
0.6432185404388059
-0.7047963690275935
0.0617604810364122
-0.4518470625063836
-1.4701017609823255
-1.3170487346362822
-0.3251406040110775
1.2462905324259610
1.7242990480432281
-0.7865944754630956
-0.0771003476968738
0.3314358321303604
0.8926581576355654
-1.9821069956223076
-0.0697542309469817
-0.2696639462720197
0.3426020484122804
-0.2793328634953388
0.2605624265160844
-2.0768164936082845
0.9764011272159199
1.3081855578330717
0.6224609746394522
1.5319365328927850
1.8534052952751316
-0.7507700922225189
-1.0328727640784159
1.2774566450830718
0.0011385666266340
-1.6619467528726311
0.2869479995644602
0.4940094778611252
2.0582963396499085
2.2254271306067532
-0.0333185363453559
-0.1207935477047436
-0.1739247025037663
0.2409823856816541
-0.7275944511948570
0.5711169405698090
1.6783230001365217
-2.7683586054338680
0.4628448166387563
0.3097927651599187
0.2300725639291758
-1.8497828887924139
0.7385022608512085
-0.7096694504371717
-1.3647912173342194
-1.2631897555065617
0.5727181364342906
-0.6557756568134993
-1.4398737392988465
-1.8578253827176456
0.2209368136787234
-0.4743583171693517
-1.6390795563239760
0.8244828375531158
0.0480940101838708
-0.0450109873555916
-0.0781474431746353
0.2164174043257802
0.1397813680014747
0.1558392334424835
-2.0968390722836441
-1.3968547760291246
-1.4155924453079078
-0.7446220124160471
1.9127651198963573
0.0214674396252678
0.5554206469594873
-1.0770214055436664
1.3288635691975268
2.0339380580857074
-0.8536670669090449
2.5011972768438011
-1.8219907348730673
-0.3424959409681060
-0.9394972874738058
-0.3878755605725880
1.2566659572141086
-0.3815001652567784
0.7834327528424831
1.0049597181941268
-1.4941934433420467
0.7041201682812581
-0.4165104292639663
0.1399856207725687
0.7103823279182389
0.3707698340413295
-0.6813042320892693
-0.5933997357453630
1.3297069527980563
0.7681546599836003
-0.8416514371938953
-0.7805962117798217
-0.4547840990336739
-0.4426925421652215
1.3830095003820089
0.4890518481057174
0.3724136850459679
-0.5002838400237599
-0.2584074987324019
-0.2220420876545120
1.5223149937431713
0.3382356873065364
-3.1796026060194187
0.9412232489360537
-0.0444114339065399
-0.2387600523952888
-1.3500515063408280
-0.4367570833525121
0.2292172834619884
0.8449901109518388
2.7203890375286428
0.1291060074183862
0.6006869315530002
-0.2593037747188112
-0.6497576406572647
-0.4849453665875459
-0.3239407470579377
0.4196137635273325
-2.4043142010266880
0.7445464393224535
0.5625162194892435
-0.5861524803700420
0.2110660144726511
-0.4785316483144887
-0.0483686949235783
-1.0005271958562663
0.0638107782877316
-1.0759031650239059
0.2403588946520580
1.2276533344473037
0.8114706845936486
0.0691954153979862
-0.2045930545097944
0.4862053778234572
0.4107297369579474
-0.3302224444070978
-0.6534491199951679
-1.8800402052589318
-0.1797460599179837
-0.4777874563960344
-0.8722751028313411
0.6771975583506188
1.3951528198977987
-0.0441173402333545
-0.4310996774884622
0.7715860193954569
1.0508467510625652
-1.0389529120575716
-1.0358252618347221
-0.8213254743319306
0.9412943516945775
-1.1858265759001292
1.6544096600684088
0.0913879645726635
-0.8022181210498908
2.4668863152738676
0.3462834199502507
1.4567877168973831
-0.4661956614347796
-0.8283262096601766
1.3778301012594625
-1.0772352756124113
0.3556410404163917
-0.3095127948206853
0.8447537424957557
-0.6637703698944988
-0.3378267970796547
0.0538309581418727
-0.2358016136162854
1.5155827585069006
-0.2324334585568041
-0.2001332762868530
0.8486099227950001
-0.2119951895275001
-1.2831732990907394
1.3390278418957209
-0.0624038337415437
-0.6509346330865369
-1.2851724551203692
-1.1163661253026156
-1.1258335364780858
-0.4099879963473535
0.1915631525329645
0.0017195287905109
-1.3737370487937863
-1.1522452391837092
-1.1402249126737798
0.1547451369958115
0.5248319240630863
0.1929131619870235
-0.5386868844269851
-0.8640595079333704
1.1311318173458944
3.4760531658799514
-2.8403202976490700
-0.0480878868085003
0.5489296847772241
1.2951403669328299
-1.3027361034872660
0.8264387425532452
0.3446382430741167
-0.6452104112552883
1.2688914418210238
-0.1959072159987540
-0.4955872369322248
0.0740180808386799
-0.9058941338890455
-0.3461957982338191
-1.3368496592721686
1.3293926494747610
0.1565967887609141
0.2823117007371427
-0.2724386455395219
0.4880478382503123
-0.5039653267778623
0.8083197893566026
-0.9640931880057924
0.5247470857152176
0.2477421890958299
-0.0317251369190848
0.0972845813969856
0.2240805571693772
1.5224414983200272
-1.2260028026863810
-0.9394747435466203
0.2854576465046714
1.9488872725293636
-0.0581763676583171
-1.3927749657506145
0.6434141567916186
-0.7888003147022506
0.3621989246694221
1.6413879250350465
0.5201076816964583
0.2088741554250677
-1.7915816130681312
-1.9271349711728263
0.5425820012187037
1.4918828935462243
-1.8379821707880204
-0.1871604972825979
-0.5846768943800400
0.6418521281859995
-0.2020353533646325
-0.0057961363151380
-0.0282052554681885
-0.5851532864772401
-0.2756119053310041
-0.1447052927930650
-1.5927722236791735
0.1676331909361229
-1.2091694106743025
0.6394705026022968
1.3030407564230932
-0.8323553978196306
-0.0337762216783160
-0.2368829861996698
1.0615903985515436
2.2398606846823199
0.4897658518208757
-1.8378268267709921
0.0011317950068215
1.0442857474161376
-1.1358476781047371
0.5571596084821753
-0.8836386238925342
0.0745565617610787
-1.9668467873487416
-0.4556158869019628
0.6425685283472277
-1.2831008508616875
-0.6182518092463256
-1.3634741718064909
-1.5930355805957868
1.1422651381618627
0.5517224539331441
0.8653293615906821
0.3458514800982972
-1.9275227371971724
