1.0852167141922575
1.0778919776769127
0.2808529310080431
1.0969279238409084
1.0923856021069736
1.0979179898285640
1.0840723573900761
0.9629526995313044
0.3948834842087944
1.0108936659642183
1.0922183253451401
1.0473138364705525
1.0930639143935366
0.7014197751935648
1.0957433799786644
0.9036561181884254
1.0581122211860596
1.0648658758899983
1.0240499747268512
1.0756596904228277
0.9247188157360696
1.0805804236609320
0.8153645058116666
1.0709597158450666
1.0479401048298675
1.0339107047155913
1.0597349527452737
1.0956766801138265
1.0609238218347881
1.0645697271194303
1.0584674986823124
0.9592758065701911
1.0225955675689293
1.0704703574631294
1.0873489713399258
1.0896778895527548
1.0881564852334362
1.0967805900299035
1.0976498286773113
0.8975537924571271
1.0943414627058499
1.0789938316340939
1.0728319157167152
1.0035227298852341
0.8997916834536769
0.7925522210147109
1.0980826821305183
1.0574823641447675
0.3015157508504644
1.0856269451043785
1.0194876594879769
1.0929321939639545
0.8998069955513380
1.0670711488734468
1.0926883881222871
1.0973803439291239
1.0927245248240429
1.0461112460727413
1.0962300520079580
0.6095338139001710
1.0896297698836077
1.0956815923150045
0.5904839310743494
1.0975055603744002
0.7258187109300007
0.9241538834344752
1.0870607611438894
1.0353305381964124
1.0949259784693133
1.0882580733386797
1.0864642926159440
1.0957086754535592
0.9595226245254057
1.0957577366165365
1.0579936383910487
1.0917367543299308
1.0977094435744499
1.0285892839684181
1.0728303002498631
1.0091108853085948
1.0970569481868848
0.7606818402621179
0.7061606656751459
1.0924196625249416
1.0921462782957247
1.0545813556024088
1.0583567799808986
1.0194202906683334
1.0918482081828726
0.8902801150754855
0.7043952050690180
1.0969528728919951
1.0860732912952866
0.6630088863419242
1.0416035387599607
1.0906284817066398
0.3039081392240503
1.0486636251253187
1.0977914320077466
0.8966471138214158
1.0932218698852545
1.0893256419426063
1.0823651895166018
1.0931954862250854
1.0789372993668584
0.6961669105365906
1.0906564027926251
1.0759374281101375
1.0964776861796686
1.0187587688653792
1.0914291906352847
1.0970633098557887
1.0733374948110486
1.0965056458205362
1.0952946817423717
1.0378113666187119
0.8406728643690636
1.0745263613529810
1.0177486013370449
1.0952347789114383
1.0839098089922290
1.0977044446607400
1.0954225638214046
1.0627249268053076
1.0761570178713693
0.9163144782565847
1.0952711679715641
1.0725293108823750
1.0934238842258051
1.0491508860246244
1.0875339119076546
1.0792095247353182
0.4724670703348209
1.0176745890099150
0.6095331128849508
1.0912570367555101
1.0816231989489480
1.0892500861395009
0.2860340609493663
1.0690852585556090
1.0840748407238181
1.0818108807265636
1.0907601938375251
1.0870021881794361
1.0968435117421496
1.0520668164531495
0.9405222887852991
1.0889250559854684
1.0802268297779229
1.0720881253266503
1.0799644851341768
1.0953142888681666
1.0877366789710803
0.9319188767492549
0.9678346146188277
0.9692088159253823
1.0146597919993505
0.6858659336687228
1.0911234536431771
1.0971904310162361
1.0906027075467783
0.6140869382108819
0.5449635743970499
1.0727220546553067
0.8370827264055701
1.0962437675866858
1.0987572014925377
1.0857657571933430
1.0948011273843663
0.9926235614344133
1.0808846409345565
1.0937836156968330
1.0835004403101092
1.0943549167765618
1.0794578576386129
1.0779341330917787
1.0792422226120026
0.8444089250039100
1.0223655243820853
0.8018630041882577
1.0607461748055607
1.0914086479793337
1.0896865626003214
0.2936886180028102
1.0949258603178569
1.0768061195829912
1.0576268404212825
1.0908853475429146
1.0822064076491831
0.5118281903488487
1.0916968944017564
1.0872833725311497
1.0298768278114190
1.0972662085440450
1.0690321687287569
1.0966496871020792
1.0599675013070460
1.0945653661347021
1.0443460516190874
0.9745712834438520
1.0810733863445929
1.0345357927621563
1.0832728041343187
1.0485333737022666
1.0438732549273684
0.9720243822129303
0.2832018558957058
1.0902508846392291
1.0910022375716619
0.8617479552207480
1.0727099932794479
1.0941941563028319
1.0679938266048217
0.2833454456910021
1.0022250844481144
1.0538684101750646
1.0961716961448384
0.9349886984856588
1.0753079528573131
0.7180997022166160
1.0862453313661515
1.0957538743567656
1.0678999982643331
1.0957028907716566
1.0352368725563039
1.0118306000135293
0.3018234800653029
1.0888298681351942
0.7133279188006726
1.0779769559180483
1.0853109830919070
1.0829267412807289
0.9962204777038545
1.0774485175082473
1.0489543936870200
1.0581910175758054
1.0987648052235690
1.0919097265821966
1.0170914669699871
1.0949770592928023
1.0736501336096178
1.0909888229777653
1.0530815455126941
1.0727463107045034
1.0956978565419038
0.8674404441238762
1.0917058288731087
1.0924260028717618
0.3903144887748414
1.0969061148796562
0.5337019238664682
1.0960727956997336
1.0546708202698576
1.0926036495127598
1.0878142989392217
1.0845257007571873
1.0891168257097019
1.0228857356512848
1.0917435221315994
1.0872557052791689
1.0930218727482854
1.0586584995461170
1.0954654138894746
1.0543164683562034
1.0385238689411000
1.0969498453339497
1.0913835803918901
1.0983364770811044
0.8954031143826120
0.3002532137629204
0.8387020702386671
1.0947035724586935
1.0919146115741751
1.0453436314282600
0.8390061254117881
0.4974704091080782
0.9818785062925840
1.0629027248564056
0.9320621219253110
1.0793887482539977
1.0979247291849215
1.0837600578742799
1.0841062372518790
0.8046151222505382
0.9580262465900996
1.0972049906669747
0.9958022237455060
0.4835134409885595
1.0970528052780066
1.0928603446112302
1.0892325893650374
1.0986785342371272
1.0785042219886696
1.0413022396950073
1.0343313538116974
0.9880786086233164
1.0846945339467133
1.0955243370305185
1.0849954617051931
0.4318398128299746
1.0133641128738422
1.0927342291968298
1.0951539475195193
1.0530528740792624
1.0755176166956018
1.0754327134851616
0.9998065083887393
1.0942185965091022
1.0870308110011042
1.0969421793162892
1.0901822624091422
1.0810103475504103
1.0741028983859460
1.0039800924495830
1.0703216115413279
0.9475605712866702
1.0342408868395787
1.0806608866899314
1.0988304434502534
1.0770248916593708
1.0722494495693242
1.0416997122918168
0.7679432033926347
1.0892629922006960
0.6669230539562297
1.0177893574789203
0.9714956493706217
0.4018057932686355
1.0912426529764951
1.0863462620709869
1.0978643327612494
1.0542860977675383
1.0916047719648625
1.0852641170364432
1.0751575821463379
1.0874400745464878
1.0812915795418636
1.0324369681905887
0.9175591662805422
1.0552422117909817
1.0785819533753356
1.0965753059535535
1.0816466158416920
1.0871773302653225
1.0753319366445024
1.0936614876533688
1.0961702920171776
0.3811559185635552
1.0112295058358065
1.0399794915973601
0.9361092695683054
1.0900929877980889
1.0950718387073952
1.0756840209823457
1.0905491769806319
1.0743645821849266
0.8008340876189748
1.0786467182969641
1.0836922576643875
1.0924961212000357
1.0949027801760067
1.0926203579710654
0.9707913581411914
1.0768932517241254
1.0739387990380360
1.0558930140737610
1.0899105215777749
1.0856565444614712
1.0697445146043165
1.0825200231773413
1.0765584941787556
1.0838026149072990
1.0954423771839428
0.9099476903864446
1.0842801106272899
1.0966605584477298
1.0892418652745004
0.5516226745227993
1.0968711489355201
1.0255265737731316
1.0953587822778621
1.0915651098643655
1.0803743401637989
1.0934275570900183
1.0933031672069737
1.0350347679652951
0.3272616583465208
1.0648567087851031
1.0738370027490323
1.0082704904903943
1.0861057118184099
1.0780024922958673
0.7394402263425511
1.0980954337620781
1.0278623873144108
1.0788500212768777
1.0942176915387474
1.0134952877438943
1.0944729154121844
1.0920124861870595
1.0520639525791702
0.4052460186147949
1.0957435671406770
1.0954058225148351
1.0948399640102713
1.0962411360168414
1.0582347236517498
1.0939627798421236
1.0552959250334382
0.6824735289429851
1.0594077722542765
1.0490867104753314
0.8776350477990508
1.0979612831454346
0.9938827471454109
1.0762436206205717
1.0858306790157946
1.0455497729757901
1.0824927818017280
1.0946206891279138
0.9980641289492739
1.0872547106705179
1.0728542818854727
1.0744144237837510
1.0885530039545954
0.2821836622352789
0.7446295572133003
1.0017779372319062
1.0925962052918075
1.0861364108349256
1.0895633653671066
0.3432124978110433
1.0976297267041493
0.5414936074250755
0.4809090258998795
1.0941251176983220
1.0008990771003081
1.0901666698833199
0.3230443694560320
1.0236194714407820
0.7288949491371430
0.6408465270624084
1.0465215069691671
1.0963953482866917
1.0855502599350231
1.0950269637312398
1.0902283393980388
1.0973756316635690
1.0623478130552679
0.4214666813257077
1.0788466512977388
1.0955924018653109
1.0942757506728680
1.0618240278149680
1.0334744081997391
1.0742776895829473
1.0824578139285994
0.9755068387828927
1.0849538774254268
1.0967863823791839
1.0845040134161319
1.0117714202671100
0.9487061515604834
1.0847011989084867
1.0954727265015698
0.5246407373524654
1.0907619955004171
1.0218486055279612
1.0932191223451557
0.7311599965543730
1.0867520904950947
1.0938164720894172
1.0863166229225325
0.9548246070589876
1.0758518872282072
0.8291838537987783
1.0256837366198155
1.0920685228951619
1.0752627570444175
1.0916539434956578
1.0066576857614657
1.0871433679641140
1.0956916725902783
1.0739836284777933
1.0920022345821980
0.4562638787030329
0.8946651161884974
0.7498555908676696
1.0885686907470677
1.0845231486857576
1.0912353668179244
0.2967239796793880
1.0913118846135401
1.0935228240019492
1.0822748942329627
1.0765813983320625
0.7676272263474665
0.9839355186121761
0.3205019007455490
1.0981126560718197
1.0933994627333181
1.0867449555083490
1.0561556309488689
1.0952992880801713
1.0711877926248052
1.0940102173084403
1.0649237096217727
1.0305842644212675
1.0952184217723495
1.0199788920323611
1.0428571718252948
1.0175633240622068
1.0624738504766875
1.0912752566873198
1.0868708779533764
1.0396964567653644
1.0573411312175001
0.5844813807092448
1.0569042401340456
0.9629855967790798
1.0887089640316940
1.0863793987203911
1.0968391427637858
1.0862733204363484
1.0965246016627352
1.0814164959932417
1.0890525170093517
1.0530439604834856
1.0842002886919258
1.0929979776438981
1.0801864952440554
1.0976221809437143
0.8792361401208032
1.0556079943571202
1.0939225193605930
0.9548340517772990
1.0889072440452285
1.0927135713036991
1.0733411446244969
0.6832783260557129
1.0857078359137944
1.0538122464538593
1.0844708727945842
1.0659786981746040
1.0949869442056994
1.0970237118342656
1.0979261403430154
0.9903688383691677
0.8523836512925277
1.0715152269301007
1.0947505593507243
0.9979934785959901
1.0894872790431798
0.9424590447328430
1.0268069820014778
0.2853868776332016
1.0210556203920660
0.4487735751555144
0.9106678037006640
1.0882749739728650
1.0797506887803667
1.0625901016802810
1.0939967357098861
1.0741629562499069
1.0465164004013254
1.0970292367237207
1.0770394807900017
1.0822486748049078
1.0511435392538471
1.0966188992921295
1.0770535644795107
1.0607211893257078
1.0955755062640440
1.0960477079035107
1.0941386449923289
1.0936049707838487
0.9997503945785166
1.0967101674930988
1.0711656468841344
1.0930005807425638
1.0757823544621727
1.0954586204458914
1.0755234208325624
1.0990578390772221
1.0952610795804956
1.0900479301787842
0.2841376947809198
1.0965055781651236
0.9262437970243353
0.8744794055667352
1.0914545117257966
0.9884774860476417
1.0872926475696922
1.0911685979222254
1.0932285932824337
1.0817360429143112
1.0933324282150105
1.0627307931230405
1.0769489968856061
1.0435640395805090
1.0953364967356574
1.0928477544461190
1.0969090097563228
1.0910508618436656
1.0730161802371836
1.0364439551688123
0.8944579550719781
0.9143546609445286
1.0959579694774624
1.0559100887081292
1.0410011096266274
1.0396775768709623
1.0901732885112843
1.0780882715616591
1.0939946409407144
1.0740849657361542
1.0272894080638768
1.0478875086539603
1.0975348920565655
1.0935950500649518
0.8486163575975119
0.7513364971854679
1.0869471569425939
1.0694552941273465
0.3306155950121533
0.3434665549977351
1.0972594404699934
1.0854879119183916
1.0349774935682488
1.0840156230106228
0.9421997284494957
1.0977841514026481
1.0810881784456552
1.0733500618539333
0.5543699939056048
1.0960267997216921
1.0969798268236750
1.0974218889375882
1.0906587188581263
1.0892117472636527
1.0968207173875255
1.0235733905312399
1.0902789245505640
1.0696406964069827
0.6578478129059852
1.0948464327166469
0.2844514116618769
0.9899382532805782
0.9763153214794429
1.0807737973490963
0.7053908317478934
1.0964533302014958
1.0646291984774610
1.0833497008550095
1.0604427398049190
1.0941471421537841
1.0060064671884656
1.0937952493147860
1.0575009246160758
1.0938005329120750
1.0786408345595226
1.0861900910141493
0.9948008783775447
1.0621164342334186
0.9060951282715424
0.8734215452783243
1.0892691137897865
1.0102606816883737
1.0937707712703881
1.0780536981840712
0.3852221225149235
1.0925158632550627
1.0866567172144426
1.0903707846085284
1.0955349500048519
0.8430596123371025
1.0919448926798767
1.0603071059163542
1.0420698814847171
1.0949616197185279
0.7156627424670062
1.0644717664997785
1.0274410165533321
1.0680338368602940
1.0085866126972431
1.0969522644869916
0.9491478905593372
1.0021426549277583
1.0865095240694400
1.0118019956165523
1.0955309478091333
1.0064127771228724
0.4925254087345561
0.6801972966616751
0.9775170730960873
1.0679807202577776
1.0967329880041377
1.0966820155000538
1.0973243878192889
1.0981754871407969
1.0752272970754746
0.7855434542594723
1.0153874400841576
1.0793261370521250
1.0393451239557483
1.0591515172183927
1.0950383752645294
0.7562765956491708
0.5171805903731038
0.9763944410381982
1.0966209591221241
1.0959691341626367
1.0906861861283894
1.0916190758821078
1.0959469444475611
1.0842439577345746
1.0952394288490368
1.0842145747563405
1.0969493609248819
1.0846081580872897
1.0935171952005804
1.0880477084301838
1.0075971123495198
1.0926942804122604
0.6360179226128395
1.0474002300685152
1.0845789990665740
0.9872927420585499
0.7518969428800801
0.5387935154722562
0.9887422359205014
0.8131599792618225
0.2945173668028720
0.3824112812249587
1.0913948223181427
1.0653952070706036
1.0848758269894827
0.7541032002308163
0.6390066818656820
1.0644276707582416
0.9772019918123311
1.0897370215079707
0.3757185983574379
0.3135485774042815
1.0098617570106709
1.0932248352389764
1.0790055914596890
1.0765990594860304
1.0553034613451693
1.0979249590326992
0.2951593747468327
1.0864951906383673
1.0747236492776424
0.2975210925934549
1.0944572151282239
1.0298878482251943
1.0944149919987805
1.0974459115992246
0.6717735887198264
1.0903407332608268
0.8683162728823780
0.9431361239577188
1.0954887020747133
1.0898427908171768
1.0374277246413561
1.0564497433115565
0.9957669235497667
0.6545203490114557
1.0747834132890532
0.6503495602977809
1.0939587017944423
0.8446027924834175
1.0488010329060791
0.3709391020956413
1.0799970989934471
1.0848620290446374
0.3533370080430662
1.0961535102040234
0.4484450104054556
0.9365085952678639
1.0968248254526256
1.0650364416932330
1.0967362890453278
1.0915969216914192
1.0832148205126335
1.0704144654427301
1.0969443089500892
1.0316006966221816
1.0731108232727149
1.0864534855815813
1.0864616926436501
0.9938123012271282
0.9175890237824655
1.0220990994378001
0.4781279044857298
1.0873976235011820
1.0905632317907077
1.0904637212115178
1.0561995582851160
1.0717362164013939
0.8339033228933507
1.0979138511183881
0.9864566974183921
1.0957755439782455
1.0969494439131651
0.3427852830267630
1.0660419295952459
0.7994114291337974
1.0539089102433223
1.0438214251947417
1.0966456367905877
0.9673699417196607
1.0948889907860191
1.0773501750625603
1.0756344610947632
1.0976846611460642
1.0915942827882628
1.0733017435826251
1.0846283809081954
1.0901586606566633
1.0960268896119261
1.0619911368754238
1.0210296129896923
1.0899731183500134
1.0941378614811494
1.0836489577882633
1.0903941867906162
0.9827806093421618
1.0925007883612656
0.7204295056526195
1.0883945766657246
0.5149149616531140
1.0866994434890211
0.7956949091360564
1.0881313166538651
1.0514966929105307
1.0726159439775238
1.0788800794659807
1.0956184503408601
1.0328400138093086
1.0933862942531769
1.0546824568172668
1.0125516143792972
1.0732199736233112
1.0316502137809416
1.0981875593299042
1.0933632503387511
1.0981742629286719
1.0894468129286825
0.9692346354553435
0.9285119970748636
1.0154886111312782
0.5119248247263148
1.0949767261629852
1.0622326538775635
1.0496812051314990
1.0955965549647513
1.0362949447023575
1.0824593852303068
1.0758207615814508
1.0915389963656874
1.0725973895477270
1.0777828641666487
1.0915958752221893
1.0387322241838410
1.0033015019456519
1.0904864586669230
1.0861246977332035
1.0808093619139525
1.0831695328724349
1.0888081703834045
1.0874078054524776
1.0983068188471019
1.0883691376449380
1.0793022125224900
1.0771221282093053
0.6150602064820656
0.6753484395098490
1.0780209390691764
0.9781934168256776
1.0945804934328829
1.0973471936184704
1.0870439816042692
1.0785164557675362
0.9260551811850749
0.4612297998195045
1.0202778423604875
1.0813112883851337
1.0847862462974431
0.9327008187494454
1.0930476892998737
1.0926346004726257
1.0759609723202921
1.0979298749795379
0.5167850946594742
0.8768870633687551
1.0971244298357374
1.0951143482262309
0.9858278856684830
0.8478846447632591
1.0886119098477425
1.0811554469972651
1.0837551563258256
1.0259979655598732
1.0945073382111736
0.3176227440464171
0.9587435095415783
0.9892835720885651
1.0975489058950552
0.5814556404975184
0.6789050421099417
1.0623884730877051
0.6916786473145712
1.0814531580987548
0.3874030571984464
0.3565633317685604
1.0976163430028538
1.0198669004122409
0.9764292006604025
1.0910813140262896
1.0292246263048499
1.0625443375226755
1.0945123882892358
1.0824256958030940
1.0973475844605389
0.9054930094579506
1.0947433985452819
0.6786942619363876
1.0568127592080379
1.0896961070739422
1.0957418259596903
0.8763057976634063
1.0828145992153484
1.0184655059855303
1.0842745444196331
1.0360473664332628
1.0935480391303392
1.0946236349544962
1.0005430006417062
1.0851881679870679
1.0521550062297909
1.0445011482017927
1.0783052424072086
1.0909444469625600
1.0909752469104970
1.0875505496645499
1.0715573174903894
1.0947698140139150
1.0917483819482932
1.0984585048161939
1.0822758278460525
0.3263170925616229
1.0871668242869579
0.8675605682334814
1.0961186335033732
0.9614685804396662
1.0405864926888360
0.5672569864417835
0.3170644943992725
1.0923316120000874
1.0915197148968554
0.3647825319318550
1.0836671278843042
0.3285640808569932
0.9488034548100476
1.0736267258539398
1.0939970836939499
1.0962182159823202
1.0461263316180411
1.0233120430437750
1.0741655351688990
0.9482781838349740
1.0276562960000379
1.0348953013387474
1.0245757173188408
0.9523966136424087
1.0952728900639270
0.6123878707437679
0.9864691658123320
1.0943074496635037
1.0513618571640195
1.0739413385295677
1.0594977961670393
1.0235453125683720
1.0803568276227113
1.0463404723379637
1.0918301429732213
1.0575202032906494
1.0899422734884390
1.0387835236021890
1.0970084453100888
0.3452308307220134
1.0884465335557336
0.9107388882754367
0.9781143273674991
1.0396533667889034
0.5281032438982936
1.0959914772622523
1.0902311130974212
1.0735702291515214
