-2.3223529839536745
-1.9436715351844844
0.9585164285363257
1.7765947145187728
0.4063598558362883
0.7868503877253088
-1.0294671262987878
0.5204302972916813
1.3136686752074109
0.5634596347937668
0.2477105739565909
1.9412116357484774
-1.8679763586691429
-0.4987653613723101
-1.2452664393580783
0.2594614611650012
-1.5624538204787137
0.0756969205050937
-0.4253416191119131
0.3004494641011892
0.4980158051786616
-1.0139870140221496
-0.8603228088105158
0.1559505550655516
-1.3058729138683240
1.1550418623311196
0.3495066602444012
-0.1434432156908061
0.9243348854210010
0.6935887186568944
0.7490057940858852
-1.2963292493820981
0.1815462072862414
-1.2057358800237425
-1.2072415165952186
0.5767829013267668
-1.5719976001794709
0.6380840771492685
-0.1373258499732604
-1.6964552930707417
-0.2249825976580095
-0.5977290628148124
0.4668644017917740
0.3563040991562655
0.5822967617027560
-0.4590398152816041
-2.6410444693559207
-0.2167152469745633
0.8016180035138309
-0.2578223707163103
-0.8721369071041009
-0.0189444505921202
0.8236288539710086
-0.4735806378134961
-2.3839033181060252
-1.0459616545855093
-0.3522134647071865
-0.3032445399024996
-0.8750003032411870
0.3758577650901704
-0.8556039731635029
-0.7302472021231065
0.1933851135321792
-0.4390935361501377
2.2459669631389527
-1.1795971119476014
0.0969942258156566
-0.9630073531744294
-0.7946612970289270
1.1212025289923575
-0.6166707427866908
1.0149152860223791
-0.7150739110458523
0.1277731768129980
0.0121925950215509
1.9232983632194929
-0.9163110605937858
-0.3808484102114666
0.3566126058823424
0.1057763527943845
-0.4901595840691692
0.5707737079916589
-0.6677423513214632
-1.2167077390870278
-1.4937247282787622
-0.5006923729143745
-1.3412941109147596
-0.0390846435119757
-1.0568066266001719
0.5978306975083331
-0.0766653480387119
0.3716075150991288
1.0860730665501872
-1.3459058112085522
0.6023381853957943
-1.1171882727701172
1.0854739555476649
0.3990395142464651
1.6363296337646520
-0.1610657371775685
0.2942477953589804
0.6967048441021199
1.1469409395417662
0.7455989168897464
-1.3077636042169505
0.8493693141559124
0.1184026050862390
-1.1644647686217897
-0.7287627976725006
-0.9085970095110137
-0.2408952417783589
-0.8102710279441923
-1.3229899066991551
0.0843313442049938
-0.1061218916227324
1.8556056295048458
0.3421372210080586
0.1972492165247538
-0.1926906749604535
-0.3282577345170153
0.0902337606442151
1.0490761502504344
0.7942008695658922
0.3784081669963607
-0.7021076442439004
-1.1962808162793217
0.7838278602589780
0.5681838201445925
-1.4693691638182882
-0.7526781994188422
-0.0791738111665061
-0.0567663288687343
0.4270669512946844
-0.3160138459305630
0.1499693054293295
-1.2503578511664000
0.2677969434201429
-0.3016664289814892
-1.9048063690751382
-1.0799590920839344
-0.6928588103567608
0.3373280269251466
2.5984846340283929
0.3034598449450765
-1.2583905762102447
1.1564831275273886
-1.4949945644106899
-0.5799256398595611
0.6771900394360552
-0.0658228665256601
-2.1849417645703104
-1.2316369764833874
1.1595746446333599
0.9330552412482215
1.9872437473447069
1.8572570499270993
0.1258116390383114
1.8925277747790104
-0.3349705594424595
1.4364003125527833
3.3919303989882628
0.9364701320967157
-0.9364532135249750
-1.0617796221714579
-0.9829010862831801
-0.6229492712230472
1.3138601050950496
0.1308991212337264
0.6130136775526102
0.6458075801274727
1.0048883391887720
-0.3635903741926867
0.7312314165926759
0.1450513592500336
-1.3588465888461740
-3.5110573470103037
-0.3824341169074826
-1.4606847336251969
1.9384567988454222
0.2310770360171532
1.0640872282295026
1.3850578979038612
-0.9412257221952882
-0.8764558500441283
-1.8998675372790501
1.6224658167641779
0.3456263131658350
-0.5585172158521349
-0.1972672553282064
0.0819186647296376
-2.0391844267241153
-0.0960477721321634
-0.8816849325096907
-1.5074682749918422
1.8358416178406411
1.0210176263635942
1.5116063850765202
-1.2643415436699805
1.0876818733182902
-1.6375987880114153
0.1556816117569733
-1.2321605230984012
0.2326349294236609
1.3639964986814650
-0.7306472526148957
0.1937165169196828
-0.6735340345055200
0.4396341100980867
-0.8634721891709003
-0.9158748484956800
-0.4005442052273985
1.5085113840716668
-0.3266041401976194
1.2433939502370990
1.1061676480459872
1.6515142888287022
-1.2895446213652269
-2.4610938087302494
-0.9696313245983199
-0.8609594002590668
0.5532781471332311
-0.0141187454202850
-2.4457236371052855
0.4604550635512661
0.3076384592405845
-1.7857637074100965
-0.6904461593575970
-0.1431769952845137
-0.5238340171474909
-1.2088407882911898
0.3613099673913491
-2.1002051631582734
0.3199607483573622
0.1717592583468597
0.1721911006047020
0.6562922065725992
-0.4877467249765056
-0.5724119380465362
-0.4337090748905617
0.2281318625268800
-0.0743824459983773
-0.9700467393796858
-0.3913619704029350
1.3437341879049860
-0.5767089220514811
-1.5767322546985474
-1.2058447757475721
-0.2318349559237203
-0.8189434210851978
0.9402113191627766
1.6308991174193908
0.6637733188709619
-0.2398321206441209
0.4282777396883665
-0.8652965364460323
0.6622196996582492
-0.3259586658460394
0.0171696957987665
-1.0856710366766613
-0.3788597887156705
2.1810019339022420
0.5929761362016166
-3.2153070101839067
0.3542230147940888
-0.1200030482616333
-0.2938044712430112
0.1243848254926968
1.4126262149189046
-1.6101328158374670
0.8061754157275067
0.4833465522390573
1.2628974037750098
-0.9103844191229634
-0.3862591728227458
-0.6041514079014626
-0.4165445048869603
1.3338541601858511
1.4932084459822119
-2.1581261087302650
-0.2493619465007605
0.8285061506727788
-0.1130298068835743
-0.5967650228526992
0.3967501305937840
-2.2108122656846496
-0.0802881875179954
0.3744508969586758
-0.2886607287455596
1.2385859994240587
0.4063270942116797
-0.5302092719757012
-1.6200465562776096
0.6133213773758307
1.5661716445971119
1.0182734100028548
-0.0691521360848331
-0.7735582158601314
1.7730019039850631
0.7617648813096295
-0.1599993573245058
0.1782197989273912
0.3273288331566598
0.9786309885677292
0.2133178815262210
1.3404450651855717
-0.4935382081372006
-0.2571084951751281
-1.3393303506115324
0.8968325476023594
1.1933481076708308
0.2253619433363025
-0.5886039853178812
0.1416190707101397
-0.9783529950730372
0.3631218084029053
0.5138335169289667
0.3807952003101514
-0.4042985618341883
0.1085592253628420
0.5236355178403612
-1.1769521672181738
-1.4355476917540393
-0.9712234744661270
0.2011233431316805
-0.6610314757104879
2.5954839458739443
-0.5455530506993089
-1.4033836236245554
-1.7596011288420157
0.5428926854493893
0.1762558883332267
0.1787954343346410
1.6016986183586246
0.1856533678741548
-1.6671555553064779
-1.7124406662361202
-1.3957968031194117
-0.2179194762080529
-0.4895933214560994
0.3332010749509043
0.9930912455375301
-1.0254079442696116
1.1549505523334604
0.6120793327515771
0.9522383509818659
-0.0107254391179117
0.0970771497607222
0.8534360147593397
-1.1270531687938370
0.5064641519056848
-0.5248734844311204
1.2351523836584075
-0.9769349558108049
-0.3185641705394937
-2.5042674948795800
-2.2414037665545767
-1.3833522099431290
2.2841305516384276
-0.0220146994169884
-2.6965813657732070
1.7915305856407362
-0.1207464202752286
0.9772745617789746
0.5121983738084959
-2.2316445144513462
0.9804045745961408
0.5366504116396066
1.1278864949303666
-0.2578004942468920
-1.5687861761730115
-1.1258983228877464
-1.6220895598490959
0.9317581464118443
-0.9079603710884125
1.6417310168841315
0.0914612931408159
-0.3971834167737833
0.1759213921235710
0.9860924641425599
-0.6369587177280721
0.0937913669867356
-0.8506094193834446
1.2289931326789130
0.1895808168494823
0.3502589883206857
0.0790370138059879
2.6745930633765407
-0.0112626627502151
1.2475957958679911
0.0986864555060941
0.5755197473850417
-1.3174217423422139
-0.3245755995040033
-0.2916847385814453
0.7493546233168272
-0.0651061283151305
0.1090018429741296
-0.2634242520806040
0.3962475186952205
-0.1610022942435260
-0.5495072443392123
0.6372311429597751
0.6995707056175069
-0.4656898074161459
-0.9523121114942854
-0.6180961508234027
1.6724176785025460
2.2712178117007333
1.1261074699713114
0.1659365130427993
-0.5983418192101336
1.5890964568639077
-0.7275513793490341
0.5012075849100237
0.0471576567342498
-0.7487973298929081
1.3480933451773389
-1.5440528487018297
0.0940300360553631
0.8001904311363014
-1.5179962985039943
-1.5368033265750767
-0.4952194966676043
-1.5745518325546561
-0.7090183042402162
-0.0876069988701527
0.2151721912034360
-1.2863956681416813
0.3747908040863008
0.8645304597205349
-0.1662481765600046
1.0077929592853785
-0.0267436617560473
1.6170966154669346
1.3881260331569871
1.1295014666857945
-0.4140123434294204
-1.7229007894066057
0.2678643923772430
0.7318546035980079
-0.5372274537267111
1.1883975001027807
1.6715577294261916
-0.6556480651875967
-1.0688797873631382
-0.3155515272344109
-2.7475487032181380
0.0250703531074539
-0.7352645160422838
0.3989561854807657
1.1430569517215496
1.2659437441966068
0.8433289487662937
0.7410028485186972
-0.1403439472804132
0.3460068098762339
-0.7131202417055428
3.0988497388958907
0.6473664531409984
-0.0336412765297280
-1.5241761971967274
0.9180902701710991
0.6794436684000191
-0.4243728603909005
-1.5246071781667825
-0.3612588782327195
-1.4871401806161491
0.2099797075874830
-0.1563978490079037
-0.4664950147488653
1.3500793706842971
-0.5729280658546412
0.9082469909058263
0.6587987884147948
-2.3962722845351565
-0.0014977770502847
1.3302351809192876
0.2057835191276397
-0.5290585978867948
0.8498119116320644
0.8862538341853790
0.3946939871257090
-1.5888384379210885
-1.3922706218223910
-0.6153097497407940
1.1293962697732904
-0.8940350999199022
-0.1183209919608545
0.8434128823309727
1.2630950327969497
1.0939446356272737
1.2445096845911445
-0.6304505455631199
-0.7957064959687820
0.4747921167617277
-0.1975843580283775
0.7318614829731269
-0.0588837497850445
-0.7508065401812558
-0.6809870171858230
0.7091687255035091
0.7363810833088731
-1.3601315488878560
0.5947708648965122
-0.5836739629047905
0.4100143091581309
-0.7178755565708236
-0.1799857892083119
0.0557114685942166
-0.9042727545633592
0.6045346855889154
0.2230683021643530
0.1651114214402323
-0.5055432243886959
-0.0434540168043518
1.0609287357202162
-2.3862164753255475
-1.9416347444442479
1.3778344340774800
0.7353985736082298
0.5437193093217582
1.3279570297633998
0.9094081903745608
-0.6833835332090401
-0.1646493831536267
-0.2764868689649751
0.1478170979848668
0.9050701361964685
-0.1952177082248689
-0.5578609615889825
-0.7748817066620954
-1.3313675244259486
1.1317866241997432
-1.4100333954707840
1.1429058761647481
-1.3926656544610971
-0.5047034637934398
-0.8147809295642143
1.6089114084929133
2.1353330137383040
0.7826261208658768
-1.5980059313843127
-1.2370117804684633
-1.2959396151522140
0.5911511887183443
-0.3537457088609289
1.0105198890453864
0.2785645947244153
0.2369034157658192
0.1767436713979206
0.8624366576697122
-0.2916877102632116
-1.2185811521924725
0.5292939943408812
-1.1505957451915048
-0.5399380881613151
0.5474820121351998
-0.5408919979516132
0.0640681618008011
1.5863490032428880
-0.8778629986810678
-1.6022246812974534
0.7237478310175028
-1.7412997884101709
1.1380831138858711
0.9152963442208186
-0.4717753750849120
1.9131065149209350
0.5380615083693402
0.8660657844900712
0.3985180427970855
1.5797031462131379
0.1618222399206269
0.7739738685789311
-1.8237551183117575
-0.1269300378238182
0.2007298282928754
-0.8456139638200485
-0.2316218389984956
0.0997596653157736
0.7006580859373476
0.5878450993040230
-0.3607228023524218
-1.2676176148644038
-1.1135381741115284
0.6729174257695425
0.2755276055729137
0.1660261998733941
-0.3032066399944411
-0.3390001107276714
1.1675728377526517
1.1956942971430082
-1.4901249079659395
-0.5880942092683705
2.0399283696426509
1.1134247152559771
-1.0682764028587912
0.4189052625255956
1.2052229737071694
1.4047328092520623
-0.6145468061616687
-0.4481455162675686
0.9612233725827349
-1.0394717812081049
-1.9616124126420804
-0.1127645507859361
0.2000472085912270
-0.3255439179688052
0.4492273005497332
-1.0923200778986655
-0.6745652216035291
-0.0935537866228089
1.2590380728140256
0.7354475943614280
0.2999858720126199
0.4140014308464212
-0.5237051771382877
1.1175560066461063
-1.1060434273467166
0.3252077114513368
-1.1046442890579962
1.6028121963623392
0.9194107816088321
-0.8379742262153598
-1.4383898184585386
0.8161397954734909
0.7909351752373023
1.4704580733166630
-0.9641804770740017
1.5022352721991021
-1.4400930197757689
1.6656408540480165
0.2221344586643144
0.1118022065630582
-0.9928225632051015
0.7472181987907329
0.2194425928765388
-1.1738876731013668
0.2417823157962860
1.1673845946487753
-0.8861846691233264
-1.0926917990345009
-0.2264636725296059
0.5564004454653744
-0.8543313725813240
-0.5388831039342025
-1.3427459718114747
-0.0256740712647023
0.2576365212957120
-0.1413231951964224
-0.3547134402688706
-0.3391884157847198
0.0875734545184920
-1.3826122352938601
-1.2082360913350947
0.5447107041395731
0.2958796461258426
0.1740996968318535
0.1603467044378626
-1.2570252370503503
-1.9422976779974928
0.7786129805004949
-3.0628898687792585
-1.1734318403973953
-0.4318077883871430
-1.1356423431258909
-1.8722007058777650
0.4412445880227865
1.6324448225960628
-1.0002126380430520
-0.5186859238075688
0.0810873567348195
-0.0981577472042055
1.5994624990107595
0.0737608857206615
0.7562486807199641
-1.2768770538391532
0.8940936304866856
-1.5126562766198546
0.5918568181028803
0.4966792904969406
0.7639271532581269
1.2637527410596576
-0.5672897879163110
-0.5929498278037330
2.6528747175853278
0.0696765473466998
0.2374758736119977
1.0732078313456914
-0.6740337768145073
0.6699015361145483
-0.8343563800314755
0.3932195069989799
1.8294133187029598
-0.7627909951062848
-0.8920506091243138
-1.3033199663743384
-1.5238941975754050
0.4777785803243844
0.5112248926086600
-0.5656071552571313
0.5501395886453174
-0.2800545895809878
0.7585430612365778
1.1121486866141135
0.3662831109913131
-0.8673305586572909
0.1133448968283347
-1.0403007406587690
-0.9375495964524122
-0.2739019064372412
0.7195955602931101
0.1807437072920325
0.0364701253395231
1.2284714581149014
-0.8487284353650297
0.5975959947942137
-0.5463285012448363
0.7543817070782451
0.8387633070449823
1.0297327040017701
-0.6850837501922600
-1.7109775589538099
0.8838110852243068
0.4503917895520369
-0.6568161074289710
0.4652464702919031
-0.1401433569589036
-0.1851962181116295
0.2939616908463162
1.0371581265891920
1.2775065549712243
-1.5738549933702719
-0.3010720594028111
0.8214268116979025
-0.6486165080187586
-0.2882604423869442
-0.5701620563409874
0.0868281476628825
-0.1864030984193025
-0.5779145130924009
0.0931912757178200
0.3321588237941542
0.0584380552484800
-0.7015044608740933
0.7724958218053065
0.7971822300081353
-0.7351165291262087
0.0880483002547649
0.0712695818454555
-1.1411558602824847
-0.3239889657619023
0.1309816643173863
1.2407261930331472
1.4558547786608160
0.3672670419285329
-1.8304904141348850
1.3529349996189335
-0.4342107044211890
-1.6314859364818544
0.7967737060682116
-1.6631240091464938
0.7874467196047090
0.0945172454334892
0.5680449943137881
3.8770123017623361
-0.1225991008504932
1.2106230223245915
-2.6086545721214107
1.0590567358118175
-0.1657203417578371
-0.4620118728861797
-0.8902646912148574
-1.7429897165731676
-0.2253805720742537
-0.5893334362776181
-1.0856658375593942
0.0907544572674520
0.5362265760854860
0.2321299676450221
-0.5186131480804780
-0.1516269135275412
0.5833368418537358
0.2065643017488656
0.8877307305472780
-0.5877733483644938
0.3499104080422407
-1.0489893160898860
0.3574949194418895
-0.8759789406343244
0.2029610789551504
-0.2960120039486887
0.9209439979714382
0.0772543346154031
-0.4235413406410544
-1.1156060410879889
-0.9861734973264921
-0.5903177881445776
-1.0674917531908510
-1.0632390947177774
0.5587970898314212
0.2475515570547085
-0.1832103091540580
-0.2597290840135902
-0.4765207197104337
1.1527026688731608
-0.1686224566471980
0.0090525101079968
0.4399142913979203
-0.3324670399558893
0.3855672151526894
-0.5195166185026288
0.2945401884215150
-0.7806635451650653
0.8639147153774777
0.1730924926134079
0.6185076760085129
-0.6379204215716940
0.6459120196731276
0.5333863542271882
0.2942357513191219
-1.0258042073122200
-0.7065936439165518
-0.1379058167342209
-0.9785660267153181
-0.7821360588286169
-0.0206260125881053
-1.4459868251182919
1.1460519117850030
0.9093890486429390
-0.2103080595883631
-0.9986346772415166
-0.6001458140278698
-0.9033372337672840
-0.7277100719246903
-0.8267231639892254
0.0275186807566874
0.5506878001677116
-0.1732255433662392
-0.3546887053668417
0.9184486358866989
-0.4821756939954960
0.5576849625532430
-2.3494877963514949
0.3118115858941262
0.8117177895934012
0.4112255266096693
1.6499707360294897
1.0894529262144830
-0.1768682521837564
0.3531125290865153
-0.9109714206590962
-1.3019590472403522
0.0685588184622115
0.0079727330073998
-1.2481164715366111
0.1553281941529949
-0.0156760522634404
0.1214656999058174
-0.3231435040907429
-0.0688163708540885
-1.1136591476857740
-0.0473935907328505
0.5056679366291574
-0.0436003843122908
1.1340980280954192
0.5269678090573852
1.0467285188726945
0.5801278437726808
1.2196670446860978
-0.1321374026944684
-0.7271994177406502
0.8785647183881014
0.7735869259299177
-0.0536111501880445
0.3438331178653155
-0.6629356880892510
-0.7659487090250805
0.1510025635021562
1.7987171721808766
1.1128511178670100
-0.9193313505769001
-0.6537346902629116
0.6625399559106123
-0.4618445179450152
0.8660707389743613
-2.2203479006359981
0.2662754629486108
1.5318500270265423
-1.6163262718602509
-0.5929422060723893
-0.7837573203789523
-0.3298124166669928
-0.5164411390990072
-0.8779495856046662
1.1037741527235123
-0.4478712254047227
-2.4875774083880118
-0.0204203925123936
-1.3459702676538587
0.8234267983966062
-1.5337831809946014
-0.1413724163445567
1.0284188480257099
0.3901530141663919
-0.4267213150469952
-0.3013755430343095
0.0017447719850413
1.6189133476617068
0.0287441930811224
-0.3372651171542322
0.4246594953463373
0.9337388658876478
1.9742029844533580
-0.4268764587352481
0.1986389877255024
-0.0741014246158850
-0.8232704059844478
-0.8230767531300494
-0.7680526347961543
0.2220167986564769
1.0451654432183486
1.4262218595254739
1.2872618056775318
1.2664225018916972
-0.1284808050067549
-0.1434324702128393
1.4414244278022839
-0.3423208899195339
0.0801172431734735
0.0429182247471508
0.1705944081018989
1.9025550951232284
0.3255107135527519
1.5231003641193437
1.4497096879861344
-0.8315869514527366
-0.1103398762871624
0.6641266580854450
0.9345384417720323
2.7380785731969373
-0.8313451568494868
1.2956836998277619
0.6794419607704013
1.3715869936563303
-1.2307760041509390
-1.7250139185827487
-2.1110092358476424
0.2179023602822263
0.4513376748781549
0.9929409838175516
0.1622929343163047
-0.3329719080231066
0.0832056299636003
1.0083102007260947
-2.2739354093730682
0.4914208653767742
1.4468819618541342
1.3356984159750460
0.2259865646435650
0.6041721750724587
1.0903135711734104
-2.2510287167785621
1.1901785808678329
-0.3444745634609164
-0.2071007811893322
-1.3992769085514372
0.9907817299119231
-2.2107727563792783
-0.9960625521880768
0.6817790975154654
0.3126798627202312
0.7256561019927154
-0.1395903187096292
-0.5461092712084374
-1.3268626485918116
1.2148501790096948
-0.2853765846256963
0.8498236489744184
0.8489590837478692
1.0663719651595986
-0.5972309202664178
-1.1008965539465154
0.3912962593387207
0.3556611179085017
1.1156444465439652
2.2815798142567054
-3.0305378166301948
-0.7779733733419072
1.1730854563534043
-0.7147331504689514
-1.7145184445050217
-0.3144671413707409
-0.9850532214650830
0.2650613149134199
0.7261747087927777
0.9692214467018241
-0.0299429643511693
-1.7485821749386077
0.1902993381743593
