0.1941875573637860
-0.5746224385931195
-0.0837583372257553
-0.7594570272682476
-0.4581349180880741
-0.6362910192891782
-1.3933857995175376
-1.3333031947348477
-1.1025769315437328
-0.3645117195408992
-2.3814744286820870
-1.2021611486766701
-0.1590188906707486
-0.3810119719427416
-1.8629384864992897
-1.9458032301970769
-1.8937447435696182
-0.2716519924642741
0.1405143974364405
-2.1831263108723924
-1.5431436476836105
0.3421702715072789
-1.1405693205698024
-0.5053004267234305
-1.3163985049778493
-1.0738528413648649
-0.6226281717571726
-2.5726739613559837
-0.1642942107627850
-0.6792531274144616
0.2812056124771458
-0.4890211458642378
-1.4470360549076395
-1.2947463769598517
-0.9804310005221686
-1.3762029915385068
-1.6557544286064143
-0.5497079521406684
0.0743178814119957
-1.6970389530680219
-0.8517395989173666
0.5359440763306731
0.0344293261378188
-1.4161393208010675
-0.0961358984668715
-0.6474023988676063
-1.1922499908764728
-0.3536825846068690
-0.2992150129160475
-0.1690830509460861
-1.3281751303681169
-0.5605061822341590
-2.0411764291485963
-2.2718109671177977
-0.1822968484304696
-0.1851730885707841
-1.5246188430009935
-1.9324081093830932
-2.1566813179893187
-1.2275550933467871
-0.9526084747080684
-0.5530335426992729
-0.5646946140441539
-0.4568350508033708
-1.1958668901589846
-0.3973897917612466
-0.1982705212423255
-0.9381017266313451
-1.3062457362044599
-0.0068980396185325
-1.2181725855614849
-1.9319632009882279
-0.0085459741121966
-0.7158929388119021
-1.0877421258910256
-0.9027360095746209
-1.1712426257862469
-1.6027376573915060
-1.1416848358186369
0.6201833458380631
-1.7088953172634436
0.2671467704760131
-0.3246014057274482
-1.9084484415855221
-0.9530945794019222
-1.0199998098585121
-2.3580714059499379
-0.8610181132724687
-2.0333134918165645
-0.0035600798125540
-0.7824565383272789
0.1245408898396946
-1.7008240263194832
-0.1942708151432361
-0.9829002090436298
-0.7488644692180398
-0.2637341669555764
-0.7953743622785849
-1.0558211933671156
-0.8700581680906075
-0.4624026585889521
-1.5288666538259690
-0.2940128485716897
-1.5613879577620171
-0.0355422000811350
-2.7887397165484473
-0.1495364189119464
-1.5571052298608525
0.6896213956289243
-0.3205617778251330
-1.2717143888717812
-0.1932517158000399
-0.8123974291051136
-0.2281419115275911
0.2129310072706395
-0.3977747270638471
-1.2192739566141366
-0.2061253967227318
-0.9656498734255057
0.2311655810312574
-1.9567260724495048
0.0708650938550609
-1.5414430619317872
-0.1405704799458030
-1.2450124168070837
-0.1500631492726621
-0.6134017780685836
-1.9953520870416175
-2.1674344737018614
-1.1279759119364852
-0.8935173561992528
-1.0495339914884534
-0.5505263197216588
-0.1146366451035916
-0.6011324840365088
-0.4521421747487526
-1.1359411655752827
-1.6536344257505105
-0.4734207780258615
-1.4278201529176853
-1.4338277473263465
0.0807006375574137
-1.1977277730631226
-1.0656202613976835
-0.6117059770008816
-0.2376007228453380
-1.0828698192177004
-1.3415454217847940
-0.0703373476455587
-0.9111861391519916
-1.7445633724510949
0.1205620280182236
-3.0360102621627640
-0.0234378999104728
-0.7071772516280019
-2.3123169442151581
0.0205126748129742
-0.4878600543014344
0.1289941886749988
0.7001883668354163
-0.4389714670072300
-2.0353989541839113
-2.6496560462834959
-1.7471722532074985
-0.3100957173815335
-0.4498009862986697
-1.8567391847956480
-0.5919993826067309
-1.3598762408990672
-0.3338346455446194
-0.0555783724353192
-0.9574598143496577
-2.5876299042029194
-1.8682474482169982
-1.4263789489787091
-0.5466284056579169
-0.3065425980478709
-0.5880477810087265
-1.1138407109063311
-0.0472130639720408
-0.6999912222852029
-0.6852577663430910
-1.5712529141475040
-1.1405734073000846
-1.9850463852365490
-1.5723591573370903
-0.2516845639591041
-1.4910356526086841
-1.4491241822946117
-0.1698208482487849
-1.2861317229465967
-1.1792953151152952
-0.9959119801229529
-0.6169931846170815
0.3501311350792883
-0.8594243945306549
-1.2781323618648321
-1.2458601195536596
-0.6850263786553920
-1.0437201510240672
-1.1797644239287688
0.0095425752330797
-0.7897631993844270
-1.0128865240248217
-1.8985307728891061
-0.1653609244143854
-1.5144624892889891
-1.6923861353984904
0.0744439449462823
0.5183500307702262
0.2349037363885466
-0.9959218005804646
-0.4093028058839723
-1.7963887792158344
-0.9576210504319244
-0.9838892546635400
-1.8332411021190813
-0.5471772255328153
-2.9910775828013532
-0.8257512839727533
-0.9549914011623531
-1.0274494017125757
-0.8118706965963375
-0.5534555574912433
0.1551695408034064
0.1653436795962772
-0.9973960184783611
-0.3803320280968978
0.2337969875164284
-0.8084390743441756
-0.6320589944636155
-1.0269678341799002
0.0448378019805255
-2.0302230709402274
-0.8260573866845816
-0.2774095279585184
-1.2318593925445751
-0.3494528681806954
-1.1131282981643522
0.0714097158548517
-1.4101296877050622
0.0066079695811001
-2.6592409065736171
0.0168021992018479
-1.0608662505360882
-0.7168202794099250
-1.5152178704527264
0.4892490527662854
0.1350859080495923
0.1694871916649827
-2.1592304055407392
-1.4749358098300611
-1.2473823229272500
-2.2180878168582048
-0.7676656073412053
-1.6071190896497343
-0.2836539080539390
-1.3721366102502148
-1.8191802482473154
-0.2169533221552468
-2.2896723746526080
-3.0881785274630724
-0.7734563271262844
-0.6621051771066240
0.7003161083873902
-1.5103291097627474
-1.7756806161530558
-2.5234086453725983
-0.5939991415988304
-0.6642762547434866
-1.3343564695449206
-0.4535113502466849
-1.7175628689287394
-0.5266782872270052
-0.8277450923169093
0.4618731307237611
-1.2976824540205021
-1.3947649751074678
0.9854026530933431
-1.7636021969797340
-0.1781765248908570
-1.2066610434838043
0.2014281846664467
-0.0032304261773308
-2.3316436218825372
0.0580822372549782
-1.2064568636575761
-1.3465777508089798
-0.7081609413806855
-0.5120196732337337
-0.3499034773551557
-0.4413898249258796
-1.9910385118407128
-2.6128274162035914
-0.0324889875773334
-0.7410472652138742
-2.0618797608615882
-0.8842687375043783
-1.2365082587958249
-2.0702297049018838
-0.7795000436472451
-0.3501482350103713
-1.5365274944193186
-0.6413904747304744
-0.1615517474010258
-0.3657328937401274
0.4754106377542745
0.0429710994784845
-0.9326998235138022
0.4458612506755765
-1.5184002455122945
-0.8617183228494746
-0.5489062023226364
-1.7614063055230684
-0.2528618780189215
-1.4636249157497716
-1.3925015891847334
-1.6774307192893194
-1.6762653250423187
-0.0053915328940128
-1.7599408141565125
-1.6602845993733120
-1.4101377647107949
-1.2449327227917251
-1.4634162162718776
-0.9449782328392774
-1.8289112235225202
-1.1913834507539882
-0.3338360804096446
-1.7437549164070019
-1.6524927729285037
-0.0007729753102716
-1.1566106189888399
-0.3461371844305121
-0.6376599378981570
-0.9305258956794135
0.0548218445852052
-0.3081450188392431
-0.9303425044357301
-1.1586223402770934
-0.6145413856283538
-0.5022904165658039
-1.3813358074245989
-1.4703984452592154
-1.3449932705889722
-1.6163127912416353
-0.8910047120608001
0.1052018776646585
-0.4783914998415409
0.2838159676122645
-2.3575543515310544
-1.8875080061674867
-1.1905922095728048
-0.4821409129906504
-0.4700727634557567
-0.6099998432338133
-0.6542191018039484
-0.6005542862563292
-0.3765225252829693
-0.0347911771330834
-1.0496322687818493
-0.1692298192272058
-1.4116386506543182
-0.6301006323847639
-1.7420208457449691
-1.4718953156927272
-0.7040317713734501
-0.0963443011841064
0.0505892935233688
-1.7898360397264894
-0.5867379266802146
-2.0257443269473909
-0.9162333220499115
-1.6530176454973662
0.2457670406946598
-0.9308381753140534
-0.4933899953352729
-0.1269543213534017
-1.6589213567235981
0.2527432487869359
-2.1195390448673845
-0.5481907011879341
-1.0496969785716290
-1.0367655312355659
-1.3049023345375623
-1.3879256639640445
-0.1500442658445571
0.4502685400358662
-0.5017851390478517
-1.1662552763249023
-0.5095743556617818
-2.5530903798059477
-0.1060739420021757
-1.1330528415523520
-0.8384470151276102
-0.8377521897510621
-1.3919460280819480
-1.4995732611046193
-1.3122097891650502
-0.1276051210718622
-0.1640844281964341
-0.0261448220351768
-0.7304542492941296
-0.5219499885620155
-1.3270280058088140
-1.0610262421908774
-1.6325390882273210
-1.1189871024317011
0.0429056502655615
0.1675246252072916
-0.0940041705945287
-1.6204000703659271
-0.6209770521781685
-0.5421152452070302
-2.0192176840483986
-1.0928689810453611
0.1805288164387274
-2.1347694402292072
-0.0388031618299093
-0.7436123780424602
-0.5527833495108105
-1.5685085879408673
-1.3330438869191996
-1.8948378282763154
-0.4257830258695877
-2.3211869286673434
-0.2663343555353557
-0.3518814657386130
-1.7093342144371366
-0.5970543347770868
-1.0580420353574977
-1.1946766348937137
-0.4130282287210827
-0.9564479578933600
-0.4178320517576993
-1.4206721309537240
-1.0907895767331517
-1.0498929957797367
-1.2607128334485587
-0.7964133181904928
-0.5980494706548337
-0.5609129787751148
-1.3420363836897726
-1.3848835613110881
-2.6408936717288873
0.2408169626968777
-2.0516513330133357
-0.4206359036241605
-0.4641254225355049
-1.4231175676542269
-1.4382908061464668
-1.1787462388936840
-0.5224296159460096
-0.9597896301945631
-1.0201608785166312
0.0016338261251105
-0.8571223641633260
-0.6328620899254596
-1.7638855847956505
-0.6921621279858748
-0.7433341285011973
-1.5541684558858488
-2.7488300128378413
2.0057492332156834
-0.3910195247918065
-0.1151912984239171
-0.4020642211118411
-1.4454099532596867
-0.1299710253514063
0.2261093910760432
-1.1808918749705311
-2.4063420795845571
-1.3984645866112699
-0.5143935094828842
-1.7915398454454969
-0.5113167349431776
-1.8607404666011933
-0.1015312334054271
0.1664138248014184
-1.1003687926213799
-0.7712416360109601
-0.2227442812096095
-2.0518321571704208
-0.4539476161703591
-1.1900594122346499
-1.3684583329656621
-0.3765778549282212
-0.8121225790895114
0.1237283748116508
-0.2692102492909127
-0.5387563114423219
-0.2964566260168258
-0.0751384106637942
-0.8784236160339961
-1.9062628107258262
-0.4743613189978932
-1.3026871837281522
-0.0733621224430611
-2.9224661947144974
0.1446486452752374
-0.5439232778661975
-0.1673293584828207
-1.0936126183451047
-0.6265975579876618
-0.5295941687426891
-0.5321272749548379
-1.3963880589116198
-0.5260117802295042
-0.4229586366170537
-0.6638273343261218
0.4391681495172307
-2.5646320967912839
0.3074242180879586
-0.7626010281339516
-0.8474210015323347
-1.4528680780947960
-1.5999184105260655
-0.8940098653937623
0.4584385680484315
-0.9894908146113515
0.2517876562699324
-1.0888457336853474
-1.8390371026876577
-1.4188147360719543
-2.2001753931917820
-1.7155890349480551
-1.2385367422790121
-2.6034413651353105
0.5301374735213101
-2.0597361946057533
-0.5543945267789000
-1.2325740940366390
-1.0955075631343885
-0.8987515376496182
0.4458978081141682
-2.8674251413188556
-1.6674072793775359
-0.5193292867813629
-0.6885491794078644
-0.9775052694612671
-2.7910769961378508
-0.2645450948126176
-1.1697229900411132
-0.5373315829755972
-2.1362038024549483
-0.6249961153967898
-2.7938307301431236
-1.5409280344298919
-0.3932132038223598
-0.8252613881855891
-0.2787303168323581
-0.9705854647851498
-1.8298926503702193
-1.7169375887022718
-0.7341105981454538
-0.4916189818802578
-1.1469093654465530
-0.5220003364065704
-1.3755420258176683
0.3602838330394753
-1.6014539765226792
-0.4116607870552362
0.3445757448057998
-1.1496709254400386
-1.3442123001386059
-0.1432023229323051
-0.8228658226482081
-0.9080367891561075
-2.6793574158912645
-0.7315661814532001
-1.8569453938040152
-0.3671410056288569
-0.6074750131913851
-0.1999564003967254
-1.5670913410787282
-0.1083074989944479
-0.4536852285034390
-1.7180049432699225
-2.0861605798298064
-0.1416413848254776
-1.0192534166627050
-0.7161659682211912
-0.6185702538187013
-1.2878038721537564
0.4122744531891019
-2.3820573308702970
-0.1969585219749848
-0.7130565437041514
-1.1467991003331106
-2.4471325335272978
-0.9502483877940450
-1.0810649125357334
-0.7413065943768639
-0.6522137103067233
-0.5451578471487832
-0.4969757237056606
0.2100746850773617
-0.9926541919635270
-0.8263572507720481
-0.9802906766582591
-2.0009401275761145
-2.1336566750948633
-0.9653330350553428
-0.1460121402577860
-0.3249510596791061
-2.2712036393393484
-1.0249339678010225
-0.8454719483452375
-0.6515516057326329
-1.3588369368755990
-1.4191733774590902
-0.1165944815913119
-0.2382638960389639
0.1109824532119097
-0.2160163884119088
-2.1252097744806662
-0.8783780833130853
0.0219883792424151
-2.0106681538782998
0.1756071913609572
-1.6750249714096979
-0.1728308363023966
-2.1464709856936834
-0.4567289042085449
-1.5436310957847152
-0.4705362374012143
-0.6944358641929506
-0.5358715492447064
-2.2022933612270847
-0.8928750579950747
-2.8367148969386276
1.3340247266488585
-1.6097642595858868
-1.3325588864414308
-1.4348736863551705
-1.6964948499605850
-1.5734640015252039
-0.5666436782638841
-1.2824920569417375
-2.4658889208801078
-1.2871756026266152
-0.5574443464040040
-1.4219630675576811
-1.7100784627566941
-1.0249429265885242
-0.2149143375600436
-0.1097426907313085
-0.4809443982781688
-2.5319432180451171
0.1626354305132221
-1.6617074824196167
-0.9908276125442880
0.1462781611924011
-0.1085720762393829
-0.8506357531849189
-1.5670540147169241
-1.5595108364661285
-0.5946311451679772
-0.0967578399767913
-1.7421300004189884
-0.5207782182199504
-1.6520373280627942
-0.4860472597544973
-0.1569304846825317
-1.3627598436505841
-1.7290074447301624
-2.9152422540404324
0.5521581130037416
-0.9923939969603678
-0.7317218536372829
-0.7138114923793581
-1.0953267956625889
-0.5994905596431283
-2.0048240203617564
-1.4100486322301176
-0.3208669561813831
-1.6132456908439785
-0.4779481786938478
-1.8178488719868675
-1.8708841282301909
0.0238225532457516
0.1626181445429555
-0.2232228922564375
0.0664698008808071
-1.8426375350363522
-2.0301696896885688
-0.1681517595554289
-0.2261455636536096
-0.6309422960811550
-0.4810420420992862
-0.7030790707875163
-1.0189678779887101
-2.2202078023241461
-0.9410221296542423
-0.7041420911349616
-1.5309614848278172
-0.9307510177145021
0.1367736912985066
-0.2340920241835144
-0.6025247121425868
-1.6620663005266338
0.3872258342584659
-0.7928115358252495
-2.4386173290475859
-1.2353400084680890
-1.7570946643233540
0.0310006809189296
-0.6105639983833616
-1.6514819932272855
-1.7120049868721470
-1.1255832560500594
-0.9539116010548687
0.3316286380304818
-0.6377818731494326
-0.3779580601443643
-1.1021299750190805
-3.0808376220131928
-0.0523554430613251
0.0018900847120028
-0.8762465892500139
-1.9755051993914423
-0.3499997127811399
-1.5944573814093974
-0.5687276954327838
-1.2137500553337519
-1.2314011167507335
-0.1971171375416340
-1.3653739796004574
-0.4640151238236216
-0.9036995078469499
-0.1662995116122032
-0.1558606717660327
-0.9632766185872493
-0.6108575989210172
-0.3599228611282314
-1.2765996720402695
-0.6822382720815499
-0.7436343674937986
0.4557728706361028
-0.9637460166740515
-0.6239185509226085
-0.1261191738103434
-0.9495324562230614
-0.8725588586316353
-0.5765990541650955
-0.5839122878345251
-1.0008125541565760
-2.0482139609272423
0.0544231127025922
-0.7712916992138643
-0.2000088880857282
0.0926207202516005
-0.3969866816920253
-0.8503721035676263
-0.2949468136087882
-0.8328887225760780
-1.6115271413095207
-0.4765764462032335
0.0171115602028404
-1.1592816019453711
-1.5161686710561126
-1.8577271592282811
0.2791993235392541
-2.1994555140848249
-0.3415268263682111
-0.8637835592887683
-2.0908375046489143
-1.0541492256386720
-0.7626706850090659
-1.7392541588437451
-0.6556674102359875
-0.5169550425504634
0.0268945902058246
-0.8617639991411730
-0.0333995046005324
-1.6101233012496945
-0.7762846280882285
-1.4300853041127344
-1.5871776181568966
-1.1203493265395077
0.4062546712876258
-0.0905161954007759
-0.0078935143675615
0.0455251925524168
-0.1598882163282836
-1.2446529954468493
-0.8414314098402513
-1.1633179245625500
-0.8632267188636721
-0.7199511476674754
-1.0632580818150974
-1.2756793880855011
0.7076014933382778
-0.7107356388929256
-0.4412716422328067
-1.2144236284101870
-0.6652806951620185
-0.5076526822981616
-0.0407345234717651
-0.3228052856411630
-0.7777714203193348
0.1894666995654244
-2.1746182946908590
-2.2830746375773052
-0.5058419454343360
-0.0757933518454677
-2.0211763230000810
-0.7096770461191527
-1.5897614002592084
-0.5127171337028398
-0.5865569422291741
-1.3062386876869276
-1.5848404923187636
-0.4749457131573204
-1.9020916485926598
-1.8219836633231961
-2.2275948913752748
-1.7103677332490712
-0.8536608830653742
-1.7264116410843284
-0.0308791298213849
-0.8609441287761588
-0.4716187721779599
-0.5937337039955503
-0.8579121284684875
-1.1682550929797793
-1.3606567361825310
-1.9027238130754471
0.3579334578263322
1.0094054429145010
-1.4438821081807232
-1.1565463724816827
0.5245546562417942
-0.5893392428385510
0.0001047911679180
-0.6489512277277858
-0.6272766903450760
-1.4964559818241248
-0.0310057737176100
-2.0786239515666436
-0.5663680115907643
-0.0950069729313047
0.1711790527454137
-0.1767870512376498
-2.0655947994544670
-0.1256553771358404
0.0812346782829763
-0.2607319258839669
-3.0046349892764348
-0.9348797703736660
-2.2263307197108779
-1.3179548206562017
-0.1067930962212402
0.2606529659268504
-0.5227213845657520
-1.3601069096875655
-1.6758222989402405
0.1310209477774827
-0.5504825280706914
-1.4584104864768566
-0.9002355816813370
-1.1497773157808673
-2.1542191259596630
0.5005841566515133
-2.3411295181133092
-0.2321871576433702
0.0458664676161171
-2.3663863931683387
-1.1941868026447484
-3.2393538248881160
-1.3847891252050690
-1.3835243916034419
0.2186878462952465
-0.5823650309768539
-1.6724221431672537
-0.9433056115106331
-1.0232624911781836
-1.2481398816858480
-1.5061566029536944
-0.8953579409704286
-0.6823227168326691
-1.0783337372087378
-0.2118813825533209
-0.4975310912477850
0.1008633562385448
-1.2146581756256749
-0.6660581466925550
-2.0076936641735585
-0.2354918239930850
-2.0464724883614300
-2.9942419353307184
-1.4963261539987869
-0.5286042868175587
-0.8870458932993251
-1.2021564377336191
-1.0990931317172021
-1.6453252217719527
-0.9024218008497942
0.0603681910508512
-0.4227909339127764
-0.6628655534235522
-1.0085580663041298
-2.3197492513826066
-0.3078952154283787
-1.2102517907391035
-1.3816789294612020
-0.2341826258809734
-1.6091292361364020
-1.0918282942141955
-0.6137673608238002
-1.0362663466011235
-0.3650636131230666
-2.2102509875264893
-0.9744587015215100
0.2401744924701906
-1.9342118784191615
-0.5314646958617457
-2.0477996669877330
-0.6060489825591399
-0.5071231889010083
-1.2617882425521845
-1.4740938754397610
-1.4244894737166365
-0.5075633296422606
-1.4309204805541902
-0.5146937474915252
-0.4423454241011870
-0.5090244545352182
0.1357462114472036
0.2299978445028384
-0.0724213715748151
-1.0844049210073163
0.0575944319049217
-2.1960968095167184
-0.4815755911152406
-1.6664700009004509
-0.2750825748724562
-1.1405043529834031
-0.7902584263637789
0.6432686143695819
-0.2975792468772806
-0.4372958157394089
-1.7100269234399592
0.1763880978315875
-0.9114122635150397
-0.7284430080291489
-1.9844685789097880
-0.2853767755167089
0.0130631312628048
-1.3302991456993185
-1.7681639232366611
-0.2139090611093880
-0.2356817982132914
0.6093861099399623
-0.3845629527523735
-2.1860455820658320
-1.2098243755759606
-1.2362929610122766
0.1422251829210592
-0.8710655881320188
-1.3837144263600558
-0.9832024143246939
-0.9758372902174777
-1.9382221436427503
-2.3165454666868857
-0.4877627395181932
-0.1591965931472082
-1.2854123914344562
-0.0468767428174107
-0.2963820420220264
-0.4212518320749358
-1.5221061836100980
-1.4217361623985876
0.0635989657370315
-0.0717847142936903
-0.5680203154164419
-1.0873838239951752
-1.7862340186859140
0.3224510656984342
-1.2281044176519365
0.1214372782443174
-1.7182275192059746
-1.9042800066013588
-0.1978158635304617
-1.0080286955364246
-1.2882050604599333
-2.4174964290430516
-0.6114518265873656
-0.1105901577594120
0.1238005875446013
-0.2533261303189951
-1.2414384456502952
-0.3277516471038858
-0.9087313075239113
-0.4989893033162514
-1.0824718079430187
-0.9390580855437870
-0.1176345427833864
-0.9478934852583155
-0.8851939039455780
