-1.1229664635458696
-0.7783192961844302
-0.0163910572870805
0.0135118494290688
-1.7616541604282083
-3.2371808183685835
-0.5541671525624466
-0.3268126220024820
0.4700812001538962
-0.3069177839141489
-1.0341883610401539
-0.0140525283760146
-1.5663650458309917
-0.4166080594766621
0.3035891673335512
-1.1305109865989613
0.0676314409481356
0.3527501690934502
-0.5523001186825163
-0.3953901600755454
-0.3887661160671035
-0.2716043940750664
-0.6021664576477177
-0.9325860797078783
-0.7738676615808496
-0.6943230608128758
-0.1081160248222815
-1.6223189147470274
-0.0508414312273266
0.0623526264411584
-0.7834411975331016
-1.0713688384910036
-0.0876174903220089
0.4756789133878123
-0.2435665155843311
-1.1029735221596344
-0.3679617214913890
0.1624102379118887
-0.1902341452869653
-0.3104815326751424
-0.0711909277408727
-0.3235928952741304
-1.7089134708508065
-0.4999830011614776
-2.1917973433421341
-0.0345330648330603
0.4061362167384027
0.2683449793496406
0.2035159269748461
-0.3463395664986126
0.0368460223984739
-0.2707019744504811
-0.3573097451741152
-0.2291140112029913
-1.2759408039397493
-0.1609952625909422
-1.8655547072575336
-0.1172433667874970
-0.3714269786178843
-0.8620052312663686
-0.7945201910985953
-0.0547881381638574
-0.1427250136052828
-0.7028598126493409
-0.8824071920666963
-0.1765958082713953
-0.3480712009800585
0.3997590460281284
-0.7370015390591791
-2.0414770528350279
0.4638224206848454
-0.4266886093578826
-0.9572810312518653
0.0790287175680259
-1.6523894069527458
0.2162147141405270
-0.8811913803994372
0.3611853852467781
0.1301659081281714
-0.2370041906774716
-0.9005911737437369
-0.4918239692592030
-1.5377698577753898
-1.3673101447341374
-1.7658699116545584
-1.6382321786710330
-0.5770486050083544
-1.2238676765804242
-1.0484984207149231
-0.9824638612873403
0.1629009869201308
-1.1371621799511531
-0.3739257739390931
0.0404108272452314
-0.2900327255388047
-1.0242635265890132
-0.2003138108269556
-0.1114589599144580
-0.5385634824575014
-0.5266705476412118
-1.9758502152448703
-0.1056863471856594
-0.6345741865197883
-0.3101530529280129
-1.3818426464337543
-0.2417038870358633
-0.8797057281631423
-0.3896973593436433
-2.6372763274201962
-2.2167616269152806
0.0659727284334547
-0.5176555666419276
-0.1864780450594727
-0.9047126077967764
-0.6027356314299456
-0.2474644858810409
-0.5042344831926696
-1.3341891880105228
-0.4871130129318879
-0.2670655270695143
-1.1347109804995179
-0.6685567722344042
-0.2290821013980510
-0.6669326497014506
0.0927322174468667
-1.3958354287065677
0.0536009354193959
-0.3418853385521317
0.3156850054836501
-1.3246472219488663
-0.3673014766328325
0.1015190516360479
0.1313611456592408
-0.7450737015612193
-0.0858523899972002
-0.4115555205938341
-0.2692908680956420
-0.5888023530754992
-0.7549644508179217
-0.8186063594819482
0.0829139586277829
0.1041543622364894
0.0816952844455564
-0.9190676231026335
-0.4174236163306104
-1.0456748292901443
-0.4221487357029444
-0.8264393543319634
-0.1449731656023251
-0.6282140290133140
-0.5547374349846098
0.0445463897604138
0.2375499073401764
-1.5447855647189583
-1.2196588796674253
-1.7083691649335444
0.0162799243293754
-0.5210441962348558
0.3645242996019035
-2.0178304748295388
-0.9559203558280275
-0.3633019780102856
0.2890068641543775
-0.4519622981693159
-0.2536066716448823
-0.7101139748442001
-1.2483245905360500
-1.9080017483990352
0.2074531702365120
0.0002852804525891
-0.4277461866984179
0.0084939571515148
-0.2324072490693901
-1.0878165593847391
-1.1907741826122651
0.1330188646021964
-0.7573995064882671
-1.6862165579316017
0.2246758075887597
-1.9679956841093440
-2.4853620074043246
-2.0678694279471905
-0.6799766214801063
-0.9486627519781430
-0.0185596614973144
-1.9042560476984474
-0.9959559593474242
-1.2269739752277835
-1.0941710911897364
-0.1690654732206018
-0.8279720914270955
-0.0149977066034877
0.2241314695984967
-0.3536455134650227
-1.1583528787202029
0.4245545368200009
-0.1659752709512785
-1.3457734174351348
0.1410783077293613
-1.4317003750999924
-3.2301200309267344
-1.1270741051235116
-1.0938713878794517
-0.3929860005985691
-0.8678658218236189
-1.6810094316536675
-0.9037607417121430
-0.4358702491893233
-2.0241468363859685
0.0909404426930981
0.1788789966191020
-0.6681522980762112
-2.3366732126605161
-0.0051987679017427
0.1069900763332964
-1.1365275173718927
-0.9755386897272683
-0.6315958706729456
0.1893802075102882
-0.1548131710944821
0.0847047996908409
0.0033516080926309
-0.6069867927030482
-0.7837902804837013
-1.6830733281821497
0.1934739938265523
0.3241683018716128
0.2393527530682315
-2.1152201507860933
-2.3211857879525875
-0.6578910784141042
0.0448315088031475
-0.0658447112825081
0.1325517210299493
-0.4423864125187089
-0.2706487356663237
-0.6443162422754909
0.2888428735723680
-0.7259769799864596
-2.0723333330664695
-0.9994396720735389
-0.4352653610098967
-0.3546313071747861
-0.9763165593771196
0.0113486849361304
0.3358381116548796
-0.6120800391739970
-1.4873966307875282
0.3343690269603339
-0.7791827742894402
-1.2876873276500325
-0.7268419828093312
-1.0062056917591029
-1.6634244400297675
-0.1013285987876524
-1.8744604783848045
-0.4078050446237608
-1.1487486722927547
-0.8233699804805013
-1.6513749520330101
-0.8735980597122167
-0.2518560001327034
-0.0799087649990513
-1.7641049329232308
-0.7996857788434911
0.0902191228977721
-0.3475737255968235
-0.4779708125588450
-1.3342563961720055
0.3223321138885815
-1.1317427820013000
-0.0737446739099529
-0.8236444828491889
-0.2168044695874766
-0.1340070285412971
-0.5084916042509240
0.3164874692600189
-0.5916795207385284
-0.1916601178892519
0.1102972814527210
0.4017099903234045
-1.7926372290742281
-0.3512886263109106
-0.4881957205294974
0.5544158337426504
-1.3380553169163962
-0.6754043342105013
-2.4962396720291178
-0.8723066686057911
-0.3436440214041336
0.1582546244793839
-1.0826657536281747
-0.1698862125267194
0.3384865260571520
-0.3066584481423226
0.1124803179717735
-0.2693890554255044
0.0353262730656891
-0.1914055016296377
-1.8685004844861954
-1.0059976624969225
-1.3197820860297811
-0.2490056589396087
0.2352487124463264
-0.0350326752156154
-0.5062236254564652
-0.2425882291180161
-0.7596694067268014
-0.9741366388509887
-0.8025150537385917
0.1440647677080930
-0.7131531632733890
0.0911970065057030
-0.9045711595938214
-1.0010206193117557
-0.2613857881804055
-0.4266223486112839
-1.0620583024788208
-1.1086275690541205
-1.2356501127161157
0.0241736921363032
-1.8424900865327976
-0.9215239238139310
-0.5284926484361766
-0.5721175509732565
-0.3678896824777814
0.0337531199149314
-0.9426490859376826
-0.5761559140394594
-0.6680580313732817
-1.4969394683141437
-0.7737134571368971
-1.8798868598091036
-0.5183643210041138
0.2431981845101566
0.1872652220098848
-1.5180719722969380
0.3432820394940349
0.1124094687386467
0.1009128426056317
-0.6565168989153780
0.0578784967411960
-0.1355042377057525
-0.0840590554733254
0.2503145617159093
-0.5056220268231182
-0.5891016892061706
-0.9686291834924045
-0.2301266075265800
-1.3776648835703453
-0.5759222232089206
-1.0703568952982814
-1.3326700319418519
-0.7224003893620714
-0.6578020773502791
-0.0666463936436277
-2.1742181186711149
-1.3280363446723167
-0.4998476327496370
0.2677541483629743
-1.2506456434039284
0.2163912467868350
-1.6132202244864580
-1.6516202070742159
0.0227252970915892
-0.9456761954434176
-0.3753183809710640
-0.2972670917321030
-0.7239033554112168
-0.1411842053608624
0.0586863457743796
-0.1946065662579921
-0.3092035439951900
-1.3092763023472211
-0.4570971411700244
-1.2509101988411595
-0.5618563196534304
0.0300724220300132
-0.6653022374487353
-0.8587410257728078
-1.4926076388064418
-0.0321439004622437
-0.7776673865666029
-0.7310546215569059
-0.0284529059009760
-0.1566245959503889
-1.0003295031242565
-0.8736506620512581
0.0934402350191764
-2.8825868839496769
0.0115687621298504
-0.0636034307158371
-0.7505387405333551
0.1373526482438800
-0.7405293755082917
-0.5350291615881153
-1.3675054666428972
-0.9229762474876829
-0.2585717756074061
-0.0483236205140561
0.1380503236924955
-0.7257355388332238
-0.3133167514230607
-0.7637045124528673
-1.5997020370943147
-2.4834119742484599
0.1079145396722829
-0.2560033338396370
-0.4401770512545116
-0.2341070900718689
-0.0609506590455097
-0.2439903039532714
-1.9097395043332592
-0.2585401173568956
-1.8361555257973099
0.2720682774493108
-0.2124873029786132
0.1738949101643361
-0.1482216978004006
-1.3473371703563439
-0.3272188347912612
-0.7824997326350538
-0.1791683021821791
-1.0154146443192025
0.1423822893772377
-0.6510361847475840
-1.1968731261073040
-0.3122984236069583
0.0575201339852844
-2.0616125302908967
0.2319587847519353
-1.2518787170139241
-1.0547273629880027
-0.4222938277082289
-0.1544716796204275
0.1483343597189551
-0.1611991832282082
-2.1535694912333962
-0.6890817757168940
-0.6927744432213352
-0.6860188528603473
-0.8066876808435017
-0.9667437632510748
0.4198502357476958
-1.3096771316251947
-1.3838022377753108
0.1191935008267824
-0.0957001049361001
0.2728048386234388
-0.5593179141800246
-2.1179340263130331
0.0870151932587968
-1.0627241304934436
-1.3736556472932862
-0.1729041752871845
-0.2894060764866316
0.1365859189669122
-1.1602162703573446
-0.4516222595287054
-0.0885401690768797
0.4298970531037243
-0.3138900411196634
-0.1556038709189328
-0.4841995847522505
-1.9805185666520992
-1.0027144396948520
-1.7157627603258490
-0.4317306154242471
-0.8541162828206365
-0.9584510520766537
-0.5718685377402145
-0.7405228024929907
-0.6225598075372574
-1.2054964241276731
-0.2767541046775769
-0.0237271095503804
0.3668963094129197
-0.0734762423392595
-0.3912887396719723
-0.0836197503705703
-1.5718297803820735
-1.3761385365181711
0.4907206071082525
-0.6271850381265044
0.1676316924547740
-0.5233287645908562
-0.7045781045036301
-0.5877716634023314
-0.6689573201336191
-1.8061078332412845
-1.7508971173745862
-1.0781475872502608
-0.4861755216240086
-0.1463305096717508
0.0437023087058627
-0.1732460953285529
-1.9339556919767420
-2.0152034355216455
-0.0169435872825173
-0.6383934159615828
-0.5912665597000062
-0.2645262462653883
-2.4693978251833100
-0.4474369167886856
-1.4067291212295017
-0.1680596000605939
-1.6636781254601296
0.2031441355033667
0.1421442612020992
-0.0667178956470142
-0.8003109125479292
-0.8523204544017865
0.0866979302480350
-0.6704859400654399
-0.8685470248599847
-0.5014218485257792
-0.3970377931103008
-0.6264587303611229
-1.1456850357151782
-0.6385033855018849
-0.2087451968914702
0.1893093404772857
-0.9012937326768066
-0.0463992847256267
-1.4372883774903162
0.3899733730985737
-1.1546103876332570
0.2868546752077938
-1.4324265010165727
-0.4227129559798968
-0.0208865767700766
-0.9387831705024398
-1.2189401714378072
-0.5354545026938075
-2.7999285774485045
-0.0886188199171242
-1.4664936379556504
-0.8870543350175668
-0.5913778765046117
-0.4410757056812132
-0.3927855964158556
-0.1257253494064217
-1.0397458264211599
-0.4339780443408500
-0.1897919803007238
-0.6410573410999646
-0.3111569364747289
-0.0623994655044120
0.0781668162667753
-0.7441373605372001
-0.7975874665412820
-0.4925828879363855
-0.2386088591480958
-0.0412028771083163
-0.3468789550855828
-0.6942650855869757
-0.5200862023295239
-0.4537460362090847
-0.9895144221647322
0.3727856852596100
-0.9291293127537670
-0.7542355791586167
0.0124936204133891
0.0170249240963661
-0.5672591578333599
0.0079343316564259
-1.5825082160202899
-0.2250493780814126
-0.0158415247084082
-0.6704285811815410
-0.4089839540410043
-0.7729999448495142
0.0692137160701162
-0.5437420008030940
-0.7833363341133628
0.0412310112854844
0.0363448084577282
0.1772907116035020
0.3328086490170930
-0.3207005786850229
0.0681364510638705
0.0352293545416769
-0.2565513721088706
-0.5036108137947126
-0.7744648250453338
-2.1850737391049222
-0.8730331501447055
-0.1667956037183253
-0.1012435689761692
-1.3508216438555203
0.2140134656750635
-0.3159221251786211
0.0637625025233537
-0.7176422807023979
-0.2199309316129768
-0.2763578063343204
0.2348100536503595
-0.3138863821660373
-0.6044150137882848
0.1985870089021194
-1.3089681996874989
-0.8587730237889964
-0.5889273488576219
-0.6649830711011292
-0.4317858615481663
-0.2257415032106866
-0.8039948326093002
0.0115128146814770
-0.9799685025919325
-0.4173237367767369
0.0098172638608150
-0.2521279717365356
-2.0624458017135208
-0.5953290837862134
-0.6153640077930534
-0.7587765741186537
-0.4986329543713222
-0.5321363418169606
-0.1879737598543986
-0.6314572477527032
-0.9925814042916551
-2.0995993903289141
-1.8605303480060753
-0.4088668842647051
-0.9103089141756902
0.0066882596203400
-0.4391379107155324
0.0673140871991846
-0.1573821343028633
-0.2416010068747526
0.0136191200338141
0.0925287810898483
0.0237306756027031
-0.1926134944994125
-0.1502844089284345
-1.0453902627652956
-0.4354904872871003
-0.2796865704700130
-0.2376872725784768
-0.3279823822735900
-1.0711748520520485
-0.4468756181068970
-0.1231845343448311
-1.9728774968454412
0.1902411639204169
-0.5240532032045879
-0.6329561968126575
0.0573204166749576
0.0213617587016543
-2.8198459840241750
-0.0248258019939188
0.3027458390773929
-0.0173074286770120
-1.1440257307445938
-0.7654283797062806
-0.9278818216032537
0.3287244955686875
-0.0905469138915125
-1.6242637373192941
0.2021597103522406
0.1222064411152384
0.2231741647951691
-0.0702910194619720
-0.0898094209083043
-0.0656602187808325
-0.2758034386281382
-1.7720935785387140
-0.9696303081541072
0.2516122581958448
-1.0714000493664637
-0.5155227359867597
-0.3649505119709767
-1.3280074873790519
-0.1946030487699855
0.0534271629276723
-0.1289366303294820
0.2461247073240471
-0.0868007185953378
-0.5720765414468518
-0.1536305674385355
-0.1251088208106771
-1.6920120343417389
-0.1054526988138153
-1.2012789703602835
-0.0952557153902995
-0.0230527614428613
-0.2948103379487849
0.1102759656442867
-0.6977584616985983
-0.8236614858587348
-0.4167375439842868
-1.5225415349807248
-1.1981754761349703
-0.6461148865001548
-0.4731079045387640
0.2403074150847129
0.0924810279788999
-0.4126734279244724
0.0483249911622815
0.0887280373407164
-1.6006507430202248
-1.3547080452932196
-1.0337692841127857
-0.1121091745842384
-0.4963617856861489
0.4468130722131848
-0.5757422551976971
-0.2610241656799176
-0.2855396295049532
0.1324204998255443
-0.2965583153501171
0.0111365739734827
-0.7950921395257888
-0.0320290213629320
-1.9609991146829167
0.2664869330009336
-0.3348615627507699
-0.3677538066976249
-0.6932401901837482
-1.6175017913859353
-0.1999612592895831
0.0224874427064206
-0.1793046333655989
0.1476560009866060
-1.1875046060708723
-1.0346599173060247
0.4215821518095235
-1.4115390308322640
-0.7545584369203926
-2.1000767565224625
-2.2110060697911305
-1.2877346569569388
-0.0539322446372241
0.1727456794017163
-1.0800962188985317
-0.3320332202593265
-1.5055835138739526
-1.8139949573584493
-0.1616495351295322
-0.0765052562545817
-0.0440636265838314
0.4050310202963090
-0.8825732802408283
-1.5165893346327239
0.0315983024077326
-0.2725133647101499
-0.5077177349108658
0.2441918115265089
-0.2214141992813219
-1.0483215209884951
-0.1706766051165495
-0.1518006264758224
-0.4532751623402686
-0.1009553448801579
-0.1842367315172853
-1.3914189039006875
-0.3106392815518027
-0.9975245167264812
-0.2998168114138032
-0.4034042800895575
-0.2798301302432746
-0.8914754491207416
-0.2952015616279873
-0.2006740420159910
-0.4313842178161959
-0.3268145879854647
-0.1326920138508426
0.2628130832610461
-0.1263467027722178
-0.2206266483522786
0.1127895929192277
-0.4366012197238207
-0.2203585863138153
-0.0792540332783216
0.3383109149086294
-0.4119676235484885
-0.0298535074439729
-0.3961854180781892
-0.7935503086946892
-1.9943828393549745
-0.0810417396094114
-0.2254334391782602
-0.5570423530339234
-0.6218315518309476
-1.4969402493619819
0.2669726465032056
0.0876564508017101
-0.8519181591442547
-0.0505817586626843
-0.5525699294025701
0.1763942292482692
-0.4646612838340205
-0.5480286631468564
0.0328337440075386
-1.2264031183764201
-1.2014280811355038
-0.7173544993703418
0.0475747361492094
-1.2831783843964431
-0.2776831589212825
-0.9561986016702007
0.0413821922076360
-0.6125747285129330
0.1140013816034364
-0.1315664656734311
-0.7502588247569913
-1.9730004617083328
-0.8094310326513610
0.0290943574291112
-0.9451718581246336
-0.0584524444950766
-0.0859547914601732
-1.0267578884432793
-0.0344550848257715
-0.7555127540081100
-0.7732770491024843
-0.9509620302897205
-0.7357807590074804
-0.9712422229654237
-0.9972088971237524
-0.2315341453613517
-0.3435582147585478
0.1709942891024149
0.0507199625957567
-0.3143338014103020
-0.3401518231338592
-0.7868151502000718
-1.0170427952539194
0.2035326383248360
0.1261656755074271
-1.3751849568349739
-0.1975031112164153
-1.2568344913672040
-0.1297184862613415
-0.0867294981147566
-0.7865812529129170
-0.0952361031628318
-1.0160678432406955
0.1702851651132934
-2.6098801173559352
-0.2265990269708993
-0.7410972364105722
-0.1774879231651274
-0.1188025183321689
-0.2378191249828102
-0.6750483625262131
-0.3533916960142736
-2.1213792492205474
-1.8725826695852970
0.3458120459818467
-0.2345616083118690
0.1720834709694228
-1.1369084468828905
-0.5966107750200749
-1.9940131730855304
0.1583581826499794
-1.1438174201899440
-1.3570442971135031
-1.0967713264818357
-1.5840659552134746
-2.2225988414819318
-0.7204223855144702
-2.1431445093983927
-1.6113438650888821
-1.1277062925496024
0.0330553318664324
0.0350828317633518
-0.1211854418655571
-0.1233635935290581
-0.5952291718131275
-1.6495373140587892
0.6232770729193468
-1.9074090917947739
0.1029762343726036
-0.5395137228231972
0.0937234109941577
-0.1906025764574788
-0.1281707254232935
-1.1616290094804320
-0.7043508774412005
0.0296470062802907
-0.7790104498646966
-1.0375459401437568
-0.5307378005639664
0.0242040062074793
-1.2079432087385604
-1.9926624144994018
-1.0750704525377548
-0.4532782806250106
-0.3808807385214422
0.3457301363828322
0.3981727773733004
-0.8808959172381664
-0.1318013945906692
-0.2156817842016696
-0.7402184122217456
-0.5446113172217352
-0.0706049277353346
-0.1582411157044851
-0.9679989730735002
-0.8885346211272446
-2.2023222512755054
-0.3345485147593614
0.2619184253296648
-2.2106771700448147
-0.3934896921643705
-0.0377388741575455
0.4796249393372247
-0.7583594348663379
0.3943567472726705
-0.8948105682748392
0.1051649689655766
-0.5461597960542056
-0.9988485718663188
0.1940020932213904
0.1304058181565924
-1.2237541808942292
-0.1607909152476244
-0.5377208891456212
-0.6241052259889863
-1.6320480320079878
-1.0348723272468472
-0.6671740392880213
-0.4302379499129611
-0.2531887316292302
-0.2813137113621647
-0.1716876949508079
-1.2797780024860406
-0.4882371225313340
-1.0489763294400483
0.2389823227383304
-0.5739603835536587
-0.2898688130951930
0.2567863998422225
0.1789469359509742
-0.3328179448004656
-0.2279658511550482
-0.0615695567282079
0.0712149835054895
0.2689505652329406
-1.1336958324797717
0.2753598404194154
-1.4254381901257396
-0.6810924131574446
-0.1541963922380488
-0.2586280627320769
-0.6218616517617377
-0.0730421513023903
-1.9030750955477538
-1.1545100376296524
0.4156574134068891
-0.0569501329707457
-0.5191236415592245
-0.0096035292090953
0.2579751253254631
-0.3227901180410120
-0.7212119397691636
0.2915275675820750
-1.9790039358536369
-0.1582496145636568
-1.2890328533556816
-1.5972323615291741
-0.1012907161593797
-0.0768978705186061
-1.1665075154229056
0.2669999326217702
-1.1434186900854890
-0.5142358413627371
-0.6249824400281798
-1.6358970858437960
0.4491566231250526
-0.1324464160948010
-0.6054744221263810
-1.0576414004629964
0.1888902850687243
-1.2256182735871932
-0.4858320532532309
0.0972975516878434
-0.1692689012037098
-0.3714556692997292
-0.9929391501639488
-0.1024397293898912
0.2383955736899808
0.0489513644529567
0.1440100594579751
-0.5836176997180620
-0.6478567556183598
-0.0921282813920661
-0.0206792264723035
0.2461175763106987
-0.1055264361057888
-0.0694627027626482
-1.4653645176012549
0.2226525625600128
-0.6223409583766534
-1.7505432867538628
-1.8738282414333458
-1.3238153475439098
-0.0833269945045179
-1.5505037921620775
