-0.0349802396721775
0.3965719331841083
-0.0405570124120609
-1.2164610753384422
-0.6636023382101809
-1.6617736590894561
-0.1958887321922943
-1.5722322271691807
-0.3231418566547554
-1.7387914196059440
-0.1757762454368660
-1.3388272009594828
-0.3186614722287417
-1.2983638104039832
0.0493466186386743
-0.7642181606832792
0.2439611282745014
-0.2598363586072633
-0.4039566606516006
-0.9551235864851755
0.3344640043623164
-0.4542037976528031
-0.4841591841761936
0.1530833372980318
-1.3756381048275783
0.1145931783104751
-2.1519167534196466
0.2237185042365342
-0.6531061078509508
-0.3140008599358499
-1.0278270200887076
-0.2625098535841578
-0.2740878442686683
0.1144262642923830
0.3446093531471068
-1.5078379270009732
-0.1919917594863454
-1.2474087326527850
0.1532075621017652
-0.5970016172313166
-0.9370724888332425
-0.5757479476296515
0.0739820957532623
0.1946759061828723
-1.4282609678881579
0.1804889718150624
-0.6815415713664756
-0.8906561290330582
-0.6214884891346498
-0.1710286295331130
-0.3235015413551596
-0.6394115119212102
-0.2667767037378986
-0.7223112350583076
-0.3591290262772951
-0.6295635350112657
-0.4359832689944965
-0.9498342785103651
-2.6094952699630647
0.0874616910572813
-1.0251368090531021
-1.5585648551226305
-1.2606222312806898
-0.5582274148880162
0.2413255675079114
-0.1818699059383898
-1.3371241085165284
-0.9306524435338994
-0.6801739549078160
0.3781382897349254
-1.5015529838714912
-1.0639419732657187
-0.3128691942657918
-1.3140587890670257
-0.4139122813147735
-0.4029989596851278
-0.8942719028282610
-0.0231713386458087
-0.0407520795611479
-0.5510214857418626
-0.0086130127611581
-0.0000086819776419
-1.6711350635927960
-2.0930071366199154
0.1594324949754234
-1.2012662468794566
-0.6445948161565038
-1.1788735408205782
-1.3705612821869393
-0.2567406013916020
-0.3312744944187064
-1.2208325692827871
-0.1165380741598224
0.0435913154902112
-0.8678749902178207
-0.1148227824421019
-1.4734861526867573
-0.2601482553396938
-0.5258818616486457
-0.2391455914996027
0.3366118229184141
-0.8473618685644522
-0.6635529421191588
-1.2392063125929180
-2.2634755407492655
-0.5694572636510783
-0.0929550046395343
-0.4473430169894172
0.2880558177163070
-1.0820244785324671
-0.9627033610121782
-0.4643307884298623
-1.0928392775433879
-0.4523904883609267
0.0220915757260972
-0.7672146810334738
-0.4781433030942944
-1.5082899809503132
-1.4051124639448069
-0.6448920175509851
-2.5658995658102564
-1.4501936755575657
-2.3241989759802890
0.2143183842479316
-0.2824158277104820
-0.7566411764731975
-0.6144714778329523
-0.3942067293487852
-0.7376419648486180
0.1605874546715740
0.1896669394422520
-0.0373309170529039
-0.2316246547230686
-0.4904222734042271
-1.7487086651988863
-1.0266131328558907
-1.1283456824407783
-0.5340954190798316
0.3282045593623830
-0.6719606958490931
-0.5754082901623315
-0.5270235700393137
-0.0836769831688404
0.3184738832915294
-0.8957347687998816
-1.5349484627173291
-1.1122560688505809
-1.4694007971160497
-1.1988259551998479
-1.6652412016481988
-0.3513779475242541
-0.2172116587514404
-0.9393876550506685
-0.6097335850588237
0.2543051274297213
0.1295588945991584
0.2187483038867359
-0.1483801683925843
-0.0594240786847736
0.0439724799421877
-0.8305255754430264
-0.0503112709375141
-0.4604891253454667
-1.6231775718578354
0.1258858884337616
-0.0984385890653681
0.1388818829734937
-0.0589230354169347
-1.4243844115486883
-2.8206706205633889
-0.7529193285895553
-0.1400987935492887
-0.3085993336196224
0.0132593452011137
-0.2120423907419705
0.2383375994544812
-1.1274506888686573
0.0347754465797044
0.0642392713793292
-0.6968627294730609
-0.2034480321211925
-0.6523258825819870
0.1546966771723845
0.2247653395037812
-1.0313788024997337
-0.4637575114538863
0.3456566562420827
-0.3635528812797565
-0.7551482526106206
-0.6820939572912107
-0.6880141861742788
-0.0274834105678047
0.0816353337258775
-0.6736821065892458
-1.1728846452128847
0.0716037715454604
-1.6350765497624740
-0.9102226593668480
-0.6575492429498926
0.3171975394947321
-0.1836003900386535
-0.4555336843966739
-0.2621998425357756
-0.1076547356120766
-0.1378070237705136
0.1933080034005967
-0.7009049969678773
-0.4674755616760879
0.4524239300066307
-0.7897967988248873
-0.6284322399266937
0.0479534031495261
0.0219506212125900
-0.7023019221999567
0.1005754956273222
-1.6035905224312963
-1.2922668640883315
0.2594991591926408
-0.5563500060097412
-0.8686020326222496
-2.0018371454538983
-0.3216258439483934
0.2283924372341802
0.1472142631456506
-1.6138785689013959
-0.6965841451884545
-0.7202203321375816
-1.1862089212078148
-1.2672090363855724
-0.9279440238002093
-1.3490084823799704
-0.4762481322101453
-0.7542141024470512
-0.5731264511089597
-0.9990757256578338
-0.3169275516635631
-0.2551632133236739
0.1936323830376196
-1.2538170407601978
-0.6096108571623070
-0.2238034368056691
-0.4149281803124705
-0.5311471934197032
-0.1298742781379005
0.2722143139899445
0.4691309166705667
-0.4989481363163738
-0.6795556189095749
-0.9151310116551085
-0.3381323509129209
-0.6891839612659357
0.1086986922438380
-0.6224424066904488
-0.5707637019309217
0.3245707092585223
0.0427871491012248
-1.0694571868682246
0.0421771803549516
-1.5433836435204824
-0.6864452636458246
-0.3559210006818782
-0.1106770520455733
0.0777353107523165
-1.2174085109847974
-0.7006051221661542
-1.2103873752865650
-0.3434419515139527
0.1456445672349459
-0.0606076900707729
-1.1113003135891268
-0.3009936090326723
-1.5600164385087045
-0.8873767783664029
-1.4690229224951379
-0.9411880710596197
0.0719809566477143
0.2910347977502020
-0.4172104305272018
-0.6174800530712636
-1.7612956797977790
0.1071672670819423
0.1217577978590230
-0.3421633436962552
-1.1026821541904563
-1.1289332702794237
-0.0694667500998414
0.2303564537471948
-0.3412002488959947
0.1905254696839284
-0.9680161930630599
-0.3971360120856881
-0.7378444620821043
-1.6043803093804034
-0.6014377313294119
-0.9362987601977609
0.1075945608298208
-1.7145535523678137
-0.2765824347038765
-0.7027221328727521
-0.5827385783099502
0.3168907665721403
0.0878357804066692
-0.7649283659755154
-0.4848412220399839
-0.4516450343581306
-1.4778326476518693
-0.0184903299947264
-0.4087310071964776
-0.6669312768499968
-0.4686473999181200
-1.3120097352653617
0.1359432621804543
-0.0967783697747403
0.1438579868273870
0.0309003614590195
0.4079076248911903
0.0449368739087501
-0.3357596417589971
-0.2248367516853921
-0.3134768514246077
-0.5833020099246109
-1.0599343105945724
0.0221136101002839
0.0882508410941825
-0.7907593176965868
-0.4830072358671793
0.1407407262882202
0.0689103842091107
-0.2288610301527291
-1.1037032659585067
-0.5529131779461013
-0.8735552868788170
-0.8293382971564478
0.0013626685838271
-1.2165786333935571
0.0549074022375952
-0.5251029121455132
-0.7756807963689226
0.0690956167082228
-0.8906472994495407
-0.7527234486441851
-0.0962915546531969
-0.4885493495500464
-1.1500708781382927
-0.5313920680866792
-1.2290299524348949
-0.4138318662473645
-1.7774231044421194
-0.1380678530672106
-0.1373994668380564
-0.8292498484416087
-1.0458333023239994
-0.1026153130543252
-1.3104689067164228
-1.5427461054448472
-1.2562796030099301
-1.4807772495451768
-0.8393830827857812
-1.1216341061477528
-0.6142035138035017
0.1315837639198362
0.1659435917308993
-1.5087893832596937
-0.0470092757095198
-0.5666490351557689
-0.2121026289485272
-0.5885673742840575
-0.2904709482609462
-1.6098037567713259
-1.5794480620335904
-2.2648711829765502
-1.0087892113236567
-0.6490874156941783
0.2079449116997676
0.3179640314929731
-0.2951345959702359
-0.1083438770019193
0.1594217957138051
-0.9987740381951443
-0.5213924434380903
-0.7475708551730896
-0.2452360001202021
-1.0401000278646995
-0.8573337506242426
-0.1395884558273266
-1.4868182626665791
-0.5368010469335767
-2.1836354921869559
-0.8064575671627858
-0.6903221279389153
-0.9599523064056621
-0.3102086974742709
-1.1715922986495477
-0.3232258043458717
0.1497186899838529
-0.6208751331191033
-1.1147261891315310
-1.2442515657465409
-0.7542115781028126
-0.4816695224334127
-0.8412535006403852
-1.1570979717378906
0.0759896818077301
-0.1643054010492627
0.2639510624733217
-0.8684566251528936
-0.1199787777911488
-0.1297707675963485
-0.1254547947098967
-0.1645836122947968
-0.0883456108018527
-0.2895805064457230
-1.2698624418450308
-0.9096303477252642
0.3780091286537020
-1.9135861051948972
-0.8506892397148562
0.1675560846766185
-1.2364108465337453
0.2964315660916506
-0.0939014235283523
-0.2447088694442049
-0.5972385188827409
-2.4908523413206440
-0.3491752221374856
-0.3324897864039575
-0.6869928992100138
0.0264103421873995
0.3336000195388871
0.0655293436342519
-0.7428656899046387
-2.5990548811288496
0.4404678176725547
-1.1449222070820120
-1.8424714050744067
-0.7629002178649684
0.4539997822055334
-2.0105875940496767
-1.2221813019204488
-0.0989689317915369
-1.1106062143516919
-1.1495734500069070
-0.5465279026738529
0.2382770078847582
0.1283626216416550
0.0845508486461620
-1.1220890351201855
-1.0058183228526203
-0.3715799388124703
0.3156457637276786
0.2563284682752751
-0.0425346873377274
-0.6399607131184415
-1.4584825925389981
-0.0785771569569754
-0.0882288381062684
0.0491614795017207
-0.2501131962897775
-0.6940090945855902
0.2866255529740779
-0.6041174448919440
-0.4335181455571371
-0.7706108183240132
-2.0031063627168364
-0.1129212896587045
0.1837762166222423
-0.4136798228199930
-0.6168156796715329
-0.3148001227960557
-0.7256280208935073
-0.0959869834368756
-0.6514806108580687
-1.9925889241477228
-0.4343516323956763
-0.4668974857517951
-2.2008038210860175
-0.0292818696348641
-0.5506850485909092
-0.8135690205340422
0.2479791402701116
0.1958847968131325
-2.2204461806503693
-1.0519998881228310
-0.7927663762319201
-0.5981603120727588
-0.7140951616421272
0.0356869885052114
-0.5634062292551071
-1.2975036877909079
-0.0293992406276023
-0.2057979568815076
0.0450165722586044
-0.0515164013939532
0.2361723429079968
-1.3160834118942879
-0.5094280834607932
-1.4557579512279426
-1.2490750996235684
-0.3586051685669850
0.0423789961601257
-2.6207459985566768
-0.6565632972290252
-0.9305264445357049
-0.9115012248179021
-1.5053562863183176
-0.1385845456159190
0.0851602623450563
-2.3832066264560479
-1.6468792148793461
0.1287982684635726
0.4043555804703197
0.0132245869216622
0.2252588980969458
0.2733558776537123
-0.5182671810456451
-0.2145174067663200
-0.4340518750840814
-0.7874187320613062
0.1051329431387613
-0.8759094922405681
-0.8166789624045188
-2.6441871631918334
0.2936961155110200
0.3445443501887122
-1.2084615994398766
-0.6991643991145338
-0.2640811408963237
0.0394120035529403
-1.1321979158767450
0.3009336032273064
0.0915331993446786
-1.2108070946945140
-0.1664367287473686
-0.6060261743954858
-0.0244967609317332
-0.8808554399794426
-2.0038969529320183
-0.0427228053728390
0.2470716283685674
-0.0803476773013436
-0.5584115102314425
0.4467157737123101
-1.3660903554470687
-0.5326431588144749
-0.7542130497114705
-0.8847580742066711
-0.4861743312977340
-0.4812935840821457
0.0344699577511922
-0.5289717570417988
-1.7486582239783433
-0.6084266544633493
-0.9599635593221607
-0.4371236749981320
-0.7350628814004310
-1.2034580909719450
-0.7826959466368867
-1.8349198892790508
-1.1817856032658580
-0.2777047900399980
-0.7407605756424708
0.4164909381934895
-0.3582734570695841
-0.6156933754188434
0.0092146981414346
-0.6837312562882272
-0.1436037240368422
-0.5931233547377227
-0.5603456404807946
0.2064598545505859
0.1004268987704452
-0.4778566563735533
-0.0750738781246196
-0.7294182475669919
-0.8022645772091845
0.0383432819049214
-0.5753660755676846
0.2336065186121930
-0.5850966079900245
-1.4501726976350606
0.0369782483253633
-1.2136911659293570
0.1053696706682715
-0.3066608665826704
-0.0812459069074111
-1.0179070932216236
-0.2729140128079319
0.1018410724448761
-0.3644213592426331
0.0725361983533144
-0.0121101939693203
-0.4126572644789356
-0.4970510535887877
-1.1019432648112459
-0.3760350032714293
-0.2308945306502238
-1.7096375358402824
-0.0891012439307523
-0.4843455398383290
-0.8962989997308800
-0.4916496668654736
-0.6699128297028709
-0.2286158395521562
-1.4857498444003530
0.0719596615422419
-0.7277506786215914
-1.0306451800122358
-0.9666428769810096
-1.1383690549126253
0.0629758976072985
-0.4443304405497606
-0.3804595211887393
-0.5706988998625286
-0.5823592909679622
-2.1423294873140795
0.2499672347533888
-1.4208835623407825
-0.9573238676285160
-0.7733734434611422
-0.1474980780898471
-0.3417958569291856
0.1849675932326718
-0.7273706559568244
-0.8541736729631122
-2.7515296935764502
-0.4178989064395740
-0.5145064306736690
-1.0113687011691586
-0.3266092762046706
-0.3084903786696412
-0.4394491307213529
-1.2535636942203856
-1.4234104405701506
0.0381294773920978
-1.5271065246406452
-0.8078255845136202
-0.8684356277533576
-0.0613125607511773
-1.3033599372235343
-0.0981670796462644
0.1068363825855338
0.2941712825643894
-0.6257026896664417
0.0330164712984145
-0.9714041355352242
-0.5258512161532730
-0.2385696109906840
-1.5371577016383160
-0.2385337262651106
-1.3032602409518055
-1.7766113165061277
-2.7473432534528608
-0.8335376185309937
-0.2255330154659174
0.4025862273278029
-0.1003290794033752
-1.8564360268655691
-0.5181911783034758
0.3195812791146595
-0.2173300129112962
-1.7357803821379338
-0.1546582352853930
-0.0489582277146216
-0.4962802435922486
-0.9202440995255262
-1.7244248887893918
-1.9590847985921656
-0.8426272478124799
-1.3629673308811212
-2.9964509694262942
-0.4309255261072825
-1.4523800090533130
-0.5530577034669385
-0.4683815548912555
0.0734801887223606
-0.9864800113173822
-1.9584758491338745
-1.1973320377508674
-0.5485436600432142
-0.6240116774392003
-0.5442172070446639
0.0915966166157984
-0.6113984001793745
-0.3225069199489639
-0.8743352158255602
0.0338933187863542
-0.0640719157912441
-0.3879361685446345
0.1840398088004950
-0.8275062131703694
-1.6504270668481036
-0.4040769664967847
0.1715196290590352
-1.3613768182865047
0.3115132389685022
-1.2596163403206972
-0.7159101290978754
-0.2034906034695846
0.1463096597958608
0.0031506280081969
-0.4113976566588594
0.0061147051084029
-0.7764489478804975
-0.4747342466778671
-0.9388230067090478
-0.0679250929972621
0.0308398308257300
-0.6521390737994235
-0.8329344671401491
-0.9505948543903860
-0.4120696057589504
-0.4407831778947131
-0.2000333920612098
-1.7716292070888964
-0.6784496916027859
-1.0465985179045856
-0.1551247131090046
-0.1910189515775581
-1.0921688796905751
0.0727655785751233
-0.4502276427465066
-2.3570834355303201
-0.2658184196496231
-0.2694373126556503
-0.3514254212323338
-0.6441045389495462
-0.1845744747946620
0.0520048294101457
-2.0100068574552226
-0.4462235413471696
0.1055406780089341
-1.4757358747086367
0.0182839646936695
0.2145934573416585
-0.4400390675796322
-0.5994688975981537
0.0607909365504343
0.1117006910003710
-1.1538849688800674
-0.6304887176716039
-0.0649670643034394
-0.4328126387528579
-1.3147966816245436
-0.9224442401070053
-0.4422489259589109
-0.2449044337374768
-1.3023701604183786
-1.3086407501895454
0.3229452373434648
-0.2119068501159730
-0.8062967538900497
-1.1967166270130425
-0.9879143770676502
-0.6817319442749001
-0.0311956896701153
-1.0666461822988891
-0.8141717040190286
-0.2193732853354081
-1.4377893285542607
-0.5858007352032928
-0.1972161460048789
-0.1113194083116110
0.0031023464105473
-0.2814169690032398
-0.7839875487351787
-0.7976312957044552
0.0594667171060023
0.0703557238006279
-0.6331205535916044
-0.6979523061478808
0.3815157163854008
0.1055204300788499
-0.9736524053943495
0.0771204908537681
-1.1554049273408649
-1.2698995856551640
-0.0775373241326794
0.3557856860783906
-1.0222237467272088
-1.3715119086236889
-1.6922553946903758
0.3599076965007533
-0.0380022334435686
-1.9376103232747304
-1.7032299104919968
-0.4079721383862595
0.0480243534748599
-0.5255165446814567
-1.5099379499702310
0.1245590485133746
-0.3765333808689051
0.0879299576227761
-0.4303796289733859
-0.6431239315707675
-1.0989344494072053
-1.2511987441330763
-1.6637981887505928
-0.3070642445441130
-0.8302015953441364
-0.0396584003165608
-0.0842627405012055
0.3500429821221145
0.4413290727291419
0.2474292916850398
-0.2899099338278479
-0.4582642821575542
0.2026355567909433
-0.4732777917735103
0.1589546656848069
-0.5748885862355707
-0.4417558016507900
0.0542619473760932
0.1695259397677543
0.0826826047790909
-0.5749651120373988
-0.1423873844887991
-0.4795662273488364
-0.0243463092808445
-0.6103238982371832
-0.8020629484747716
-1.2945422481238715
-0.0836167682211519
-1.2643021029933199
-0.7524291690164001
-0.4490685390605400
-1.5550342803489428
-0.0475099691035051
-1.4200961351338586
0.2252535422774253
-0.0826246799314835
-0.2273852749811694
-1.0447250699483082
-0.4088888046687702
-1.5372779894756776
-0.6137278573889349
0.0915731170465361
-1.0296247850524318
-0.0485399156825122
-0.3755018777906484
-0.9475634573018803
0.1724164243267083
-0.5088115676859287
0.2802795431446764
-1.0021153606909530
-1.0411702859347258
0.3018863012349028
0.4294691738197913
-0.5685362420630892
-2.2821859925107715
-0.2352602709014809
-0.4008411384112783
-2.5452036866053147
-0.8901997162300991
0.1552196040165204
-0.6518124616005132
0.1620191919006488
0.2367952958402703
-1.5999642674715704
-0.5880628674069704
-0.7758920813199889
-0.6008566566407821
-3.1006890859080696
-0.5147559965664580
0.2628360159113710
-0.5473321070596603
-0.3832838921443936
-0.3206737175384587
-1.1712336953407065
-0.1216056853997545
-1.3093610872661043
-1.1038286177568113
-0.1068357452125572
-0.6398015730476566
-0.5896537395924998
-0.6036588803729230
-1.4985028538570975
0.3151071183836109
-2.0456488726750668
-0.2419100216995943
-0.4420311596765517
-0.6734761650334995
-0.6955824301953764
-1.4388815462544788
-0.1091645435378244
-0.9954595538667907
-0.2038870596368500
-0.2064177220949876
0.4132870376787532
-0.1022868723432782
-2.3116115548252956
-0.4374257108340915
-0.0610555693153826
-0.0498695688576963
-1.1463635778882821
0.2455243379577418
-1.0716657738925746
-0.3890950879993345
0.0243509093763659
-0.0565480013823297
-0.3673723749522413
0.2047127794444840
-0.3514853371046610
-0.5278634197923852
-0.5917628106035544
-1.1180764302231443
0.1433842443638791
-0.3729267099713336
-0.1876374761650153
-0.1559515583547302
-0.9220314431866944
-1.0321122423076090
-0.1642248195871066
0.0060284171740774
-1.1426548284899254
-1.6191751040472993
0.1345485241812855
-0.1821867230467466
-1.0602263672118146
-0.6720602001045218
-0.1810780563787336
0.0787383668153308
-0.5509370761935831
-1.9191876663858252
-0.0597010376595768
0.3396394222923819
-0.0651578971229708
-2.0559915231902806
-1.6605292962883293
-0.5127803363246206
-0.6051585331122853
-1.4323579137845210
0.2243120544064356
-0.8887552480708509
0.0230970876376759
-1.4001109814764610
-0.7118647643316494
-1.4715071033440401
-0.6853034250688517
-0.0722003229693828
-1.3636404020117889
-1.2023522806968188
-1.9293984069274983
-2.1845142075503392
-1.4792875439449948
-0.5222047538140242
0.2101098627538268
-0.6050398475081381
-1.5570200857662517
0.0777393937339047
-0.3627533483178321
-0.9112448448093122
-2.1953663401889441
-0.3467022283256249
0.0086825623201300
-0.8365163958761740
-0.5614270497156399
-0.9212138893403584
-2.1288257631262284
0.3351828626223387
-0.0025226397903706
-2.0882933212057013
-0.1264902761133873
-1.4239712333867753
0.1208590100467123
0.3041403127236792
-0.4043350004558126
-0.8854430114552103
-0.2562553680268472
0.3643362810918012
-0.3822397524597726
-0.0431505052126850
-0.7706571663462389
0.0793570780672005
-0.0950648709721743
0.1402233375387367
0.0609773644762844
-0.7923024904003251
-0.5573403867898277
-0.9238124956724448
-2.2305084913860775
-0.5163352092485877
-0.9995175959950618
-1.2277544321296909
-0.1381097124988476
0.4175308788942103
-0.4292989634216247
-0.8689883445833525
-1.0749836875026828
0.1919132280590342
-1.0004715986896868
-0.2784303608148326
-0.3228618154990655
-0.5174159309071023
-1.2227619051164800
-0.6812553325371631
-0.1369915865517402
-1.4455633172722568
-0.2480971410288609
0.1268675744378555
-1.1832634055496620
