-0.8152876472562589
-0.9467787523793689
-1.7836899253905707
-0.3915105280118321
0.0177515357499761
-0.3329490877842387
-0.6827865742930183
-1.3490612762003760
0.3446271145683364
-1.2018801443177780
-0.0729996293108018
-1.4893258183513742
0.1816495787803188
-1.0492893684788314
0.0850195362875114
-0.6985502570529427
0.1652295407552695
-0.8015472346802979
-1.2270950929711257
-1.4643678612119151
0.3795648525288220
-0.9278149306017923
0.0266579415729262
-1.6082799188675889
-1.2294736331087344
-0.5063176912993540
-0.8684589586485212
-0.0236038728176995
-0.5170132438628784
-0.9158612517243355
-0.1534361051147737
0.0676609138566516
-0.9472465765345128
-0.9826893018488626
-0.7503057867662095
0.3509078984710661
0.1307714284145806
-1.6062973518919239
-0.9295214426311470
0.1238472669246375
0.2473723637097555
-1.6142679168736462
-0.2860724235166354
-0.4986544177298247
0.2499570551951830
-0.5394079895771350
-0.3516796492178969
-0.2340447976151248
-0.6715045703911765
-0.1697825008073786
-0.7086644883453830
0.0612495005096348
-1.0077866881147257
-1.2472912564363208
-0.2586207923217391
0.1091720705592812
0.1664592711838002
-0.5260210756255750
-0.5647878861995640
-1.3204228408590992
0.1314687591037856
-0.7673570050048332
-1.8809802802248692
-0.0525571092217042
-0.5919974983197206
-0.1879838878171120
-1.0855942126181439
-0.0041894111077550
0.0736016832931165
-0.3647004502965338
-0.4102593292667269
-0.7540410721384561
-0.3430872469957096
-0.1450409414010479
0.0227993038279426
-0.4693949635373688
-0.8326489042818175
-0.4051166058405535
-0.6314648199377040
-0.5480871221064861
-1.4739099023454942
-0.0898320521881382
-0.4182212759791277
-0.0430716481373728
-0.7884937806411078
-0.6648573283459387
0.1893705964913561
-0.9675685590668502
-0.2680601265442641
-0.3922310942733266
-0.4283857539938673
-1.7890173974031411
-0.5938561806838747
0.3584880857708396
-0.1813426130664620
-0.5818340271710081
-0.4206630277752740
-0.3616445831698256
0.1554734276007369
-2.0777687672849496
-0.0334753762226555
-1.6674937749137702
-0.1989283821431720
0.4083418547998855
-1.4790658857766699
-0.1799575182561740
-0.0981058513757983
-1.7891475388578213
-0.3797017140844252
0.1045247262986976
0.2640488880765225
0.3636065535781402
-1.8042826862434840
-2.4380079366102354
-1.0189152291664361
0.0844129070571427
-0.4871573318808438
-1.2643770282689772
-0.0709182357078229
-0.3291113915229928
-0.6602440292526514
-1.3554922379695717
-0.3515398468598710
-1.4736831614847825
-0.5364636914317411
-0.6053056797683080
-0.3690384575036550
-2.2256035010242003
-1.2988564282847164
0.1996269389241510
-1.9513054685094116
-0.2409324209250562
-0.2598090895876798
0.1058379707195926
0.1780350783939043
-0.8088112613118777
-1.6588342562556930
-1.0519370020093011
-0.9346369249070118
-0.6022223476554256
-1.1173880129073630
-0.6129468829196800
-0.7158140742538459
0.0452328417610726
-0.8826023500907368
-1.6584779478219760
-0.2001311719107145
-1.1951033450103949
-0.8689316958583658
-0.2118173457990939
-0.3848162392394696
-0.0700318129498394
-1.6653422364330457
0.0288540203358410
-0.3331360925020773
-1.0639024808538420
-1.0429454891800940
-2.9612441908425109
-0.0139379823728389
-0.1305131074566823
-0.6194399749489579
-2.2492921155080592
-0.1547925530814649
-1.6136575389109054
-0.0126006246765416
-0.2129402446319280
0.3568585583073434
-1.1831708118518187
-0.7269243183043279
0.0845482114124829
-0.0507551848689849
-0.2905425377485374
-0.6082199973268124
0.1588557906720656
-0.3337503038643178
-0.0184135528859176
0.1519399416122584
0.1481290703366047
0.0782015620381305
-0.5120907174090908
0.2145412755605263
-0.6279256114967294
-1.5750312894658005
-1.5238667322850907
-0.8957765911835026
-1.0358397789382621
-0.9640326822506637
-0.9244477880335558
0.1185778268810870
0.1193560895530686
-0.6253237684468239
-1.4755220556636099
-0.7161868855166834
-1.8431966019671744
-1.8037912770571929
-1.9565673642353818
-1.3622912857841205
-1.3550884667836427
-0.4667708632645413
-0.0431470663415061
-1.8757634999107773
-0.5104102453406740
-0.9344583258712666
-0.3002755732015510
-0.5447170213870788
-0.0453867763911628
-0.9549559777185530
-0.7274999075267168
-1.0595054282635090
0.0908101266519795
-0.2538362577552771
-0.9577598829774830
-0.0412485810936494
-1.4937329606480088
-2.2770559694281189
-0.5886710698058175
-1.4503943355155220
-0.5481126318397320
-0.3802246424958676
-1.8567662805033966
-0.5728920965015145
-0.4410544875026418
0.1439004967196998
0.2069146547474671
-0.3037346168645565
-0.2389880463184065
-0.2101440666515252
-0.2148255836136586
0.3342103479196809
-0.4641147726815627
-0.2948499152298005
-1.5596216935234908
-2.6850175023718541
-0.2830265393687599
-0.8332167940088305
-1.4115424820630758
-0.4185553381555981
-0.0770569086876656
-0.0360292586337123
0.1596646059995937
-0.3399146189278997
0.1162163815501346
-0.6788643108639152
-0.3334984885534618
-0.1147025849892257
-1.2904785043031519
-0.8395863860566981
-1.2808038544614799
0.1093201145211608
0.5393071178987487
-0.7758523922981858
-0.0374654334534677
-0.6731447926665446
-1.3269789477851111
-0.0852036038472242
-0.5369522644332451
-1.7542709225106941
-1.4876648749174854
-1.0590909186162258
-0.1005420169950683
-0.5396210158415659
-0.2491015005827558
-0.0235250283194462
-1.9779812209926813
-0.4620370002223111
0.0304047869027206
-1.2273192619565083
-0.5837765089960540
-0.2906990802567611
-0.5603210129928409
-0.0365207463536677
-0.3808964848532913
-1.9379648696636804
-0.8423542521100003
0.0299565302248422
-2.2258905901565536
-1.9773403970882413
-0.4186564306786144
-0.6956632342025083
0.0683397261860964
-1.3430258635564043
0.2679037181029526
-1.8470941660547420
-1.1955252868713133
-0.4313515528526489
0.0100406870842852
-2.4669451703003906
-2.4420117053945103
-0.3647134520224413
-0.4352622388688125
-0.0949598527979450
-0.5039860451704156
-0.4636284802230018
-0.5143173324014125
-0.6233330043554610
0.3610938923904662
-0.0278356748243466
0.1466775609624656
0.2153741842937911
-0.1808258787936771
0.2339041557672983
-0.7105525964745626
-0.7732160700273069
-1.2423585751476436
-0.0608721912456111
-0.5436196406043832
-0.6511731163633846
-0.0261420281612419
-2.2433485513357860
0.0900433892587532
-1.1954847537653066
-2.1677034858468729
-1.6571579826535423
-0.6261456520181107
-0.0436891276553389
-0.5128091118621827
-0.1857908099266855
-1.3937946997481558
-0.3082962215333145
-0.4273489053817430
-0.3813639859938858
0.0003339911219712
-0.1572629236579378
-1.6575195000334075
-0.9084154099068913
-1.2842857162225818
-0.6013808511529750
-0.6146117294510932
0.0993358809838665
-0.2374713824387696
-0.3555329827649282
-0.1868776147309348
-2.6093155848364655
-0.5136067535026915
-0.4920744802627046
-1.0472781843465564
0.2082759600245230
-1.8979717885867404
-0.6851966137397606
-1.3109780192841876
0.1108782646411073
-0.3198212678435410
-0.0303243196177445
-0.1157049818130763
-2.6445029158855706
-0.2971041450021039
-0.0203196082014014
-0.5533324370856391
0.1541712950708352
0.2452993661074262
-0.4253542301643150
-0.4950475067869933
-1.2048611677913967
-1.0103353066273257
-0.8443538569793962
-0.1918250991719893
0.1022426545799904
0.4009339760892938
-0.2433065386029446
0.2835358999868348
0.3639826238269236
-0.5890014628679409
-0.1817695635161662
-1.9745898964637716
-0.2369288645970585
-0.1923089928910906
-1.6483241774112452
0.1927704478732617
-1.5442570540058349
-0.8977889052799419
-0.9100210627289143
-0.6380304200500408
-1.2878608024603684
0.2577804359139361
-0.2793344910258274
0.1593900166107354
-0.3479363095819492
-0.2172309239029642
-1.0942119552831637
0.0108786660838940
-1.1372519150197935
-0.8887628126738877
0.3013858629440766
-1.4242669612036114
-0.8622613728440660
-1.0031150551328027
0.0005894453462343
-1.2392132217053944
-0.6642608002414965
-0.1223965005705339
-0.2533391365841084
0.1828535713593791
-0.9379818343679840
0.1722046139294938
0.1955681083487847
-1.4729622955827670
0.4433447942796936
-0.5139660575652262
-0.1350556955651669
-0.7099752772181506
-0.3615189112865317
-0.1531251135656850
-0.0965640106718217
-1.0161800109407568
-0.4986942708574311
-0.1320357965694340
-0.7753017793328018
-0.1064021141110968
0.2619570177492595
-2.0296206225150155
-0.5968023187759743
-1.4653827385961260
-0.5732457551422706
-0.1102169932180264
0.1085167067560529
-0.0214206570576266
-1.4567600781305579
-0.8184171268765980
-0.5826976651811928
-0.1939696049453027
-1.8891761088383334
0.2399342606572016
-1.0743028439659326
-1.0322354926057775
-1.0444395023703419
-0.7810142360121941
0.2243278439908438
-1.9596743719608305
-0.9031107297320142
-0.5606035990596816
-1.3282830120070324
-2.5534303800541611
-0.1231056086258206
-0.8528243812581177
-2.3578095381741191
-0.0605866958281017
-0.8098152773983602
-0.5423392496142284
-0.5715069644887362
0.3289804784308324
-0.1621976682632752
-0.3864856980714512
-1.0311609219531805
-0.0632009284009450
-0.0968762461737504
0.0919211507707360
0.0156282038198293
-1.9614597232534574
-1.1252226945366490
-0.1093404391908521
-1.3386597664519699
-1.3954006742545573
-0.8955693408936243
-0.1614868819181509
0.2409819379980950
-1.4911320059169251
-0.9272282636814991
0.1623342262487820
-0.3350356646786180
0.1086797864826049
-0.4269768725708786
-0.0530392812096489
0.1344231689304109
-0.8165254880089052
-0.2821969649080112
-1.2861339656018329
-1.0651178933495771
-0.7121028488050863
-0.3663120263658262
-0.7715858382099352
-0.0233847640888624
-0.9434430953123311
0.1996037619138293
-0.8959957046853479
-0.0807074713540206
-1.4550797061145815
-1.1506993840338682
-2.8237636893396383
0.2299553204017673
-0.1895568790662110
-0.6655201957018607
0.2425597879372241
-1.8529257592714476
-0.5790617868038052
0.2598988365035242
-0.9296916248668733
-0.0990195214913013
-0.1250767943647110
-0.6207154224918126
-1.0102760582204737
-1.8313174611589789
-0.7247742915263446
0.1875912892838106
-1.8906956156819048
-1.3450946346580470
-0.8452855007254263
-0.1391627227372526
0.2115721671417618
-0.2754898150499545
0.0537459346658073
-0.1645151443991991
-1.0524031868492691
-0.6022137332828916
-0.6262695396370945
-0.8693351828675610
-0.1062260744742408
-0.1394744503914658
-0.8341997776069024
-0.0997895301729662
-1.2001443298249292
-1.2454167993528353
-0.6635390385345336
-0.7309117752678457
-0.8825132632708529
-0.5686389279707907
0.3866676404917089
-0.6722249342837294
-0.5412021318439010
-0.6467568262237945
-0.7221930788162526
-0.4276689589393299
-0.9161548955763197
-0.5107461086021334
-0.8556356965141851
-1.0436873170424874
-0.1348510834575826
-1.2562517299944738
0.1920003059850912
0.3375970088807299
-1.7118843359694245
0.1284496276049629
-0.2471916528761616
-2.0843698682663376
0.1747620531779397
-0.4397539941452792
-0.4314182158616884
-0.6221642848244943
-0.0570479377916106
-0.8961743251886656
-0.7416513035207075
-0.3762169629312243
0.0518035740380331
-1.3872390171865308
-2.8799346516819773
-0.0176423192673333
0.0193064474779768
0.0966007520616618
0.1440050032256965
-0.0733210564887632
-0.6500605002868313
-0.2413485103764332
-2.2283626491568111
-1.1744463072401670
-0.1488602940669832
-0.0280909227083025
-0.8434857094497383
-1.2191249645756808
-0.2878484752578553
-0.6042773355943087
-0.1495248133897490
-0.0226768042564501
-1.2212603645757270
0.1761985050182990
-0.6384196547863751
0.0848774119039559
-0.9542224297359665
0.1056818452506393
-0.9554240297800336
-0.4813150988012062
-0.8977018664865175
0.1148702820068568
-0.5972163459698616
-0.6498370537633258
-0.7359948984904893
-0.3766138674635061
-1.9865458951529951
-0.7233712138145872
-1.3500603995369349
-1.0659077144645219
-1.0234293166966244
-0.8905313009737621
-0.0342418278994440
0.1976637252898255
-0.3592389328576820
0.1481307218125684
-0.0135255555844537
-0.9847971980524359
-1.5491591570239476
-0.7997134775428917
0.0624743682283124
-0.9129861094080307
-0.4578579133015609
-1.0220757455061509
-2.2849842723797043
0.2936347537895632
-0.2459605869362192
-1.6351942543437477
-1.4330917716854930
-0.4622826169337594
-2.6575680597330811
-0.0674747520775970
0.4167879486867442
-1.4173095616117657
-1.8716727707431307
-0.1825396106921302
-0.4303029163351250
-0.3168457781558465
-2.4866919571949087
-0.9338563335397133
-0.0560431546550721
0.0580267633606454
-2.2080207277162724
0.4540437895033176
0.1450303198229542
0.4799361895237524
-0.2607336112445560
-0.8054089467216367
-2.2851703905990814
-1.1338283018420041
-0.9087540483822971
-0.1073599281404657
-2.6044927692545854
-0.3251732340270302
-1.8936283898671125
-1.0088811685427610
0.1546736433431841
-1.9556909912932561
-0.0079454073407662
0.1715661004517245
-1.9371187535158452
0.0066822621935209
-0.3501764218963744
-1.5862610488708806
-1.4572609845551234
0.2975357011279070
-1.9523667610524014
0.1386401500472649
-0.7792752147355325
-1.1335399368068513
-0.1716957585328351
-1.1898809626620532
0.3206609280572892
-0.5419694183305866
-0.1243766143729137
-0.0608092927914855
0.2604101398715162
-0.2133882135330288
-0.2459496827294703
-0.2160513734327388
-0.0424820314404412
-0.0507600473225646
-0.6347431094189907
-0.0831313208135379
0.0967088736861643
-0.8694739586217950
-0.6933925571993756
-0.0945001377204550
-1.3100002607285770
-2.0041868889130496
-0.7667111213264465
-0.1763047116420067
-0.7774772667074606
0.2809549486254419
-0.0893846684815437
0.0576467007489119
-0.3496009115993365
-1.6689963030557247
-0.7036121040340624
0.3130087721282938
-0.6394917810751729
-0.5261168509201616
0.1004415976130342
-0.1141738921698626
-1.0457626836978866
-0.5375562009440096
-0.4197497931070203
-1.4177494511902058
-0.3683910548981189
-0.0473707790266561
-0.5790398011494514
-0.3609512652997516
-0.3338442571315078
-0.3416274517604022
0.2327673196397536
-0.0982602606446858
-0.2160454554820045
-0.0578712068409780
-0.4791428174953209
-0.0333637367257371
-0.9015125771694424
0.2739174149818759
-0.8388914467455461
-0.3362630037788526
-0.2682815644358658
-1.1116340924883228
-2.5717100863967679
0.2889733198739139
-0.4940261797595565
-0.1313451614362628
0.1924181264851210
-1.2334290694678292
-0.2404362305685798
-1.1648164566183596
-0.6248797056872042
-0.3990142505820374
-0.2969182111364369
-0.2489082037639906
0.4053875233510918
-0.9541760973452430
-0.2601756761474420
0.1230639574869520
-0.0668437880898070
-0.8514396058630603
-2.8086912497810834
-0.1172792137750373
-0.5918359476318354
0.4967795346333960
0.3014803575079092
0.3482716337312215
-0.2393623990620462
-0.3799045907894709
-0.0075342270599871
-0.1138155517560988
-0.4959032452907707
-0.2743280707551715
-1.5429234805745164
0.2045605593060169
-1.6162664228999670
-1.2862893884448152
-0.3186305585274588
-1.5284792241386569
0.1081105213924292
0.1857681625310493
0.0286682081106503
-0.3769917847729308
-1.3197678803682482
-0.4055918057014318
-0.2500635954928282
-1.6535209672828326
-0.8985246250206632
-0.3195843169156489
-0.8107422111329801
-1.2787407216806748
-0.9914349734543536
-0.7441628342128225
-0.9099004420904732
-1.0237215162865658
0.0864606810849287
-0.2085856987727619
-0.1817934986911608
-0.9023062371042817
-0.5678946584039340
-0.0449855731339705
-1.0680133886123815
-0.0533689857148498
-0.3595294681466798
-1.3323036564910331
-1.0975088397225656
-0.7820695788143477
0.0855748762839188
-0.5281361271580776
-1.1518073115176468
-1.0087129925135911
-0.5627502609064322
-0.4620029656149537
-0.8686980113463137
0.4366448134543238
-0.4410683182946629
-0.0412187072044072
-0.0236483837326133
-1.2085032335724706
-0.8643230212270100
-1.7150661957369837
-1.8683701353503683
-0.3251634508240089
-0.4904208403652742
-0.7604891547149158
-0.4391800188234311
-1.5029729194311305
-0.3031629851057462
-1.3188842347885270
-0.2991634984094184
-0.8050962359047579
0.0536521245267646
-0.1523904974119338
0.1356366446281894
-0.2384439210662189
-0.9107421270752255
-1.2398717468824485
0.0124225165686757
-0.8501273775078532
-0.7924480497474483
-0.6708652721039191
-0.2273053546545512
0.3729573321736303
-0.5445604437884536
-1.1421990689043473
-1.1242528531385785
0.1303206414170451
-0.4576020955533644
-1.7688242833885095
-0.8971068157888952
-0.1866752017755585
-0.0725651003424092
-0.4019889939018053
0.2724048985152918
0.4096191693802296
-0.8486371162149630
-0.0423880660739095
-0.8596650395572225
-1.3436554820863487
-0.4192943148538032
0.1221997243778206
-0.2453701158240471
-0.2233652935656525
-0.5419466792164691
-1.0880477809437554
0.1484351987768216
-0.2138626530942874
-0.0064767579144925
-0.5027062951623998
-2.6889615546851466
-1.9948339095861662
-0.9576098467921382
-1.1190012200948278
0.1541853464487917
0.2357701216875576
-0.7663264930264195
-1.8135972274631860
-0.7944171355806291
-0.4975932287505150
0.3146902307109720
0.0744035273325597
-0.0496626043807553
0.0382757091641301
-0.6337561207667424
-0.2411872953519382
-0.2151849484891517
0.1869994789020576
-0.7537072746024269
-0.5062683757886559
-1.1222764155259928
0.1693637333433093
-0.5551487961580143
-1.1950590478407637
-1.3389710998101123
-1.8377273379225558
0.3402065773704324
-0.7910015034314685
-0.8796070123841181
-1.7708134895862822
0.3025449679801510
-1.0567439726723935
-2.1424533453823371
-1.2720266510372917
0.2254388571649108
0.0285387522331535
-0.7741531840426812
-0.5321038997761709
0.2856439968520485
-0.0520078649859314
-0.0812775429415563
-0.4314808440114321
0.3018428251967622
-1.0077395992057365
-0.8529833070585932
-0.3277788365018088
0.0725643709540634
-0.5184418358971088
-1.4425643021126913
-0.6958964521586087
-1.5025969784813100
-1.1881441610052503
-0.8282803170397479
-2.5147142379344434
-0.4418432659112124
-0.3541982008334659
-0.0277026482017533
-0.3802357984008569
-0.4265593839852415
-0.4992529820028985
0.1490302304555502
-0.2971770783800680
-0.1198701400916114
-0.0967250323813393
-0.5667272571632561
-0.7953473712121446
-1.7382442559984130
-0.5381020045615973
0.4110635278175780
-0.0752202734399856
-0.4221085106493619
0.0453630386897258
-0.3052051957736323
-0.8221875340591288
-1.3762847319662332
-0.3103008213577910
0.2048523100083488
-0.9940111910562838
-0.1504128690402361
-0.6833038317833475
-1.7307270054440120
-0.0384000939609738
-0.1428705698736028
0.1695017928956150
-0.8210201555326921
-2.3984204587268856
-2.8067693474063327
-0.1586240545922204
-0.6057535334275458
-0.3083207638045489
-1.4654271940413202
-0.8168691650703890
0.1813542859655961
-0.4197227645992858
-0.1249675637110948
-0.2850641201054465
-1.0234371033171543
-0.4185118702194600
0.1940573881450308
-0.6408041449800326
-0.0417831745989409
-0.1340600397631101
-0.4964932810814571
-1.0479627584039015
-0.3055889474814771
-1.9779450783308028
0.1961614569082701
-0.9143659217894323
-1.4975420668263983
-0.4118735015437848
-0.5686314959009456
-1.0479892272076039
-1.8132849235199464
-0.1090489216761975
-0.3933681610376267
-1.1513716397982137
-0.2705637111722409
-0.9625203654767508
-1.8272254105890735
-0.0417204285980055
-0.6408846586566505
-1.6535583024295397
-0.8583163076260436
-0.0127229346584773
-0.8708444734211183
-0.2322793490432691
-0.4173403494989250
-0.9122490915841174
-2.5775105023654961
-0.9332324331476958
0.3293618660714759
-0.0267090470940567
-0.2702811739682366
-0.1151048595849965
-0.8213112562092530
-0.2599858814168206
-0.0329973489556684
0.0324568639459170
-0.6254719392181778
-1.3671670422216309
0.1269507421654525
-1.9178854420089784
-0.1462787057549078
-0.8844541646299741
-0.2091915988590149
-0.4165919062153394
-1.9280950040348923
-0.1522395767260042
-1.2903243429103091
-0.1092715739143922
0.1144732686018679
-1.3644156079501550
-0.4542733737209547
0.0175298437834269
-0.2473106542157054
-1.1312924918058513
-0.7961632567471225
-0.1171635544445430
-1.0394652102440471
-0.7247279586959902
-0.0389493564706555
-0.2471248899409729
-0.3769904725002581
-0.3785583702983174
-0.3946617680598454
-0.3313514917700999
-1.0855729372387695
-0.8923277507027179
-0.4863451923843456
-0.3465292804323037
-1.2932420354006482
-1.2002488737718782
-0.4061806269476784
-0.5502766703039788
-1.7755550002705336
-0.3206552465808664
0.4016606058461419
0.1420351439501169
-0.4308104668423369
