-0.9520564761252538
0.3387011076100668
-0.5766751472256028
-0.2112472538240199
-0.7494594499892275
-1.1650368379760569
-1.2877961288481530
-0.3825308793470286
-0.8146529824360723
-0.5502792544759310
-0.4804734751739264
-1.1669139558103017
-0.3374610423701863
-0.8632103607230275
-0.4586796051346238
-0.3025751276930712
-1.3035176025039763
-0.2616191500640582
-0.2411034552572612
-1.9523272169070178
-1.0672416597600198
-0.2711912590527590
-0.3259534763486812
-0.6334418972912702
-0.8521567857388023
-0.2770009580466573
-0.0269478890328665
-1.9930444486769683
-0.8844976218120635
-1.0627576060749082
-0.8553667433013565
-0.2202164675101979
-0.1338621601658338
-1.4864909010537823
-0.2310338069463688
-0.1294840837539374
-1.4857878355519507
-1.5983467665700781
0.2142110634581842
-1.3347184685398938
-1.1145588870464616
-0.7608716341448374
-0.4837728449481177
-0.1817984212175346
-2.1457944941613136
0.0195077386022723
-0.8180730649840831
-2.9951927311832280
0.3018346671420696
-0.7912591488084366
-0.6154563063330177
0.1180228894922158
-1.1821297031431246
0.4748139703356138
-0.3278868050124745
0.2096916610082262
-1.4865583916862966
-0.6187548155556286
-0.1601103753747078
-0.4977641895724127
-1.2716729607071944
-0.0574995415586925
-0.9417179416544176
0.0057881695191076
-0.0114828710814193
-1.0450478491745656
-0.4208806253013211
-0.0900701758886209
-0.9942716780125033
-0.3195955935119957
-0.0377072037432185
-0.2194806308800208
-1.5974066650277081
-0.1297918368362781
-0.7821795908196848
-0.0267144738125995
-1.0970183347451445
-0.3465620685724609
-1.0876650417262064
-0.9993953920102598
-0.8102516443664374
-0.6888359520469951
-0.9110584799205477
0.0413290472806696
-2.1023673261762643
0.3457169637532377
-0.2548837629232651
-0.1895026858813522
0.3069854883024704
-0.2732022994241376
-0.2617486407441357
-0.9293008911729550
-0.7214140602573783
-3.0114803415514992
-0.3286390721866462
-0.6423787561799555
-0.5396285840518646
-0.3493210707889677
0.1800810827749061
-0.1173252855683778
-1.7152666319346794
-0.6624423348337375
-0.2232624480332505
-1.1104302197063438
-0.7220531007011143
-1.2024766014652399
-0.6676387970859351
-0.0140404861456099
-0.4440346280716547
0.6374911738587132
-0.2795488523312369
0.0828946310165045
-1.1241075721562317
-0.7497948269071355
-0.4036356393588569
-0.1550005129520479
-0.4820981841491426
-1.0407338503603287
-0.0551719223006923
-1.9346617935302135
-1.8529393590642755
-0.9386637144256973
0.3539146025919362
0.0409968492419467
-0.4619209929122182
-0.6591489528739126
0.3301362216084016
-0.0792701460898171
0.1779344608418269
-0.0806796154756352
-0.3482328789266789
-0.1685557613917558
-0.7388703267010093
-0.3145018955652986
-0.8265249590528563
-0.5980049982204880
1.0798497648348477
-0.2110461823263201
-0.3534117540147333
-1.0504553977102231
0.2210485876258322
-0.6027445589886261
-1.1714287726392856
-1.1076340905337869
-0.0298607397631043
-0.0133367441947323
-1.1640033212441627
-0.8351018452664095
-0.8303338460179053
-0.1572283836451264
0.0935374932648453
-0.6581827272793765
-0.9528348384501221
-1.4744582721778141
-0.2277197524478064
-0.1977704699267342
-0.0459265066951079
0.0719065192836284
-0.0277537096057901
-1.3164269761173957
-0.1751438615227969
-2.0058407819976427
-0.6129726268401692
-1.0186848658709373
-0.1960596343457069
-0.9766149547345923
-1.5279103119059478
-0.3990253730740150
0.2893948137956369
-0.3075458425958832
-0.0505018015337223
0.0252443476676117
-0.1735729773303617
0.3400367310164999
-0.7256598525771500
-0.9102771321891747
-0.5998707105975640
-0.1718250714436665
-0.3729306185129853
-1.4157628973558833
-1.9420962171996385
-0.8024826683039281
-1.0612990552505890
0.0289019918588380
-0.1069186958410143
-0.5380247996466497
-0.6952247088868819
0.1764710464414806
-0.9642016001325949
-2.2811322722979477
-0.1861464622309741
-0.2806715308960860
-1.3144361977999461
-1.0397435384681335
-0.1232081742918316
-1.0174486179519184
-1.2017572903739620
-0.7413676166190890
-1.5495429780811270
-0.2018074998256945
-0.2359348320848365
0.0967131146740135
-1.2033581281972954
0.2123174781969692
-0.6219010121230409
-0.2264997432226500
-0.2123738965930499
-0.4129811548625164
-0.2710164088900722
-1.6279756652488226
0.1973316641678795
-0.6726270333676764
-1.3277820242346745
-1.0084389641977796
-0.7318976075303654
-0.3863353271025642
0.1815227435683124
-2.1603224551422215
-0.8765638330452117
-1.5035956943298014
-1.0469341206803235
0.1360145124345679
-1.0280639151757982
0.1166951476953284
-0.4631927436497105
-1.8685015235561988
-0.1554595568574037
-0.2163196135314794
0.1439517630028381
-0.0504939438136254
-0.5572130029065191
0.0921647389407682
-0.8717250991378053
-2.0680332653459210
0.0332806489593445
0.4034697314078566
-2.0243604004972076
-1.2621111920833117
-0.2453244204958275
-0.8337911371419137
-1.3089263495217907
0.5621754918361868
0.1986576520358565
-0.7364773688864984
-1.2146888591408704
-1.7884956019139575
0.0753488383646404
0.0461013802752940
-0.5419786180268874
-1.1603111941977082
0.2472968600418120
-0.5601528388373480
-1.4235625161479784
-1.4636743899217743
0.4011643305608165
-0.1679260336769838
-0.0660945740658920
-0.2383544259540886
-0.0537538393225752
-0.9515515238581890
0.0943013634698708
-0.7319066161409358
-1.0428157377020031
-0.8761787300760971
0.5047131691708131
-0.0461982401799219
-0.6953771913842164
-0.4682302074057354
0.2564170124275217
-0.4871561517093942
0.0548661340117963
-0.4336281531788665
-1.4571060206019475
-1.6567126940041756
-0.6863334901477866
-0.5290753668121085
-0.2923692087633086
-0.1980827394389290
-0.3428286023791951
-1.0087678434869023
-0.1223394066963785
0.1309954411933003
-0.2641143313665535
-0.2491785931433773
-0.3847615263696596
0.2077851420389721
-0.7730674847080028
-0.9994455677716850
0.3879212700243610
-0.9453527554137593
-0.0797625380815510
-0.1383264887128564
-0.5170846450563557
-0.9249735377078336
-0.1415151283458314
-0.3604363667900453
-0.9532944455236581
-1.4660494725557240
-0.2088366278429971
-0.5887385953125293
-1.5050484286551271
-1.0303839422243826
-0.6297012920134336
-1.4830648706002960
-0.1832341188330780
0.1826325264822678
-1.3914528407843654
-0.8824674766049575
-0.4821969615354376
-0.4298704600171304
-1.5911066863607537
-1.0718128756058414
-0.9046958797121661
-1.2771510085372495
0.0104568923586279
0.4275441003451789
-0.2871103623124563
0.0429703333701497
0.0885762751716316
-1.5795632103180335
-0.8661123910705090
-0.8400891279906805
0.0999769589052262
-1.1967086779124427
-0.2026710162438012
-0.3943488313749090
-1.5424802833317344
0.1974429347923866
-0.5976475982848268
-0.2262771225018252
-0.3711993363361492
-0.2129492727824074
-0.8092196549718976
-0.5116152685252443
-1.4973264931442860
-2.0355947780048083
-1.1588782458438074
-0.0870352989572109
-2.1396707773225749
-1.4286915634658564
-0.6759363980272395
-0.2946045210103657
-0.6688814083056398
0.2173344351615908
-1.9871352141141185
-1.1067333353458422
0.1107010824634868
-2.0547815146195019
-0.9396012134828587
-1.4467751943997573
-0.6856986173085281
-1.1122827449525774
-1.3364625373568120
-1.2649002592580361
-0.8304473991911214
-1.1512298204692026
0.1487936879924364
-0.5686753301784447
-0.9989777225026044
-0.3610781102105140
-1.1652218595450610
-1.6760639479352599
-0.5255708716845979
-0.4666677381008603
-0.7198464102150582
-0.1466424055432467
-0.9152973202714073
-1.0017387041422658
-0.9737709587000659
-2.0248241042785553
-0.3754292638800339
-1.1586359757177205
-0.9854015310997684
-1.4270495421152434
-0.1977379221667636
-0.0759455665467234
-1.5990062657608870
-0.2674981802415541
0.0253041154557877
-1.0954376184405625
-0.7585338108067714
-2.6071899157034331
-0.8416155733779032
-0.4265608959576500
-0.7870883408013263
-0.9909111463285921
-0.2984858288435520
-0.0381277340148995
-0.7322831751294311
-0.3283182679961750
0.0159154894486691
-0.9849397496188564
-1.8527451718094379
-0.8224732999163498
-0.4476902750268018
-2.1337052462541490
-0.6810895600381204
-1.6031352869179940
-0.7176005022091494
-1.1264693730700119
-1.6216818572077329
-0.5608004396608007
-0.3068402494172098
0.1994078444223906
-1.0015322614084468
-0.0186685678526902
-1.1657292109095529
-0.5251034333376773
-2.1503622249005332
0.3197844666797974
-0.2873935359120288
-1.6677147111509927
-0.1852973024948471
-1.4197869823239027
-0.2883619054232729
-0.5982330573422591
-0.2300666966512701
-0.8128166232182500
-0.0343223987172669
-1.0080182444159618
-0.6420342626384861
-0.2326047640964276
-0.2052461381796223
-0.3128429390864515
-1.3747914363567570
-0.5602500500809890
-1.6617582408797216
-0.8980197834357320
-1.1509245852602779
-0.9807103171843226
-1.8058901961733802
-0.0721563260432098
-0.0105448479587647
-2.0680869776483251
-0.4266964260976078
-0.6951306487325755
-0.8126774872193864
0.3126965084679170
-0.3621999004994175
-0.1212193917808634
0.1669623634714021
-0.7435004694026112
-0.3848307636604396
-2.1229766711939444
-0.3900288621067789
-0.1296796562637276
0.0496518049156561
-0.9757436071016639
-0.6848543040034255
0.0450257806112021
0.4269240191320599
-0.4671475333650061
0.0992279827651988
-0.0936515374506972
-0.7800071971123287
-0.0124875480637287
-0.2837482599891994
-0.5990060545824535
-1.0616206105223858
0.2963848378238049
-1.3135919372884850
-1.4001327057535256
0.3850636708099008
-0.0220010657080013
-0.2212283378673569
0.0181466096975472
0.0678413209735459
-1.3541467923260666
-2.4333311992172098
-0.0540893117634625
-0.0090510645610878
-1.3438820476011901
-0.3267654096933165
-0.6899174247919663
-0.6313195827041761
-0.2995946737520702
-2.7431731490923190
-0.4920382187651727
-2.8228306224288331
-1.0468990269124898
-0.6008894629812881
-1.6134821758323141
-0.2077463302796560
0.1212764507759089
0.0296601486010804
-0.6031372177839709
-0.0352920976040097
-0.3362195870480779
-0.0409916547231909
-0.1797976734029219
0.3430596536705501
-2.2541385862159662
-0.3886389372909668
-0.1073679295206694
0.1095283816969255
-0.8239387052798790
-0.2367060600808815
0.4064638462469449
-0.2071370335520033
-2.2177675218853650
-1.0265259710366186
-1.6197529510010258
-0.7204644799632485
-0.2097460025383157
0.1460119308136374
-0.2502229161930870
0.3431367529227717
-0.9098392971879283
-0.3725761602115530
0.0122148689467432
-0.0548252382153304
-2.6270406047611927
-1.0204572092059123
-0.2136556787206088
-0.5850660600909646
0.2991112495518509
-0.7060405378686583
-0.5478223341509874
0.0174330855610544
0.0731859240342089
-0.9354291952145501
-1.6081978290806807
-0.2743306514207732
-0.9241181629471815
-0.6938014006607902
-1.6983411054544582
-0.4998923331836711
-1.3072817155890046
-1.6916796422654656
-0.3896163052714095
-1.2429726028040178
-1.2763331569479144
-0.9424518468839903
-1.6352440019002701
-0.5348306365124169
-0.8373021392931520
-1.4047495875764884
-0.1365160892467712
-0.7485791371878471
-0.2068866166356886
-0.7933114112628753
-0.9988526036804856
-1.0618913049003611
-0.7306928106917954
-0.1933293443201874
-1.1366684465001313
-1.5140910876130935
-0.8411175880875905
0.0529072661199186
-0.4727578464914634
-0.4274275032915175
-0.6908997379899495
-1.3045597936145021
-1.9809666759005218
-1.0146305989070998
-0.1796793117021564
-0.0394497223180650
-0.1555929472521526
0.4251716310870349
-1.1672347947006942
-0.4548680831542786
-0.7204922709351850
0.0849240061141013
-0.4439762073206350
-0.3778243457937910
-1.3801617783595117
-0.5633219831609513
-0.5660505627514847
-0.1653770833691835
-0.3210713147347313
0.3809627352984438
-0.9243896419421437
-0.9119709296862430
-0.5033125398925683
-1.2720400502445526
-0.7968431259201422
-0.9227968812284654
-1.1818829071076513
-0.5908602689412371
-0.6845050304176501
-1.0721750620034753
-1.0355380422633726
-1.8971121233857215
-1.9257686723312584
-0.6519498893000265
-0.9970735664875172
0.1365956884873599
-1.3998075416573461
-0.0894864597654067
-1.3163719642066156
0.0434191597515755
-0.2669668275507893
-0.0877856752654847
0.0556658944460381
-2.0944893098913298
-0.3633875642082454
-0.1817714262392603
0.1474968377992944
-0.8909897748527010
-0.4140870859434590
0.2089351467498678
-0.6458123807177808
0.0610999525349785
-0.3285261769892193
0.1132324999038000
-1.4971570612241722
-0.1212896203453349
0.0465634982689876
-0.3514763648898117
-1.1858329916095773
-0.0493854924496758
-0.3569135900039914
-0.8575686670465165
-1.4976726670176617
-0.1172376843397117
-1.1259022938835459
-0.0064258501610148
0.2205336000828401
-0.6019722874048552
-1.0494884538820888
-0.7193355471765464
-0.1880388055440134
-0.0930222288433387
-0.1801698463379026
-2.0360949354017177
-1.5848046499891040
0.0574328543456244
0.3490688285659113
-1.6196713095290298
-1.8353235090499249
0.1038123080795349
-1.9929413282654374
-0.0071236268254978
-0.3544176076538604
-1.1193695737524696
0.9931082773505781
-1.4500836450420023
-0.4045380539981500
0.0761539626620002
-0.1775836199769259
-0.8572069343096460
-0.9884562042530360
-1.3784307360988304
0.1193565037304336
-1.0256076479991074
-0.4730894942145927
-0.1136361569739147
-0.5422412592036921
-0.0005835907996877
-0.0394484289644881
-0.1160852143935449
-0.1785252148797366
-0.5313909754171875
0.1528646290685851
0.0342341614033985
-0.7765515592078545
0.0136726674364380
-0.1746912533117360
-0.8522009873075626
-2.0321542279420202
0.2127789142240382
-0.2059271827502706
-0.7755518085248616
-0.3467067285260760
-0.0177103802662833
-2.2302328635561617
-1.0215921098040361
-0.3331728182985499
0.1414539543471600
-0.5544005897316391
-0.3828987300435997
0.3050838228293053
-0.8186752003110859
-0.5666635732406938
-1.0245441960309472
-1.8144441860488996
-2.1262347938335990
-0.1939983597140094
-0.2958883748487560
-0.4930041085058497
-0.1954319126100176
-0.2390909497537992
-1.1428650072132092
0.0951197039415131
-0.9256497555054801
-0.6951308546038426
-0.8773540098812683
0.0029953737730609
-0.6790018960298428
-0.2471408051520109
-0.5813395188331927
0.0749365626976495
-0.6388060259490462
-0.0605960770304423
-0.7704277847280414
-1.4903283707103934
-0.4094616718279682
-0.3618517170502090
-0.0401783991684126
-1.6227038652505901
0.0037066135771270
-0.0656492432034855
-0.7355384422980530
-1.0284104598863062
-0.1918050147911831
-0.0120281184206273
0.0037466883109635
-0.3617303545043800
-0.1685798718650330
-0.3062318766500122
-3.5106876862472820
-1.2944063431388777
0.3125663656989264
-1.2704478113805062
-2.6141720451878898
-0.3803062993531340
-1.0478530652106550
-0.1557242390038485
-0.0856765109829978
-0.6162496926836142
-0.7391005368269115
0.5389721207748882
-0.9492311918291726
-2.2101659268173255
-0.4154861852210106
-1.0747657479068291
-1.3862611161744303
-0.7727546327632329
-0.4414303512727224
0.0018146136979068
-1.2143806020915053
-0.2334968116611135
-0.6424126909784961
-0.3832850816744903
-0.6096640708339905
-2.0603390517443447
-0.2246286951838659
-0.0004786347232972
-0.5344194100623026
-0.0150352736031912
-0.6571212478700790
-0.2122311824239818
-2.5624976355982239
-0.2143502927609882
-0.3804022456963383
-2.3868538949784677
-1.3889654524462651
-0.8365421441272500
-0.4993941815988778
-2.0410612724523833
-1.3447505303412637
-1.1949263136760917
-0.1379203921922697
-1.1313621387654302
-0.4582635287556447
-0.1958683037801428
-0.5651065380671054
-0.2066683726923920
-0.9848095407708634
-0.0168549435222594
-0.4963647923185723
0.3320256064560928
-0.2568312990008335
-0.3187772087173105
-0.9715914879082906
-0.0910793672200592
-1.0193806983226859
-1.1997553249300539
-0.4918178650807530
-0.5861048145960667
-2.2790136634690086
0.3224345253077585
-0.7439629821680204
-0.1338878906908366
-0.2741174773972638
-0.6970830750404584
-1.0802510721791616
-0.2198559581093923
0.0420940619609982
0.0683383680146757
-0.7841491248514797
-0.1391966528428425
-0.3125653979553095
-1.8958442180993014
-0.4343467884532564
-1.0495040755957510
-0.7831758941951874
0.1389151164726563
-1.3185011861453999
-1.7103713800437166
-0.1464226798597961
-0.5825781944029904
0.4146785349677308
-1.5144573331705109
-0.1667194452942310
0.1088195754535754
-1.5978937144843013
-0.1156304219951847
-0.2425798913195648
-1.3349066238690805
-0.3048473586406073
-1.9198575476411552
0.0536218450949392
-0.3035339722308737
-1.4214050810565257
-0.8016912212146922
-0.2597065225158479
-0.1054463565863983
-0.5871520911693404
-1.0942180284433558
-1.3661782031230487
-1.2997633983354664
-0.0485447466284197
-1.4328223687615977
-2.0302114203473218
-0.0654034032516384
-1.4059782520616118
0.1372919680916140
-0.6342148951179417
-0.0409346649071324
0.1936658654097943
-1.3968720598627140
-0.0984227646512647
-0.4735224221035560
-1.6186857908221308
-1.9224581074280869
-0.3553759039956756
-0.1002510233454364
-0.4899785729466337
-2.1778016359505350
-1.7514773739168301
-0.0261303711530771
-0.1904693426623736
-0.3563430265593844
-1.7923211751008226
-1.3865544824997966
0.2527037103122968
-0.1765577344825537
-1.0906748210283865
-0.5937732525299799
-0.7671943358318976
0.4689458518808065
-0.2940153721455217
-0.4384413011536768
-0.2695620603011262
-0.9228192560181011
-0.6698108899530060
-1.2711352787440400
-1.0236073276656983
-2.5655421448479889
-0.8005522054802017
-1.0809551966113196
-0.4397204893983776
-1.4254128816929832
-1.0991648345790814
-0.8201774202664571
0.6402583756773292
-0.0069915718026107
-0.7812463586149154
0.0615628133945741
-0.6147552808350579
-0.4104108460841067
0.0825826474490747
0.0383477027664824
-0.7346300853786422
0.3111579228056203
-1.7317416443031730
-0.2369272935873830
0.1716193372184966
-0.0896772342325327
-1.6959686795407996
0.1656509823485259
-0.4371934454646402
-0.6749977110157153
-0.0332486625405379
-0.6527732986202337
-0.5531417701777788
-0.3565067705777072
-1.4440811437541736
-1.0807641154361469
0.2219214987818272
-0.2042983704599532
-0.9254203761754798
-0.3408914602762175
-0.5226141076589359
0.3790478166350202
-1.4416782812369067
-0.5424003205190401
-1.3434721283242228
-0.8897425592683575
-0.4643543117089023
-0.2575215913939858
-0.0216659955394751
-0.0154435464035899
-0.8330523480542482
-1.0804612878405213
-0.5954138424642424
-2.5670840590434025
-0.1563309596178911
-1.3453246611837844
-0.4068142214187503
-1.1375346242109086
-0.4377150899467767
-1.0839964407693830
0.0830029808138060
-0.9638834562086531
-1.4668490987149962
-0.3566754296795484
-0.1924456412646810
-0.8579962636760664
-0.4730543969828021
-0.3805208090393519
-0.8368291214515156
-0.4502134893247892
-1.0287289548645115
-0.8644834817947505
-0.4414267929352246
-0.3857220797034552
-0.6404351660387421
-0.7079067352311805
-0.3749043335798816
-0.2041133749125111
-0.3127562349330908
-1.2956664316993631
-1.1261093325600646
-1.6720680568335444
-2.1916676140804179
-0.9788965037971172
-0.9591378840289483
-0.9112260794472254
-0.8773773471443757
-1.1682788205061321
-0.8090998140791874
-0.6453590409988379
0.6587793021397091
-1.1299788549034806
-1.1768407716148608
-0.3328010677333735
-0.8158249097944835
-0.7765098785168149
-1.6168907089811744
-0.2413225875318800
-0.3463209652578083
0.0154093012927915
-1.4545255626291553
-0.1486436837377876
-2.2603352761987288
0.0872552807938773
-0.6231364366720992
-2.3288552201825157
-1.3168164892202725
-1.1380473679490215
0.0848588967576955
-0.7602008438247182
-0.2282141960430289
0.4926058348889558
-2.1013232099911816
-0.8512479146584574
-0.2912101686379428
-0.0694802130119366
-0.0599165052322853
0.0532354878311715
-0.4451721221091089
-0.1232037149546563
-0.3105567918485247
-0.4884633017653534
-0.0882893770490474
-0.8361412506458944
-0.4902163191099725
-1.1582038937031611
-0.5923602116382926
-0.9672568993416777
0.1823512761004282
0.1606394572525189
-0.5126017231435642
-0.6652513004825610
-0.2176710671015557
-1.0092275529209369
-0.7002418200760901
-1.2553676120574906
-0.7795267597056019
-0.5607512915387589
-1.0429734358985410
-0.2999468480733993
-0.3015547280489040
-0.3607588850734283
-1.4877200399126072
-0.0497676404063158
-1.3167436396252521
-0.8565818929694510
0.0231615524235322
-0.9072689057899347
0.0415037369063119
-0.6314137639697929
-0.3392420382747355
-0.3336601625402993
-0.2806515815528067
-1.4133605705896453
0.0589289058566299
-1.3622219164769742
