1.3620582246300514
1.3870548116443651
1.4434330603492092
1.2480579736435427
1.4164106522703148
0.9961040728017864
0.9089005186656972
1.1012769798950330
1.3253592013359889
1.4177013946476080
0.4461536605820551
1.4807621478562230
1.3403641636502519
0.9340783054300644
1.3819594150268695
0.5272054255217283
0.3456641927970138
1.4342759578294653
1.3564268866126767
1.3192973283618366
1.4420863509605542
1.2977260969003390
1.2852834660558046
1.0936995072952855
1.2822273436126965
1.1818900746148335
0.6102493324398940
1.2346677734934577
1.4394948106505534
1.4053656955911653
1.4495445630412596
0.4074021973397691
1.1986960021577950
1.4267346426442360
1.4128199557098082
1.2316963907540734
1.4111583494154647
1.4134983541878490
1.3865673967247103
1.3416246674456997
1.2477526869895632
0.9971504220587225
1.2197018939037165
1.0875673959296728
1.3292918911301883
1.3877867355894249
0.7879696165607397
1.0643884055860564
1.4528417200003025
1.4492025069998320
1.4605682993800777
1.4665756280967295
1.4331880778911774
1.4655586182593661
1.0210696816052995
1.2800577483116871
1.4151894763527071
1.4068966624168830
1.3209172051620302
0.7395983226471847
0.9787811188369293
1.3457141574823888
0.7984031759673837
1.4150615796242312
1.0064253982917686
0.7070422580725290
1.3242035822771305
1.4280957475982907
1.3144504319419201
1.4214125587576385
1.3098821854696741
1.3520722785514838
1.4119121311333254
1.4404410901538758
0.9368367639583729
0.5650350834423765
0.8886673005811797
1.3414367106169061
1.4453130458998003
0.9552256577671360
1.4259172879822262
1.4041504776773543
0.5471646966113430
1.4387341482138392
1.4615007750333466
0.8228633460237824
1.0950214340752060
1.3749902416012663
1.4133060904383836
1.3604648772585688
1.3232460267955635
1.2595660922596466
1.1910791846578426
0.7770803044707937
1.3690059864368100
0.8513557046667817
0.7692749645146262
1.2326364528467002
1.3890371272323023
1.2680882166024288
1.4477667198011772
1.4266082556483208
1.3149644628765198
1.1602361566674839
1.4054507382900014
0.8482487934831388
0.9751773937164728
0.8866042554941695
0.7671378405214864
0.8917117854271928
1.0528019739856478
1.3877695530004448
1.4440366106428921
1.4759081400011096
0.8192065357063407
1.4635670020813580
1.1211953623013970
0.6880354044071945
1.3833998902180344
1.3850727793475699
0.9727673057714691
1.4117945835938692
1.4331726032177052
1.3342635954624413
1.2380949710120090
0.8758477988356491
1.4218485087608663
1.3889549264802488
0.5926966960239752
1.1663238022094271
1.3823201518176205
1.4458388394188808
0.3008868083943160
1.1758118231373682
1.4536825743238897
1.3797774144068229
1.4507448663954094
1.3507433261559987
0.5348537177895637
1.3601994877655246
1.0518559845753843
1.4455533708043187
0.8509389907622372
1.4566922381130676
1.0301937134967234
1.3187337269475394
1.4360130167804301
1.0804633115452376
1.3669693134986856
1.2619433374090661
1.1133210799174826
1.2460719370517181
0.9252435579320620
1.2659204075849315
1.4424484171807757
1.4390480623877198
1.2442785613681930
0.6187652422331630
1.2610552961429637
1.3738199712325092
1.4194146214464638
1.4187756623157637
0.3793283513460098
0.5708520464579599
1.3571876616807772
1.1954751225902973
1.4003348346762725
1.3173840202015072
1.3779775649819905
1.2174192854805523
1.4639103348035389
0.7935707836728486
1.1711375014204759
1.0261700995382848
1.4466128449970432
1.3460959817843359
1.4424347572100076
0.7789114757188266
1.3241336806809385
1.2404067751096397
1.1985804818737738
1.3802684155307694
1.3819670100988728
1.4659638008932783
1.0893919725679235
0.9929484781423288
1.0219414325862752
0.4237475353340057
1.3631489945218453
1.3436222367270747
0.5714455001331390
0.7263962268899478
0.5008675322548304
1.4657836513158484
1.4118809833707997
0.6063633541040407
0.5144725064964983
1.3494507761506813
0.7557471092046963
1.4604661680966438
1.3605288455624005
1.1931337841334722
0.9884251523061430
1.4389392385065265
0.6396954213432771
1.4363702854857987
1.4169900048429169
1.4071106967080407
1.1454347650476013
0.8419880229962179
1.4096473548293058
1.4628003350245884
0.6228587130439668
1.2638356315096686
1.3830131649932695
1.4067430552427418
1.3062092207877438
1.0148195149719861
1.4392491089912494
0.8863861205952493
1.0745906615320930
0.7981698474913573
1.1502896088436476
1.3513210720573681
1.2952252853416983
0.9242898220342638
1.4029815267380967
1.1419855850088174
1.1748874509702967
1.0527887307259036
1.3700424345156679
1.4226253891007985
0.3851035563446169
0.4259939562135562
1.4514303133490893
1.3160168096173095
0.9908636907134339
0.9053035128534659
0.9775569779677573
1.3699115842858820
1.1881939420013232
1.3618525332436346
1.4517968845876839
1.3918264113465795
0.9515364372511749
0.8024990865607760
1.4303733761280644
1.4627406153975608
1.3194552557594703
1.4366092262433434
0.7772464423586805
1.4070878183268534
1.1534062860423329
1.1794786113727158
1.3453494995189190
0.8199149868945262
1.2059582612577227
1.3692881474626992
0.9363278636947722
1.3692769824865973
0.9525647372146042
1.4482924958367551
1.4653242285398083
1.3779803810387836
1.4016268578178386
1.3998400939444198
1.4317004734014362
1.3571722179947905
1.3109529585057456
1.4274833052588940
0.8546358090022553
0.9468591802747356
0.6127611226196327
1.0262460927433468
1.3699251122173486
1.2030030673013972
0.9619063244632741
1.4158656773676284
0.6722152465684074
1.0339165125117527
0.9664369844251034
1.3589450479579723
1.1891257202469350
0.5414596189041213
0.8144690884287074
0.3952438320942552
1.2238678116587920
1.3823722376409053
1.4025409182104831
1.2884065913431808
1.4737576368478162
0.8616929580548275
1.1847711097986899
1.4666054964581887
1.1356502122994614
1.3028437082784117
1.2925970575063885
1.4616817527558137
1.2406611524404512
1.3077224702778665
0.9937804125146845
1.4754805209663837
1.3669965942021158
1.4567277151991187
1.3483720578320395
0.8110546950453253
1.1918921440888601
1.1791580393761301
1.4302768091368498
1.3820035042777958
1.3863588239079903
1.4409909722410508
1.3593955262696111
1.0633761696106949
1.4839503821636395
1.1041756088160251
1.4498353755061042
1.3234482176756979
0.9481226149588783
1.0486116947544328
1.4386548017890080
1.1159238012281014
1.4463651766214876
1.2547687481707908
1.3495768097866816
1.4207038397044829
1.2556145727242727
0.9232196810006643
1.2603815934936913
1.1703398115424495
1.4570566382441046
0.5365808864826296
1.3633071943415973
1.3223197988501736
0.9483012096471118
1.2854119762340221
1.2412124529920623
1.3309295421848881
0.9165080513312238
1.4708512266405922
1.4083858372379265
1.4069405495634100
0.9398789436502974
1.1932797957947205
1.4176779902384278
0.9132956113829147
0.8093475280595142
1.2744770802091430
0.7562353611716519
1.3717234176657027
0.6525386225557033
1.4751644085870128
0.6983294181674686
1.4079310265556026
1.2535082830107380
1.3314094570993662
1.4034250727972637
1.1725394021446303
1.1217627385335183
1.4501498812570033
0.3612240058302333
1.4393989761766248
1.4622630705315705
1.2777190405276195
1.3578401895875403
0.6173704320604830
1.4240836282612928
1.1505097417115615
1.3906711325491232
1.0177893018174780
1.3693416291577649
1.4672602651244406
1.2562513873816215
1.0977674147421241
1.3515151906603373
1.1576359429881042
1.4740613884033660
1.3849044470598282
1.4620517054476379
1.4410123678882065
1.4411370043185956
1.4329704652413198
1.2250647428332020
1.2936229342347310
1.4602754238690283
1.4823927458015040
1.3930386800393080
1.4260471646415480
1.3396994810164908
1.2191707214286238
0.7694620379572938
1.3269277642581483
1.3833995168332098
0.9960688444636691
1.3282867091633621
1.4459183846921411
1.2756866110194574
1.1360874632715656
1.1973139509234754
1.3946708862971247
1.3040966654766712
1.4226577639159845
1.3989819137315695
1.0711209005213003
1.3350015501910177
1.4270770518823559
0.3958961241806975
1.4170137679036245
1.0199131452508459
1.4343581193276365
1.0694465699527287
1.1250437203549184
1.0641198989723115
1.1566533787781201
0.6409562893199623
1.2878416111995439
1.1246223808730214
1.0671161790668051
1.3497180216685514
1.4357969442917500
1.3899656830994849
1.4337420280473969
0.8368728140282042
0.9877819861611405
1.3743050380882698
1.3864835045651418
1.1979322200016296
1.4265832483286127
1.1948987301084237
1.4206232449521941
1.0980638907479365
1.4431955274294805
1.4076639326458638
0.3669125489656035
1.3065888723886703
1.4082263468058120
1.1109092277041772
1.1805624418277780
1.1254427860474423
1.4260143868987176
1.4146020473411343
0.4500813894147238
0.7182989515836697
1.3170061619795077
1.3028622278866546
1.3942405247743113
1.2282955673978226
0.3492557638246544
1.4696896115445277
1.3087699464867248
1.3965840437082742
1.4198838600826422
1.1571601044591280
1.4639564763467581
1.3747655136074464
1.3592031442553980
0.9938079300069004
0.6582472250076640
1.3248498382961327
1.2724420207321832
1.4070526421016678
1.2132049614405009
1.4565995802428009
1.3230836668951544
1.4150780058523029
1.4605684126760010
1.1643521412803248
1.2530668795108342
1.2448043809549703
1.3093045097742186
1.3907590804827819
0.9753696018734355
1.4531261242011719
1.3478929138246825
1.4104725009830898
1.2642725761881810
1.3434515266067026
1.4392714084725691
1.4190401433359774
1.4179416864398546
1.4417092861943996
1.1565783689672198
1.4010928382397108
1.2967041837211226
0.6056574514278912
1.2122778144949440
1.2782974678824350
1.4511959889765291
1.4616326484974616
0.4274874586105896
1.3614453614558288
1.2855168532643111
1.0185338163466693
1.3413923417735321
1.2342624294434541
1.2481714676112778
1.4045189443596784
0.9904028144194121
1.1926598047909349
1.1217793325776206
1.3435834062502172
1.4455893262338624
1.1609914390555496
1.3368096205756690
1.3922809586839369
0.6139139685027298
0.8850881834702579
1.4371664977360203
0.3532219596658214
0.7682440831328565
1.3555209960521881
1.2565672434947055
1.3946164840334827
1.2703786806033015
1.4844480130258528
1.0767739287306581
1.4567888702889054
0.7771047190972360
1.4286297614022117
1.3056307676945340
1.3652995462889452
1.0512510969956697
0.6409591430223843
1.3976017870789286
0.6681520240771194
1.3186906698884582
1.3335979247458312
1.3001529105736116
1.3970400913847727
1.1868424052109736
0.8271820602737657
1.2120554878888166
0.4622193007395625
1.4673355128653272
1.3408423791462600
0.6242922275577977
1.0446973837049551
1.1947703576890019
0.9158455705469923
1.3986290846885785
1.2430374384538383
1.2854770007137486
0.8529565053395796
1.4430843082812379
1.0493801138713683
1.4444065139223381
1.3567260966357093
1.4163867151951393
0.9001151110381912
1.2783858785741939
1.3539269192354717
0.6080226488678286
0.7595270945661315
1.3321810872436006
1.4521013557996760
1.3252898369308130
1.4448664881404825
1.3456160741481924
1.2237635230507027
1.1456822963453765
1.4786122232698637
1.3051295814950974
1.3993695561336732
1.4342453785665727
1.4652158904253232
1.0278315179845257
0.8423057399794147
1.2385955092061580
0.5290489002495004
1.4456794490709959
1.2799624159333698
1.2367019380545741
1.3298024548746834
1.1556352476149987
0.8557966488604616
1.0635613770438515
1.4278544331309846
1.4043464532114960
1.3499393560325483
1.2869188766066890
1.2059397086153150
1.3635395440691542
1.2656269979821644
1.2636741914398901
1.0136055056707161
1.4445868357635696
1.2383555355387119
1.4375790962117949
1.4252233238079224
1.3195251366042173
1.0772025630650157
0.5253402566553970
1.4640285794580361
1.4733344062236808
1.4297748645655195
1.4706220979484312
1.2645122342078516
1.3447338037443270
1.3059610446086169
1.0611166081986718
0.5239093776491570
1.4195196566388355
1.4283560107783253
1.4402918680514913
1.2421074445236626
1.3949682541227677
1.1489655754826396
1.3623153080602766
1.4045782886283718
1.4085597242846604
0.8071905927458917
1.2979752358416687
0.8238442922552877
1.0089940286456205
1.3492975044860183
1.4386143981940622
1.4075294402601872
0.6759748047172592
1.2681118393132276
1.4307556673809332
1.3589238976370004
1.3801367181299344
0.7895441948810614
1.2945427478823861
0.3873452135794008
1.3155222343259885
1.4656964653940761
0.9615655036978810
1.4435618722041044
0.7286063248419082
1.4758632943776713
1.2727750265437086
0.9730356477351734
1.2461407240807176
1.4225722528848250
1.4399296168758589
1.4322534778288600
1.2851370552283838
1.4351601784036652
1.3648520230337153
1.3699092486406141
1.3541366423519274
1.3134868939486333
1.2566623758396960
1.4020476950412695
1.4712628066361537
1.2140747487140022
1.1425782744007762
1.2282707645515032
1.2205444395919840
1.3300567913581229
1.3046826117656298
1.4539420198518123
1.4479952188044709
0.7935943834527821
1.2615180864717277
0.8778313261936308
1.4412944715424327
0.6717127980715358
1.4159273678949382
0.7742626454222912
1.2163285255415230
1.1735939563313376
0.8294633119700078
0.6662200623292189
1.2775631275987243
1.4094037274858129
0.9364828500509399
0.5116099592799369
1.2713196852701460
0.9335138777981824
1.1439392466353211
0.7503981753382254
0.8641578949954387
1.2348385043905026
1.3759496253083663
1.2350493856573996
1.3735592734447943
1.4477775499410639
1.3997695893378328
0.7175445132968339
1.4752062072705419
0.8894670612111792
1.3648049324330662
1.3154985587369525
0.9465234403076580
0.3873377708980164
1.4281889362718652
1.2355588972745564
1.3707963789578554
1.4360163612814598
1.4715168914434107
0.6278082624939332
0.6822997600516445
0.7357302822610022
1.3750375906135810
0.3023170113279062
1.4523088708613245
1.2106774014867039
1.4378617103501610
1.2128913108634287
1.3048668969349764
1.4506517537573469
0.4424593030096783
1.2094157900258191
1.4026589341558455
0.7326283939280107
1.0772720926776573
1.3431597770196850
0.8185557081211695
0.9330446286853432
0.9253742701881909
1.0279455499407342
0.9240777058897356
1.4465574640160737
0.4126061390763919
0.7406919590125937
1.3766455159417090
0.9987771090790120
1.0886749627027659
1.4600589073107124
0.4022064172670001
0.7745211182694238
1.2967704942649321
1.1703083710594469
1.3827396855716885
1.4290864762343012
1.1889873133135047
1.4030513713009276
1.4265151197078820
1.3834726691617156
0.9677704158096262
0.6674208672603793
1.2861155314721080
0.7865563438236239
1.4663694626933401
1.0957117316676437
0.9154670663235984
0.4087049359598323
1.4397700181945081
0.7287045061347397
1.3942382307393097
1.4706238616618363
1.3178591502017123
1.1750035487167352
1.2514867670004883
1.1811490603648325
1.4099262810928215
1.0797266328183830
1.4474439547863298
1.3573775621684960
1.0986921388416395
1.3428137694330693
1.0246722709234057
0.6814068672185652
1.2750427095310515
0.5605310687312214
0.9678203741526314
1.1064542681214535
0.4869993272767758
0.6794722631966188
1.4044311292304277
1.4101599583134574
1.3469469198765585
1.3100231667547588
1.4316784060356060
1.4688517784286879
1.4623751828285694
1.1439038798763770
1.1205817672535017
1.4281439730691248
1.3513445121851770
1.1190863215999969
0.7960333069209272
1.4038657543519051
0.8619007767405914
1.3727658047708222
1.1676854085226422
1.4259005919357535
1.3622667889168938
1.4183467040793334
1.3377619764627096
1.3457448237063485
1.2660899853452583
0.3774053385697633
1.0447554822284475
0.4745192590712638
1.2818636881835759
1.4407641390366495
0.6677225775780465
1.1521626818437123
0.8614407453171148
0.3918196421641073
1.2096743291441223
1.2511197526767444
1.4623064925212073
1.2477180988934995
1.3676896397341409
1.4655614496964151
0.7339898425182114
1.4842339541195186
1.1400786266781160
1.4463452114077693
1.4281647996058746
1.0161440586730464
1.3628653166256650
0.7636397573940199
0.9625717466448706
1.2533161953833760
1.0405762227879476
1.4012480900668778
0.6490228206841103
1.3857734705733560
1.0244296291784885
0.5235491888948387
1.1761825742076597
1.2315678243326189
1.0180973953436634
1.0983840905166999
1.4197879314751258
0.8036341363084755
1.4621446228330373
1.4682569704109054
1.4566465527220345
0.5733493312044100
1.1610558205773800
1.4433498049994333
0.8969433229287301
0.6942479174040515
1.3474361603652705
1.0345135325963923
1.0824253658070941
0.2993487048508083
1.1477707113475446
1.2278028670779495
1.1250186590217843
0.7979284870659560
1.2988874808592015
1.2462379365731542
1.4552236282146531
1.4386275380906768
0.9939866552775787
1.2427018381981358
1.3611381323349423
1.4084542163102505
1.0067520010783959
0.6868898583055520
1.3609911612772756
1.2589729001902641
0.8699485461944653
0.9898441390754344
1.4284133753562989
1.2216190811418146
1.3801259877737806
1.2323920358791718
0.6987284605196478
1.2290616977903139
1.3141506978543689
1.1301697198733787
1.3657858277669293
1.2861184351200379
1.2800810339470166
1.4092896887101554
1.4014151177149463
1.3671232523724688
1.4020051136611511
1.4171990779477492
0.8447067796386802
0.4864103633489509
1.0008740645423049
1.4092924595313330
1.3454094799245795
1.2830451768231279
1.3887752010887677
1.3822313895849692
1.4491643414282991
1.1345081184242918
1.1743257898496766
1.3312439052188041
1.1449921948836015
1.3807144765418453
1.0780819122249163
1.4512330385828207
1.3495977482361359
1.4602533976420777
0.8562685861304570
1.0399931290414857
1.4214144094181222
1.2759868528130054
1.3840564835023446
1.2128685674848021
1.0608498038764032
1.2771399933734702
1.1900522641809599
1.4143898733214091
1.1573600141295626
1.4284302924703354
1.1622051730603997
1.0026198677927871
1.3400732310799626
0.9253927671184015
1.4022529854999350
1.3446918143981204
1.3988419843351585
1.3134100608492081
1.4514515034243967
0.3458570870116075
1.4266368924779569
1.2812537399550010
0.7815114622951851
1.0962461571958615
0.7088483714125710
1.4336200351467643
0.9091715661646076
1.2234010520745218
1.3642470499806936
1.3331939383325420
0.8366681357903165
0.5138105917782522
1.3909038303660246
0.8688499105874958
1.2732676556873788
1.4663444379155024
0.8936707571270309
1.4280695990918462
1.1287543026169424
0.8843986995345439
1.4816306353684148
1.4176949403985559
1.1464577675600851
1.2327903637681408
1.1608366159042440
1.4331891594337598
1.1647830387709686
0.9487895492476331
1.4362259096309340
1.2954517701936790
1.4239546184973655
1.3703252935488022
0.3894980076336507
1.4555836262053810
0.3779512100408382
1.4065098509237410
1.3810143669583552
1.3148292761947586
0.6809248327515108
1.4589160932625704
1.4490060953812474
1.2424439400107921
1.2627325094260506
1.3030965843489342
1.0048945907656206
1.4272561224571867
0.7479277077537886
1.3793194984606409
1.4659915695959318
0.4709755703497145
1.3518070414661607
1.4810093201788508
1.4339912940996806
1.3127510036038528
0.9040200899829836
1.2757009120395157
1.1170639617104692
1.4067727249099014
1.3331433564180968
1.3722085081290782
1.2111201909344993
1.3380445117127924
1.1796367981950888
1.4353247499261619
1.4386017894785450
0.9718939974285741
1.1032808451761589
1.4140180811244778
1.0015134293071188
1.4026868913056609
1.2643570301750968
1.4412263331733679
1.4514529826834437
1.4078244592440361
1.3427400257386191
1.3775085360938126
0.7849880986122024
1.4343880406715568
1.3224419666782292
1.2373640388455542
1.4332899578501714
1.1717160648136564
1.3313319664903265
1.1865403473793594
1.3633696090815668
1.3670216579669607
1.3299693148641878
1.4372828737911758
0.9303481676380410
1.4486974597829321
1.1516177907220022
1.4610351698667043
1.3709165156577341
