-2.3958847239685981
0.1193819585163771
-0.3056816938038335
-1.0284528925674241
-0.2046878507224649
0.3387321753529834
-1.9248981851043518
-0.1638489340679140
0.1524524979994586
-0.3476847823776447
-0.1388797662560894
-0.6358605264557683
-0.1627430929859916
-0.2191004743177353
-0.0509753981014243
-0.6494973835064699
0.2266885585466020
-0.5572646263535989
-0.5660171455845207
0.3535907860058932
0.0645908357142318
-1.3751503673053014
-0.2961023616285898
-1.0005486719175078
-0.9272735916279283
-1.3631831365125899
-0.5654705468297142
0.2199693819423011
-1.3145601813069552
-2.1546133550104605
-0.2513879393170732
0.0253625812777987
-0.8373025026753741
0.0067792276703619
-0.5485465891362902
-0.1986247332094742
-0.8714157681117380
-2.8454045534096197
-0.6082819918201841
-0.1423510026703300
-1.4112112039421862
-0.7450603587875773
0.2709788642949257
-0.0207885797622700
-0.3351046379019880
-0.1613276310509982
0.0703014495752570
-0.8766639519874914
-0.1479879847002307
0.2832977393641278
0.0535352841765304
0.0856880051007123
-0.4042503585652727
-0.3626543678788969
-0.1238866673018194
-0.9919580420434654
-0.2434517027982412
-0.4582574535569492
0.1776144045951113
-0.6624332282045425
0.2697468580265420
-1.4992511586460615
-0.7337760391694118
-0.4442308390097950
0.1702006668138921
-1.3454446015555237
-0.6320714752316894
0.0855779119872969
-0.8669720806882890
0.2068464937361692
-0.2937794619310720
-0.5231729378383104
0.0925062607308310
-0.8051122541444889
-1.1866481348315128
-0.6198842955418737
-0.0839843480378862
-1.1930587904166718
-0.7077687913476023
-0.9200650455417024
0.3316233120596755
-0.3837923256246340
-1.4489012308279576
-0.1419864116564852
-0.0771181402569882
-0.4337120502276805
-1.6495102979598812
-1.6885313907956552
-0.1613032621773416
-0.5489435144894073
-0.8635222067397705
0.0830741944925597
-0.8147588510051014
-0.3478169191143760
-0.5052324535049767
-0.4057816291064859
0.3240393646523764
-0.3173126016055516
-1.1329601472214665
-0.9676747038497983
-0.2439483165221802
-1.0617215509867286
-0.9821332004747855
-0.6987789848037975
0.0288333860091706
-0.5577828536364529
-0.0693632687607894
-1.4435944423598686
-1.3338388496904752
-0.9509462806106600
-1.2402444232741121
-0.6035906820821978
-0.1712793455765889
-2.5385779023656161
-1.4197868872842023
-0.9718405202299845
-1.0781097212100992
-0.7973618727386584
-1.0104103127624418
-0.5943266427774543
-0.9793106197719880
-1.3767778899826077
-0.8992037318655020
-0.7700829608939821
-1.1072254846684975
-0.5636186556712166
-0.2332078840378978
-1.1801554084797881
0.0078284785212204
-0.6251010518955861
-0.5392309862293199
0.3201927622224162
-0.9924056857287666
-2.2992600133936159
-1.7170841066827680
-0.7422557048336401
-0.0390900869936834
-1.2647128240672021
-1.0912446717331081
0.1822765199193047
-0.3121013468628767
-0.9251632261051019
-0.2568100391921130
-0.5195323407499587
-0.9924939760050367
-0.2412004876186203
-0.7965748727225657
0.3109442123006306
0.1324505066215200
-0.6172104155892656
-0.0183045032221299
-0.6767071951476465
-2.3007461208318243
-0.5468460491521930
-1.4070632409218642
0.1070270017831657
0.0515070839065827
0.2208076650801705
-0.7109069365226285
0.1427982061941692
0.1373120203616086
-0.7055531958443421
0.0717451458851296
-0.6061142442743257
-0.4340041470743820
0.2552107963733095
-0.8986691518424920
-0.3987142261853702
-0.1489104053036576
0.0995203463594672
-0.6639905026754993
-0.1318333934276554
-0.4384727373990728
-0.8787408182297789
-0.7724328193360318
-1.1585274755957924
0.1382011821655739
0.0462668748204099
-0.5812521864937534
-0.0558115452048099
-0.1934063775537159
-0.3094045958707531
0.2150943823176856
-0.0350669911640193
-0.7059838929926153
-1.6988153350591688
-0.7332211810763530
0.1670560417808278
-1.4044371944694243
-1.0738965200273154
-0.8312593475354635
-0.2052356506559397
-0.5145754406334339
-0.4658107529399509
0.0169167676560006
-1.7186411744771353
0.2259937956498025
-0.4382412608251136
-0.3699101321407939
0.2411344605519446
-0.8613981029173849
-1.1088559811938150
0.0128290508745372
0.0764152691420952
-0.0192148427442096
0.0662548672674761
-1.0556447035848595
-0.1344408244772251
-1.5157499128767260
0.0325212391741435
-0.4562737559152343
-1.4256998915559647
-1.0710410302377307
-0.3501927101154820
-0.9784498531913213
-0.3151236480493365
-0.2988291282472538
0.2478661468285338
-1.0772310603180864
-0.1743795213919549
-0.9954175476255170
0.2866951321566871
-0.7474611767009643
0.3956945354254279
0.1220901099853184
-1.4187287842274285
-0.2184751537004400
0.1198312337643944
-0.1838669972457159
0.1718122324865184
-1.0816782493948127
-1.1162180009385456
-1.5609189233636434
-0.6159958205081673
-0.2369344524954798
-0.1421770458446456
-2.0644396538396852
-1.5829416191431918
-0.8136975453325016
-1.4710998425406741
-0.4922743034752282
-1.0804344531607113
-0.9324592183744352
-0.0740873288722227
-0.7246292931222366
-0.4399639049540344
-0.2009505977786915
0.2266290292587610
-0.6610990171627610
-0.2058525471911272
-1.4250842689102816
0.0729518773467219
-1.7000637321932033
0.0458157787130464
-2.4599905681134113
-0.0076591404687149
0.4058248458164002
-1.7998806910233447
-0.0822909278063540
-3.0129769753078310
-2.0809332722649825
0.1752049022261124
-1.0660157875603713
0.0934955878838766
-0.7171466443358853
-0.1933674568922009
-0.6218322595463505
-1.4698527394454859
0.2514844891749292
0.1678552260094745
-0.6455148365763015
-1.0052028367582486
-0.4374281827928539
-0.5753669810811755
-1.1822621618043694
0.0386806381104712
-0.2132654799320738
0.0569768829293453
-0.8244391110561488
-0.8055008724119349
-1.5228111975564353
-1.4628244517029834
-0.7973545719755571
0.0933524324476635
-0.1579762772578295
-0.7298320112501101
-0.6818663372995510
-0.5713522105205384
-0.3892671549106854
-0.4545848455091517
-0.5685718467672169
-0.1594714723113760
-0.0475348070833508
-0.7014467841427171
-1.4728927894327095
0.3754263493124375
-1.1867854772770268
-1.5899016135800559
-0.3218990024191910
0.2700951467668921
-1.1319029326248193
-0.2906153749328431
-1.1151434875231592
-0.2845239290412859
-0.5205969130940320
-0.2059512571142114
-0.2252880752585789
-0.1258425818320071
-0.7161427172863429
0.3989767439293623
-1.3636081045629638
-0.6404356347176777
0.2683619740329453
-1.8321992041293800
0.0146664911365325
-1.9781564136410295
-0.7531926737984663
0.0125314954941822
-0.6156733438348150
0.1271856324129133
-0.7279966220496467
-1.7836242580645560
0.2956816985342669
-1.2641572515661921
-0.2438727955493095
-0.9126139819391959
-0.8143658277476651
-1.0605785615454872
-0.7527498478485962
-0.0699125609879537
-0.1451488078837155
-0.5822567579391911
-0.6189769361296616
-1.6276708796871460
-0.5274236969620687
-0.4345698342604499
-1.1484295339128139
0.2460239784779168
-0.9252852244197163
0.2130324746333285
-0.3586663017034483
-0.2278206149338007
0.2129766471086981
-2.1362711350856873
-0.2797600024022974
-0.0999533752878068
-0.3043546755259919
-0.9016771539841416
-1.5987896003798701
-1.2246732484204426
-0.3248272611402212
-0.9795627233329426
-0.0660047077829591
-0.2151777847072537
0.1943397666449257
-0.3470555388335918
0.0052682400558139
-0.9216000010348354
-1.2644483237068069
0.1871820639737659
-0.9416485284968561
-0.9757186279892462
-0.0888860793636148
0.0385914928327132
-0.7324916468330663
-0.1388851656774986
-0.3826509959463838
-0.2831610684817513
-1.1195448891444826
-0.6568235007156051
-2.1021069577080933
-0.0020542794852954
-0.4372079511916575
-0.3542227315014929
-0.6604282567888539
-0.7651303542583303
-0.6834418336949639
-0.1430233180551817
0.2105314323612766
0.0425254991140073
-0.8831048569016139
-0.1118364145430613
-0.1794568893458997
-2.2341680129010428
0.1290906866417793
-0.5432471620839805
-0.0379704040399108
0.3035347921383454
0.2720602888287891
-0.8889919691017147
0.3446294105799163
-0.5047627603400621
-0.3302669187768974
-2.3773889648295441
-0.5821368419749181
-1.9304089415579264
-1.4581277399910750
0.2870838066906078
-1.3255139578674615
0.4154403165024401
-0.7359268842849878
0.0323168020540020
-1.3860155150495495
0.1024718389450697
-0.4965346055376426
-0.1378571343722847
-0.2992451094937466
0.0015414227196207
-0.6641091431393850
-0.1788277009472669
-0.5898365839578618
-1.0048808166271832
-2.0769248092561421
-0.3814077496873380
-1.3725329193011504
-0.2303903823597072
-1.1204245055105431
-1.4704495256412848
-1.4223527738727215
0.4287053561794716
-0.0375850795955178
0.0752702663134387
-0.6202356422569385
-1.2227366787302572
-1.8148169507732057
-1.3537314433571526
-0.9122891087402947
0.3566526440970269
0.1561428340244861
0.2761869431807991
0.2123133575734383
0.3204533439070383
-0.5824693044365380
-0.5230697378212674
-0.6903643447700345
-1.2853985564361647
-0.2810477304964026
-0.4724898826682389
-0.3117745996872434
-0.0761805269056058
0.1577758240459822
-0.9753913176682198
-1.1733712167765065
-1.1273998111490968
-0.1868178721618736
-1.2157335976067942
-0.5970153776780202
-2.4046620810012986
0.2255597773929493
-0.0504112445408774
-0.8444611138032966
-0.8125495289182697
0.2665245558410068
-0.0373045422604798
0.2194651151833591
0.0896927074859371
-1.5219969772253039
-0.3903415620731974
-0.5961223904423886
-0.8680215006056442
0.3887519186996454
-1.8804624750311767
-0.0078385033849677
0.1948709880803507
-1.5769316006776219
0.2598906548348168
-1.3294787937960344
-0.4594416498987701
-0.0437767800346720
0.0229718056008204
-1.2153411767971756
-0.3527311215842793
-1.3222004165680201
-0.2526622234578683
-0.6702915340902849
-0.3123860383724036
-2.0907342259522532
-0.3851376753715199
-1.4363814653415719
-2.4300205820691576
-0.2144032075109522
0.3004937681168846
-0.4440611746723535
0.3061541700934331
-0.0608156961869798
-0.5132407315562909
-0.4028202114659039
-0.0673585746727190
-0.0292702127639267
-1.6261343411307128
-0.6537051235710329
-0.4112170163379748
-0.6269101797362808
-0.8830992222610502
-1.5588663709098425
-0.0624786960361746
-1.1494011333514313
0.2193734854484476
-0.8590595747368415
-0.0186467048301027
-1.1090690657179287
0.2998825888097693
0.0884982145502636
0.4077066258295693
0.0682579394914784
0.0085226044847746
-1.3447903051308541
0.0342079119093069
-0.3176207088284960
-0.0592709446019581
-2.8705913333248430
-0.7819871362053891
-0.8847990876129505
-0.9333411331811782
-0.1934261497764651
-1.1365936912018815
-1.9107876974419100
-1.1474552965746962
-0.9449543189274131
0.2253173528317471
-0.1038929240454290
-0.0838103003416235
-0.2904504891871362
-1.0309951940317830
-1.0747199399393403
-2.0495115152205967
-0.1967471509658480
-0.1588778389154225
0.2277194661429978
0.2567558803057697
-0.5545323787828192
-0.1654538699815314
0.0582118330618606
0.0887839051836561
-0.2612643706925451
-1.2083905965107586
-0.9868605266174164
0.1124722980073580
-0.1572760540051134
-0.3290032151344544
-1.8237424182501887
0.0392329299768938
-0.7885811629622914
-0.6184452680196366
-1.3001053386308770
-1.3708488917141037
0.1591788921320095
-0.6194929505115941
-0.0400497407846229
-0.2901031587050578
-0.0853961895010740
-0.7390287328842400
-0.0180790641510227
-0.1809098169051547
-1.6818852901102910
0.2003053120215049
-1.1166923597017933
-0.8570738696087081
-0.5625544723839094
0.2179970141584345
-0.6030684814965663
-0.6547537038120953
0.1186580918569858
-0.5334657229406143
-1.1232917238762268
-1.2925807769068849
0.0507037600346619
0.3205144705856652
-0.4036600231049046
-0.2444215432397130
0.1357375611166860
-0.0202346746659138
-0.8040705329916823
-1.4033710239562411
-0.4437021670262726
0.1572232587738435
-0.5849439164656181
0.0944003857981907
0.1019368143642090
0.1230026565347573
-0.7419734026564220
-1.5314210856597312
-1.7746252588392970
-0.2327531882300636
-0.7528457607147756
-0.1358965485996866
-0.7819072470665916
-0.7645566436236995
-0.2764922888791483
-0.4966791119762173
-1.1732487455032790
-0.2513087788233911
-0.0945506363247509
-0.9176369167386043
0.0124904455523244
-0.0552000250982570
-1.4984523496644868
-0.7898302300839677
-0.3811322186988245
0.1869537526261281
-0.2669169475239420
-0.9438889924114402
-0.1679687977148055
-0.2890150239304647
-2.0914141719122648
-0.9202529801817372
-0.5217444579830350
0.1214224569827297
-0.8819222040426818
-0.4064224805545336
-0.8081027130441423
-0.3586809322406266
-2.2318134362093183
-1.7837207733155260
-1.0487389027272587
-0.2737643421794886
-1.1409616100681070
-0.9768621544497359
-0.3780146518180680
-0.7594156065176169
-0.7917255804867955
-1.0426224763131686
-0.3933393847577876
-2.5323817203970318
-0.3905884757571461
0.1212572375043027
-1.5394292086753640
-0.4365348974332350
-0.1277289759633659
0.0692142906534390
-0.6447599901408659
-0.8791376508514203
-0.8843582766929790
-0.9909476429248147
-0.3241965657619370
-0.4674417300864591
-1.2205514591275910
-1.0942307614933493
-0.2529739423990658
0.0440117902343160
-0.5078769788528682
-0.3528889332892415
-0.4282558575732197
-0.6414186128240649
-0.5558048250670996
0.2609484144739302
-2.6555516089738704
0.3901642667724953
0.2839154374451500
-0.7505253571148847
-0.8793094674707219
0.1985792982252282
0.0525143027480706
-2.2997147101991922
-0.4952607271335528
0.2384888568834889
0.1337691405236570
-0.0473904248769853
0.2270632185568341
-0.6721888509278594
-0.3637907713873124
-0.9336077213996736
-0.6596263352096376
-1.0085437597376321
-0.7468330516100354
-0.0822607746442131
-1.1205849391896618
-0.5931348987279125
-0.6633538209262568
-0.1576266383177422
-0.9547548864438495
-0.8216490795837181
-1.8211888916112149
0.1585098367634175
-0.3917898541708913
-0.7576481090865134
-1.3025645018931464
-0.8636030777266444
-0.6231993750101802
-1.2615117150287389
-0.2915118438297959
-0.8906980057398530
-0.7523012837742582
0.1577456037703379
-0.1702384784809113
-0.3410014007450836
0.1336001126899811
0.2079598730560742
-0.0149390972732343
-0.5877146888344434
-2.3347235539023683
-0.3883152399506945
-0.4517294923120203
-1.3597897117842201
-0.6115010572269191
-0.2757155963439859
-0.0847478276197028
-1.1877003139152300
-0.1355454630706530
-0.9801002078394367
0.0835385508716189
-0.3687553096192865
-0.6508840481410605
-1.4807552863664326
-0.2972793315757417
0.3442968074474824
-1.0707377473175372
-0.8408422646350843
-0.6580761391683952
-0.7499807286724758
0.0662102444165090
-0.4194483470653561
-0.3852752036370912
-2.2276292794700079
-0.8234230247440809
-0.0198510106383203
-1.3786799061234807
-0.4505614397910839
-0.0277210772546057
0.1887002036110823
-0.5908408953638600
0.2105178825586065
-2.0219263438755544
-1.1896241463457209
0.0198651831342613
-0.2596518529096687
0.1308182620311694
-1.4200177917854722
-0.8515441197780689
0.0907699704644737
-0.5452549814749310
0.1157154934628548
-0.2021478215577124
-0.3637866923763265
-1.2294618796121595
-1.4746631803159584
-1.5222166166916324
-0.6212684770951900
0.0041829255757912
-0.7916061305762963
-0.5807036773021345
0.0297185416348076
-0.6330977586548875
-1.5105267885460363
-1.2795993473299083
-0.1728232583359418
-0.1547495934505802
-0.1896259318785019
0.1017840419723780
-0.7629031010468981
0.3088748176156562
-0.2036376362153119
-0.5750619073703248
0.0409246062076866
-0.6838441085211349
0.4630983907514885
-1.0444426589033078
-0.4690835092300090
-0.9639453780422745
-0.9425753259536938
-1.0848383580199676
-0.8739432326688740
-0.5284630768203193
-0.0202331963860248
-0.9929324439063670
0.0901060502690321
0.1943568488347132
-1.8409780742814796
-1.8898869648666947
-0.1402720159859547
-0.7837264323321017
-0.7727480167763472
-1.8896675118419521
-0.2451577107280513
-0.0650178666105420
-0.0567203302090630
0.2660313609771738
-0.2314083821531751
-1.0984362463357356
-0.4809324113536583
0.1243588459087663
-0.6626490089651544
-0.7231351887605567
-1.1151015406476055
-0.5125004587801030
-0.1961975770412213
-0.5111843632095256
-1.8494960778090299
-0.2861566712331190
-0.5790349568945322
-1.2636282269368728
-0.6514790249877761
-0.7235524188629889
-0.4164164596247746
-0.6835704016691516
-0.6934865216874856
-0.6008913573047689
-0.4680612378766503
-0.8030365554301037
0.2723909663915917
-0.6698460270413625
0.0274587016026325
-0.0758101478126816
-0.7111493112894649
-0.7758878014685843
-0.5097334897799023
-0.3182049332728865
-0.5790116524964648
-0.8707092899070294
-0.1601038191939634
-1.1637933672237868
-1.2905338239882469
-0.8759022905654911
0.1798538969300545
-1.2874564274446267
0.0648376368173493
-0.7345522886092638
-0.3004256755068853
-0.2301853893124815
0.0401694519459764
0.3023719261503082
-0.2510388621886068
0.0978606840139365
0.1564497700267726
-0.0000605509657583
-1.5288627061508322
-0.0214181609941304
-0.0014411147585779
-0.6378727860316085
-1.6338748173761937
0.3116257737608441
-0.6789209312360356
-0.6047257241489733
0.1794612076933096
-2.5951849117208270
0.4127173564110801
-0.0033691504602374
0.3749037766060327
-1.2651922538207512
-0.5619057715666795
-1.7500402047494898
0.0778120150657890
-0.5586868657421683
-0.8761144328178712
-1.2133483619348551
-0.8280228956498143
0.0645300581571128
-0.3598409668191970
-0.3807321243929432
-0.6439684135288457
-1.1058967728111113
-0.9942038900004543
-0.4705992523544814
-0.6399030350817665
-0.1910800744300459
-0.2109145059108744
-0.6314158764141411
-1.0735060040242606
-0.7813079228975652
-1.7146739459221680
0.3043981954075489
-0.2809158220493312
-0.8401969259228419
-0.1706492948296814
-0.3733701488770749
-1.0267034340822072
-0.6469403201978596
-0.4608029308064360
-1.8513777974834944
-0.9459854484628175
-0.2888859582801390
-0.3533328325726132
-0.1233482606517980
-1.2610725976110362
0.0465691329824374
-0.6126046150047222
-0.9845355116532087
-0.3669164990148866
0.3526243720358575
-0.6230944114748501
-0.0613622615540634
-0.4595053454980446
-0.7643903066075215
0.1622659181670597
0.0561825131539409
-0.3213594622470024
-1.2426055109470764
-1.6966296702675168
-0.7254019440774012
-0.2520201846094719
0.1527400917752729
-0.7570684075394807
-0.3187313138948741
-0.3639171512227645
-1.0885271529750769
-0.2443483501568820
-0.2649576176060082
0.0464584372672621
-1.0402661965195099
-0.3691487189383367
-1.8047203162992822
-0.5841772469229527
-0.3850290091403260
-1.2289464670022434
0.1511705256631329
-0.5773146480790839
-1.1951301140073474
-1.0025744508306809
-0.5270828599910897
-0.2870165587843650
-0.8936018891477751
-0.8407935868931201
-0.3855739007066320
-0.4299072124783206
-0.3293317917824917
-0.5631254846575479
0.1899039954815359
-0.5701425009199184
0.0419327083796058
-1.3228615023586943
-0.6209557347736918
0.0037278198142941
0.2783834868310912
0.3658239854798247
-0.1455555921364964
-0.3791175710724525
0.3153843517979737
-0.1294909634082419
0.0471845043631691
-0.4436176648700209
-0.8133963904860623
-0.1995633313547527
-1.1488218494964408
0.3073325698195179
-0.7764407572273103
-1.5083884907874476
-1.5102322016407268
-0.6027469233891141
-0.4699737715535657
-1.2179186313922052
-0.2951575884045938
-0.1464120766088635
0.0001948529024936
-1.6850322955857648
0.0305005081525033
-0.0881725102408890
-0.2803970079989067
-1.6993696214581622
-0.7486448323035669
0.1606540678467369
-1.1547381824727847
-0.2765107564056911
-1.3187016143306665
-0.7904943622108818
-0.2646177379376255
-0.8481157879356384
-1.3303555087336953
-1.1853717266558244
0.1987205726824078
-1.0638918542381002
0.0807649357780567
-0.4187089052381070
-0.3018718110706768
-1.1168885910317849
-0.9534097442517317
-0.7147687129696737
-0.3359204632057734
0.2304647157408281
0.1664079865977900
0.0329033278789676
0.3726268067773454
-0.3900794127055996
-1.3053597232792422
-1.4144383710855517
-0.4714997458806426
-1.1246594998585684
0.0805742350482019
-1.1629227480140014
-0.3172876691940177
-0.5938381573740905
0.0014869887290548
-0.6176257485245796
-1.1001354200381463
-0.2238389402927856
0.2708136019225490
-1.4238007651773530
-1.4036452018273677
-0.0987899414928181
-0.5558010353407699
-0.8826337871934791
-0.5432978190765926
0.2440117791108727
0.0898701345743923
-0.4899169886673762
-0.2938443425956715
-1.0856930764582062
-3.0272874416444870
-0.8975327724307525
-0.4315148218061707
-0.2040196516055176
