1.3269198136186051
1.4358452230785803
1.0697536968025794
1.3025045869436511
0.6127626300885998
0.7855890289588859
1.1594061262571771
1.3566880573277329
1.2800779910167301
1.4671184409836655
1.4205658528360683
1.4369216717430355
1.2183048645665071
1.4617769630581394
1.2147682927219772
0.5646538586463290
1.3023115492141475
1.4313419307097697
0.6821006869808085
1.0019462975008158
0.6990138092197726
1.1911340819780663
1.2620701174410780
0.9945391736356719
1.3218894967200117
1.4728233913485409
1.3553004040216587
1.1951419593799308
1.4651671649556068
1.3053903360298322
1.1357169592472247
1.1300504962857614
1.1211930482754948
1.3181339964225409
0.8241700339123657
1.1985786325484875
1.3412020236750417
1.4135752220528575
1.1697079973525804
1.3920575170648117
1.3423275150274703
1.1736142307171042
0.8878119878235164
0.8006366403575031
0.7611710324187579
1.3707278352690973
1.3592387137076214
1.1878964751729602
1.3630064019025754
0.8862656178501221
1.3181801537108855
1.0616702953257824
1.3654163803006600
1.0226854123338518
0.4157473707393126
1.3936303703689450
1.2300703055890645
1.1859197018427623
0.5017465002016200
1.4646354914839232
1.0133302820972330
1.3525357586010083
1.4256571475712170
1.3818135062584342
1.2752162153691367
1.4329076732405863
1.1070496880134943
0.6823635346329033
1.3751036671291614
1.1712783204297503
1.3120044039958998
0.9307863446235094
0.4918553244481181
1.3867057451340448
1.3407467960820942
0.9835869820217205
1.4046597957942641
1.2983825874357338
0.3735716129712409
1.3631969039644185
1.3743419030951003
0.8258593721118370
1.1708472953271143
1.3046535968463289
1.4742020586142404
1.1760766355634720
1.4624446002791920
1.1910537929268923
1.2205902562951914
1.0391771641104584
0.6962474883150506
1.1693563910408826
0.6603391983653258
0.4939041935137092
0.6502383822586887
1.1944232378714270
1.4004818376476484
0.7515929113910348
0.6823902565493752
1.0823526427288646
0.8942481342799139
1.2131568108885513
1.3251143495267395
1.2699853706143844
1.0571323003479227
1.4753620588526102
1.3006103994349099
1.4363837684274063
1.3645569805903648
1.4371979817703464
1.4513456278981938
1.2019291748680290
1.1027985387944057
1.3795520992915746
1.2214581156987789
0.8246967600712366
0.3369767597728481
1.4418933516004404
1.1702885577088111
0.9816992762774566
1.4603021097728082
0.4597854692743369
1.4286226954909989
1.1810775078151234
0.6763009796606122
1.3584696049218110
1.4041387288250355
1.2902727809293024
1.4567541208630534
1.2908303872790847
0.9533581731862237
1.2633086768724984
1.2846497038746314
1.4386839269589027
0.8141956221793041
1.2952973304981359
0.5771364446329788
1.3032190681890778
1.3516499237263027
1.3082574381997045
1.3414251382074254
1.4272187273804646
1.3191747972278403
1.2458086082621189
1.4526023407259474
1.0647375256024696
1.3138792876971819
1.3647456617458731
1.1928255218799781
1.2343484970841339
1.4489617211230752
1.3737732818925481
1.3824285769332321
1.2330710670712473
1.3817316672841748
1.4472601379950818
1.2882112961397580
1.4434424995323520
1.3774316818247114
1.4491461030933059
1.0536212761175634
1.3023920257101340
0.7114986601757374
1.4400609255654784
1.3337754261043877
1.1901834904611548
1.3783590693866454
0.5236140901283679
0.9861090271426118
1.2056273029583680
1.1980214219467433
1.4447030433555570
1.3574570731496749
1.4118803417348065
1.1147286933381433
1.3452144944593452
1.0846071076573447
0.8208499582860304
0.5915721308345734
1.3599710621944621
1.4133000649201819
1.3166946460214031
1.3442145387559798
1.4422005672223184
1.4430837307078914
1.4519344260590032
1.4777379192521345
1.3075879096017500
1.3969171542427994
0.9725347585760891
1.4373200709173275
1.3958636975701519
1.4168495147671671
1.4628100613890800
0.6185393875452126
1.4009173605233325
1.4540667894747912
1.4597658799018012
1.4268033033767562
0.8894709591659660
1.2803341310650731
1.4064632447808141
1.4549476766652722
1.2715774993163551
1.4236298291892011
0.2966362984148166
1.2844802493524128
0.9587761986588538
1.4130732348655191
0.7082539272670159
1.3740480039256104
1.4311892962665214
1.3514318326702981
1.3168512726835846
1.1348484773703520
1.3014862129629061
1.2875199956855228
1.3964264613709598
1.0250868829293471
0.9389678839113350
1.4665397935557085
1.4237470121041034
1.0547920117965657
1.1677894062524650
0.7566227762062607
1.2554980967213860
1.4281918203424413
1.1907022857583220
1.4076574051822301
1.3403804745629087
1.3640351032532716
1.3356492092874181
1.3371004342908044
0.5882917483409450
1.4043748067044879
1.2619689698598109
0.8047316191866641
1.4670070320392146
1.4234726458828233
1.4281825927702652
1.1409756006355554
1.3036388158903147
1.4319455295948131
1.4423679327830818
1.3904568394137966
1.4589458733888951
1.4172675372055450
1.1955451813630213
1.3789247830476759
1.0028390406458472
1.2261799186227027
1.3619429997458818
0.8236758212857617
1.4158808019628399
1.2343806170093345
1.0086776274268692
1.1717134662356532
1.3646557646261543
1.4683426090792682
1.4478832917271443
1.1613917799375875
0.9047228026721906
1.0115098786684724
1.3765281712000688
1.4693357809747651
0.7338240018588132
1.1846142795733743
1.3292241093137649
1.4692286493459259
1.2061593726361892
1.3833531254420774
1.2335772414799764
1.4170633260522183
1.4147549495172249
0.7546206080213966
0.7721233223433960
0.6887474063126244
0.6853340904775610
1.1702679164170904
0.7265226753200790
1.4716247765534867
1.2288397189213518
1.1733419845418875
1.0075972446725687
0.3001241253341609
1.3754027303351433
1.3209510764892012
1.3924397743889849
1.0382214455924597
1.4279710899427112
0.6702187130430226
1.3973670322650540
1.2117279373013128
1.2970218637987792
0.8100762326374767
1.2699538904658536
1.1189617222631101
1.2110880145556855
1.2130884570353100
0.9992517419486600
1.2796619056071721
1.4565935273015205
1.3583925748839705
1.4195755588660530
1.4149484022212575
1.2600252894184214
1.3819524333514777
1.3924720921013329
1.4291770532348123
1.3783724079585855
1.3903953451303974
1.2626637366770119
1.2007502582876368
1.0698660697320488
0.3952513352722101
1.3308024625317274
1.3988016279595474
0.6191428222062649
1.4407412226950396
0.7697112731916061
0.5169022675197447
0.9390530124422209
0.8693992798770619
1.4391439161491555
1.3195999994720409
1.1082664050664508
0.9515769705359665
1.1485215123140220
1.4411921784036663
1.1047769767915641
1.0149828247457757
1.2549433063657844
1.3843652944970570
1.4728363540918745
1.3628685451346789
1.4447109872756645
1.4745212987913869
0.7681395594335123
1.2625292665276795
1.1080864830170789
1.3832996477941772
1.0259332376230381
1.3723961898258261
1.4301607292105323
1.4383897177111893
1.3717566350971666
1.4322308991128494
0.7365046630155092
1.1444839321198601
0.5645165586926835
1.4234387400768724
0.3895428429917533
1.4202363918206722
1.1621081102743105
0.5395866087582722
1.4079412859262916
0.6943808957193947
1.1541907420063044
1.4146587038960539
1.1774402606844547
1.1247950330850391
0.9196288576531533
1.1932462794337086
1.0868896651957731
1.4101659281964940
1.3043035734640249
1.4665381035533056
1.4231663705095343
1.4105700245668147
0.6362718807741539
1.3654758153376447
1.4815001761254118
1.4646759341154274
1.3924838527872394
1.1507579963652566
0.9191943032587253
1.4203674564794000
1.2737063704774605
1.4433214925602516
1.2553169855031625
1.4715617846651430
1.2828775381358988
1.4257395131727784
1.4622064278596354
1.4201103842339429
1.4451265120828898
1.3947206973039570
1.1101285412066269
1.4339317085294949
1.1701142572247349
1.1652493533640687
1.2720205140241521
1.4598335796017203
1.2393615030353897
1.3601579692231323
1.3517076057451349
1.2276692445276909
0.8910401004506727
1.4313276693927788
0.8699158211904602
0.9506339846132337
1.0672139117833652
0.9963915268701656
1.3194835089844872
1.2725730089058922
1.3347167169389786
0.6313261012441409
1.4442705103429589
0.7130147903145475
1.1951160522023887
1.4582978157798641
0.6444599755651997
1.0528467287659518
1.4610785170214100
1.3139965086341652
1.4805044087441344
1.1408810976551922
1.4142642140585620
1.3795053433173550
0.7162092887008824
1.4753167078793770
0.9363325352708675
1.1359251680258529
1.4356526192842274
1.1731189153407457
1.3933121506177213
1.4544617462412468
1.3544217117505510
0.6912170184307342
1.0756654815328994
1.1655998705392694
1.3078546154548996
1.3700295053113354
1.4346584120037604
1.0125167954841572
1.3743802044194844
1.1550412190873971
1.3107327970650302
1.3184318869349467
1.4355032644755870
1.2448873324001533
1.4495616722878748
1.2168149325707165
1.4040963002890625
1.0080472372717351
1.1919028200915536
1.4100681649856772
1.4456114517585110
1.1323688704216244
1.1289038735111623
0.9010209411624118
1.2508716298801488
1.1089328523729576
1.3158450664785601
1.4481252693081565
1.4478924946681653
1.4385924472367928
1.2513472127742267
1.1718005087615078
1.3226723297179055
0.9482326075316143
1.3056168227802805
1.4298394288716112
1.1426568841032385
1.4220923373491787
1.0140664859204584
0.8667687934161439
1.4657077524806768
1.4271327153295672
0.6966767872724018
0.9793092076970483
1.4481653202891587
1.2183578396512054
1.4346991985526225
1.4564303051170779
1.1982819856860161
1.4181573661785667
1.4283608185870822
1.2161172084072840
1.4672935166088530
0.3091894160865036
1.4315812296547776
0.3481400426944484
1.4416064908632622
1.3735691324857395
1.3914006338607876
1.4581630047852210
1.2338920473206916
1.3696988453232919
1.3583046423670300
1.4308144226031139
1.4587528477183915
0.5682935798172097
1.2445096020461615
1.0863289085218386
1.2365186481641659
1.3790717412490261
1.3328143169357527
1.0081196018618555
0.7385289123822093
1.1359273939623493
1.3857424843461204
1.2504391584259347
1.3213150737894641
1.4007670468973985
0.9600699256538038
1.0507049203156058
1.2789160492242952
1.2600275212447654
1.3830413907761896
1.3003577100177151
0.8139773480154402
1.3870987757494553
1.3952117193183424
1.1918297959461139
1.3410289923911127
1.3312271248106908
1.0173787297706318
1.2592922504367730
0.7155777506575628
1.3553403578756209
0.6479589327473433
1.4698470562657118
1.3157406352368997
1.4226806970056909
0.5754555892697844
1.2919853735248832
1.4497951717984843
0.9993958819988006
1.3555001125669486
1.0448151461214890
1.4706541266772872
1.4223073005465656
1.3823452509868703
1.3025843874357579
1.3942502347659866
1.3924867285960305
0.6410096797451224
1.2807742457899594
1.3610467375853563
1.4645519350122629
1.4674429375921521
1.3015766848901866
0.9999556257745550
1.3227809711232161
0.7989547155361493
0.8181307401170398
1.4233926663638179
0.8083665394492836
1.4270219759984284
1.3684718573738301
1.4664602219085774
1.2708911372792311
1.4067497492048349
1.0496857414962120
1.4553944934892531
1.2017765829406892
1.1332462365277158
1.4093698638670196
1.4241943019444621
1.3340964574373277
1.0934070405350571
0.5266478635521085
1.4167815647838766
1.3712046455190972
1.3792751215719048
1.4773678484419355
1.1220636725279283
1.1906333174669081
1.1544495374656281
0.7295404436723262
1.4319192114938386
1.1010397937556875
1.1508210958295728
1.4196678267376310
1.3591658207426263
1.4223334505193468
1.3131415619142339
1.3884886331394370
1.2282727143505952
0.6650465126663314
0.9884247045469794
0.9531150707610427
1.0408082142918966
0.9617406544143947
0.9799076875231442
1.3975749107232207
1.2296167268445599
1.4288672211328457
1.3222366434715276
1.3815449687365791
1.1813347872284354
0.5141499240017973
1.4630264969373084
1.2736489256083543
1.4270565645260460
1.4033885126165775
0.9423480822119722
1.2575662366167808
1.4525177626239496
1.4193685085379313
0.2950181988698374
1.3603483448341580
1.4038583423517978
0.9500693473291263
1.1075058361950016
1.1553540062481782
1.4757382252703026
0.6939348172465850
0.8309725290127579
0.9661017533134389
1.4091430005164234
1.3991205277292247
1.3518735200735077
1.0373075582615288
1.4124650200497015
1.2944770114934396
1.4748288014057334
1.3791760177949925
1.4653833118147599
1.0523188742453360
1.3656703650879933
1.4408511772987502
1.1667493806279776
1.4321385045833825
1.0216118562202405
0.9349390670074335
1.2232419707314079
1.4252441692987394
0.4347442261187255
1.4713221465375668
1.4665913677212805
0.3390138297184255
1.1125621868295614
1.1856078101094658
1.1466137466877069
1.4199926450355602
1.3896944836906053
0.7755911671676775
1.3737950800053602
1.1025650726344511
1.4147674720628636
1.3638970357647668
0.7479439255980416
0.7544526118575746
1.4607240409327131
1.3461135417447330
1.2345526874256900
1.4530168489726416
1.4158702648303301
1.3967243456470324
1.1442999032265386
1.3975692673919642
1.3873906875486723
1.0432038095512095
1.4218802778254094
1.4419661263302646
1.1260110190598442
1.4149824022092257
1.3600177863110872
0.5279295821020338
1.4075242070278100
1.4347506905957681
1.2564769484540488
1.3246310872035540
1.4407373147897897
1.4163442568984685
1.4426550894469552
1.2465032151761739
0.8130852746824019
1.1833113050004993
1.1568168703223207
1.3515175144857567
1.0158504584778785
1.4641053168796572
1.4497071292538448
1.3951279282360802
0.6991281941608871
1.3585604554340138
1.4145781327105134
0.5162421916102227
0.9169344060607578
1.4370872344351171
1.3279664700525917
1.0190358447504639
1.1346786485991758
1.3152272507395868
0.7926452205122579
0.8086446031585487
1.1854293889547656
1.4275112251691737
1.4601747907444240
1.3385144246411997
1.4448294088288205
1.3638835530616460
1.4682238912015693
1.4294832211404900
1.1404901838646684
0.9318482340821144
1.3496704803799813
1.2480488464203747
1.3838696293379293
1.3272911981339979
1.4562181396648810
0.5360793619298553
1.3368966790491588
1.2888982668106805
0.7627763586922356
1.3352475805258586
1.4559463628126730
1.3138223053478897
1.3450887783283734
0.5356243229162833
1.3873429407937856
1.3984232693821319
1.3333350741850523
0.6415903141594751
1.4336156982935653
1.3998289891250741
1.4788005369763042
1.4415179878054987
0.5211812166306827
1.1391025997562119
0.8311595253456617
1.0695108071226680
1.3773148465380394
1.3673842884236047
1.3492404398446591
1.0748354577213297
0.5718476533197639
1.4450234302642044
1.4420109929012199
0.9901530958251613
0.7139540557090872
1.1323822833708119
0.9696709959467850
0.9997614648890262
1.3513905051147175
1.2194539797740063
1.2847771864040265
1.3739908123073183
1.3157079686386566
1.2465665380928421
1.2325337908318645
0.7133045122090585
1.4417910105001654
1.0251205498590799
1.3988921674786750
0.5268576799719403
1.4580332952772956
0.7845657966592912
1.4271397481324850
1.2081233404493246
1.3324251103932043
1.2635695684962789
0.9703216892629750
1.3641154078406155
1.0278542895936214
1.4458924299750540
1.4168010454575586
1.4292945558854750
1.2841862104714792
1.0316274606297478
0.7520079919212771
0.7683918081061041
1.3127047006346291
1.3481299270392644
1.4246282783695312
1.2925249756934483
0.7493538572542749
1.2636795856684704
1.3990421388489525
1.3831480215314498
1.4398734535020654
1.2231217836640536
1.3996936218353575
1.1258111895678593
1.2976028815224925
0.9211007367485375
0.7882056953359778
1.4551467800323008
1.4266132062262888
1.1956766609876777
0.3872168228335345
1.4349201478963292
1.2312217539700447
1.1134501325056814
1.3195721717834101
1.2616088821309071
0.9932557320984483
0.9823105188207668
1.4745901723515404
1.3716007477145000
0.6860395530823858
0.2987488570854537
1.3019152348382426
1.3046447251884248
1.4249642295956282
1.4457250094082945
0.8533540713731321
1.3902504186821447
1.4304483277921711
1.4454137930749094
1.3694686273070014
1.3486412637553087
1.2905253720282397
1.3684897290887603
1.1323250797030346
1.3811306130251091
1.1001178377422172
1.1716527134965882
1.3870903072816692
1.4609415423514838
1.4596173270822712
1.4491402047373361
0.9133711478247279
0.8862974359463126
1.3237231320009586
1.1121429953268667
1.4168859834396281
1.1273716010169719
1.4140583094697001
1.2670765287583072
1.4054098254337590
1.1159748575589770
1.3773110893699050
1.0731976316933711
1.1220756551734936
0.5899450334662287
1.2238088935953577
1.1685944808907591
1.2911116378291569
0.2955144328884462
1.2666789034476111
1.4116941376626424
1.2502918966856942
1.4213679410463247
1.4023176387127179
1.2490690425577193
1.3530993360976908
1.2636408842303097
0.6606351102485366
1.3651122402866778
1.3952118572691288
0.6971121533534745
1.1714338454868858
0.6460865455721668
0.9153359587882031
0.3929044654310351
1.2676556156523950
0.7129259975924226
1.2878288644508100
0.7194065392463831
0.8796156403248723
1.2254951115595643
0.5363614096058700
1.3901823824023103
1.4021706123800728
1.0694026802787411
1.1883240426632797
1.3846075049350568
1.3853684767094721
1.1165827775315302
0.7017267420954624
1.4626204019810956
1.1147437075741082
1.4175744557473207
1.4486848508172108
0.9599336855925973
1.3698626174040049
1.1031420995355952
1.3910108486957931
1.1756759663108114
1.0466079318518793
1.2889068800428569
1.3897251380363949
1.4204844702181196
0.9241278246493555
1.3239899709354015
1.4493557255426204
1.2300957186569206
1.3792248690248488
1.3255089145127730
0.4544214180380747
1.3671642223411997
1.4583212332171196
1.4229388534815253
1.2890419346275386
1.4377593801503405
1.2665285830770689
1.3575038108750956
1.0208262077567993
1.2530702887124781
0.5524966563683584
1.3610814300401000
1.4425405250027572
1.3712755027597892
1.3826265092396857
1.3991027242510266
0.7677205279807036
1.3690466390205129
1.3485686047234631
0.5689051453327497
1.2770830239829707
1.3578046977271692
1.4424195391974650
0.8922466013200241
0.9295481268794729
1.4049413151823984
1.4544538554377640
1.2350844798927296
1.4284257830543601
1.4483042047494437
1.4095016726796552
1.1510044820484477
0.9518000017363774
1.4315709964222905
1.4587699546499306
1.1317565968373597
1.3973429164607367
0.9108325848417368
1.2483379228160187
1.3216193196215393
1.2306874697831540
1.3353765809941074
1.4424348736309367
0.9590651129423404
1.1887750949096381
0.9757520860959713
1.2748007565157453
0.8482147290560581
0.5646663238422528
1.4203978907316126
0.9737022048814473
0.7939094189166345
1.3644159308653951
1.2019007748269761
1.4451796864961999
1.4664175837535969
0.8245310300048128
1.3967971032479569
1.4709089308000074
1.3700796060380023
1.1655720516653563
1.4421955736270411
1.3040559017784543
1.1399207171757635
0.2953075333195666
1.4521774408693846
0.8143422464445770
1.4148807236688539
1.2906311971267337
1.0057631325195648
0.7086546944085587
0.4436027742316108
1.1309379085592590
1.1585030054804211
1.2176104795992015
0.9750623175794053
1.4052775292909685
1.3834951226589978
1.4324964277449743
1.4394504660115102
1.4326838174994891
1.2973609072311370
1.3532031910539157
1.3948355453580565
1.4126298210821662
1.4414187109125347
1.4361888489733741
0.9386795033814838
1.3711853143179786
1.3789555372287687
0.8849837869228776
0.7980183201038344
1.4058685521888064
1.4319524043858582
1.4689749343053478
1.0790465483790546
0.8995051953920601
1.3934410813731133
1.0534408060414107
1.3610151750330508
1.3406471677924425
1.0109791219523001
1.1656913773944246
1.2042575809606721
0.8984832339563830
0.2984217741687172
1.4559691230826981
1.0391510348432766
1.2790455255519633
1.4678703643603206
0.6425324137821700
1.3951933823054017
1.3700913962995194
1.3032146028112248
1.3932137499966741
1.4478214097740647
1.3350088498278521
