0.1086510870213639
-0.1516057958964262
-2.1257381943470275
-0.1835549315005397
-0.4440230562968182
-2.4915063919795686
-0.0500687195498913
-0.5057856874063623
0.1005359985470385
-0.9951095893307972
-0.8483084707555325
0.5357951809666005
-0.0484731018397068
-0.6809184658717685
-0.0924107850923089
0.0621168265598764
0.1154992475160151
-2.0605365588206208
-0.1449374081956882
-1.4972377023812780
-1.7863430063616874
-0.6341905728190745
-1.3257978661263026
0.2293106112189234
-1.4081193582536820
-1.2680529500635320
0.1978115496321025
0.4600235558026955
-1.0546370408677563
-0.6749748850773752
0.0441810568075792
0.1434486823492889
-2.4696256923333322
0.2634767654442894
-0.1920485564145173
-0.2022018526518587
-0.2647558066968643
-1.5591737254670015
-0.1369763668019587
0.2909666471902145
-0.4533503122142888
-1.7594422154158578
-0.1633703245948288
-0.1387928234772612
-0.0956202154691213
-1.0654084067445149
-0.6363819631698493
-0.4839917522275854
-0.6468955663535494
-0.1997718256813724
0.0935111781877014
-1.9249795256289339
0.1575952052834858
-0.5344339828535306
-0.4060234531477845
-0.5825596318455275
-1.5156636748072572
-0.4842803809617771
0.0042730871009117
-0.5863533136521754
0.1085531330078741
-0.1385355021815912
-1.0205513316479964
0.1279357878415338
-1.0660217796388203
-0.4710188098447734
0.1045588979267337
-0.3809258047286553
-1.7857208733888954
-0.5180049346389556
-1.7343529476568782
-1.2487120009345454
-1.7065096886992828
-0.5856160791316808
-0.4276334495647888
-0.4431542773063573
-0.5672245666175028
-0.1599116686077992
-0.0846267270005770
-0.8091867272951466
-0.1981777045229742
-0.1470487605546077
-1.5911983601067066
-1.0964766962599843
-1.4370567837190980
-1.2800981703399315
-1.0506205468566459
0.4166465553941698
-0.4960115087349601
-0.1560571889360759
-1.2190881882949334
0.2722883691608075
-1.0045625921148493
-0.3407915306387785
-0.1925626595254673
-0.7982513120308894
0.0959286384314918
-1.5677857944510090
-1.1284319360191906
0.2894012639439374
-0.9292522619929269
-0.9596710992491991
0.0841981771777758
-0.1900114160766906
-1.2321687946595681
-0.3310129238146987
-0.2568997403635704
-1.1093910934935474
0.1452744143637125
-1.9808168465159708
-0.3812185518501272
-0.5750568323180093
-0.3189398075128014
0.0210746339573897
0.3527754673514516
0.2351864777725398
-1.2658269078337174
-1.3613360156706837
-0.6196498277015753
0.4461799222617028
-0.5761723598175904
0.1506319732717343
-0.4785447413538638
-0.0369569564431277
-0.1704044393709430
-1.8975582762576535
-0.5621474648550311
0.0763045886720679
-0.1595748727768992
-0.2858261995190863
-0.1752026172688241
-0.4223567950508449
-0.2320803328793182
-1.2488906450390027
0.1534786565161925
-0.1447778345381616
-0.2899591596457401
-1.7869684642531660
-0.6592897615890841
-0.9269837742306829
-1.6830832450092064
-2.6970758473661260
-0.2710209057676868
-0.0021901348367550
-0.3918805204847639
-0.8909031140525948
-0.1079413073326028
-0.8146940489012432
0.0467557866814243
0.3514598928995786
-1.4810313403682278
-0.0177154356362503
-0.7486639708475121
-0.1652761871923447
-0.5525175699082264
-0.9668386893107784
-1.5203086350165871
-0.5822920333955134
-0.0833114578219527
-0.4146800862189770
0.0906821757922177
-2.9088304687765971
-2.0279956447863987
0.0059705254370551
-1.1183720612175347
0.1817731396848495
0.3520860895093200
-2.7528764006587947
0.1993131639998671
-1.1686949201410133
-1.4539598876392150
0.2001352795898258
-2.1560426253212439
-1.9069340494701570
0.0053196774528945
-1.5699782609463453
0.0131416351155224
-0.2349748156599691
-1.4478442066375119
-1.8460712345565173
-0.9009278142593805
-0.4633481523643371
-1.5099235662260020
-0.8353138859300574
-0.4040382026062265
-2.0220149450994165
-2.4229676064281058
-1.7150319053563838
0.0456233026697253
-0.5564109139685613
-0.0908707610458089
-0.4422912375226246
-0.3646237382658735
-0.3406481004567919
-0.9472702718032331
0.3136823491953606
-1.0844450506406544
-0.0900018523237033
-0.2456739687873530
-0.9490978642999984
-1.3103942147308292
-0.3465254098769123
-0.8310784543627078
-1.4484851872227684
-1.1817845414718964
-0.3168007758444116
-0.5589606670970191
0.0537771708696669
-0.7569210555208518
-0.2160649963851559
-1.4355653214980162
-1.0373078109966822
-0.0971542233132439
-0.7998270841500649
-0.1220021399483012
-0.4442187002326913
-0.2111349692853314
-0.1609063557330340
0.0071617173708383
-0.6936549927190647
-0.0066529964407145
-1.1629129291071092
-1.5279327382782955
-2.4019311062570727
-1.1410118283879742
-0.1917791615948710
0.0896334236298313
0.2440939220801384
-0.8314966357382153
-0.6956259029807231
-1.0462776395826354
0.2144182764588727
-0.8146306954261988
-1.6068723948508796
-0.5225401186819515
-1.6228261530988248
-0.1740349013149123
0.2250674067165302
-0.9242460019850302
0.0889541729508508
0.0856248111705586
-0.2414325804930260
-0.3722056656675727
-0.0764880471011316
0.0742821200106155
-1.4450105514932514
-0.9714966143719761
-0.7935280714778209
-0.9455862148659345
-0.3204178023508601
-0.6495737983135133
-0.0624895641799297
-1.0664932110531884
-0.5642415120915476
-0.1917393364060900
-0.2312437750039575
-2.1722572123652961
0.0000653510025064
0.0937668680894079
0.0854587649136283
-1.5366538819302658
-2.5636037133593206
-2.7076392724845952
-1.4908438062096456
-0.6203814223747067
-0.9213161649248918
-0.5018378336859621
-2.4946685890010802
-0.0243011993313155
-2.1528605955679025
0.0765573981822716
0.1745131111876813
-0.5019748317610262
-1.9489649774176088
-0.1513633478916512
-0.7509583154849991
-0.7381303985859734
-0.0361823608414833
-1.0875554776626317
-0.6104296786074292
0.0471960109479998
-0.2725427129023841
-1.0058570643689571
-1.2601806824274207
0.2907382555609978
-0.0528377125954647
-0.3577072879979770
-1.6666246437209491
0.2251234579204501
-1.5822897330022889
-0.7932210117497613
-0.2994820206395069
-0.1431774467508787
-1.1562707496769415
-1.3734990176133322
-0.0444520255201135
-0.6165378831290622
-0.0423117892366865
-0.7207029440144903
-1.8508135215019430
-0.0935873812959601
0.0895677575176588
-0.4959381702522377
-1.2398628328247223
-0.0494284473337449
-0.9918044539159302
-0.4985944925124022
-0.3309513357826265
-0.3862238065989703
0.0712998609432230
0.1984616890549482
-0.4662482996118816
-0.7336719931676658
-0.5720983116156160
-0.6907014298624778
-0.9237363165420909
0.1994675961201821
-1.8762448142748565
0.3926177591712042
-0.1381890672206620
-0.9394065563306849
-0.4919737212397002
-1.1234829494664154
-0.1481025908178452
0.0763029547266036
0.1096470149093833
0.1661918648148210
-1.8541598610677470
-0.2707923740420435
-0.4175253698120006
-2.1130785450467156
-1.8260513482798890
-0.7351037738297729
-1.1851606515030537
-0.4986239543368240
-0.2612002072110121
-0.0978138495277687
-0.8371494416456162
-0.8730965455959954
-0.5184928830384985
-1.1841682674656140
-0.6057767006764967
-0.1925718871172081
-1.0259219497122682
-2.2873905687774361
-0.3087668266154259
-0.2155180083281793
-0.0638632323707462
-0.8314243626019528
-0.0241136442539644
-0.1307045557135723
-0.0344367772737887
-0.5045431843801111
-0.6319658700924126
-0.7012653034636264
-0.6917061838401470
-0.1694214737663557
-1.7796887298879533
-0.6090701276875630
-0.8014720282780766
-0.3508757341177179
-1.5058384505913862
-0.5300621294788463
-2.6260931119031965
-0.4980111137575255
-1.2409343301393727
-1.1916861724956513
-1.5340420211120449
-0.0575705297644877
-1.6279957146260839
-0.9044335755982842
-1.0130727683265643
-0.9823947156078571
-0.3266880477754220
-0.1470665697541027
0.3299035904120912
-0.5664075137316248
-0.9891174380798664
0.0105865352109261
0.2359124612475676
-0.8325164594796478
-1.4595742406943755
-0.8784237626772970
-0.2717173575689453
-0.7261893177647427
-0.1695408611927017
-0.0742137140418721
-0.7506261641519284
-2.9725536326928887
-1.5468684355967399
-0.2855965900131221
0.1225350015913116
0.1739652393391457
-0.5953010740669320
-0.5997236135515509
-0.2907272911206097
0.5201335115090977
0.1524037180480144
-1.3034549840816201
0.0724739348467458
-0.2819959144916467
-0.0198584028523907
-1.7993146471931649
-0.3469651673828433
-3.4553061418670454
0.0809782694795879
-0.1317002178791602
-0.4354669097912655
-0.4255000364539848
-0.8887971848530904
-0.6038873077772022
-0.2600027805894594
-1.9380123646453691
-2.7723405381593609
-0.1266190369105124
-0.6836274616859573
-0.7837126236940279
-0.3374086248367128
-1.4723480385501191
-1.7582560542494934
-0.9469358734086576
-0.6311618990454638
-0.4531546664370331
-1.0432384994282577
-1.3567605022580798
-0.1434718091755313
-2.0768413734443389
0.2583509740533384
-0.1544845634098890
-2.0546008396430531
-0.1706408773355797
-1.2594834947408229
-0.7658030520412268
-1.3583691024242599
-0.0272464104016871
-0.3730514778348086
-0.0175493639317579
-0.4004335812313405
0.2336739096260746
0.0478747321729876
-0.2501550997044460
-0.6574813343609567
-0.0305722214865107
-1.5870510415382006
-0.2248016570702066
0.0150967672327188
-1.0070773229741510
-1.4775319010749355
-0.2422142580208357
-0.5134711371253750
-0.3854930897702251
-0.3003660350201545
-2.1488747795690477
0.2709006259230786
-0.9719022144767244
-0.8481369051836346
-1.7133371332613563
0.0908436736970792
0.1300059993744850
-0.9624932553646378
-0.9046698155195892
-0.4677137467982866
-1.7054896196856180
-0.1951406176395214
-0.4793549238342633
-0.1008120401626306
-0.8562280172279590
-0.8387379758872611
-0.0790203394863018
-0.0862959927385385
0.0170016564239298
-0.3051956223285996
-0.0447021249431125
-0.4730231527589719
0.0266606825405860
-1.5135828795289143
-0.0878715759891629
0.0527766614173285
-0.3209468347571766
-0.5434068994571354
-1.1912043587651262
-0.3875618065408915
-0.6363519990949088
-0.2859228936099075
-0.5289189327219800
-1.1924746676722653
-0.3593123911145950
0.0429556554551505
-1.5502531564423729
-1.4909511542212284
-1.4440245904212223
-0.3224637695934214
-0.2301015486499361
-0.5281407664121179
-0.8223149621629049
0.1194816427379187
-0.5421503617582338
-1.5103515928201248
-0.0347136488835076
0.0011507565174105
-1.5834082394769216
-0.0782940551286769
0.0515455487910714
-0.2286079384720707
-1.5175953287278592
-0.5135437545145596
-1.1476694484146017
-0.9369697795683140
-0.0948728036616136
-0.2338862359591294
-0.6550481574566740
-1.6816583764378996
-1.1298551494496307
-0.2194430060879025
-0.0020088813211917
-1.0092503208079620
-0.1933435739572610
-0.8992915580238462
-1.5128985401308992
-1.5901028113376161
-0.1888265298165391
-0.3143309722400054
-0.0586090669508238
-0.6980814556857927
-1.0241141213328200
0.0591244630344124
-0.2863340246847043
-0.7144470373919433
-0.4592907938997636
-0.7883178206694698
0.1464489670627624
-0.1004393502016751
-1.9954235584354643
-0.7100900736867258
-1.0083547488328892
-0.3564921733555946
0.1323469503789082
-2.4574348936326635
-1.3020723056908021
-0.2961517812080184
0.2584782645284752
-0.2391552866176600
0.1821374252162094
0.1428521824858854
-1.1263591205371331
-1.1500937011279615
-1.1556882520832910
-0.9195337276327554
0.0648577706284514
0.3964098985244212
-0.4084891486745007
-0.7900413184477916
-0.6414562444577967
-0.8413584691712346
-0.1434385537604384
-0.4749273617487988
-0.5861415176387974
-1.2348962213321624
-0.3223623135070541
-0.7218299859282976
-0.5761581970268833
-0.3592553206759944
0.0378557708997035
-0.2228790773177232
-0.4621470061977364
-0.1936010341045410
-0.7239013723214117
0.2560947858090336
0.0795692648690080
-0.8022559572685716
-0.6314954300576673
-0.1995139221546891
-0.9565626341296801
-1.8382159005918846
-1.4756224866643881
0.0675173948322125
0.3708163649856622
-0.5961295949594141
-3.0863863785088621
-0.6399878444216962
-0.5950285839621288
-1.5161676643904711
-0.2273506805402710
-0.2833153783298138
-0.4881903337527154
-1.5996756102974157
-0.3880620083845892
-0.4119659108087030
-0.3018965780998223
-0.1010464722457603
-0.2761327799963241
0.0817043149827146
-1.0524903283687705
-0.9485199598900713
0.1300882458732899
0.2247216308215144
-0.7725689921231194
-1.1675317813446537
-0.2909870245330675
-1.1337499269467497
-0.1036059721495344
0.2025898236105606
-0.3864334308374336
0.1037527280485562
0.0013415112147997
-1.2792166907992124
0.0255322502397393
0.2039603567332581
-0.4917477520218401
-1.5646350402215989
-0.2193813211568515
-0.0736345951646374
0.3066907441863139
-0.1622091150425543
-0.9190322647313355
0.3229707342446117
-2.2993110398722667
-0.1604891679397755
-0.8179443446362682
-0.6775538861932657
-1.4392029869415317
-1.3103888197355587
0.0628869617681718
-0.3281055765931060
-0.5478118962512780
-0.9061888066282766
-0.4018561733238141
-2.1991685466572166
-0.9252365750346075
-0.0632544309897823
-0.6751927861652938
-0.5963613525846562
0.1644488548346396
-2.6550755165120923
0.0574094537451801
-0.2755322759659722
-1.9554409426599562
0.1182196035543010
0.0439965667234313
-1.2596490684553443
-0.0073530531350066
-0.3060589494557414
-0.9047662676919956
-1.1108727378606384
-0.6971231456980843
-0.4623547734569640
-0.6605149100418376
-0.1558713591666934
-0.9457642610270565
-0.6076684877839793
-1.1130479516892313
0.2665256667540163
0.2198902181504268
-0.1589206974993997
-0.5767076566769138
-0.1578328125445148
-0.4872384889978794
-1.7939834417735920
-0.4383638494353528
-1.0979677614528509
-0.1534018163760104
0.0799483722051154
-1.7308876008203382
0.0332684454890909
-1.5520468770893641
-0.4691880748400706
-1.2389652330129661
0.0317301532518976
-1.2526301965387148
-2.8812560914907963
-1.3565367585600205
-0.1899248418678348
0.2418154118587364
-1.0713269625796715
-0.7755815150719008
-2.6140929536817503
-1.2467523953026172
-0.6142585887316042
0.1917916086669406
-0.0250644222109548
0.0694320408645394
-0.1275582722515231
-0.7659478642086605
-0.5304453190289852
-0.1157195008998912
0.2675104044126254
0.0377713701303893
-0.6145797031196794
0.0678600170107067
-1.5988620225167427
-0.7960318204540027
-0.1037739183809102
-0.3205377131389000
-1.7022445885707063
-0.5162479847581052
0.3521472806747314
-1.6122171170009276
-0.2099447502171702
-2.1660363653268604
-0.2775098815574863
-1.2061104616476073
-2.1230961653823837
0.2267448398423849
-0.2429691577539395
-0.5162097358407475
-0.0474103613978941
0.0981819578666319
0.1712031166159802
-0.3048047067685601
-0.2003587234549436
-1.1551147449953318
-1.1033815802231619
-0.5212718539872347
-0.3154061937014757
-0.9224207881763818
-0.6510519331301718
-0.5710347749275234
0.2924192298902189
-0.8760638983517621
-0.0344504117429060
-0.1176396935335167
-1.2103839257022069
-1.9145857018250507
-0.6751950309469750
0.2005865008421696
-1.9951945485722669
-0.9805813278768886
-0.0035829457220187
-0.3825767007300847
-2.8199513451724512
-0.6723491762654565
-0.4701987846248232
0.2882711999955718
-1.3907052423030839
-0.3504245038526752
-0.1748435494695676
-0.9930653230620234
0.1819466994902692
-0.0648622745893325
-0.0101523618616701
-0.7986815227636296
-0.1474434194671788
-1.0880176745130992
-0.8829756260266372
-0.0998363781777000
0.1919378915476664
-0.6082425038643284
-0.0253467989323816
-0.2622986657162878
-1.0889929558491707
-0.8865357703899321
0.2217035387465970
-0.6267080163518104
-1.4523510639566350
-0.4812210048349314
-0.0255588030582990
-0.7008751166059128
0.1717813117184304
0.2192310995999435
-0.6801151641920562
-0.6524883513742932
-0.1944445207557989
-1.4453089917050603
0.0108579758459423
-2.1564066629942689
-0.2584332495861796
-0.0941099029793037
-0.2509046744091953
-0.4268060558691614
0.1925594431870822
0.1912585584860560
-1.9598791937540054
-0.7474598424216553
-1.2483052358944522
0.0880093171988277
-0.6375223102270217
-0.3687854942010036
-0.8192260918100432
-1.6701133155530461
-0.5229371573153886
0.1326001364607293
0.3131364588329882
0.0646047368983329
-0.6577723616951567
0.0305135537353679
-0.6016454614083320
-0.7016517250061860
-0.3247170212225934
-0.0247562085632227
-0.6590060191778904
-0.3114538963833198
-0.5018394158121926
-0.7337246391273041
-0.8362295742021949
-0.6630998659949866
0.1128876531592854
-0.6227594396521730
-0.6740643101585296
-0.2030669329686460
-0.7019016000336419
-0.0616131146989806
0.0154032035419429
-0.8311918468651336
-0.3559920688971974
0.1452565268646361
-0.5322810071958004
-0.6161569899699944
-0.3944411825022706
-1.3219469319227757
0.3709699275518084
-1.3079320172555298
-1.5151859885476477
0.0987787510008614
-0.1747781018933608
-1.1537555832971136
-1.1568931162956233
-0.6906671858740637
-0.3306211325097931
-0.2949083995496637
-0.1970753005390837
0.1642733331606174
-0.5612425264256649
-1.6821791225180034
-0.1342314981498027
-0.6974890117424820
-0.7138501810955484
-0.8413728383752554
-1.5387093550287783
-0.7872179301418717
-0.4073214455349394
-1.6439803168770180
0.0079110748421888
-0.0982183884514924
-0.5665516634123545
-0.2639032190315149
-0.4289488439388804
-1.1297745066426759
0.1380653195205100
-0.6175176872472156
0.2538526421686492
-0.0932591585880902
-0.7963785754958059
0.3777187690146100
-1.2032932639673315
-0.5670822560931476
0.3042624192355225
-0.3687118163116740
-0.3127939316785699
-1.8636361674043200
-0.0424776199110181
-0.0383825944045100
-0.1554707646746481
-0.1071690878516988
-0.3316672603456549
-0.0752430845930556
-0.8577980846800581
-1.7680324673769579
-0.2752212986928875
-1.9232653395160388
-0.7793375187669020
-0.4575850396846159
-0.7618421373744315
-0.8896363749124604
-0.9658741785598969
-1.2242521358673448
-0.1592409204248557
-1.5791864892648890
0.2685878898017006
-0.3356832639955294
-0.1558366941135172
-1.7674073288793797
-2.0853816166988524
-0.5197805841187796
-1.0629052307330484
0.0489562341906798
-0.8865826227148461
-1.7983171030592235
-0.5282785638465298
-1.6815422518937886
-0.5642185149124885
0.1727199217165980
-0.4288903346231437
-0.1582335592249507
0.3652930386207747
-0.5775750064430580
-1.8334150703137910
-0.3895452270126561
-0.3473886729615254
0.2097618135720395
-0.9788861438533296
-0.3345977735170690
-0.2216597316886775
-1.5702918103936812
-0.0878156731573232
0.0907625423600862
-1.2365106652233511
-0.0523776315779098
-0.1069388550181647
-0.2396156877376029
0.3106061292955190
-0.4526380496785161
-0.7349209845977235
-0.2328753587421706
-0.3559297487121721
0.2230105032931567
-0.1070250335758189
0.0808783192178642
-0.7250233773953855
-1.0406385987354301
-0.3406963988153568
-0.3512679550785573
-1.3995388908574871
-0.0513870548417932
-2.6921302504194764
-0.8194705148100278
0.0254755613050087
-0.1656186747131660
-0.7043306058672562
0.1860128158147033
-1.1107237461239994
-0.4761868349739877
0.0507928202474288
0.1225413467882939
0.0045839006279173
-0.0628899499760848
0.0883867106519969
-0.6896041490453320
-0.4160621569696660
-0.6541846067953597
-0.5967826840927623
-1.1692093931993965
-1.4934877830418760
-0.2160657683539511
-0.0134362196007920
0.1465733175076805
-1.6463282251788069
0.2843836474456797
0.3697596950920370
-1.0807285433829315
-0.9594821096052275
0.0092585484745722
-0.3665262848132994
-0.4194439147618110
-1.4538111860102019
0.4163710927534411
-0.0891753946702222
-0.5778120935484298
0.3160506853849995
-1.9118360808535770
-1.1488511863818007
-0.2481987342821960
-0.0371900352608324
-1.2619565158280821
0.2692565128573849
-0.0951927426013877
0.0862154572327143
-0.0604419734708488
-0.5114461088211933
-0.9297360393129217
-0.3269766660823978
-0.4795847972760760
-0.6434173781203416
-0.7096120588837260
0.4816556204952442
0.2131669334032050
-1.7647585767403591
-2.4858367372063994
-0.3762387288925397
-0.8522218706981727
-0.2812968008828126
0.0812967964141873
-0.0424152723357493
-1.9410072440637061
-0.7663175326603788
-0.9045247224637353
-0.0708105759553238
-2.1309110328174534
-1.5134364080120108
-0.4301455886348279
-0.3473743254497710
-0.0972884101431104
0.0607515498586802
-0.4838666621367653
0.2945624737317835
0.4494307775109717
-0.1337187419021201
-1.0678119209215704
0.3740836162452609
0.1605725513363363
-0.5499609933602454
-0.2542936733676933
-1.4241635439817537
-1.3299555550467932
-0.9566227472655526
0.2522724123064371
0.1634656240002551
0.0339338029796202
0.0445654040177299
-0.6380077134946760
-0.0494432005648286
