-0.9989513837278479
-0.6235355444696652
-0.7865246422360513
-0.2708706699971724
-0.6303469172713181
-0.7332291563410989
-0.5277530547275737
-0.7774215241751640
-0.4287041164908068
-0.6356997022632054
-0.1746475642744595
-0.9430994973498338
-0.9499401993072085
-0.8548828655887476
0.6181898769777281
-1.2032177531321968
-0.0808827040488534
-0.9082291456752840
-1.2444733264208321
-0.2642223367903683
-0.3670511017310634
-0.7550671026339704
-0.6308525340013725
-0.1480396754330760
0.0329931826305603
0.3055986699070286
-0.3487443518239639
-1.7401280383146474
0.1577983846704092
-1.5807970470462160
-0.7315411957235294
-1.1006364865335603
0.4698195611325366
-0.5942787602821629
-0.1843651464312799
0.0716056296469917
-1.4810928243132315
-0.2037090685698724
-0.9129664745987091
-0.8144818926517466
-1.2114196680783387
-0.9865302546991456
-1.5733439875051107
-1.9699046302156424
0.0148896847923028
-2.5749766172479851
0.0512840856377829
-1.1768446272707656
-0.4373202019405527
0.3310102021701817
-0.7358615785867534
-1.5077309249326174
-0.0719058766007973
-0.4975993280657587
-2.1246316818166275
-0.4965379507646390
-0.5851865265598616
-1.3563300359146921
-1.9719199630012800
-0.4175788981631878
-0.6071517232935204
-0.1113713145780642
-0.3900492876334432
-0.6621293973715037
0.0819583913047220
-1.2826878957916059
-0.8939229991836354
-2.1299967187441204
-1.3648368580764738
-0.6689930534185214
-1.1831074763185658
-1.0488985607758314
-0.4663782617419283
-0.9771864102888616
-1.6081740423851820
-0.7904432266582023
-0.4981434959174368
-0.7300208209281301
0.0345841183340197
-1.5524132565709783
-2.5007613511171010
-0.4197827458847558
0.1811116918748783
-1.2826098952946514
0.1904700746194718
0.1595908004834743
-1.6377801606673854
-1.1095238447799987
-0.6060247977822538
-0.9870728687803985
-2.5861080213939949
-0.0329875103551064
-1.1704197432726875
-0.9500002333552600
-0.1488326859968400
-2.1724847544621748
-0.4023028336199680
0.0851683337614420
-1.4246617950332643
-0.4655118354273430
-0.0382879115210547
-0.1382648250869661
-0.4155391156014809
-0.9111802825579182
-1.3075361965373247
-1.1171150789372333
-1.5021065188411242
-0.4318744085432937
-0.4255647004623252
0.1588886264845771
-2.4592470780156290
0.2044680623193545
-0.7046242404772234
-0.5781462825100923
-0.8358967746464618
-0.1622838218094458
-0.6849433262772071
-0.4244955989824016
-1.3883299364651844
-0.6993175832046123
-0.7577411886451467
-0.9822651943768463
-1.0491378077773539
-0.8271100709155469
0.0597591224527897
-0.1494409828837640
0.0728831489233780
0.0068899998638494
-0.6765806808498630
-0.7726011946886083
-0.6199826241098986
0.0447502522504127
0.1254137539419920
-0.3666194436495071
0.2552588296978180
-0.1010151239782815
-0.4706831857505908
0.0217453037538130
0.3933058134560673
-1.5551855301703501
-0.5120676961068998
-0.8822127034483335
-0.2504266544479282
0.0055700091581567
-0.1413183177860853
-0.7732273807457565
-0.2200517613732516
-1.1068991727315582
-1.1253371471806386
-0.6407097192121365
-2.5888702034411324
-0.9362046649107725
-1.1403445355143429
-0.5700773749540943
1.1519942601342366
-1.0548305006715135
-0.2511755118177771
-1.9815969336384245
0.0397196958925871
0.5251692480798309
-2.1238876469118528
-1.0275477847539942
-0.3457496165346108
0.0518374544334827
-0.1504984136111694
-2.9645672508886829
-1.0240318502584240
-1.5284451432036896
-0.0811596225059972
-1.5445220193158338
-1.3602367764055299
-1.0320825788998784
-1.1934176154741203
-0.7132617696066720
-0.6166065383375532
0.2799219067767731
-0.0183703254000413
-0.6908006203866671
-0.8050074145686534
0.1801783006325939
0.0210179103362171
0.0431455721837368
-0.7424744590407306
-1.0971290823452868
-0.1713322316337735
-0.4381172252459748
-0.5462164305251127
-0.1782810649242034
-0.4358773888132517
-1.2800066681249200
-0.7913493212739499
-0.6746209768705297
-0.8695607807646016
-0.4970780285776777
-0.9676916743771591
-0.6707119109587303
-0.2518808241277756
-0.3774912581716761
-1.8042482479689066
-0.0821614371292885
-1.7635470525523227
-0.2902875385816084
-0.9852070249511454
-0.6759830598656920
-0.1704481999146646
-0.3602067483267036
-2.2604671121997844
-0.1942240183731240
-0.1652659409083071
-0.9366413112326085
-0.0992977457465664
0.4032677940122447
-1.0079524708305017
0.0733694425214348
-0.9791642867643987
-1.5568352863492656
-1.8538150435834888
-1.2554403692218781
-2.1614355159771090
-0.1158312758079416
-0.8119288445229471
-1.2105482626374706
0.0819931103785520
-0.0795517962904281
-1.3086701184726566
0.0902346056933322
-0.7283176354730606
-0.3006908460870003
-0.6525686549049728
-0.7549205493891987
-0.1782564003872751
-0.6635855243990940
-0.0021453735497954
-1.6505385992256008
0.0159717174533617
-1.5878819787656606
-0.9448541946231401
0.4770112154938078
0.3829832190013457
-1.6071787703444707
-2.0948946907877466
0.0015055449322664
-0.6140861444383138
-0.1907340158606320
-0.3903842712525505
-0.5218307750936478
-2.3897503894195387
-1.7486174380753696
-0.7827931579027220
-1.1171008089379473
-0.1421888705205560
-0.7002019824990667
-1.4880450880271687
-0.9298018515181227
-0.2085711499668592
-0.0565505912927197
-0.9620025986748107
-1.3518702157176852
-2.0641204224632079
-0.7365458139718750
-1.6362555282754006
-0.2722980126471828
-0.9463304038726157
-0.3321889380492480
-0.9046537671988496
-2.3611460692217028
-1.7922191517866362
-0.1319869167944692
-1.2144574168475912
-0.0787256180083215
-1.3855113159022079
-0.3447972032370868
-1.2299909311847093
-0.7536213274409819
-1.0099900990988055
-0.8159980680834851
-1.7668903780042631
-0.3387487728807241
0.2221091212484184
-1.6211736442639928
-0.6663064769612395
-2.0329951696910871
-0.6573136007615626
-0.6116571639484170
-0.0604855055292373
-0.2114702645983552
0.4480164794040970
-0.1366313886785671
-1.0431124120731583
-0.3757455882215268
0.6620360994788811
-1.0729076517652383
-1.1673037948065694
-0.8936367725951240
0.0127436995827066
-0.3843507997695352
-1.1904284678210069
-0.0466945865131489
-0.1082561943474423
-0.1593489040554933
-1.1786521215531125
0.1353227495563059
-0.4519682161888131
-0.3447666753002585
-0.2529910978624206
-0.9814905735896003
-1.9166471645076126
-0.8011052281207469
-2.1717890002573381
-0.6161830381858403
-1.2235301532887393
0.1567053035824815
-0.8235856333267739
0.6621308763670719
-1.0277302784721385
0.0478041275983295
-1.1203639604643829
-2.2852387258970519
-1.0916988220982109
-0.3982781855399610
0.3987173318582502
-0.9721485015534463
-0.0351469271248670
0.2325079797069593
-1.2309352874501871
-0.5135051136431407
0.1279781506867567
-0.6692446248987892
0.4803672504589244
-0.3415823439071036
-0.0965152499288581
0.0340175295488143
-1.1412279350960914
-1.1231740057212534
-1.3520758381258029
-0.1198093709464447
-0.6645464405317948
0.1460605178528630
-1.0255236627883788
-0.0420372141675920
-0.8394800905518670
-0.2125709636986705
-2.0070428578951387
-1.2722327648637932
-1.8196745941991561
-0.1935070360302759
0.1349671754108533
0.1858947138456150
-0.5090296908206127
-1.7118903253462574
-0.5706976733331741
0.0635721563040287
-0.8609527411304727
-0.3210835579169083
-0.5306202421059348
-0.5576632109366026
-1.9911602065835681
-1.1254247948955729
-0.3822261260626972
-1.9467433892417447
-0.8693092415342100
-0.4750974587979970
-0.5274691167606256
-0.1339703339998920
0.2365116431215164
-0.7870045402483025
-1.5415736671040414
-0.9401995411305408
-1.0278477891329956
-2.2474731301159925
-0.7896892041419249
-0.2620907850837668
-1.6122012258598790
-0.6444601686307391
0.6571954078001707
-0.7923907961219064
-0.3687342972124633
-0.2309039229685256
-2.3552648247346522
-0.2200176809614088
-0.9987586375524816
-0.2922365879264137
0.0459895912194077
-2.7813875467977822
-0.8800989164600977
-1.9131806967581564
0.0791505226819657
-0.2743008417491650
0.2931819824061014
-0.0682617346925833
-0.4223070753124948
-1.4877637958895980
-1.4836820167168341
-0.5350714229568780
0.2732657992867026
-0.4416368062590807
-1.5088004458046966
0.0171975892248536
-0.1359788536368108
-1.0771076591050353
-0.1518265741613471
-0.2456264754842817
-1.1231882375707729
-1.2578045761592913
-0.3931108387973358
-0.2359523900453486
-0.7471255377377479
-0.1042423549917911
-0.3211086086344223
-0.4489711509498736
-0.7120680780617263
-0.0092314090881100
-1.9910438229817424
-0.7198511985375091
-0.2802741221183642
0.0493042174798100
-0.3914916241046174
-2.0827334334203358
-0.6562192325419343
-0.5068460133385093
0.0109601428113157
-2.6285671997190736
-1.1186919373400781
-0.3931356435241463
-0.7739860461177112
-2.5002994699034664
-0.7725824615532512
-0.4194037789021651
0.1133215311722626
-1.3217517897778464
-0.8734913178638273
-0.4409411575751488
-1.5811992870271188
-1.5536678971113895
-1.1676911937565215
0.0713176136551181
-0.6139534099679561
0.3526491072956296
-2.0752422740411034
-1.9133044916057038
-1.1617513006439057
-1.1790613018251770
-0.6420773696552629
-0.6634999994022426
-1.0810991595153638
-0.7057348851761822
-0.0577981005929623
-0.5830653438877074
-1.1701432175377033
0.1101957634007003
-0.5339538239376617
-0.6718562058775053
-0.1768528392288155
-0.5370737153983817
-0.5022056961663105
-0.3022617577548798
-0.0177461767675336
-0.5200062659745307
-0.6612272117409438
-1.1502999381584447
-0.3856131399433075
-1.2706412118439183
0.0607492010295898
0.5906373199499895
-0.6331747114495375
-0.7679153310158645
-0.2641235367619831
-0.6854594771768688
-0.3717160691838845
-0.2141047264806886
-0.6587017837903503
-1.1449774561214181
-0.7451274962947384
-0.1630488358178106
0.0071061698761412
-0.0769878183371257
-0.4696587205388390
-1.4402636144949539
-1.8015421495434529
-0.0872832701825296
-0.6757149847559055
-1.1426220680741621
-0.9609878816096189
-0.6259489826666647
-0.3813967961842978
-0.6480941246743408
-0.0144599815752324
-2.1941349348878503
-0.2490331598738367
-1.1163402768044861
0.2142893115368004
-1.9764221497485606
-0.2631168578088062
-1.3916898550047092
-0.8117515642195245
-1.0234282799598644
-1.1973077732581439
-0.3957296428129714
-2.1086526446118454
-0.6093101836105163
0.0318799745100476
-1.5826327894390624
-0.3213130521527482
-0.2057733479377898
-0.4990826336975191
-1.7739032228341205
-0.9789462518481826
0.2660705228017671
-0.8670828334418595
-0.5973092022602435
-0.6277388563958969
-0.1850465182396424
-2.3206687657923544
-0.6003415055536861
-0.1853202783263737
0.4157679496765749
-0.5537406613557602
-0.3810178416408448
-0.9098849288392593
-1.1478061455708781
-0.4030156498688554
-0.6901703884158668
-0.2996456098986957
-1.2291802954494848
-0.3850931769616836
-0.1249484652660940
0.2851081677442496
0.2325722565119485
0.2406688901254150
-0.0954928131442959
-0.1673294957663218
-2.6147827444565634
-0.7265318096048425
0.1537088188720259
-0.6884319963830972
-1.2266154620457623
-1.3435390044522950
-0.9332596290317505
-1.2959551711026487
0.3855653779551546
-1.6065243429260148
-1.7301984053302029
-1.6875230968959358
-0.9136524154200454
-1.2651216737122040
-0.8896110949938492
-0.7263980452934847
-1.3821793523034884
-1.7552058588695694
-0.4008104982762216
-1.0919773121194638
-0.6421228149893295
-0.8137889212725503
-0.9958572158621576
-0.6390105106565078
-1.5337034433366694
-0.6604826227472247
-0.2102820877106715
-2.9003343639647592
-0.1099733571576309
-0.0760205754566091
-0.6073414146354321
-0.6843028684650206
-1.3334489020328131
-0.1664761379038003
0.0865162862652692
-0.4015273297244334
-0.3817460266966028
-2.4346663824914696
-2.4858501177274173
-0.4239834093493662
-0.6296606475753020
-1.5192741902658173
-0.4009080116608956
-0.8353379342148972
-1.2383652950122757
-0.8702794096068293
-1.5454100236553037
0.1711086199110201
-0.9263355551306532
-0.9428863891601704
-0.4177098840015393
-0.3949764103915562
-0.6953597739011378
0.1264680977290628
-1.2749663634657433
-2.3089642109635165
-0.4748157335711936
-0.0826846290188970
-1.7638403313106701
-0.7623400497447935
-1.1608182552021655
-0.1559650669540640
-0.6149555967404060
-0.8722230321519817
-1.5607721108217119
-0.6452798255912968
-0.5040251659022200
-0.2475905244311968
-0.9725429228974286
-0.8434771760863164
-0.6840587445278644
-0.8631212252876638
-0.9926939427642708
-0.2702452414224016
-0.3889463210317797
-2.1046732795000680
-0.6951920209652409
0.1309243690447123
-2.1476996162143136
-0.9473717329044832
0.3890964880014787
-0.4291657296914749
-0.3555838183087421
-1.3382231311973241
-0.9282885577282487
-0.8608614658377551
-0.3934817819157278
-1.7255415849627522
-1.9272777031031580
-0.7442636854498584
-1.2470033414925290
0.1191662523711750
-1.0438099420227125
-0.1332406292949501
-0.1323367585066343
-0.4148328503955354
-0.4139678249674091
-0.7332260894589151
0.1611078050898467
0.2234907334994541
-0.8699651640209902
0.0219687516364319
-0.8080815617650925
-0.4422052713716270
-0.1464494033809480
-1.3662378342587025
-0.1631121524036441
0.1713687936155296
-0.9442700726041178
-0.2825158717607601
-0.3759630314574655
-0.6485244960763888
-1.0323081253200894
-1.3627245269776787
0.1723749136267456
-0.4087912916550226
0.1141163677547461
-1.8806072602710291
-0.9640908057031777
-0.4181511860702266
-1.6137784422879584
-0.8193156941497167
-0.1982975239347840
-0.2807647512054592
-1.5240761666223481
0.0473104487540110
-0.9955529608439445
-0.9263023423541619
-1.5545713820567599
-0.9054613445366486
-0.6462231480570235
-0.7189067141701325
-0.2404259764031959
-0.1367809532471014
-0.0620239119641312
-0.6829585233823495
-1.1705749697232286
-0.0176714562292407
-1.4772462431378834
-0.0504090685613234
-0.3887596418849123
-1.6386824246863847
-1.9882639871319028
-0.2068764892309527
-1.3420146668590480
-0.5525219801662452
-1.1276097808457350
-1.6397468187976170
-1.7096868737630218
0.2114482866913666
-0.1908238824523406
-0.0358004637948031
-1.3006148680923133
-1.0990905292090607
-0.2552787263510042
0.0416776626931885
-0.1833563153780279
-0.4261308391997125
-1.3684571917304362
-1.4273550663906411
-1.3475402471703828
-0.5167625588686452
-0.7325434446626767
0.6923923068407792
-1.5438886298165324
-0.5127820901979252
-0.5672114621431257
-2.2293328458722459
-0.5686864035585112
-1.2902333797828831
-1.1033509625932119
-0.4225005543992952
0.1011209552749063
-1.0858747749573914
-0.1254162664861637
-0.1805298449082939
-0.4531825553963025
-0.0645385750930269
-0.6380745472281670
-1.9130665252110812
-0.2921409417253512
-0.4127700838337451
-0.2003903215041926
-1.1574585242605766
0.1404754950742105
0.1598765399260680
0.8239114677264913
0.0865576665328551
-0.0492317792626921
-0.8237160159412662
-0.1855218800584183
-0.0269077482508694
-0.9530713396678508
0.7946485607431225
-1.1103506063782671
-1.2297264591827701
-1.3463283486797610
-0.5232469639352851
-1.1984178687620048
-1.4628586859238544
-2.0612618644765797
-0.8053011416988988
-1.0286860821987509
-0.6448550969331117
-0.8059972865343052
-0.6509090134237389
0.2779271257085215
-0.8720302417212291
-1.1825713854846169
-0.8187699428225744
-0.8622491189558584
-0.6229626444607782
0.1548487846425067
0.4409485128996435
-0.7648903320828417
-1.3175514034685758
-0.0606302140722178
-1.1562158608080038
-1.3127842953577937
-0.6122888200252519
-0.6345160698868821
-1.0948431616274266
-0.3477065726837051
-0.8916740375695712
-0.7527028901081813
-0.9437766199092494
-0.5151434469337820
-1.1049370914312950
-0.2730729871699665
-0.7023550784876075
-0.2256137063851555
-0.4336301233883882
-2.2057169395713614
-1.0872866278452060
-1.4366672999106109
-1.9163988420290901
-0.6565616544943733
-1.0596012895251816
-1.4482943379424762
0.1044099278162275
-0.4091689575783861
-2.0224000149244676
-2.5439046316769338
-2.0133164916259365
-1.4832193075838593
-0.4573729515399796
-0.2127888158305990
-0.8274567987417130
-0.9176206206527425
-1.1331300565250153
-2.2146854158477125
-2.1395206355910599
-0.4862199512351129
-0.5455594605492878
0.4438697390668405
-1.4283983199433192
-0.5502723741235674
-0.7736319853143794
0.1621144913021883
-1.4140702300877726
-1.7643225472672144
-0.6219248259330957
0.0138089896792296
-1.2632974882410797
0.5726817296715807
-0.5235317800514102
-1.7637103488492276
0.1122280271220496
-1.3937004497734269
-0.2855727932620662
-1.0809290287913125
-1.2275162040359200
0.3168761430240714
-1.5048412626805994
-0.9305781234518409
-1.5332517737098714
-0.3369025215890714
0.3611698923613312
-0.3819643631151893
-0.9308147821141642
-0.6109830787107200
-0.7233829769366482
-0.8961287622731353
-0.4255838980613621
-1.3535454348545370
-1.9474151178576087
-0.5462191945637410
-0.4937395294303706
-0.1552019607301158
-2.1727666602282651
0.1892691306024047
-0.8899354672735756
-0.1815778998552138
-1.5112015583705145
-1.2309960211701496
-0.9423658213461935
-0.2518770448916821
-0.0763883710949353
-0.4658336937207370
0.3216321423270262
-0.9148033318934329
-0.0974969449771193
-1.2765348372322387
-0.6932765564139093
0.0247908251889607
0.5421839260418903
0.2947617517376854
-0.6664990022112018
-1.2688438214290814
0.3091987175150558
-1.4577585007474287
-1.8042156680951795
-1.7038335332640673
-0.1342933140457335
0.1830183017377125
-0.4501115752338245
-0.4272639943462140
-0.4514344356050304
-1.4922400240750806
-1.5342369904315007
-0.1803360266469828
-1.1088873469051015
-0.7781062016127771
-0.5757246584702940
-0.8561565614273074
-0.5397032542429493
-0.1549691898619343
-0.9947754878071348
0.1181380679588050
-1.4061402056988499
-0.9250545920244738
-0.3901543475858311
-0.4647882880044934
-0.2145957613004605
-0.5089831955264691
-2.8315719760419369
-0.1263670031067666
-1.1219063049208222
-0.7053725466262695
-2.4348031537948729
-0.2197918732077926
0.3254293016225630
-0.7226641944265185
-0.2445694849167023
-0.7839931821546963
0.5752376942153123
-0.0027588817227375
-1.4362803168434768
0.1490506646951555
0.1020262129536271
-0.5452059277570147
-2.1764839857987290
-1.7327058197135878
-0.8519038493559126
0.6894518642671895
-1.2355948358531907
-1.1050244472904982
-0.8256308663933462
0.2507650053825186
0.0039822179741004
0.3062985704733595
-1.2264470519716693
-0.6249572107263160
-1.0409564092191541
-0.5097347233402245
-1.1082243384036459
-0.7323395072132868
-0.8700655923424597
-1.1854237426134806
-1.6444680176909239
-0.5109288883750406
-0.7686109923596860
0.1396316645772573
-0.1378470552209946
0.0675613928623747
0.0903067128247730
-0.0761939797608745
-1.6976639893396384
-1.3744595156157582
-1.1406910997527249
-1.5907798077299595
-0.6959335551583605
-0.8581026322314742
-2.1241282487811439
-2.0477278002552182
-0.2778116050226481
0.2060172569973780
-1.3753327728462281
-1.5171786927581525
-0.9480640317013196
-1.1068791466581236
-1.1547306846023069
-0.3381582927188160
-0.4511882635131003
-1.3008623192386179
0.2216906980397961
-0.4917726865399082
-1.7500016106378422
-0.1665975365888585
-1.7357370488714410
-0.5959218867356004
-0.2674711091574741
-0.3453941686221562
-0.3796829153090892
-1.8645395867190702
-0.6596774248507207
-0.9928541616630477
-0.7386108451742375
-1.2454704205121632
-0.6043849147110020
-2.1607655889694195
-1.7700379245316193
0.0256517523943090
-0.9488716769852414
-0.2036034855871381
-2.1699025050614056
-1.4998547003031923
-0.2476852371624070
-1.1654102785399960
-0.9018379185279829
-0.7946598212534592
-0.2623681901020138
-1.5772327191207365
0.0850989659559194
-0.2810858196850526
-1.7066303982549187
-0.8369673723444864
-0.5883699469114791
0.1922132247234230
-0.0529325535621422
0.0990477311286951
0.0769192132397189
-1.4660825120577003
-0.8015128353876628
-2.2023771724396184
-1.3959213793443519
-1.3260830133670456
0.3703149132965822
-0.5640309838886354
-0.2182512098804099
-0.6416821577162756
-0.6457595796414998
-0.1643030008315082
-0.4234980248420360
-1.0362704505758773
-0.7730728320282437
-1.3296088318878301
-0.5622920941778426
-0.8048543399725698
-1.0080000802984439
-1.4484090252905708
-0.6075261790517714
-0.7043136398084053
-0.9568625661829222
-0.5562722545201245
0.0883698070830546
-0.7518094644186701
-0.4148842900014928
-0.9454148842624092
-1.7425949615257033
-0.8881124517047445
-0.2374755810254084
-0.3070515367652185
-1.2138601885084261
-0.9518314174650526
-0.3293420071737217
-1.1500836981287863
-0.3328576618599676
-0.8191654753227554
