-0.8632325600144588
-2.0725377077589209
-0.5151850060306470
-1.6687176039887750
-0.2093047607316807
-0.4584715143971910
-1.1825385885955462
-0.6847691713176988
-0.3991398835231366
-0.5589804407135901
-0.5834222850621473
-1.6770855151095287
-0.0193201036747089
-0.7624346821876651
-1.4963562986664014
-0.9020398443524984
-0.9130050481364101
-1.5934542610935449
-0.1280906963002191
-0.4072428155964585
-0.8200517399284173
-0.2637232464710603
-1.4284081214242872
-1.5567107979634209
-0.1008920841162958
-0.6763887002380541
-1.9524958694172403
-1.9406566502537843
0.0392850358220704
-0.2357735329810662
-0.5385821100436970
-1.2395173162987183
-1.1523034468208246
-0.1236461718552374
-1.8165145672036407
-0.4374142248426384
-0.8837552228731935
0.0479192924102063
-1.3624143243407323
-0.4578581789338476
0.2002789174255917
0.1633577979547280
-0.7273566099754134
-0.0096325371280891
0.2771034972516729
-0.1379119132883543
-0.2161528335226121
-0.7076782011777688
0.0893914481054648
-0.5309601716836625
-0.4440155222492630
-1.7182373128513493
0.1009073402559795
0.3343426152215556
0.0307085191698940
-0.6675725036159925
-0.9749945598432308
0.0523489068645701
-1.0407607088212845
-1.2995017717294983
0.1465269000817785
-1.0768989854584503
-0.3573061878027258
-0.7919953719786019
-0.4990745394893317
-0.9637455161753431
-0.2441835242036888
-0.1302764718021601
-0.1427993709596713
-0.0551007296955728
-1.1092383661833705
0.2278595297115095
-0.8829158635202248
-0.3697387652031109
-2.8116152477883603
-1.4692419095127673
-2.0415139649635363
-1.5920728677697005
0.1925973394945673
-1.7307773081854392
0.0685753995813087
-0.4419928449836379
-2.1833199428576564
0.2149410249339710
-1.3300284434539891
-0.3820012175320306
-1.2080051217753007
-0.1629117662867412
-0.3697208268064536
-0.4956437770719756
-0.9587953730632454
0.2143825469505212
-1.6108876603600792
-1.1306736266416642
0.0341120893808754
-0.3585790846389225
-1.0394000186505987
0.2323249457396808
0.1732039255829285
-0.0097723964634257
0.0371728570521360
0.2275067445161641
-0.8769078645634159
-0.8369588746027109
-1.0876550546327137
-0.4736644534511843
-1.6339846206501176
0.3632312679597327
-0.6602645483584516
0.3856636556752886
0.1372799456096008
-0.4293389887016159
-0.5882538143269648
-1.6379392260866019
-0.1631653042490823
-0.0849574607358706
-0.6995618876742706
-0.3948593542579694
-0.8969694397648075
0.1699389951464137
-0.0644043836841636
-0.8007400324137237
-0.1868196010354151
-0.9272750348558505
-0.1505387246530902
-0.8430109619377393
-1.0259983234051018
-0.5001558258099739
-1.0680677450608569
-0.1392356634231972
-1.5211658911506294
-0.7190582752374431
-1.4460204810961228
-0.1327482332086799
-0.4031235156271331
0.2836807231476394
-0.0599090252546145
0.0693254119049004
-1.0833510759202991
-1.3396078821564932
0.2525648492295736
-0.1976548292858262
0.0308366823950140
-0.6286254347449018
-0.3052627374974776
-1.7177164697119116
-1.5926675397082335
0.1577770877006100
-0.0249181696026853
-0.5257881066822010
-0.7724579860359969
-0.4999856240943686
-0.6684013578562989
0.1091081595239698
-0.8580312309479156
-0.3529485317464155
-0.5620675492686460
-0.0678094161127057
-1.4285724814840473
0.1397673349539803
-1.7133936167619499
-0.6825844185073774
-2.3945651006538480
0.2116013500808331
-0.1391183089592649
-0.0025205481897340
-2.6017044239536258
0.0434604198479447
-1.1302968260920065
-0.2097350125482912
-0.5115234319146752
-0.1561651402822176
-2.0019249426173076
-0.0821504947503165
-0.6834854725721248
-0.1656268087194478
-0.1840891788681256
-1.5223955767198056
-1.0930583166849805
0.1199337716406473
-0.5386927630931968
-0.7581622454191340
-2.6353931724753537
0.3502449097032116
-0.4095445858767912
-0.1133386565224252
-1.5169661606201961
-1.0090079420287856
0.0666854607681226
-1.2501997059233250
-1.2607713638022231
0.0249148646731935
-2.0425642496840450
-1.2910271257492922
-1.5607064309572432
0.1566161951320431
-1.9326369435912518
-0.0279942020201786
-0.0842732185442453
0.0146425778870897
0.2194167001436731
0.1997547912944000
0.0897207049242906
-1.1491534859010148
-0.3356995293423705
-1.9517256016388842
-1.4099873533039164
-0.5155020042789494
-0.8981092710227635
-1.2918102578577104
-0.2746612925841300
-1.6583822789503919
-1.0588716622480414
0.3766212294175706
-0.0236573520049596
-0.4712221713982485
-1.0570325287522011
-1.4616259618101279
-0.1476771631726237
-1.1811006503103658
0.1425546944288442
-0.6957441181251488
-1.1222059912008404
-1.1518033276749517
-0.1261149435925049
-0.7199713023214125
-2.0065907944404699
-0.4628598813179147
-0.6093345859769064
-0.6907783655293613
-2.3438348464118270
0.2690014522909222
-2.0257469407582573
-0.5301860190705580
-0.8198499944940468
-1.4565248131534536
-0.5021897123174156
-0.5177939226613985
-0.9317790380005472
-1.1366736788991267
-0.9957616158978718
-0.5308482985197412
0.2010072251831894
-1.1199159260554608
-1.0201800250905955
0.2503527721099387
-0.4022566253731403
-0.6797686417547124
-1.0234187623795032
-1.8137549475101113
-0.8409526998963794
-1.5119000713434003
0.1539034365725112
-0.6487175507288276
-0.3956769732145325
-1.4018948294292994
-2.0757142109365980
-0.1954828792392294
-0.7287631197810326
0.1936013818737747
-0.3665004144504396
-1.0757263220713902
-0.8561027084956909
-1.0693234731859131
-0.6053320822270263
0.2814142942297032
-0.4264773451380168
0.3322625089266632
-0.1995951672133545
0.0817569239688888
-0.0381060558415574
0.1933529207764784
-0.6364194498135908
-0.8596852058144578
-1.6626261982807893
-0.3553607891122834
-2.0421534202778218
-1.7394267991583401
-1.0181221649860870
-1.3824182893015504
-0.7080621730843923
-1.1178160146017371
-2.0445705513610770
-0.8364106788901084
-0.8794533956019613
-2.3353092093542158
-0.7805447478934004
-0.0523113777146341
-0.1493453933351873
-1.6624715482860191
-2.0301027418760009
-1.1870095261245364
-0.7965699392252149
-1.0938339656407869
-0.5154396678178931
-0.0791877021480492
-1.0562532369739317
-0.9690575057223436
-0.6004126388426813
0.0987804110103656
-0.0626739971302445
-1.2483602589352074
-0.3840558402535857
-0.0295238518647852
-0.3377902673518976
-0.0580698214888533
-0.5673078953860154
-0.3751408028639368
-0.2433746562196761
-0.1006840845466818
0.0589014534396161
-0.3850881418828050
0.1536947213110230
-1.0515831838707135
-0.3282083040538639
0.3737582425527324
-0.5836538800861207
0.3721201759539079
-0.4245219294564765
-0.8952798976103443
-0.0686802175166620
0.0236254255333704
-1.1612837536860541
-1.1988372542451995
-0.1205806923199623
-0.0527419692364540
-0.8642039394568528
-0.8379989518630346
-0.2528154282774719
-1.4583540162887321
-0.8535925843850588
-0.9548952096363650
-0.1114477619935054
-1.4267394807058049
-0.6807652001732697
-1.1278057602557245
0.1625699148906372
-0.3876148895225467
-0.2651915149893964
0.0656129192546572
-0.3418197505837372
-0.3824308662320860
-0.1689969175215331
-0.2251615028556539
-1.2888641591206964
-0.7120597787726654
-1.3790335083595968
-0.2400394349418127
-0.5255340926585303
-2.1127752324928690
-0.9313414686280699
-0.6492019253132645
-0.4323289590914797
-0.8983384725810803
0.2139078920079031
-1.1422009757248965
-0.1712342007088299
-1.0451758189420626
-1.3801958372046981
-1.2127082230658850
0.2473671259216231
-0.0730025429328383
-1.1454518237818068
-0.2134444298257360
-0.7100317032439302
-0.6079543433513923
-0.3217194008065904
0.0228925135681287
-0.2377181602930683
-1.7299683929261624
-0.1907533278960185
-0.2936155343954170
-0.3563920394814609
-0.7068863721791664
-0.6504380573835709
-0.5107848536892097
-0.3560204100955728
-1.4849728386313663
-0.0297671020279277
-2.7503301177831414
-0.6619413824539836
-0.6619130866518737
0.1476601731069384
-0.4917332838929008
0.1740125373016849
0.1106426582129145
-0.1661817932346535
-0.5135700758110490
0.3246766985608732
0.3215802561051547
0.3568676304331991
-0.9232060028637420
-0.2548229632082022
-0.6498362743603274
-1.9115086164960502
0.1812301188543773
-1.2915609713740284
-0.9728504227599176
-0.2720737806035070
0.3569222359825847
0.1663904066358184
-0.9083980091916405
-0.4016452741359983
-0.4466091969504962
-1.3427515242180623
-0.0098942132023166
-1.7086828790154447
-0.0479866546754612
-0.1337888772885877
0.1318567037694851
-0.4443631885614639
-1.9048281739710871
-0.6717683968689820
0.0958818241256446
-0.3805042999601378
-2.0077692331782115
0.0071241115007561
-0.2310766394000117
-0.8158888322928133
-0.2851944024565413
-0.9060531582835223
0.2021032141941493
-0.0851761456619183
-0.4257414464350380
-0.9040578923806337
0.3695394178567309
-1.2616556285592957
-0.8616680034198539
0.2371952647024946
-0.7959713006305023
-2.5199317083307764
-1.6129915521691445
-1.3869047850083229
0.3756308056139098
-1.1775816786752478
-0.1053526942057887
-0.1828534138825439
0.0557475410585922
-0.2356793259875762
0.1746863614942598
-1.5126342009413236
-0.4351951280231041
-0.7449617753393286
0.0550670240271059
0.0683737623134801
0.0954581247756528
0.0246969302001574
-0.9261519448868468
0.1803713092790048
-0.9691230928346835
-1.0314158288853417
-1.9004108000857189
-0.5634719883951086
-0.1575842978340283
-1.2448529365187668
-1.6578991986770242
0.1642491021704000
-0.3315932809989753
-1.0178115169569180
-0.0058088506180739
0.2469859069602400
-0.7516562707823005
-0.5402920820274506
-0.1888033129171360
0.0999922513308029
-0.5663474998398108
-0.0981314385585791
-0.2074916802288936
0.2539505524889814
-0.9464895004379382
-0.0906423088675998
-1.3889791344404629
-1.1147521359731385
0.1561148654813399
0.2538031325608746
-0.1353966377176240
0.3717504847568303
0.0794931616360997
-0.9680135457447744
-0.5147652065826821
-0.2154979194630428
0.2629178606592149
-0.8523907186670507
-0.3915499710732758
-0.4632295822115597
0.1419221537697828
-0.4190232348749467
-0.4322111104238188
-0.1815501815584855
-0.5580154741240850
-0.1185020569650758
-0.3664841595200098
-0.0807078468002750
-1.0165345348965094
-1.2710811843048651
-1.9707134612115620
-1.6728652309667589
-0.8491264652530883
-0.4887911923481747
0.0235036870274685
-0.1782663347125314
0.4021384177785789
-0.2170352262578715
0.1249254008945332
-0.1914374271982270
-1.3654311372507859
-0.0508152434690115
-0.0344280370776045
-1.1236303736717950
-0.5542838501230337
-0.8228243388761974
-1.0194814594960782
-0.3521099163059719
-0.3620220465799323
-0.5671190083289083
-1.2555241097962595
-0.7019828034489161
-1.1977665528908170
-0.5553653663063211
-0.6275039613817356
0.2121468747635838
-0.2885019911570496
0.3136759709969945
-0.8362487143820151
-0.4653350703966418
-0.0237546089216857
-1.1158770581623039
-0.3852497581962687
-0.8377776076472385
-0.1743366065907478
-0.3654282634147014
-0.4328740369811672
-0.7947504306825148
-1.0083635041296000
-1.9208277259852069
-0.6169886328352708
-0.9758837207231901
0.2778663267265001
-0.7631669495470125
-1.5903567065403057
-1.3183067462026927
-0.0591893717956488
0.2485966296576084
-1.2099394317003023
-0.9764396675490263
-0.4358410831719026
-0.5234925598751855
-0.3988350045760038
-0.2476277500238393
-0.6627960787561872
-0.2156834595674560
-1.0093972540216964
-0.0738414625563898
0.2993631873184718
-0.3870268377061368
-0.4831493569969870
-0.7637063999046211
-1.1034464406563462
-0.7649752396295766
-0.9839306324873976
0.4080419361795561
-0.4520269047484028
-0.9641703722865752
-0.0962105203667909
-2.1556507026445337
-0.9485936832489059
-1.6944114242830277
-1.0927675176943470
-0.5890742790495438
-1.7384255800274471
-1.0075445046335407
0.0360960766142141
-0.5367412995382286
0.2685250006726960
-0.6365906443305730
-0.4451229481715601
-0.3619239872317773
-2.7763301005829413
-0.1254621352904512
0.4265578091374950
-0.9729343360737646
-0.2676801171756815
-0.4059101749267536
0.2398954059951943
-0.8280901383092464
0.3550540642386614
0.2452947565723453
-1.1590593423923223
-0.6886157622586828
0.1320047833679918
-1.4483208960636191
-0.1649326239434650
-0.1210422046449191
-0.3767785432828934
-1.9355419852136850
-1.2545528637222394
-0.2350914126406204
-1.1832452210107756
0.2853607329048155
-2.0555385871841576
-0.6435129401047298
-0.4614353914032657
-1.5703362752831973
0.1357075179418907
-0.5046989964322830
0.0657042189787311
-1.9065795967632162
-1.2651663958869517
-1.0039809394963604
-1.2233516767252228
-1.4606356457406366
-1.0707172942015208
-0.3920229952869724
-0.2850781191839192
-0.6855570834611376
-0.6908286910762638
-2.4682019043948191
0.0911328157755107
-0.5690676741055629
-1.1344515575845904
-0.1595555393937661
0.2379990603645078
0.1717547816105937
0.2375345873113193
-0.7455904676576435
-0.3658547333254265
-1.3439459853792139
0.0693760275121767
-0.8363821433372327
-0.0773722927506120
-0.5022061343007644
-0.5505791503912220
-0.0206335670514349
-2.1515779866638414
0.2559945498135352
-1.9276132156201462
-0.0264162289313722
-0.4495422860078166
-0.2913051316497259
-0.4891261900593514
0.2012489482062756
-0.1327124676368157
-0.5022888068380261
-0.1687419606425672
-0.6683366872707714
-0.1720477921683317
-0.9442252795940445
-0.2227099495027456
-0.0254323923131787
-0.9230263461125646
-0.6963466938717439
-0.0171107025579624
0.0554535178017869
-0.0915269903515221
0.0294664480470551
-0.6839924646803958
0.1194308619952812
-0.8102149355677868
0.0550864815352778
-0.9578523921203860
-1.0780657311690811
-0.0612673556918141
0.1521927568020170
-2.5597838464307734
-1.4144549900921890
-0.2848456566396427
-1.7268985083286283
0.2063288730949212
-0.2518235161433389
0.0276491039178224
-0.9438808597585532
-1.3242943974732699
-0.3035475454189839
-1.0947700627545731
0.1920777675616820
-0.4516229328500504
0.0248826095365500
-1.4219613071417925
0.1778834150497884
0.0086058888461659
0.2604460219860923
-0.1973794905446360
-0.8020655523673182
-0.8714069984044469
-0.5655790636984225
-0.7712688389087458
0.1697996748019030
-0.2029918475154609
-0.9277208080026391
-0.3864369581078498
-0.1044340687749800
-1.2521711680503651
-0.4723980751584549
0.2790773210089862
-0.0429919294039456
0.0217007545159428
-0.4594081987295315
-0.5181050018954398
-1.4366328954695657
-0.5383498091422916
-1.4777734338450341
-1.5702278711774831
-1.1546911589488873
0.4245947763367449
-2.4911885626478911
-1.4565781724097113
0.1813077247990101
-0.2260256500997424
-1.6033079687023681
-1.4526225697679183
-0.2682429653144577
0.2730923306423169
-0.2441394958623572
-0.7254676165802530
0.3699780240847517
0.3731168374363257
0.0100790725433850
-2.2075833489713586
0.0950581061336345
-0.4900206140934115
-0.9486725310650134
-0.7681034872672012
-1.2109132722237210
-0.3217125828822084
-0.0174413691754482
-0.8261340425757416
-0.8811814612812849
0.1147722990368557
-0.2268736977109799
-1.6045290677388562
-0.7407612903848858
-0.4903106298615563
-0.3061847642022147
-0.1199527899297856
-0.1184462404517238
-0.1075790337014467
-0.1596977320057432
-0.2405285822010217
-2.1950253219700890
-0.7856410289988708
-0.3560178360109448
-0.6903651521548149
-0.6552126619779955
-0.4380070197892256
-1.1750692091818038
-1.0345431894292014
-0.8557105086445572
-1.0455304427353524
-1.2953589604701841
0.0350442808090224
-1.4500064433530584
-1.2985291812743003
-0.2122847833897065
-1.3839036055796585
-1.1613095908590614
0.0538095576317167
-0.1477117451897049
0.3221975262560241
-1.0084972103833401
-0.2247069243530609
0.2011759903899233
-0.0337130543236051
0.2105443221044736
-2.1752719663144835
0.3209971320797092
-0.0590185147886039
-0.1749097381551064
-0.3706186552884740
0.0858677790237141
-2.7979329600023339
-0.2987852583981849
-0.0656042631199603
-0.1276793823327499
-0.2286597419950487
-0.0315118733987425
0.0288776311502049
-0.4721450559847130
0.3088194703884097
-0.1555845092827443
-0.0409368400568090
-1.4394818510140568
0.0206179027874812
-1.2954960579651293
0.2244742602256748
-0.3012548643098182
-0.1144771993725943
-2.1770247061835462
-0.8583070747647742
-2.3517274875450962
-1.9025476698546031
-0.5403609485463730
-1.5048455105563361
-0.2752411679229634
-0.2528584467515638
0.0202664516618566
-0.3298577311548182
0.0526399188751754
-0.3148508462443059
-0.2515598989732575
-0.4630230156270839
-0.6872988189574125
-1.0425152964846800
-0.0154490308125188
0.1022380979444646
-0.5397346036985452
-0.6113583309117996
-0.7803563047324432
0.4541288992887162
-0.4137174960926667
-0.2841331135957519
-0.0117190538657816
-0.7326692475815615
-0.3281964679778892
0.0459341317697151
0.2514339380384265
-0.6257711688592164
0.0925534204215140
-2.1487103227301936
-2.1727434157574055
-1.4916924795634992
-1.1224424980954784
-0.5101554354126795
0.1338803987424254
-0.7510321597722748
-1.0793509964070764
-0.4848533091789760
-1.8404339224076121
0.1461777903671108
-0.9920472611452388
0.2534815652906203
0.0013367276215645
-0.7352901538408331
-0.0472211630598068
-0.3456202968900134
0.3455821799949498
-0.1189270160952748
-0.1973295676913777
-0.2883251191792228
-0.7866533862321635
-0.2582495286090749
-0.1376330535313296
0.0578923627833903
-0.0561488354833924
0.2059415114829806
-0.0023540661403205
-0.5208787624288008
-0.3844409134039663
-0.3418914667663816
-1.1022400650074291
-0.2936086534006667
-0.1566040347475086
-0.2661455726145404
-0.2339758447972254
0.1732333996881815
0.0227605952078308
-1.2718624052644043
-0.1188494320464053
0.0686223759839363
0.2099786138610177
-1.0215604160510299
-0.8783697221865410
-0.0149211859454036
-0.6129986216397305
0.1349694693798534
-0.1379723097475420
-2.4350917639350920
-0.6173218633252135
-1.2776317511981470
0.1716154535632843
-0.1830185842643718
0.0992559030042003
-0.1759043012751075
-1.7970759935889227
-0.1377778966168398
-0.0437553529887316
-1.3926345663821829
-0.0673789432911320
-0.1316405780690223
-1.2261708921953662
-1.3098214097145704
-0.0542738113030873
-0.3795146957309715
-0.3504914733300466
-1.0421184512863297
-2.5254457153884204
-1.7831347415331420
-2.0063343569706005
-0.9240071815594816
-0.6615240460266234
-0.1595621561270114
-0.6789194236629733
-0.0454236211218040
-2.4799292465242710
-0.1168435294657633
-0.5958070259600298
-0.6758734937428327
-0.7276372891470146
-0.2181497708359450
-0.4657092605530198
0.3230916902587466
-1.6909923136830938
0.0909530651356119
-0.1891319128875174
0.3377881984368839
-0.2659480975045203
-1.4525048192568972
-0.5053437950742480
-1.1908214091774945
-0.4967864407718287
-0.2216227418256173
-2.0944368359869907
-0.4729201399539305
-1.2520307473244223
-1.6451901869509116
-0.0191815404854375
-1.0616461794969279
-1.1911596885502385
-0.5495270093459711
-0.8704146832668742
-0.6423791156227143
-0.5354659425476569
-1.4408181010513512
-0.1989248117529406
-0.4159521088751175
0.1125196459203860
-0.1492096238104056
-1.1771485059032469
0.0190895246261702
-0.3353544585169732
-1.7765138809505006
-0.1692827071927829
-2.0045512649158623
-0.7623061587410315
-0.7295904136710931
0.1714526095481584
0.1438993067356307
-0.3605971728206589
-0.4692686274957931
-0.2755272754052264
-1.1496004700274369
0.3105513687197582
-0.6014597871677307
-0.0323322860925365
-0.3356162679189676
0.1665706225099492
0.3424315437560058
-1.2086414421772906
-1.6624977448016260
0.2310144150013721
-1.6861183459087739
-0.1448578795048295
-0.2948341509007148
-0.4133310066030459
0.1241281360196583
-0.4814758627693739
0.1487302969821970
0.2138363463609507
-0.5314337888167453
0.1319458416199868
-0.7819947854754326
-0.1261441394327226
-0.2938477258161471
0.2269349015811225
-0.1538437976706314
-0.1350807038407242
-0.0039926593664229
-0.2218263854338390
-0.7345379854676432
-1.4191746108661702
-0.5568043586593908
-0.3947371142161527
-0.0695266293501913
-0.4247279076002463
-2.0389851880633962
-0.5661062291097192
-0.8721759074923575
-0.0426127746032338
-0.6278704917504668
0.1269869216799937
-1.1354608969265947
-0.5241092189891124
-0.7769937796033124
-0.3849990968858650
-0.3669142906799723
-0.4799328165361900
-0.3354002792289924
-0.8561287396004554
-0.1391651708874516
-0.4555094011915876
-0.6376655161062678
-0.7579301598461011
-1.3396209416387188
0.1537946584675055
-0.9376005354835402
-0.5437564921862464
-1.3579921659974612
-1.1156859638536762
-0.1499206563428772
-0.9016595252684796
0.0681964081059785
