1.2602864192025909
1.3576335868099032
1.3950907486499031
0.3089636566729261
1.4117041729557305
1.4685404924092982
1.4148460667786402
0.6653467387248704
1.4274932846456607
1.3755566102076850
1.2517973306430823
1.3965687242777787
0.8757458388545848
1.1745286864517450
1.4235567429111262
1.4545896411724653
1.1478710522203317
1.1176232052397657
0.6350043004229151
1.2988365379520272
1.1860661170826996
1.4471288210190563
1.3521525212307377
0.9395461790560318
1.4018619440835138
0.5330246264324541
0.8213461751718213
0.7357543260050161
1.0912149917136358
1.2537679903597629
1.4668801545980730
1.4434223124891705
1.1824072751716799
1.2825180699320249
1.3705641412104381
1.2488045591240047
1.4414441297787681
1.3683391854407090
1.1474659934691644
1.2962220261077877
1.2757655736914977
1.4181904750867349
1.3662414266332008
1.3990217212839471
1.4349824636269437
1.3235749782718969
0.9735199017530006
0.4900297836139488
0.3305923583328546
1.2998817434249903
1.4125789674190954
1.3077274500088414
1.4438066341621989
1.4139683522037947
1.4738737786128151
1.2219075702816531
0.5843254492200229
1.4079165750824636
1.4353382358062181
1.4753071133378699
1.1224868242784805
0.8602217071594073
0.6906762422115216
0.7047434764774295
1.3043373739378288
1.3768705661749634
0.9070292080544258
1.3783530180154635
1.4195247344820332
1.1907091174090507
0.9479258677050533
1.4102060988943801
1.2461170653578666
1.3626088035427559
1.3955350081475151
0.8763171421371841
1.4567843711391055
1.2655846206558568
0.9193207123286194
1.4028834870413041
1.3322082278094911
1.3682012795999290
0.4528616017734080
1.4573007626418266
1.4739608044541708
1.4741877469287756
1.3977964440261781
1.1451435197318989
1.0953348140987011
1.1459526001781823
1.3154067456263361
0.5167983747632768
1.4560674185244555
1.3047775934302135
1.3563863572863351
1.1296504973227590
1.0804073862766563
0.8521671195673682
1.4139644400324092
1.2455392100101270
1.4105451205697108
1.3885256912604873
1.2383083875488203
1.4028611346095874
0.8200593870197398
1.3717332101339990
0.6516267925804350
1.4170665729535052
1.3892480563622429
1.2938895158460879
1.4703290750453593
1.4297061054732687
0.8127465498086913
1.3014724818244408
0.3873039471714189
1.0100751613964822
1.3697569987027192
1.4703217818695047
1.2286972253450021
1.3017485107339777
0.3529914392912386
1.3658651303573308
1.2425866515260406
1.4372046064626869
1.3885465652916533
0.8485520724118828
0.7437310796653130
1.3967300499426787
1.2619652386908071
1.2847355209220819
1.0041025683615934
1.3361051993279285
0.5170879233103111
1.3858026178619289
1.3197179510127546
1.3676910693561444
1.0775429347277055
1.3530423297943568
1.3960036813818670
0.6208414536503620
1.4539649804122246
1.4088057928346251
1.4390132204252022
1.3517853025348376
1.2393137955201678
1.3033790840303825
1.3782415320852786
0.6265261579943306
0.3170780259226733
1.4649951951584805
0.7258632931772094
1.3681443578549213
1.0630840969566329
1.1433329605684992
1.2972554464868953
1.1900208035841831
0.9552261226419250
0.3238930281623784
0.4302041254226638
1.3141422199879376
1.4372796605430964
1.4420480300140375
0.8006767499271361
1.3799158937451026
1.2284871905460888
1.2704636022366189
1.4677105788078464
1.3444284084141360
1.0201040093041724
1.4408321984336079
1.1985237288169150
1.2806587500582256
1.0973372542753872
1.0772048832963936
1.4667823332051819
1.3948997324766021
1.1730515198651601
1.1184046272943109
1.2478058833380177
1.3375746095851557
0.9240283170794115
0.4373011716933871
1.2539959694261329
1.4380477551566615
1.4356749917378628
1.2618064381747383
1.3728622119896936
0.6387439597349347
1.4317218989867913
1.2573613947871967
1.2526595061301895
1.2773270360902387
1.3871322932226042
1.4704236197138523
0.4948066270242696
1.3261889038457597
0.9861688733074072
1.0837396790428306
1.1773983570987014
1.1396776667124418
1.4258460600674985
1.3725446014396927
1.3766483967733343
1.1483668698708640
1.4630471602294282
1.0118963201284796
1.4781779239841291
1.3842460574182416
1.1231458149259157
1.2942060423695239
1.0441568817949847
0.9745262787779623
1.3290469567950478
0.7822821114262657
0.6393941906599402
1.4183683885947627
0.8666759943687590
0.6637816372047994
1.3777296709479689
1.4108828808893179
1.3587437732608636
1.3891582246741367
1.4237880900711997
1.4145280463210173
0.8432422461341081
1.4749014447794155
1.1061452599646047
1.4404216686634252
1.1222713847598684
1.3140654824859872
1.4498704059106449
1.0534700394924519
1.4341508093967521
1.4053115437134163
1.2807267535743945
1.2486467986362157
1.4327604092217063
1.4104588679382302
1.3912170375649444
1.0511764607861838
1.4473422379610708
1.3445914492740609
1.4204418677378987
1.4039000395816630
1.2025495074911376
1.4595025608349734
1.4621378995480758
1.1989372511536625
1.0883029533741724
1.3940145155993966
0.7613454470530243
1.3139984380650904
1.4068988804090605
1.3932601125789434
1.2699902951226911
1.3530983174274227
1.4380636727418863
0.8646180584691733
1.4346819754025741
1.0936755852035662
1.3252142551675727
0.6576188034943410
1.0117219814272673
1.4473424350725945
1.3846521092283932
0.6088921032209637
1.4325859907675156
1.4487189991874361
1.4616909388473776
1.2257960819612774
1.4761490886769792
0.6874179451598994
1.1142321568962508
1.3556989029902158
1.4399279112288581
0.7097529426796496
1.0933143171268218
1.0589353327610196
1.1542407755298647
0.4192072831821002
1.4010065485004166
1.3560126628348670
1.2169133143395370
1.3913887663660738
0.9774063762222905
0.4988754866571051
1.2202390603779609
0.3993185666547390
1.2033800482929380
1.2951721101400013
1.4025474551471133
1.3599772354527524
1.0538273781102174
1.1815325097949598
1.3980354624265590
1.4051575714407765
1.4553569042589720
1.2584686762425301
1.1669868479381740
1.3593238373909882
1.3494003658223201
1.2749212658877893
1.4207141755746486
0.9240657047876136
0.4858608321750222
1.4350795459599586
0.4358155399265249
1.4481973029658950
1.4525091053887207
0.8033605073316658
1.2965808436463286
1.4632282547708273
1.4173275876403262
1.3327833994040275
1.4471584020493478
1.2834154744152497
1.4254418854966460
0.7858092029235055
1.3909415276455013
1.4662992325270450
1.4122191694587691
0.8873638617330031
0.9793321842549246
1.4448402080986664
1.3629780988373255
0.7533586650014117
1.1517335360329359
1.3937370626159029
1.2548020937461115
0.7838585772261701
1.3803542274144640
1.0223986556052054
1.4606757336176188
1.2097311595195686
1.4841226674954902
1.4104037116139292
1.4471723252090185
1.2980326660489228
1.1257183542598264
1.2602890972156209
0.5905634797970639
0.4628778905842058
1.3178509199747104
0.6631684722207986
1.1464327916103874
1.2779550647945426
1.3058998884444568
1.3610853470460025
0.9899899900572198
1.3780322746535278
1.4817535320873976
0.9409943197561846
1.0382359281675033
1.1676585461656872
0.3713902871148148
1.0995059384805577
0.5682032729457978
0.8410886372309281
1.2428293029523543
1.4685453374138646
0.9179076037338801
0.8191667717063364
1.2628790046068181
1.0405284275496771
1.3594983351283536
1.3548802759668588
1.1435573457216710
1.1344501560061755
1.3505739459565187
1.1181002486245721
1.4029821201172561
1.3812585298563593
1.2988776240288542
1.3853320574632664
1.3271580254293340
1.4082066356747882
1.3097892066932499
1.1508792716794394
0.7858409908305101
1.3672536859797004
0.4346423684110252
0.5530953543172219
1.4245189895624115
1.4152121000140501
1.0801490779978746
1.2023388736357938
1.1017422294705779
1.1810321384571409
1.0565690180247531
0.8754996594794119
1.2733383683350505
1.4058514450797219
1.4305560258284122
1.3588499239625196
1.4401036666371096
0.6109015756869124
1.2429218963406719
1.3544670364188542
1.1873948739247322
1.0163943126786159
1.4545957291105038
1.0823844077656817
1.2995179335212754
1.4261437655863447
0.8794713673582774
0.9166350286741848
1.4711021273334726
1.0859226264728790
1.4253975466526065
1.3146855688919374
1.1620913170922187
1.2675774906356658
1.4459477243600096
0.9786204234082947
1.3792688079874860
1.4012464470244603
1.4705252370415296
1.4171992325813831
1.4724731774964634
1.4540473765243738
1.3309804872610052
0.9310448555829982
1.3242257313617578
1.2741238092157652
0.6308969984311378
1.0140498385241281
1.1367731061491293
1.3892728878481497
1.4020921348823516
1.4570511918906013
1.3188833193818419
1.1667983973097278
1.0377168889339938
0.8904936404861575
1.2112404183236076
1.4731145893456441
0.4908623132744531
1.4041328641176165
0.6249578370335213
1.4434836507624940
1.4231421098924084
1.3280515709841954
0.9276447786823897
1.2530375232550524
1.0622418002258998
0.9025070627023088
0.5651650122039032
1.4202316990711794
1.4165543923485200
0.6845981373666793
1.4687373287398149
1.1776582344413946
1.0997238904678392
1.2438096713088216
1.2396662420066606
1.3543401661826022
1.1536754510623486
1.1409287948863254
1.2744924099580883
1.3494391763824101
1.0269818589654192
1.2571896615637437
1.4667449619880806
1.2886219795598504
1.1381497142813040
1.4697660715999694
1.0208541648910490
1.1220443179066264
1.2028066957851131
1.2155657686170822
1.3123054384128197
1.1635259912478282
1.4632418464442574
1.3367204524310252
1.1047042846161081
1.4397474806064183
1.4103044300564307
1.4598098673051059
0.7486174073693176
0.9416430801725505
1.4622101230941442
1.3664775713494164
1.4165335079642223
0.3013452728398845
1.3159507742390244
1.3728817789457799
0.3545724216890722
0.7352812539100295
1.1787208241283647
1.3677989397491297
0.9744683831433990
1.2813911695023847
1.4468300804663021
1.3406916959342643
0.6043354705932780
1.3061182108796288
0.3893014317088554
1.4432326239446431
1.4558933066782764
0.8243120095832187
1.4470881132555120
0.8646351147492986
1.3147950855914812
1.1871912355453251
1.4527418474717950
1.0812858213791900
1.2512130751004473
1.1996455223187590
1.4350010896094563
1.2885864664618731
1.3066995360879010
1.4404328949320848
0.9252945994708384
1.3200394476462285
1.4259492892597245
0.8381826527473374
1.1676298949966311
1.1059410578411697
1.1192068048730945
1.1669952576844482
1.2887081744976605
1.3683037145697801
1.4508401124033208
1.0223717107764374
0.6389097633380900
1.4518102175234204
1.3685179571550090
0.8037251742033732
1.4462253580730440
1.0602920863278245
1.2908933813312438
1.3858786639828296
1.3769339575080171
1.2093089443396703
1.3660744758617220
1.3695986546525463
1.2682512670132766
1.3637406091418474
0.6769203745630450
1.1878496263923524
1.0560674036220954
0.7526225167263719
0.8470145657271791
1.0464474582240324
1.4815234002527664
1.4482769714749724
1.4386597244999186
1.4308424676661184
1.4608874574940336
0.6131185378008228
1.4625912487076460
0.8815505008420449
1.4101596428284691
1.3815668870438855
0.4770783920465805
1.4779326686885614
1.1660410611823746
0.8520640895359144
1.2822889663275250
1.3272602512991751
1.4247254116114001
0.5696911467135878
0.4589251619210280
0.7627577251569881
1.4172725106815103
1.4173390379461352
1.0359157161477446
1.2757402334871091
1.3314794098911571
1.3061782936568977
1.4179525069006227
1.4072730795071302
1.3667614079359289
1.0747999734942020
1.4040530464026293
1.2272252582548333
0.5482723242127724
0.7771314112134932
1.2812900457776986
1.3562934068820964
1.4725139062542574
1.0024581763205431
1.3098212915227385
1.3655459240778514
1.4362961004021557
1.3850582262576585
1.3970652283834573
1.3892769660335007
0.9295508583884944
0.5913179515965548
1.2718409371509265
1.4263283369762476
1.3139255255672746
1.4142407324635187
1.4124779135616981
1.4396532232692960
0.9884994624417487
1.4556477509770338
1.2675551893115313
1.0454955661251206
1.3681089188982516
0.8477874191014660
0.9772953119575835
1.3873103917765159
1.0861774120464964
0.5219358892971782
1.3754945682962594
1.1000507572589933
1.3492391375530544
1.3462613744059695
0.9659916838391061
0.4489035669133611
1.3124970809685517
1.4720194954382178
1.4284839512325584
1.0394248593955389
1.1331913955519277
1.4007116117957290
1.3630746838119898
0.6827640852717979
1.3503500378928524
1.2411917858441486
1.0662573954660688
1.3335372636479879
1.3129509094865472
1.3010545222918826
1.2776967348943449
1.4058368309504998
1.0208005222607941
1.4439600591193105
0.7253496710050964
1.3336607662145055
1.4114748314480974
1.1410925533879308
1.3045032645837489
0.7633571138754687
1.4141316745878236
0.5240761843189191
1.4428980060916328
1.0920742958855107
1.4231927531606419
1.3817068219502850
1.4487053064581212
1.2294389496042371
1.3693983672564909
1.4066222631172456
1.0433891517324572
1.1576141705344176
1.1488580451168897
1.1384445122450444
0.9810506899537013
1.1133219622178971
1.4669810535699743
1.3012891995415452
1.0324367646668737
1.3968178096906316
1.3697635918188491
1.3495883021471486
1.2942606856319863
1.2816009738169483
0.5087143929763500
1.3134876978222965
1.4169116645306661
1.3778490783297765
0.7223564958287023
0.9929918959551581
1.1948983399780375
1.4595884832236856
1.4643894762882546
1.4064594325821222
1.4336266858807443
1.2703565284217888
1.1616346396132495
1.2668046866700058
1.3002009303697122
0.4360933111846329
1.4430634783514691
1.3682312192006678
1.1713982197297954
1.2445713510356395
1.4227984177088000
1.0328344776983054
1.4414742225374868
1.3571672168022528
1.2649238009212072
0.9086630758528013
1.2258133242098106
1.3755107881031328
1.1188432177915661
1.3631560549523252
1.4349081666719568
1.4374255592332377
1.2842024325857195
1.2909167180929424
1.1242905101286564
0.3918154456970564
1.3740166710265311
0.5064180975012962
1.2474401278131471
0.8809262086049445
1.0679137334119457
0.6107495092665836
0.7638284827871563
1.1116540504514760
1.4748250793655582
0.9782852568765139
1.2934803941694883
1.2139733404701500
0.7690434086772165
1.3940403463749282
1.2584184893615835
0.8944783234592905
1.0177650509757930
1.2890112065334185
1.4685450472693240
1.3930314291356722
0.6437468739320507
0.9900407448035825
0.4472495262983560
1.3582113573325334
0.5564405419305126
0.7912579975874895
1.1218638608513229
0.6964913779813316
1.4591238516880249
1.3039802699741192
1.2705806534754673
1.2753417055336296
1.4419445115421596
0.8775217965121564
1.4380744274810444
1.4097551534740915
1.0389925382997041
0.4876142021453986
0.9960842943986606
1.3633899367315852
1.3390963891235634
1.2763782032033109
1.3812656063438711
1.2244668684210336
0.4142523590694768
0.8642939760748403
1.4476475505565258
1.4205176056144373
1.4262970499073480
1.4360588834736203
1.2392676449579330
1.1830470336104404
1.0747625231645652
0.9236088071744787
1.4335730228129548
1.4283698472624471
1.3986229141324915
1.4496550206345715
1.3237922235754556
1.3497841178034822
1.4796454970160189
1.3696970175818892
1.3214909015239631
1.4498310708479794
1.2926368316870380
1.3567201252417207
1.4130619968648839
1.2633123057877971
0.8555893303867702
1.1722067267300476
0.6622028191311073
1.3846859476307778
1.3375892620177234
0.4912735290645857
1.0561764025205462
1.4544225178140882
1.3109054065815560
1.4188575522632618
1.4557860577015160
1.2450661466507531
1.3748014619030922
0.8548209774760932
1.4018138687497652
1.2713919738679651
0.5765680201288037
0.9070379806190538
1.4519228020277650
1.4006414995458256
1.2350679933111812
1.4046542597703151
1.2666485631053177
1.3590336531781122
1.2779506368702953
1.2181589034948073
0.4146052680179012
0.9524600545131164
0.7128643950135636
1.3776202052870941
0.9827326664692956
1.4222957371053286
1.4763687688131786
0.4016518606557905
1.1344615987102051
1.3615435962500031
1.0784771951973342
1.3313197064775937
0.7166525272979111
1.1155525597191851
1.2596516823017327
1.0388299951013069
1.3445296411768373
0.5982341097803451
1.3527326646154607
0.9698309824483495
1.3396587366391337
1.4558765054945026
1.4488913101666736
1.4429858876136963
0.6006673273747775
1.4232974577548752
1.0565176891871899
1.3154049724724082
1.1940569203997415
1.2909254116021662
1.2174560493329418
1.1233944779908607
0.6984915825427855
1.4754613395545393
1.4073219194053566
0.9676949725704659
1.3614232058975617
1.4085349288280635
1.4448538892686369
1.3730897618204692
1.3663656730271485
0.8449845415536651
1.3704410040987516
0.4218259160906832
0.3306886617509247
1.2563886243662954
0.5457952271628564
0.8143733851342086
1.2822267859233556
0.8356077209250354
1.0541997237004705
1.3674967378206682
1.4404569167545667
1.4148784199777862
1.4008541578289966
0.9310151688608399
1.3798982314266262
1.3993083111132378
1.4547035175302079
1.4233905821960802
1.0889455999528861
1.3863740721199440
1.4708215289579025
1.1600509237985697
1.4141867721051242
1.1964933684992962
0.8944535105678354
1.4385904348719993
1.3739861791988670
1.4275328050660883
1.3965216480343456
1.4637482420439396
0.3631339607587686
1.4587999921587163
1.1044911097967083
1.4580910814073471
0.9979143660548356
1.3583160018358402
1.3080805380071931
1.3752117937817501
0.7719958697635639
1.3999981258661798
1.4685573575617168
1.0236693169677069
1.2203151141482247
1.3790661702740912
0.7877839782308111
1.2045462540249694
1.3841770476502557
1.3756346586708208
1.4211531694855370
1.3497563614200028
1.4717786018835239
1.3447911242103683
1.4209311912773124
1.2490825367225868
1.3991416743937000
1.3339218011324843
0.3383545537765507
1.2975385070274190
1.3296933053176416
1.0700076103345808
1.4338511951561212
1.3227570939768918
1.4236578268685667
1.3198561414236332
0.9498974570538989
1.3618220478359904
1.4667487837272646
1.3751221031171641
1.4465034373338981
1.4719185969942550
1.2195132957929136
1.0874165600641723
1.3753208578211766
1.2952358900842160
0.8374152940610531
1.4139296596789968
1.1092216768789533
1.2450505986506031
1.1116880941338745
1.1817090501228633
1.0214938565863538
0.3112467360152428
1.2630109065143924
0.5848024947166186
1.0872505827041310
1.2124812763246717
1.1303569659416952
1.2671980315089579
1.4346859959717575
1.3621946032595453
1.3015856945969104
1.4592199577673715
1.3332958532498445
1.1829318654864573
1.2568361838901989
1.4115873254933089
1.0977628749690242
1.3668305175490529
1.0009975375007558
1.3187764159450430
1.3184268493407598
1.4430057189782763
1.2036527035384288
1.2678975638756340
1.0469214933912308
0.8509046412595889
1.3921474507909333
1.4083172210417898
1.0529764721644825
1.4454584682004008
1.3608669727290732
1.4122568509390001
1.4016088227018411
1.3805914825020695
1.2615959290358476
1.3315022626504311
0.7778806544855984
1.3858232856222505
1.3291458342127949
1.4602332791718322
1.3383183193410400
1.1528753204738635
1.4473858977107197
1.4412203591753379
1.4303261049417544
0.3523549925024002
0.9529672852593032
1.2979523384769949
1.2138255724561435
1.4610886599717821
1.4812281299401129
0.7369001141989451
1.2039986149637718
1.2424313563524800
1.2357960946879500
0.4241830256479338
1.3537992892657178
1.3523207786229312
1.3610448046624182
1.3979731776795343
1.4735585071462891
1.3985595491207796
1.3165426393771236
1.2804495035792498
1.3119317675739155
1.0828387575848226
1.1549846026005701
1.4735196767160152
1.4513721709553060
0.6073660666448398
1.4681337080962491
1.4299541773266089
1.3633385046304904
1.0453158814231618
0.9448908381380143
0.9168900376937137
1.4169320991359207
1.4423033057134853
1.4188547057758307
1.0741787352239469
0.7457875338805675
1.3935720974230348
1.4609121558372740
1.4580103057033347
1.2748093626040000
0.5946055668918055
1.4434575111478356
1.3641765942710840
