1.3729688908469226
1.3563982707779008
0.7444167152279828
1.4560177285040268
1.3860459409573582
1.3363837773827252
1.3638161896929240
0.4674728994640520
0.5746829995508123
0.5297026589529281
1.2880196219156033
1.3687007495212109
0.7105735450210656
1.4282990428162301
1.4027451424020143
1.4378022659550662
1.2446022474488978
1.3252265704355310
1.3082220063116987
1.1575382360553976
1.3087799793360324
1.1381590079762043
1.0768160859196860
1.0046895676334573
0.9061026841408898
0.9568943720056631
0.8762862155717388
1.4778839842561959
1.4682129900500820
0.8533065258362246
1.3092866707162358
0.5086903893077379
1.0462604661533594
1.1846171735193243
1.2963271322937473
1.3776432507779708
1.0369815079001430
1.3950857910495411
1.4023658693159142
1.4603196300995895
1.2146705571139726
1.2026789138428506
1.3977686425027480
1.4077698835865073
0.9329118482961868
1.4230265298863851
1.3277010982686990
1.4681111509512697
1.2616616314461029
1.1252891870479884
1.4080896607448379
1.4413457232160238
1.4567514470462792
1.4410701247671183
0.9779633624117096
1.3677106633730518
1.3412148527270114
1.4547524735603121
1.1831159756432574
0.9285163003377901
1.3016777403458908
1.3820209327327260
1.3337027018732204
1.0669979098588322
0.9913324350910634
1.4538025939885817
1.3976402802671855
1.3304802439770724
0.9451470533241084
1.3217570578495657
0.8337734011239529
0.7316750927615038
1.3777593791195697
1.3735979207275051
1.2394351436337776
1.3996378353368768
1.1989282054180557
1.4633334242022318
1.0842578746079263
1.3995692955679557
1.4059252077779552
1.1815776629064418
1.3599078727125677
0.7914383574340107
1.4471172282476594
1.1291741068652101
1.1881614005486296
1.3601319495511428
0.7902193559992715
0.9624921583892426
1.2869651003676299
1.0187660338589319
0.5119707634582422
1.0654080115683608
1.4802018753756814
1.3299964873986370
0.6738911088301008
1.4445566587397691
1.2198426007099046
1.0029618590046674
1.2081172300554766
1.3881346293892503
1.4108022570149004
1.3475937277504444
1.3771321244521042
1.0242612632382309
1.2154291045319718
1.4357890562411904
1.2179953509677299
1.2561126630416084
1.2155924807429042
1.3569036401669554
1.0993832078157020
1.0276463101637086
0.6243038291830270
1.4287973790186712
1.2849439606271527
1.4715905095828203
1.1882764027120001
1.4428372819223902
1.2082319930864074
1.4659453735742434
1.4649951432726709
1.2839641741225187
1.4227900878965543
1.1033678690500783
1.3313854072243467
1.3751617061721564
0.6270527269853564
1.4329954122654469
1.4794450777984076
1.1331334781933822
1.4646620103712595
0.8650348098214610
1.2376795482929324
1.3070450341287281
0.6179769612001015
1.2453691052328908
0.6951663972082766
1.3155461193833260
1.4580688207244015
0.8683284200115841
1.4000482881077547
1.3370593328705280
1.0905822612070415
0.9297374004608131
1.2760983840779871
0.9584015886919017
0.7757053177560629
1.3899017406864156
1.4694811570238770
1.1034943488650053
1.3776093337939777
1.4044180495735341
1.3845783315534834
1.4597117494976215
0.8107427703957610
0.5382126027833540
0.9524727647526990
0.8858235964681548
1.3370758353602925
1.1336771881829470
1.4458664175077558
1.3915243539086797
1.4740510997606546
1.3725734903214226
1.4236622287653917
1.4072189455268174
1.4300694330922237
1.2614447653780940
1.3199763749852991
1.1403962176233995
0.9533282060381312
1.3040653883255993
1.4409917722462928
0.7811391792263894
1.3648132818601040
1.2334337943646974
1.3819980700981891
0.9398221060205090
1.4702057192856441
1.3890298649653248
0.8736958471675873
1.3091643641793178
1.2411041589162584
0.7635538637609632
1.3186670967086174
1.1859254628100784
1.0477130717246947
0.9417903895984208
1.4016846343819716
1.4411593622598022
1.4348092203224387
0.6043411534767077
1.4424364424536142
0.6164223576236286
1.3745100314125058
1.4610286200383698
0.7621406699294522
1.3176001325768469
0.6479206317820451
1.3975282298648901
1.1690597354714787
1.3670377634443083
1.3185221551720707
1.0935183010900000
0.4525261901851830
1.4116197660676320
1.0144291188595369
1.4267677334497086
1.2632765879427807
1.4403303156627540
0.4110872627482663
1.2824448899212673
1.3892761646743450
0.7998349604382542
1.4695635194398413
1.4166481162371647
1.3570023030384510
1.4856265204749886
1.3367056429974422
1.4794805431508791
0.8826476143216938
0.5153575304756811
0.9093129791392174
1.0905822973888561
0.5017510440555512
1.4315705624194341
1.4317856500257329
1.1491101536136581
1.1991026944687240
1.1213419314307218
1.2248489822217323
0.9196101048734197
1.4642919983910052
1.4198539181214469
1.4291242834967044
1.4553931662156303
1.2632910092907248
1.4604036384265435
1.1269619247691454
1.2851634555375651
0.5471641926633363
0.8062901072356101
1.3679243139485915
1.2897437141217889
1.4227845250639648
1.2804983327555290
1.1533847293523205
1.3329449097815613
1.4001002392485042
1.4811121676863783
0.7046724644545345
1.2777386517060882
1.3343536610620137
1.4080369133784232
1.3415612377781567
1.2581963650602770
1.2062931612236876
0.9561935831722697
1.3450882171830556
1.4829796917822062
1.2233474762675016
0.5752076622919129
1.4154054824360291
1.2490719299001622
1.4304523336360260
1.3023409080501780
0.7658883697377624
1.2440174964046469
0.5047470522504680
1.4322431624337391
1.4232687408247207
1.4235716256490647
1.3635332277225438
1.0698072266734620
1.3958973146613673
1.3933972898819824
1.4349228077125438
1.4593209192225336
1.4280551709139320
1.3998215053699417
1.3392503379764016
1.1164975470947041
1.2977378823254653
0.6952111371658108
1.4499728619943457
1.2034670910614922
1.3483895556031320
1.4307771125775457
0.3543443715673198
1.1676248062858192
1.0577924424526930
1.4425286926700989
1.3471712793236026
1.3745246333391496
1.0844285010088335
1.4421415897175829
0.6988786443393665
1.4526149362270966
1.1686576088191487
1.4710527079489024
1.2609302017985691
1.0246713164058625
1.3790725826987071
1.3592639093193775
1.2700182723553541
0.3246629490518390
1.3752918852727289
1.0790006888589037
1.1203369253695328
1.3127334022696784
1.1218500227751012
1.3852207942606662
1.1421437260409937
1.4052372140933207
1.1600956065477790
1.1794954255726011
1.4724262751806585
1.2660382318609662
0.5394070440957297
1.3789352051813049
1.3491312671681166
0.8414498471688382
1.3195052372869234
1.4181072304170530
1.4749095002143977
1.3961633942489649
0.8680733738397060
1.3103355239474805
1.2452523723023632
1.3631422567000993
0.6753871782030809
1.4456879891582992
1.1998447994185064
0.4202855716910556
1.0060097008296907
1.4330201268800200
1.3603230604524181
1.4732931075195603
1.4158737066059608
1.2444789508143510
1.4047431706200399
1.4456945324697443
1.4525294121275705
1.3450677570586143
1.3910916029319227
1.4597634789521006
1.4622542867835395
1.3918899900724626
0.8664379356515673
1.1486529269430765
1.2892820280074304
0.3014431361569692
1.2455516664238693
1.4487302063386702
1.4177317257748341
1.1803785790080279
1.4402766390354489
1.0093483747895629
1.4722516484449970
1.4442518932014985
1.3577256494948111
1.3905846640273927
1.1934186791871810
1.4380287652994410
1.1254931790540084
0.9230342370037884
1.3700075812594938
1.4507037032119707
1.2328237141757092
1.3518466794741724
1.3284140715745729
0.9801874940450117
0.4798151982298161
0.5098480015403457
1.2348255526690322
1.2268916284673477
0.7246392492325027
1.4223770616251032
1.3430940201075159
1.4544266477549010
0.9667238763251100
1.3870520807430042
0.7615227341324947
0.5643665916712842
1.2980459503831172
1.1731638098142654
1.0443155713579473
0.8888877150088100
1.0920173647453897
1.3854437722041908
1.4336249294087957
1.1789355741978436
1.4386248602471874
1.2217165714804517
1.4459369177098771
1.3253415025372037
1.4423516755766539
1.0644690790628906
1.4064539488302359
0.8916700314543694
1.3934127713614373
1.4517878245995324
1.0089720026516493
0.8736806416113482
1.0473147386480977
1.2949859823425556
1.3527357636505923
1.4215897128477717
1.2416150839821380
0.4689652435303545
0.8281251460103349
1.3589672058132038
1.1135648496487129
1.0112802876905340
1.2314193542652370
0.6919053729753846
1.0293381512988080
1.2191693641011332
1.3609750036874968
1.0188534816055392
1.4373685722411482
1.3143999987964599
1.1025635402347871
0.8154038023929996
0.8946928478246507
1.3961052404367895
1.4570550595228580
0.8593637586737726
1.4040093341824165
0.5952915852637271
1.4416716929524322
1.4027156599997443
1.2452601295514358
0.8000390401375855
0.8370181766930128
1.3270527951960489
0.8376619796264737
1.2264603557480234
1.3915790356969493
1.4166443368170309
1.2553500653516261
1.1969575928360432
1.3716742514106419
1.4765098106377805
0.8882206886404815
1.3446954571564245
1.3912746637895597
1.4698015337280308
1.4619611634446987
0.9514921795345646
0.8652790823092528
0.3859120494112023
1.4407211757311467
0.3137141192279715
1.3129234232058935
0.5082124996766443
1.4130807238606284
1.0105463864065813
1.4157741618085122
0.8118986877067101
1.3943872995654036
1.3523862598086960
0.3521576196597153
0.9638626459220064
1.2057010738298179
0.8084374167202362
1.3700861524120940
1.2966659355095038
0.7599974777163858
1.3183453720955698
1.4699869431005226
0.8485622204978294
1.4193549739049722
1.2662835619298576
1.3459872689180881
1.0312305316679913
1.4418402445332930
1.3538183899448140
1.4282703762890558
1.4157655273310477
1.3525913594438299
1.4616673667064766
1.4660741783376683
1.4188972258178609
1.4478247632900525
1.2870864972447669
1.3544326916964375
1.0389154699513161
0.8071725123097145
0.8210031201416568
1.1603710200384834
1.2966273913978639
1.3211978939195690
0.7573253577045248
0.4187942932323702
0.9768716909756108
1.3196611247224610
1.3754224758770670
0.9445311615250026
1.3887793637625954
0.8528245145725171
1.0646721689184433
1.3964826610256893
1.3922048118245620
1.4230991600479863
0.4496006517092995
1.2889622906782052
0.7137348493603578
1.2155241638086474
1.3454029905415561
1.4487017547144996
1.4308280017201709
1.0762967488103812
1.3152060635870479
0.7499336806348761
1.2838163005525258
0.4587790444511178
0.9793845076460868
1.3586086164185389
1.3354580913965775
0.8054892750901069
1.4565103238882862
0.6709030016434991
0.5024507166705553
1.0985695295528597
1.4027809652279946
0.6734024337964317
1.3057641686521593
1.1508255334808322
0.8017305966049131
1.4267298912887847
1.4422757418416396
1.2140385890150098
1.3049726544966234
0.5300737718744575
1.2123580360932240
0.3636176270651093
0.7117216326313023
1.1066767107794191
0.8933454285521919
1.1205798733677741
1.4298070487392494
1.4116447766586615
1.1847506638367824
1.0338224031113616
1.4266851681422013
1.4137160853640662
1.3131261753903729
1.3700842934020452
1.3064314714851590
1.4196754309595359
0.8321312112971206
1.1669375727634235
1.3875095344431632
1.3934362028195970
1.1759205133895785
1.0294104094974272
0.9460552558345673
1.2128033201423203
1.0449812331834225
0.7442278607219563
1.3851514648709060
0.8208762311317017
1.2926884716036329
1.2399683158865131
0.7672965290025717
1.4427063981651775
1.4136144268978825
1.4599549970876142
1.3229783406789277
1.3039574293458380
1.1744210195031133
1.1489071252217664
1.3629126367173343
1.4222846680988783
1.4573727411048818
1.4373218994896162
1.3678197743511051
1.2630793259746056
1.2238086430885478
0.7417147888429233
1.1651846157554748
1.3271698505019580
1.3317648477733541
0.3756622817610080
1.3711145194582550
0.5261453550626833
1.0810556375243647
1.3154931721458309
0.8769007985329401
0.6380237074448687
0.9159182593278229
1.3862216595614960
1.1914581438336604
1.2774551644393981
1.2162776259532260
1.1365235052401856
0.9859770803818673
1.0120062296542498
0.5508606288436662
1.4747138748447157
0.5654823822092179
1.3137838380003337
0.7885469502833959
1.4664951728359419
1.3206387675255602
1.1394200158569017
1.3494946363795328
1.1673207043216600
1.3569485599055284
1.4539745513173687
1.3745725868781351
1.4604939719329324
1.4199927183203627
1.3026901821134427
0.4637303026509195
1.4822771349363195
1.1661217771975414
1.0947597246530627
1.2716427222857059
1.2563465590791227
1.4663486975585924
0.9198609428498750
1.2034495406169154
0.8836223866923472
1.2927804747757308
1.0010816579114532
1.4249449899579163
1.2217580354052930
1.1405046620963133
0.9955154389653270
1.2114771812014271
1.4751232173921591
1.2673175340696619
1.4316619452738617
1.3089347982972970
0.9579862812752360
1.3184516285475134
1.2079466230464544
1.4204516584128681
1.4635584696174084
1.4605934845490476
1.0487085356265444
1.4163937617325562
1.2793458052297006
1.4322215180713240
1.0010888208642659
1.3944217726610082
0.7898583849534871
1.3918356539514596
1.3875663828963887
1.3873233456496523
1.2141824565027026
1.1467102844141266
0.9629400352813775
1.2883595527927216
0.9708096709546508
1.1066103961636871
1.4025698058553846
0.5444242177668095
1.3124720629800537
1.4541932058633156
1.4381317613336979
1.4499987823378049
1.3137570215339391
1.4006018871020274
0.7288337432021322
1.2214064896603491
1.2388990560446358
1.3947677191157726
1.2726564782350334
1.4291816123772081
1.4712701061480729
1.4269510584089486
0.6260026386558607
1.4094397655009978
0.8748309440819321
1.4273871011452721
0.6705739680967157
1.3156680756623758
0.9154296761377175
0.5653335179795068
1.4194240984814792
1.1665653533230933
1.0841071513228957
1.4682239018725562
1.0130082423142082
1.3629750437726367
1.3749063749683244
1.4441078036883039
0.8887534153462390
1.4283311782976680
1.4503287550579829
1.2708852254346179
1.3499812110589606
1.3140412630197413
0.5000259460724472
0.4626161042677345
1.3339721647019949
0.7126856997830504
1.3563283343171610
1.3624876787429641
1.3372637818855280
1.3878803521938117
1.2974550203663513
1.0049011277430158
1.1539569340944793
1.3346242491599614
0.6163538712800530
1.3858100567339937
1.4049319303858816
1.1433252023358815
1.2325866729413388
0.6874632888638738
1.1686101304347525
1.2646801524661568
1.4193225267557168
1.4825409077429679
1.4108245955327592
1.3819974004535620
1.4141928030134954
0.9111224951507131
1.4594001843197797
1.3133419345021713
0.9951963096683877
1.3280177339453885
0.7024843609864819
1.3639754697766726
1.1482225623781568
1.4472278813093489
1.3746049199215766
1.2760229583481166
1.1010215515006052
1.2743895478841361
0.4181687060094444
1.0534952900622934
1.3874429336288976
1.2323185133440526
0.7972996651174658
1.1230967132061895
1.3994955210837965
0.9471436399763618
1.2018820557689298
1.4114190818727785
1.3295961521210393
1.3770465501026516
1.3554698422125264
0.8136929086536144
1.4262493152320188
0.6410755110089155
1.4621702838921555
1.4430516930346544
1.4523326174306714
1.1180746522070990
1.3128773439330952
1.1258578992007424
1.0459020569007360
1.2419310372866255
1.4494543098801520
0.4874378082417012
1.3761451292136075
0.5919990794118039
1.2275080011010910
1.2790518143969820
1.1539181085734882
0.5705533731708828
1.0640033456321116
1.3102418462809635
1.0263217595119081
1.3898130389093033
1.1412518041777533
0.6314914934480749
1.2707242162405952
1.2843696440372874
1.1329140209824331
1.4577192202954243
1.4374424759118489
1.2497601808535126
1.1308091801034497
0.9004397923658468
1.2486144669129762
0.6484147678038249
1.3782009132842825
1.1477944828143516
1.4461768276610161
0.6359196993836741
1.1180370909511619
1.1130220159510358
1.0490192661636542
0.8785597170620314
0.9156368820543120
1.4680303209293037
1.1817294555960116
1.2401372103390953
1.3653221730147056
1.1681097587899882
1.0197589603040422
1.4442434521165528
1.3127164512449563
1.3170099228453136
1.3594795271453768
1.4236514475326782
1.1280844531888869
1.1603705100608590
1.3214348868717829
1.3643250433554448
1.1823757383683673
1.4136743630445598
1.4421404339697952
1.3995878693503290
1.3717412929380968
1.4840957913816029
1.4003441286891187
0.7921906018194438
0.3516037466756574
1.4003744881964590
1.3058249239731958
1.4100376054992723
1.2703716281648778
0.3342542875716517
1.4219082872410327
1.4100966760495461
1.1436804104651173
1.0407899183420790
1.3439637043528698
1.2611877533672882
0.9907649909240746
1.3095568567172593
1.4478932353664669
1.0990306141029793
1.2306356972675976
1.3919633212672624
0.4943538705878743
1.3289861073849296
1.2818795245907644
1.2499771873773375
1.2296797747697976
0.6098377362338990
1.4018253780291290
1.1648942710001655
0.7903322345156306
0.6456972861980410
0.8490261637160383
1.2458811539377659
1.3871059771921799
0.6752286729704002
0.8493061897334820
1.2460002579862841
0.8426606053247677
1.3318657529120994
1.4589349236316578
1.4353383046821984
1.3855489464750050
1.2641136929842116
0.7898818970943081
1.3917182821059262
1.4576190393191832
0.9953451911152101
1.2154256337504796
1.4221514989578836
1.1486113212299274
1.2952034101027772
1.3212855810397461
1.2271865298732834
1.0642765245415571
1.4377091952620007
1.0639581898817043
0.5772790781189449
0.7801246204407699
1.4233402356960572
0.4632234544898898
1.4316008107765088
1.4327182275351666
0.8382954177499610
1.2250029946067533
0.5543476611988898
1.2821872460539796
1.4027652428445030
1.4005954900354534
1.3103980867283704
0.9186227117177888
0.4413944540929859
1.1370687048759287
1.3898377426135975
0.9675039973286861
0.4307755249399188
0.3826575353764139
1.3128998382457526
1.1378396553989325
1.3846654230065099
1.4076210523679356
1.4267166782320877
1.4561703386105580
1.4297229790051160
1.4480159643765669
0.7658303879559512
0.4620744741833867
1.2251966691763336
0.6360995197378734
1.3318427202870093
0.7287253143541749
0.6977448218829110
1.3903736256308166
0.9340650917048404
1.3538424803422582
1.1847288345355536
1.4025695226067136
0.6561125735000258
1.1773689806260232
0.7663410010062270
1.4109070741610050
1.1177097567752352
1.0768719380786822
1.2701278652341821
1.3919120973084094
1.4134411907982212
1.3401460805453314
0.7408163501451153
1.2699461946058384
1.4271113680591612
1.4294999385469689
1.0542654625264749
0.7973038550446371
1.4680788980935804
0.4774441091191694
1.3724599933049109
0.6964763474838971
1.4191265087705878
0.8754854220938468
1.4152193676814291
0.9078915234964665
1.3903977416691509
0.4041480165484522
1.0978676632682531
1.3750571797417426
1.2584081141191512
1.2814280219821188
1.4556143248019036
1.4180033363247038
1.4617281548042920
0.8471870683368001
1.4609134068966161
1.3349018879058496
1.3456900342870353
1.4043787200801447
0.9249006904005667
0.5458576538144893
1.4074095830201176
1.4203157814267997
1.3566737464202396
1.3488975876773248
0.5754854561236585
1.4451035103082834
0.4146834911867693
1.4139427572987298
1.4407280404456562
1.4596739148483808
1.4026497901740467
1.4262080565095980
1.4059864934573321
1.4390052462014711
1.4172991255231469
1.1069326974095777
1.2759298474088614
0.6544991849350912
1.2067422112167330
1.4195921624948176
1.3723434883453829
1.3705503266217876
1.4736544870699426
1.4122616070231420
1.2403664938281991
0.5245078123948194
1.4770608022850844
0.9726144841195595
1.4562197929935767
1.1355917375722342
1.4419280528537293
1.2497260363930007
1.2580006354498960
1.3306855948098144
1.1461672250868189
0.4011110240687323
1.3917666026178379
1.0390622531513218
1.2665641574108772
1.3833725035400979
1.3316400091650946
1.4481976437306725
0.8284222627958499
1.3745915200575920
0.5150821046997414
1.4707952088183105
0.4743402598031320
1.4194041051103785
0.4173790581986242
1.2601921471950641
1.3925969832119074
