1.3993849709676620
1.2026353413751762
1.1464701459290532
1.3752299818003437
0.3406488681125813
1.4661510531532189
1.0761880415246388
0.8781458716520654
1.3990493796988233
1.2288163032031061
1.2867314808544581
0.6704399756949299
1.1696149979216242
1.4243424181666717
0.8546140364061173
1.2396128258321963
1.4798708029278893
1.0344490121590952
1.3664889702745124
1.4114686582733640
1.2647606969555074
1.3966366051189585
1.3828748335934540
1.1994596839222491
1.1530531132095543
0.5272132751845134
0.4432933803111906
1.3993356658192806
0.5427818370151201
0.8496690204752141
0.5912798306235930
1.1487613610006775
0.8206792101969203
0.9955312511544311
1.2115324374615228
1.3195573660331714
1.0319918132893693
0.9464315523662504
0.7937327940138176
1.2116877628572298
0.8709702302229533
1.0070581495724578
1.3179613630252451
1.3156207004759684
1.3573082250572306
0.4171051199764557
1.1206290607584617
1.1632648957730900
1.3244160795589233
1.4740612659588470
1.4230028991446189
1.3847354899143236
1.4079239211684458
1.3723641607049795
1.4517695912439899
1.4369858142854812
1.3236328396883394
1.0927890883220392
1.4341655744150852
1.4118358762097127
1.4217821937739308
1.4136712552200981
0.8534556577237781
1.4720839936258960
1.3383365976965502
0.6763181360174895
1.4512051228053420
1.2073885486560212
1.4557580859866182
1.4589527421763584
1.0346531785119926
1.3904129866405504
1.3858960148000870
1.2859543063127263
1.4479579783719010
1.4561744351844794
0.9798376626819566
1.4139396987635717
1.0218961582824093
1.3922375495586070
1.4241126752988043
1.1684771391574706
1.1966290939492170
1.2021005103292379
1.4201665333864921
1.3852370797113587
1.1820238473206910
1.0420801012114325
1.4229617821705776
0.6460396907104775
1.0009554111173018
1.3678429436658677
1.3399395952904187
0.9958750698591174
1.2744524474155290
1.4312041023165767
1.3523718848338102
1.2080766949687156
1.4590551178531024
1.2191988725565104
1.4391497218209066
1.1997867420531412
1.4514587395171530
0.7011424036417802
1.3316245035933487
1.4800168238288558
1.3216936360002081
1.2921927539928755
1.0558374815598537
0.9825719151826041
1.3792620702342222
1.4767679452568698
0.9177841288171779
1.3541488910648296
1.2881351396258209
1.1466412014972334
1.4352587655235201
1.3201314854244219
1.1807241559990731
1.2680508130616805
1.4608343517554667
0.3034727666803047
1.2573167850621274
0.6318965633577106
1.3986580272424853
1.3521634878339861
1.4334264197187947
1.1034207891087964
1.3706130871910500
1.4287918572739895
1.4150673955929864
0.5758700271491056
1.4327496121433148
1.3796440412834963
1.2384901438292011
1.2631687197728803
1.3454079887585155
1.3785211825782531
1.0489178726907116
1.4012884980303573
1.3223898056554262
1.4143874826510594
1.4375500885993586
0.6907807994499622
1.4558254917322062
1.1835309146850916
1.1828019717031539
0.3376768427884660
1.4487776623992195
1.3942530682469747
1.1749284193049241
0.9130037778483968
0.9011769723448552
1.3334545319913362
1.1906482532541318
1.4148955476248848
0.7614054852226485
1.3489116389669960
1.2215524142032788
1.2915461542627020
0.3897392501322234
1.4385967834004461
1.2843208484545583
1.2962172707204322
0.7147361855034662
1.3584113139599046
1.4088467847499972
1.2813406154988487
0.9962774354397894
1.2224975140559864
1.4418687553845206
1.3091358860159583
1.4692093890533944
1.2562563344574944
1.4311493820017556
1.3318927344719413
1.4022494293586929
1.4160830719393109
1.1382086260725608
1.1461483062093896
1.2952562893778428
1.2698451947206963
0.9000822264077613
1.2929050903970458
1.2715074810077711
1.3061251865059431
1.3280300231281268
1.4250442198832414
1.4787719851302137
1.1799628401502615
1.4531093913440094
1.4327011501483471
1.2180748539978530
1.4692763030334870
0.9624223342750752
1.3853368697141004
0.7975517064845841
0.8369566913054243
1.3815079432744273
1.1815172440830943
1.3632359993017611
1.4288433473089499
0.9496952987191077
1.4124756412122506
1.4730040994634341
0.8103624285266654
1.3853705209362102
1.4415392228626149
1.1517138929529098
0.4065858295447668
1.1996604714859653
1.3345540503900772
1.4512315052120595
1.0707467133529547
0.7238982813005886
0.9011460609639661
1.4313331104325850
1.3588176405971983
1.4430657559371827
1.3399854087218694
1.4730035818364651
1.2530502314337433
1.1727958233693920
0.7781195788631649
1.4156891649791121
1.0791639124082859
1.3544801244024476
0.7341190031609615
1.4275994007546025
1.2109882949029476
1.4187012290166421
1.4723214233952744
1.1461338612096530
1.2973958633031166
0.6379762030540911
0.4566716615916657
1.3859954920798920
1.3938721058832706
1.1353191112749665
0.5038871786063721
1.3697493875164004
1.4238906449266846
1.2720298474763849
1.3281133924235327
0.6054705190744124
1.2733114174691980
1.3591110425324457
1.1386410486830445
1.4056658707426621
1.3498850894296253
1.4210481633920871
0.7811820284189201
0.9906090096386223
1.3143942748964630
1.0423438859984857
1.2321533658708692
1.4094197951666909
0.5549423686651880
1.1742260234571043
1.3716134868989245
1.3540187346011672
1.3454920917483464
1.3618762911089441
1.4130713665380186
0.6610885204799779
1.4641827928599140
0.7692262125982668
1.3863637192294396
0.8689822543045032
1.4645920310260747
0.8988664406369631
1.3705433716114503
1.4375067032186417
1.4528142595310649
1.2298082231992411
1.3988147945363272
0.5284462612604010
1.4392889540287745
1.4635907603174214
1.3405661185171511
0.5279213637715054
1.1845491990714936
0.7715330831979550
1.1638511813807986
0.7888785063561039
0.2935719987008191
1.2074445631521498
1.4202816794946327
0.4722656105681654
0.8636654409777045
0.9972118171203063
1.2475549670014692
1.3420731269564012
1.4077874292014347
1.3444949927076235
1.4134074651756172
1.3083746744635696
1.3221239175070103
0.8274932050915400
1.3199098529378166
1.4861940253683319
1.4812770581864325
0.4015406914609008
1.0197446416738725
1.3167696509876428
1.2772740112479510
1.3722471667335205
1.2246654195120115
1.4350776825978093
1.3399553699045743
1.0658739316913601
1.4393519485705872
1.0491597741679513
1.4626014058660499
1.2261176963098355
1.3291791457645892
1.3235728980956663
1.4586010343245239
1.4441947091460867
0.8287347918629209
1.4267030701188108
1.3941039876897043
1.2330379931693827
1.4086954039137753
1.2797251325558419
1.1013660961917633
1.2109610884328297
1.1840364435051043
0.6381511243734422
1.4607792676073248
1.3588162112448041
1.4833735835724546
1.3105740785221753
1.4631231498020734
1.1442462283625838
1.2876376445391786
1.2421082389852758
1.4291535590826967
0.5265840066798932
1.3672501948228264
1.4562270183795749
0.3179105197214809
1.3704468144379764
1.2707047401366651
1.4188430774659204
0.5818750606351034
1.3523521109783536
1.2754027554452263
1.1112639686607586
1.3624416923605385
0.7607558551505481
0.4269917192518816
1.3906698757041054
1.2389972148322350
1.4025557645576050
0.9347513240447425
1.1874287561180179
1.0889181840560522
1.4163746491310869
1.3076019715588743
1.4700451639026744
1.1599837490304443
1.4007897054671699
0.9792287332020387
1.2119903422079104
1.4260101452928629
0.8850953692250912
1.4495362346158716
1.2088878428833463
1.3876758691869324
0.7047964470593415
1.2781124007437632
1.4250500828025110
1.3830048010925164
0.7945421142427525
1.2217222947747499
1.4042147436403352
1.4341209939306734
1.3158711094208786
1.2213829510235807
1.4746258027119930
1.4437263577477186
1.4150134051252625
1.1360911623230763
1.2910540436110260
1.2560110396596249
1.4310742932933620
1.1277813470153275
1.4056209903265162
1.4327207266883226
0.3561801960389637
0.7945061529235852
1.4093048821131118
1.3174624822245662
1.3870940753217778
1.0031171894376620
1.4094172104124647
1.1170567092535135
0.6971610488908626
1.4134533272448215
0.7699711200432298
1.3759571285948371
1.1980855136366708
0.8651340057927329
1.3550556258732560
1.4415395166571128
1.3656809852099057
1.3599592444900579
1.1682681708395768
1.1286653725467879
1.2725831312300808
1.0047832482350416
1.4474030665612949
0.9910047480207874
1.1275190142710545
1.1309522587970882
1.4659793283362605
1.0210314586386382
1.4398060614511612
1.2947934763316002
1.4516514893173313
0.9165539558274902
1.1533017470756555
1.4574124632177274
1.4060008243777520
1.3019668081294276
1.4484270579699876
1.4470181760842211
1.0497782322328180
1.3852633713769014
1.2674201999906882
1.3825790942868816
1.3612835059583546
1.4557596298415225
1.4048183847562670
1.4063260917688576
1.4613030999425778
0.9202506290400283
1.3661445830204284
1.4258855800480172
1.0549211039733819
0.8790249456583821
1.1909985137312131
1.4007372002845595
1.2924427891718075
1.3701976273138985
1.3499817109501682
0.9571971967902728
1.4659662461571266
0.7833309166080105
1.3817273699780572
0.2944292264223975
1.1996366575901825
1.4695938622222993
1.0440276542183724
1.4629362712969944
1.4610563865439892
1.0001840622366320
1.4165894239382915
1.4811936797836491
1.2189777373039379
1.3982960626452867
1.0541923289377837
1.2433868397624270
1.4818915802615551
1.1505416074710551
1.4344635393743659
1.3446264204286307
1.0136506474616342
0.9052793318550075
1.3787480185465879
1.3050783958927263
1.2948447904960310
1.3885136101901558
1.3024416408351978
1.2694198974362547
1.4471136854805953
1.4696483435326535
1.2792703552342797
1.2237881330063451
0.8947993198855287
1.3534682613391920
0.8927468196762354
1.3407001777728731
1.1281506049797021
0.9231421895616996
1.2999829000498533
1.1735616441831793
1.0349181477533549
1.2410601153827381
1.0611044615434735
0.5146723850503848
1.3108600105832184
1.1648936963953720
1.3720944120087342
1.3803537266837607
1.3503071281368662
1.2001016529247943
1.1559798560478625
1.4380868473256290
1.3634112495393449
1.1865622854209767
1.4259937028202718
0.9225898713560322
1.1251723709533659
1.4049866615339706
0.4633353009184289
1.4283905117841353
0.3132581149396909
0.9496053475481925
1.0903709857097905
1.3692796187955214
1.3771128873040219
1.0008543674859380
0.8801882153765247
1.4305828613244409
1.4007900381002705
1.1913926849711727
1.2410734845427531
1.2551126538251038
1.3941889795009812
0.9461705430044479
1.4393210623640940
1.4157268069514208
1.4612469135048465
1.4533025153298160
1.1291174577148657
1.1631319061483025
1.4103821272811461
1.2690238480449854
0.3809339129766374
1.3846216784465115
1.0057384626735208
1.3907857174739704
1.2789971897496479
0.8969373732631220
1.0277342524151372
1.4008442215604779
1.1420114610514727
1.3377824476619831
1.4620950110743041
1.3300901293426937
1.4333746113892447
1.4711358804861672
1.4404701008322685
1.3832375674846016
1.3557578218481978
1.2924422650610985
1.2752757644527564
0.4135269361237192
1.4479564389926303
1.4401503693609987
0.8344474105049920
0.6392837603291005
0.6635408990069673
0.9533510601085057
0.9652093096556024
0.9021273593763197
1.4136179628099683
1.2397312878613513
0.8706862446979307
1.2909332061181049
1.2317152705059120
1.2071707587808143
1.4017346330424505
1.1580367894670522
1.4616820495531930
1.4206516194774292
1.4576382068044471
1.3835485446850004
1.4098842104198015
1.3493618925115949
1.2188060919721524
0.7061679908791566
1.4753215937265032
0.6430526651438041
0.9295126002005466
0.8773322309711021
1.1563010632121244
1.4148012154034819
1.2383373260246413
1.1159489161249214
0.3523768339756484
1.4271699499592847
1.2162924467556160
1.2995917656736220
1.4095362986393263
1.4093557896241606
1.0107355887683194
1.1598668165261301
0.8112549977183192
1.2484198105022757
1.0846489447407734
1.3165359405367920
1.4134311541660129
1.3056846662417843
1.3483077676165147
0.3098387678386344
0.5898820735878895
1.3721393378447444
0.9641328794931985
1.3939697384273946
0.7776007222099539
1.3940561976613439
1.3298820477357400
1.3258105889999674
1.4661624433159139
1.3851966505381037
1.0769498432883835
1.3987770168059515
1.2025940919712919
0.6510900897758628
0.5552604713503435
1.4584372026796069
1.4363439565744864
1.2769732655643573
0.8737892865485264
1.2120164589109843
1.1780026608190173
1.1326633250746474
1.4104835831062534
1.3670739924816351
1.0186991452449290
1.2423895027429961
1.2334675992852502
1.3615359119815036
1.4147083193918459
1.3879919151486491
1.3150635963904183
1.2916397838354923
0.9545875116928385
1.4444495095747252
1.3007859088511688
1.4668008973320703
1.3095995444454844
1.3147269624778080
1.4251216624743444
0.9385877137615694
0.6670146032534715
1.3547477595170792
1.1609513762375927
1.1901530897276820
1.4488983791705898
1.2462370201742055
1.1280006539363392
1.3356661085233785
1.3843757440786120
1.3521261793299124
1.4007169216524866
1.1043666263857836
1.2067665629596724
1.3283507639033871
1.4679104642486314
1.4667507916301554
1.2726604795012479
1.3607374502574505
1.4776173152204295
1.4332610123137914
1.0527249038865734
1.4159166410590593
1.4785154975739461
1.4524892990718041
1.2884360858533175
0.8899294566747875
1.3799577185629348
1.4687485519408408
1.4530828806939096
1.3959178857072438
1.3457347574981817
1.3444154811034981
0.9188115099708798
1.2453530980932552
0.6365648384093727
1.2377842343880965
1.3909506042153146
1.4417658694469424
1.0599672281402766
1.4147810874118960
1.0491886376353263
1.3979189800065512
1.2932792874548509
1.3495292599228732
1.1938568127920153
1.0735676467519639
1.2119632950421408
1.3777804917331693
1.0559290825407670
1.2344460617565991
0.4823950537922356
1.3994968359251680
1.1616584880331640
0.6187976812703156
1.2931018544709609
1.4503223859826784
0.5341061295855398
1.4474647704325132
1.2052539598133050
1.4361943900928151
1.1993082367424874
1.0497269397476481
1.3752435935725777
0.7593308087777214
1.1511442231333446
1.3930916043238097
1.4385170887857861
1.4466427941711180
0.7657055796354947
0.8110236365404969
1.4296757182181905
1.2544405297542369
1.0377076424920835
1.4587510113270337
1.2112153236315173
1.4232298671771089
1.4362889515816071
1.0858608273914985
1.3969661198958307
1.4789421148279407
0.6934658942193723
0.7349921549018920
1.4186969132268727
1.1404655806080441
1.1963139521357435
1.2697528332417747
1.3792960389139801
1.2641246655264280
1.3721231017742226
1.1821647638758921
1.4674374471956793
1.4770818844206968
1.4239845538683709
1.3469622166561190
1.2928150669737559
1.3261986765182869
1.4102339633293779
1.0007129897366551
1.4526464483722081
0.3620174214578951
1.3855409717983129
1.1739502528202683
1.4778369759321341
1.2216450108526067
1.4220862493052617
1.3010805627279616
1.4557760207251604
1.1698023995168652
1.4452078924422318
1.4188285363782547
1.2927721021639893
1.4548921155676766
1.4843365884965110
1.3668227340604366
1.2250905579890461
1.4763216745381096
0.8702998404757761
0.5248205903606110
1.3334942589093806
1.4452573516132934
0.9758743245900813
0.8991612957051140
1.3094622136846816
1.3577394330419250
1.3472515241663099
1.3473364504557328
1.3940853139808536
1.3666612594402894
1.4094127881644150
1.4760203717392300
1.3715091701826352
1.4295327696740889
1.3389088556832771
1.3990256230838425
1.3966143420362596
1.2600061181790778
1.0338164226592470
1.3286658937379294
1.0957391747572915
1.4380412707118433
1.4753326674002794
1.4389302446468928
1.3818841811715596
0.7526846124287794
1.2910933968656146
1.4676266572974876
1.1934824277840475
1.4139739433449436
0.3971974361989193
1.0164020376568510
0.5697360967626295
1.3633168477808708
1.4583714292104957
1.2726579601360757
1.2377598870928852
1.2285608494601390
1.3551109706649271
1.4678181433458770
1.4070344064392173
1.1044949613754540
1.3248907501120699
0.7249646559911943
1.2379762218391712
0.3329935285162236
1.4126465655709064
1.4752807808881445
0.9770948292544991
1.1683895232159791
1.3237983584306441
1.4330796465925328
1.3755639508598028
1.1713156599361645
1.3214078062377754
1.3085872125605054
0.7601231655231775
1.3700456905285341
0.8924750780946423
0.7694121690907925
1.2091835603051686
1.3598301581681449
0.6145174097917672
1.2808698707143795
1.3166427118549233
0.7465422313905714
0.9201841274118564
1.4375829600905403
1.1689940404044172
1.0407637208735172
1.1185248445165366
1.3187302034131851
1.4050269814120493
1.3861901329362976
1.0581764953707760
1.3538728691074637
1.2690495594842226
1.4673177561174997
1.2954913040264975
1.3427356154430388
0.7870997356944978
1.1551582213863374
1.3641784539124215
1.1392199523584157
1.3642406249961370
1.4208328437780533
1.4347102475520281
0.9272862186982669
0.7753021419201429
1.4033598067078690
0.6374200282827319
1.3541732923850425
1.3934102209912498
1.0950762605015172
1.3118347373554184
1.4018274469586940
1.2147621585893094
0.7276165133428659
1.4019321056571088
1.3316874819523381
1.3304010198376730
1.3591830829370972
1.3920950026981083
0.5198950688894389
1.4249596246963447
1.3614136001722521
0.4897258837706502
0.9339270763138716
1.3985743176188139
1.0071322678731938
0.9617181603131189
1.1205611520859455
1.3838099693660746
1.3206626410255922
1.4382134726213516
0.5441972960489098
1.4358950955550394
0.9191970234119730
1.4492515710758955
1.2032822877267144
1.4267611385773757
1.2038076408920715
0.9126765648843012
1.1007310593481359
1.4447622782669485
1.0956165164948497
1.0760159979290371
1.4002905811290696
1.4185960250618102
0.3752314612800480
1.3023722658666896
1.4190338335667856
1.2871797202617545
1.4336857639159177
1.4274241553876843
1.4251566915907383
0.6307712072402728
1.2459206704622166
0.4631198945554802
1.2930138519202909
0.6504188035609560
1.4370874860513689
0.9052582092886041
0.9043170672208550
1.4419656556263900
0.3296498923832825
1.4333431356479374
1.3731720479165419
0.3080076314326630
1.3631735339246547
1.1180470965920499
1.2162937784228445
0.8236037935370567
1.0565930591670167
1.3452189392918898
0.5266483264265795
1.3543638329053020
1.3300765842836482
1.3499124622799243
1.4002249129680744
0.4008070837586478
1.3440171771232670
1.4091347267589307
1.3664433747240798
1.1738852295231761
1.4067688814126644
1.4258105347999563
1.3792493869233671
1.2763467529016992
1.4578339923295451
0.5788978240084581
1.3008914762579995
1.2233589581493771
1.4200262052216750
1.3990987160980166
1.4603853905846682
1.2268041607281543
1.2936507373490489
1.4317972021981653
1.0194298930063010
1.3681542756985314
0.9251091996037776
1.4325072140182136
1.1173921042788697
1.1567762786938731
0.8073781816813055
0.7180737235292906
1.4503735306025614
1.4280906074131525
1.0134146880719819
1.4696228405068841
1.3965842712710062
1.2626001894362908
1.4136121755696263
1.0583586942171723
1.2686906158343503
1.0913228603182334
0.3053101813373841
1.1519212253781819
0.8421783463019361
1.4248566900545219
1.4489922514780391
0.5439921864383177
0.6908736201163105
1.4810227312721203
1.2455194816208564
1.4129960723713066
1.4460291557467042
1.1861979110930470
1.3996082905454406
1.1892715011276329
1.4619331882792121
1.0122429225796299
1.3447088811422301
1.2672525903924570
1.3727099606991422
1.2970290533314184
1.2489973040631528
1.4080392019276160
1.3776846193613639
0.7615505185821168
1.3213695861737527
1.0282210215629386
0.3873020816085720
1.4231070975825642
1.3694263945115002
0.8883803584050404
1.1308032885615369
0.3163874763137057
1.4109828582851733
1.3196704014908218
1.3582087115847141
1.2719029663969237
1.3156273762666288
1.2387763180929656
0.4404902678380098
1.4644842345721316
1.3139686373726376
1.4529157014968272
1.4190078841779836
1.1518272146870854
1.4698502517555763
0.8230367359628875
1.4318888777148386
