-0.5894550368183248
-0.8715728972874116
0.0147987763227800
-0.3548045280964273
-0.4885284071511150
-0.9983890164889064
0.2747759766224986
-0.3429138727323027
-0.5489176017378409
-1.3265280757601614
-2.2424075516320126
-1.4182086944716024
-0.7721608249728208
0.3014094194485477
-1.3678526784418494
-0.2989130955874708
-1.7521144042108252
-1.0434688050681493
-0.5097787895597548
-0.2258393265163538
0.0683860494396512
-1.4524412084601543
-0.9073452125899355
-1.4201593048506116
-0.8139068663224155
-0.1625679520491637
-0.7918975424046413
-0.3899812775357714
-1.3340190762662145
-0.3455647082212477
-0.6719799798939956
0.4581065524911769
-0.1342862776431287
-1.1852319121648032
0.3713622988921836
-1.5684484900392319
-0.2071850521485038
-1.6845718222499440
-0.5786889019284396
-0.7841268300937196
-0.8441400609598368
-0.4101881869951061
-1.0602254122125807
-1.9422738963372219
-0.8628400246586112
-0.5868612834349207
-0.8337340778851898
-0.6563313594495747
-0.6029425830834432
-2.0128754512694105
-0.1819567279499215
-0.5990996674546458
-1.3844234556731523
0.1866080548954129
-1.4914606710992699
-0.9303551293880399
-1.9280341731119668
-1.3204908273702671
-0.0937939444763335
-0.8845572832670844
-0.8741528760458217
-1.0758706472260191
-0.4230061470918515
-0.4835021987782430
-0.3748405209312711
-0.1070431400395564
-1.6520609367921526
-0.7927482894234400
-0.0738638262467594
-2.5974087013427178
-0.1327371954295496
-0.2870988909285810
-0.6596074468888717
0.2338416304914360
-0.5754939051560691
-0.4925830640164938
-1.0661070444415250
-0.3497531078474823
-0.9608360234465882
0.1668948226873532
0.5093696561540417
-0.5639447310061669
-1.9631379303836347
-1.3294464433064395
-0.8726960589195019
-0.5594475916415094
-0.8172271257323867
-1.0267341092452669
0.0472053554516897
-0.9289478644861717
-1.2424158534213612
-0.4352712627566487
0.7396050042268993
-0.6939418849225458
-0.6408664129531025
-0.2451303464815010
0.2542817396795492
-1.3584302515433453
-0.4308754800382309
-0.8291382882901173
-0.4377944293750367
-0.3673234393648087
-0.1653979051352520
0.2519623393659384
-0.0201809354209020
0.0064079886727678
1.7486936998236284
-0.2192771602550142
-0.3883787570802166
-1.9792308836483423
-0.8141455007463403
-0.2538826085342035
0.0848006826246833
-0.6573110298292270
-1.0807505405949465
-0.7147565188187892
-0.2960324062107146
-1.5976131576825849
-0.3240773896293491
0.3232584007155100
0.4575278965319197
-0.0287438658187033
0.0722501418372184
0.0800266457089703
-1.3446020301213006
-0.5406866685855686
-2.4941183921263521
-2.3346452497424135
0.1635704785009571
-2.2852724434847631
-1.1864660924689103
-0.7402448536408689
-0.4779462554066184
-0.0970204010020092
-0.0536927059119775
-0.9211456187681442
-0.4000484729997462
0.0508874783638493
-1.1203156951453415
-0.4630316422607082
-0.3355739508398337
-0.4954048195286675
-1.1521329646762293
-1.3274469546957479
-0.7381959503866614
0.9581072913592014
-0.2155166863880704
-0.6782529437505290
-0.3019043744124824
0.0548015972375141
-1.0874881259952467
-1.0811906588909690
-0.2031866325353154
-0.6049826057481822
-2.2513230794187180
-1.0275486611900173
-0.8607560751139134
-1.2807686007153818
0.2799033893966120
-0.6259591813090746
-0.0168044629017660
-1.0916194276611162
-0.5683033324519756
-0.1246823093144139
0.2142064835829655
0.0183143620771055
-0.0804441166447797
-0.6998984573041289
0.1031080822031768
-1.4594619030455600
-0.0377419533817635
-0.0233111350686106
-0.2357570388870181
-1.0001577057158610
-0.3113961101891021
-0.3262190628011110
-0.0484901958411720
-0.4705571189908979
-0.1746794040392174
-0.3756557358211047
-1.4751786563641529
-0.6452824608510279
-0.6201003858930874
-1.4154205249560887
-1.0403110899688053
-0.5398680227822109
-0.3757403281681820
-2.5360669339118758
-0.6689239663631080
-0.1243926188539593
-0.4232667506969211
-0.3133527844838314
0.0260673039557440
-0.2918462144527408
0.9381139207372363
-0.5779072894583887
-0.0841740747056189
-1.7093649660417030
-1.2660619199744136
-1.3546002278882816
-1.5191794430758085
-2.0519532568376375
-0.3784651269935310
-0.9638164674435786
-0.0008268058385081
-0.8123330965867877
-0.5155720994878722
-0.2725340533143735
-0.5244704368930537
-0.0187643789118762
-0.1736550475399756
-0.6354914238899294
-0.8960481447682546
-0.2606865888856318
-0.3987353677315769
-0.8816525458427777
-0.3862140688642708
-0.7175683589730966
-1.2817442678271080
-1.9134047858595249
-0.6660935486281108
-1.0567176552142823
-0.2184477438366673
0.0710750961976572
-0.2084869265608396
-1.1148530946691924
-0.3970498011439781
0.1276279669304998
-1.5747194645980136
0.3481056620967836
-0.3939267081737708
0.4014244623589358
0.0492479409570234
-1.5923337678715828
-0.7042825898591545
-0.6274938075905412
0.0387084303202120
0.4910160051464239
-0.7741949519654436
-0.4144932334719356
-0.6663292827948587
-1.7581161132474736
-1.6649796162222132
-0.1786284619711270
-0.5008982849435001
-1.0665316987320410
-0.8556512601456017
0.1515602709302524
-1.3386393449001481
-0.4622194017076927
-0.5007498126539298
-0.4029713272629024
-0.3764099926030953
-1.0029635703927626
-0.6914564666711617
-0.2513500642522150
-0.3623253587311948
-0.7107647766857819
-0.4374963048172299
-0.9998110189959413
-0.5575128165264835
-1.3293847319479830
-0.0423662760608962
-2.7370504462263985
-0.2504547000698105
-1.4996336559155390
-0.8036198984376127
-0.4463700413409231
-0.9971038478095015
0.4343463224276217
0.2967041427595914
-1.1225109073803097
-0.9993410208122446
-0.3507222315507588
-1.4082159684854156
-2.0911232686901511
-0.8083259686400741
-0.9854683256892705
-1.3024515133975021
-0.0493114398996577
-0.1286649668536931
-0.9176307094646338
-1.1053046271546720
-2.6893823142407074
-0.3206890929431749
-1.7380940424259801
-0.5754160072882143
-0.0191689290225156
0.0932436832194324
-0.8373801559080520
-0.1478139540202760
0.0268391372703697
-0.8072129530989002
-1.3722494372474547
-0.0929082285460864
-1.5217988257208355
-0.0495228403212625
0.1562366238764079
-0.0857657966375314
-0.5585524430478974
0.1123344711681766
-1.5368131061302153
-1.1455769510287319
-0.1115424649525035
-0.5519911665264035
-1.6547052406795439
-0.3027418675311622
-1.1527282009015549
-1.4181248784023130
-0.6452384891819383
-0.8930471577656900
-1.6748565733124570
0.0681614340200495
0.2883343271891238
-0.4699393828281577
-1.1160255757495687
-1.9669129769694127
-1.1253906468480463
-1.1406630337924948
-1.8201645741293420
-0.7549894266441393
0.5371356595280787
-1.9918559445394908
-0.9893942287169764
-0.7593828870939956
-0.6438152519049062
-0.9307137375874803
-0.9570676534643209
-0.3817168062997333
-1.6197120919383268
0.1264580034303918
-0.2978759088843214
-0.2569499333501218
-1.2475165637859837
-0.0606052467693542
-3.4488584552417931
-0.3841559149292664
-0.2836879942775412
0.0894372910566430
-1.1306232761089468
-2.7824008655281904
-0.3662178516883293
0.5750748258913014
0.0055800816736808
-0.1927271059652170
-0.8006138313928474
0.1121150523039277
-0.4780242780508566
0.0591916096625707
-0.2145776012012365
-1.6905781084094720
-0.9026589674361215
-0.8108429999704053
-0.8303422096734968
-1.2964090507477761
-0.2538327374932144
-0.1388838306592402
-1.0259666291901228
-0.0750553851898396
-1.0393569577988708
-0.1462581444496001
-0.2711810034404709
-0.8636440101315120
0.1127643234862591
-1.4408722106623528
-0.9425806679729799
-0.0268469957421673
-0.6735160077680360
-0.7626728802361462
-0.1243956001034677
-0.4556411833894297
0.1670217911757718
-0.9418449529380891
-0.1832122421939548
-1.2683557471866136
-1.3335081875259236
-0.2799075395069797
-1.2428894371587116
-0.9221254651485387
-0.8557314569406053
-0.5414753006362801
-0.4862756306330809
-3.0789675280669102
-0.7748742703260054
0.1430033470857443
-1.4846471430887873
-1.1581032327843939
-1.4305308366888032
-0.7036352352832747
-0.2213635878287807
-1.2960237723026127
-0.7177314775471808
-1.0369051774313689
-1.2107474200982329
-0.3769046779270896
-1.0293170164952903
-1.0957859327995287
-1.4937594084778725
-0.5430667156393650
-0.5841194229424393
-0.7386893936460153
-0.2241424473250019
0.0680374759669686
-1.6013407794156849
-0.3870103066799240
-0.6945307351498157
-1.6135527725339749
-0.5237246904642232
-0.8158450246011757
-0.4921642208242115
-1.4400850940309375
-1.1304845764770730
-0.0851850024264756
-0.0051241048237609
-0.2471429760425616
-1.0165661630807217
0.2271518425903909
0.0400248540972171
-0.8459378069961221
-0.4137304680456097
-0.5826498767603169
-1.7651125826985348
-0.4021172334396583
-0.6489319806323747
-0.1746755959565919
-0.4145189501330097
-2.3227778887584734
0.2691491051974291
-0.5646584409173232
-0.2651085500901783
-0.4707321171208885
-0.6249127521025867
0.3040238530245356
-0.4001517792218562
-2.3535751930878979
0.1378762958842761
-1.0510703962113677
-1.0155681309418592
-0.4330456209138937
0.0735829984409347
0.3469841842069544
-0.1034988515145425
-0.5272088451055581
-0.1784620501297234
-0.2863901384155749
-0.0994634746053216
-1.4938129025697247
-0.3645557856740664
-0.0385960122240327
-0.1277967648181761
-0.1741853115373308
-0.7244618332060709
-1.0442681614358997
-0.6569368585588101
-0.0900637391089958
-0.9041969462674682
-1.2200808737497300
-0.8416494272168743
-1.9166804528219696
-1.0054330205767668
-0.7917299130193950
0.0433502968291194
0.6254527948400316
-0.0683331606386725
-0.5317572487552581
-1.3874049958650323
-1.4115405091677216
-0.9046728708569163
-1.9358917430056992
-0.3765189495344147
-0.3629086052397161
-1.5404547888931013
-1.0731299370328053
0.8878216259316800
-1.0299124021066495
-1.7409399693429852
0.1040682516486248
0.0179546854385198
0.0738947988464666
-0.6637277437954402
-0.0885469398482128
-0.1823898779344209
-1.5009856995007231
-1.8966052057194100
0.6538085447971976
-0.9084149872357603
-0.4392291717956585
-0.4229841395133982
-0.1076273869755562
-0.4324393334920645
0.3179887187455888
0.0700796792010709
0.2311444760855760
-0.1237377682517065
0.2131382606933069
-1.7921388231431772
-0.5160312301072337
-0.7213504952537367
-1.0738036527571919
0.3067396143860209
-1.5627967150942392
-0.8092237036565983
-2.0151502688458747
0.2714689108141076
-0.5056837932255721
-1.1991258998397101
0.2127370963830646
-0.2333842442770335
-0.0376813212887104
-0.4983038147171847
0.1469563597612628
-1.4358207502651936
-0.7665827480412515
-0.3639493085968222
0.0233605208753620
-0.4602144877996113
1.7119427389289417
-2.0350461148488148
0.0388707365995619
-0.2193932096559147
-0.9915448557792809
-1.3130388042828689
-0.7921324514204121
-0.4090451084611996
-0.5912724922035856
-0.0373538461093683
-0.1317189460471133
-0.2350332729920206
-1.5771471388258242
-0.2002124974901868
0.3255694282429968
-0.8211883757980322
-0.1921754386865640
-0.6643306781052298
-0.6299458484193126
0.2022645200539261
-0.2112304522764663
0.1403644367242451
-0.2242188141143903
-1.2355830307923019
-0.3355250159148626
-0.0387468053672234
-0.1574926399029070
-0.9162573072629255
-0.4320775205750536
0.1101181785669996
-2.1337592924095881
-0.5029048979850820
-0.2935826135155959
-0.7405218875265570
-0.5977363363100602
-1.7152681916873262
0.3512677775245089
-0.6681903682415329
-0.8722843207674391
-0.3464071365950130
-0.5165693430856590
-1.2132751093965763
0.0750876838608029
-2.5027567502804597
-0.0932210250973646
0.0520215544968934
-1.3087401154477685
-0.6302787732001782
-0.1687534697285761
-0.9930441165367031
0.1654811346163416
-0.2156941231773828
-0.3999193202640305
-0.6015251969676927
-0.8955554467940220
-0.4500880571007795
-1.1606303926724542
-0.7244659919613480
-0.3294656142905396
-1.3550411682195984
-1.3987982835810620
-0.6796512164624541
-0.8183499338832557
-0.1878759636406465
-1.3479092398235533
-0.0496121075804107
-1.1746559368041358
-0.9770677026112835
-0.2098360608109648
-0.2622230709494633
-0.1689103583946855
-0.0662311407098488
-1.3704211442736873
-0.9003605501312647
-0.8070009408645133
-0.5852279496234651
0.0309213593883550
-0.4692602029061045
-1.4357069443631643
-0.2438834818766444
0.1547900855121876
-1.1604396787678721
0.0104202514751127
-0.2852642688360570
-2.1920271444284265
-0.2811407021409903
0.0231211541889509
-0.7371137780739666
0.3430120312338433
-1.4663639803738677
-1.3322589300477565
0.2007310489639406
0.0961915318701989
-0.3005908871406659
-0.2154062884991657
-1.1870508149016084
-0.4286793301394310
-0.4953711946792650
-0.2058516019172117
-0.0189351834875594
-0.8499490859554547
0.7563084647945253
-0.8417824376022687
-0.0592412676716432
-0.8717107105361770
-0.1223895323342055
0.5315275145079595
0.0469085099554475
-1.1110132248853686
-0.0838527702856750
-0.4788360845713274
-0.0406932481215111
-1.5865331317764750
0.0464557731064116
-0.3001576351865997
-1.1223695121515513
-0.3616881944204916
-1.0984715841352524
0.2873614981440557
-0.6444790874009969
-1.3258725606605526
-1.4447231270229615
-0.0498183037027279
-0.3055774265938644
-1.1977452335541998
-1.3840262032649060
-0.8687279501442816
-1.0938832570125412
-0.0667284378504662
0.3518377362955411
0.4660785418705909
-0.1489752611807497
-0.3036297838453705
-0.1297490893386890
0.2686528047700358
0.5430032339575798
0.0042970828802673
-0.0298202565419495
-0.9534618829057901
-0.2158219457463464
-0.1090239368861397
-0.8061225670723694
-0.5037082887723944
-0.0017079050524992
-1.6038264106706228
0.2871149801207167
-0.2922001388000156
-1.3772455590757049
-0.0818247166184988
-1.2503315654645759
-0.6006537798683236
-0.9787118829791288
-0.2560477122785653
-0.0482456626118347
-0.7356361842374303
-0.6081202770553520
-0.4258803887973450
-0.0029172377420309
0.0649049283821272
-0.0418376797589888
-0.5635203377140873
-0.3844832159808338
0.1574236915945723
-2.3672557745154461
0.2524720990830028
-0.4322259086502434
-0.1850698412754745
0.3780108751294518
-0.6117342923717923
1.0721579502193381
-0.5858797029587743
-0.9223265152164456
-1.1840316925624303
-0.0014468433477633
-0.8693644834067635
-0.3740781558970463
-1.9494698848848202
0.1327832769964646
0.2033417304875496
-0.2991485641973680
-0.2108233635292558
-0.1423339156994946
-1.1688246119281078
0.1453124616861910
-1.0164514889524232
-0.2892463742989533
-0.6344711165110345
-1.0428504740617075
-0.6164524718908962
-1.0128550051261103
0.1767243145972810
-0.8307269517269535
-1.4242533125560077
-0.2624550144100708
-0.2480744300001815
-1.0447655035559689
-0.0473878137146049
-0.5759225842437612
0.1296939187241914
-1.0066300315472119
-0.1434027800157223
0.3073466903809695
-0.2254761940209324
0.0749834427702507
-2.0612751748919238
-0.1655530188206649
-1.6022642643156113
-1.3189796956133757
-1.4170763916648148
0.0901300275498694
-0.0212599143837264
-0.7125909799736241
0.0153580972233889
-0.6051828508978890
-0.2975204957036324
-0.1097080890044164
-2.7609714629913928
0.1070832866711143
-1.9522535369914542
-0.3221638644984356
0.6551039709353910
0.1771287828888579
-0.8412121397456440
-0.4513641784630018
-0.7231512255509152
-0.8653090518032969
-0.2147949865094642
-0.2584074034628992
-0.8888356128253150
-0.1127667785277301
-0.7600222141063954
-0.2827107108042716
-0.2772997394471780
0.2839853117529859
-0.7397096685401749
-0.3112245933937361
-1.2624341165831623
-0.5236316336589640
-0.0108721895886223
-0.5004539442603675
-1.4230553500612821
-1.7755559463910293
0.3810955236313271
-1.4989196737087827
-0.5836963636750545
-0.4179495917327478
-0.6675258684932417
0.1549254545444221
-1.1868398622762784
-0.9079354932188324
-0.5338206899325652
-1.3342175995031396
-0.8100770542664212
-1.1449079712379149
-0.0058711192106982
-0.8345201194545120
-0.8829315968015883
-0.5374525954758729
-0.7319840279786403
-0.3326817509621238
-1.4199729750544803
-0.6782468267946592
0.2702250750935974
0.0076875581822318
-0.1423316953462583
-1.0771289709121172
-0.5126001524517817
-1.4758541518953869
-1.8406258972242391
-0.5256135263261007
-0.5353630878606498
-0.6557843181301310
-1.2314529994010721
0.0343492419414510
0.2116080277886676
-0.3768576969309383
-0.6055988906531884
-3.1516728968548557
-1.3512985519755440
-0.4831737606315127
-0.6371512005619113
-0.3550739545666350
-0.9204647697530636
0.3992791641632347
-0.1854939224230508
-0.6768468727944791
-0.4317524612421987
-0.8555751820591145
-1.0825666469674486
-1.4291580425607020
-0.2869915037713905
0.1231806547990703
-0.5944404356993165
-0.2534207302113141
-1.1139438087045113
0.0560580646327026
-0.4655785879087417
-0.7987276561926072
-0.2496819445352652
-0.3394275883168800
-0.8635496693445199
-0.2484537712643312
-0.8316350128290686
-0.5082349901418892
-0.3223570613622488
-0.0029236381193154
0.4588296060391233
-0.1736244118883889
-1.5922967758825219
-0.2390321565858182
-0.4044600333071372
-2.0531520538344137
-0.2432687474439946
-0.0961792666786099
-0.3919488539081124
-0.6297306700515466
0.0916272738115922
-1.1154295404715073
0.0383724047980689
-0.2671673894858367
0.1279124251473361
-1.4198572603882085
-0.7302183578041720
-1.0844809914697902
-0.5665463041855798
-0.5892888605289518
-1.6247783650968299
-1.6400852774309853
0.3545434614886318
-1.3910275300835200
0.1444076401387085
0.0737528673506756
0.4386896277014102
-1.2950333137254628
-2.3652033673272546
-1.2185414968577293
-0.6180170505728447
0.0420821341542350
-0.1524782373225556
-0.6265351326375131
-1.1192583569849337
0.3560973302183680
-1.5368457734219416
-0.6344781147636899
-0.3864978565057491
-0.1199072028400607
-0.7167715198177439
-0.3772962330396974
-0.8172675731082620
0.0006015620643313
-0.1558617624380096
0.1601664215228456
-0.0979610674523008
-1.7188933610590766
0.1673699739117116
-1.0495765012497766
-1.0599696694960239
-0.1044635861260386
-0.0259325240307086
0.3543394842805896
-1.4903696163164646
-0.5816925417822909
-0.5506373294109366
-0.2649604912105319
0.3967317690288023
-0.0185191488674966
-0.6271476897608980
-0.5802831396010961
-0.0850180562992991
-0.8707848964308709
0.1978094890163112
-0.6762388035978310
0.0402798172401393
-1.0709928470911942
0.0556595192421425
0.2439623740588656
-0.3287445895455904
-0.1850652856296451
-0.6651143772336304
-2.5926906881694078
0.6071070880001226
-0.3021822724660256
-1.2906362504080724
0.0918821884162796
-1.1073695002033876
0.0089176181617614
-0.4371911785330749
-0.1001005759751826
-1.4237529840204901
0.3997957038774878
-0.0433530506991925
-0.2397943835514184
0.4515539071094687
-0.5421462776298764
-0.7990706578687398
-0.9623640608156375
-1.1142118179376848
-0.1085885052270582
-0.3263973203519970
-0.4946554973351093
-0.3631192946406280
-0.6612533190172021
-1.0453847733229535
-0.7306218428155286
-2.2238736777072456
-0.2278231324358279
-0.2911948149839181
0.1279159107420050
-0.8963100390965727
-0.2253033538787511
-2.3529701549188018
-0.9324996388051232
-0.4895520380134956
-1.1678944036699896
-0.0409847086685547
0.2265289322772596
0.0251930986213792
-1.5716992205500167
-0.8397572272936472
-1.8697164769998100
-0.4432767318866125
-1.0076534204859380
-1.4944116149361464
-0.6508714618267425
-1.0213604117515003
-1.2512774945766227
-0.2748987483786135
0.1168595710212589
-0.4388880094177071
-1.3977383320307359
-0.3649140947399606
0.0099934954902284
0.3162802344078759
-0.2018900718036263
0.0342957432095259
-0.9222680831544829
-1.1488847475321009
-0.7476206686345891
-0.7786239486587100
0.6557920865259800
-0.8359065306306460
-1.3123031964749063
-0.7346826362918467
-0.1185802490883697
-1.1024943821071225
0.2347053990654897
-0.1167298283718943
-0.7278593369742457
-0.2699858188868632
-0.3725599638757072
-0.9200827717027937
-0.3967858253608259
-1.6617850955710198
-1.8372164769817012
-0.2106825999975613
-0.8567912257031166
-0.7402227613717172
-1.6539723238907544
0.2431219945451258
-1.1351766017277882
0.0950600190171009
-0.8767812410767629
-0.6645444829956336
-0.5755427653257174
-1.4536548241642759
-0.3483108857523656
-0.9378532512328326
0.0439393708839924
-1.0214007886383498
-1.4024443233671426
-0.0305718386852318
-0.7537811245714529
-0.9550275057784223
-0.3617982409740721
-0.0708573444868072
-0.5711921029010800
-1.1089020629376929
-1.6424938870066719
-2.0345806616872375
0.8789258474346372
-0.2120495403269683
-0.7942693858257913
-1.6098854111595333
-2.0500127358844185
