1.3991089949496265
1.4576961514567892
1.2788148977990383
1.4516192252650386
1.3228234389807039
1.2516522669543009
1.4277954481204134
1.3703750930214829
1.2929996923293137
1.3477451071814575
1.1254060894157976
1.4523421694620149
0.8135014208778673
1.4172877996166975
1.4543570494365048
1.3690448547378742
1.3693425808927580
1.4471965650668739
0.8981700926942543
1.3042143314179879
1.4082241332064713
1.0460064500323114
1.4540648833902168
1.4538827043711693
1.1423410183293556
1.4200570100553487
1.4647226165459888
1.4682073859158615
0.7864402141914633
1.1831265154931543
1.1896104338469091
1.4140675693989841
1.4230952560816870
1.1513923906833312
1.4584133766257081
1.2801450559262424
1.4109164237812930
0.9814747703694622
1.4466275555337411
1.3303041831997380
0.3229369454742279
0.4805178696282011
1.3064501209847332
1.2039236972736092
0.3862723298846646
1.1412898784856793
0.8847062049165471
1.3862627515134218
1.2101633831749459
1.2535718316788735
1.2912215250416486
1.4581106232077010
0.6446909658259689
0.7084685774774880
1.1229428206554921
1.3750483389486419
1.4272110952894261
0.6486350660506397
1.4152845460776340
1.4436848212510760
0.9218243975280124
1.4287958930543359
1.1523097474201340
1.3843161681342337
1.2380784341511852
1.4239148224355811
1.0534078544131722
1.0930159088304059
0.9231471749451223
1.0917093299542375
1.3988360676703901
0.5369609081060767
1.4067679769730668
1.3473015927728376
1.4796383453209807
1.4474635810383225
1.4581855230258682
1.4488712724163224
0.7564815067865626
1.4529909824617311
0.4717820789157687
1.2541125518587251
1.4666809569985153
0.4191181826478436
1.4237556778917884
1.2106099522692817
1.4387547673744510
1.1311047560082907
1.2569608565630512
1.3592278799720827
1.4243979565466243
0.5016496570933032
1.4345634255575925
1.4303492362701009
1.0577808735411827
1.2803031521174224
1.4132134817160757
0.2952313029960115
0.9995643686907791
0.8072850672628561
1.0102552502215765
0.5535339726850832
1.3980979662425452
1.4022558546270656
1.4030253699215816
1.2474661131771561
1.4412752437613532
0.3004450949335880
1.3110404130110573
0.4859254767754696
0.5595482876865887
1.3101757687647586
1.3237107839832478
1.4366934210287381
0.8691311338963189
1.1231168956126798
1.3597033684382158
1.2581237233075853
1.4105048630710462
0.8306376517263210
1.1394685119470886
1.4053411486155425
1.1972057246090355
1.3973938997663307
1.2301042756001415
1.3443473687948120
1.3906529416947309
1.3197449785171511
1.4195284512242956
1.0414427501701495
1.4319844276577582
1.3121495397600305
1.4479672066955498
1.2410674320300021
1.2667580731574950
0.7820909882578801
1.0362004813739907
0.8818704798229061
1.4433388672103269
1.4409647631102089
0.7256554500138633
1.1594393026803422
1.1987366214879323
1.3802388530087397
1.1843551741160481
1.4557559328929763
1.4378224927219356
0.4960704810795408
0.8682239348561412
1.1121326553319351
1.3909022087645073
1.3531679835885768
1.3926266997280783
0.3336945141043717
1.3685352372816035
1.3046469276334614
1.3486769238770087
1.0863791314882729
1.4287415492569968
0.8376411265233001
1.4452329325268365
1.3879738751869939
1.4706343745977635
0.9752770812606982
1.2274980981919159
0.8660664623456539
1.4759636222478068
0.7378014843926676
1.4083513046501959
1.1994647764656121
1.2039667043116253
1.2397791324652343
1.4621760168081752
0.9644079129047752
1.2781733827682349
1.3419959007449782
1.1657040766869764
1.4447579075380894
1.4193391671562028
0.9091425401730461
1.3386699017388231
1.3311039907060731
1.4805834303538599
0.5123000800863490
1.2597746433231312
1.2154303662060699
1.4404927406529791
1.3848059786272948
1.0632140707767519
1.4301915178044358
1.4267557682575436
0.8959015441846696
1.4531497402917977
1.4387689075452161
1.4612972131617865
0.7772131977861887
1.4638714456834669
1.1876298226884210
1.0086257459107908
1.1475925292163200
0.7901847507785861
0.3602662294654249
0.9491314995651448
1.4396524284234982
1.1856431917005708
1.4535193557724433
1.4352333105512700
1.3158314003719480
1.3485482169202778
1.3993701996823444
1.1470589459966753
1.4513964823185295
1.3877009591215728
0.4968566862528214
1.2066331732430839
1.3476542107212828
1.4285415266258716
1.4314453144993813
1.1128564422766931
1.3790569547816647
0.8884315000481270
1.3435542553484736
1.4154355404724870
1.3412344410684898
1.1974495461559618
1.3622864202891438
1.4705529067404155
1.3588966588731577
1.3594624955542201
1.3807446994372583
1.4700304291650554
0.5069301902997708
1.4668459192835137
1.3304932185349911
1.3521338012268842
1.4413584499909711
1.3000646257991149
1.2168939367384770
1.4215986964554954
1.4125866594096794
1.3957260948883732
1.3225271263507303
0.4373788048973285
1.4260517084016167
1.4007763629110370
0.7381925803666043
1.2739065565652226
1.3385629982556562
1.4361300779870647
1.4562548581875843
1.3799085182438022
1.4287471323311336
0.6788978408074917
1.3344257202160135
1.2452231210034166
1.4430888115352263
1.4661939927027630
1.0441088437083541
1.3769308290937077
0.7161856889801109
1.3154769181887469
1.4323214525850343
1.4324502199691573
1.4317374599849233
1.3270946776840937
0.8217413540226178
1.2885901884580437
0.3055549115627723
1.0922014522987022
1.0609197353192030
0.7087250475847661
0.8208710016919722
1.3541598279499498
1.3943618934396285
1.4527615994839054
1.3436077173894194
1.4661229547233579
1.4580601034872640
1.3768444886969946
1.4364865089453003
1.3240821079560083
1.4468991763441821
1.4661732948043911
1.3831201671272222
1.3966655943132973
1.4750835227381653
1.3122451553246750
1.0705774091637510
1.0455160428587531
1.4495080039700867
1.4728553421484589
1.4404845772576287
1.3929893488543497
1.4042688535825809
1.3695198800807620
1.0553521456003410
1.4303772749808235
1.4304372088868100
1.3784817092460240
1.1095104004308123
1.3090398835444603
1.3736148764944784
1.2710217694511523
1.1810877653051890
1.1613740850100946
1.2799104677786837
1.3349765878408961
1.2947755364960256
1.2394877952582746
1.0780185464845644
0.9159477567483255
1.2556965209102928
0.7093831521229342
1.4316649847719798
1.1590831703680504
0.8409595018110846
1.3420768355198323
0.7867982069873877
1.3493162928732676
1.3026947270204829
1.0632258875132612
1.0060339393497566
1.4237938422965284
1.4267777265660135
1.1251961134872166
0.8858869476517527
1.3854524185511292
1.3490570451278736
1.0884163883781184
1.4488143445173771
1.3520247509834282
1.4198439578819477
1.1925593697598191
1.4191912706948391
1.4188972711847425
1.3981098034427581
1.0180125364541870
1.3299073459336241
1.1529426215359799
0.8526843699751099
1.2810588522184183
1.2435784320567118
0.8970206605877669
1.3123134844935473
1.4203549627719920
1.3133882309838913
1.4325054406670947
1.1333207278982795
1.3270823722056302
1.4681827784940320
1.4323084070571155
1.2427193098274489
1.3453636708129724
1.3563816675344964
0.5631104788457414
1.4365665300887152
1.0952631253605987
1.4225649534648328
1.4399419144165015
1.4362025094528401
0.6167085047118590
0.8526098363255965
1.3903586037495899
1.2435947981095350
1.3065366607438040
1.2676496056220521
1.1426510459573860
0.6266067345760181
1.1378684064718467
1.4539476006481451
1.0744615256518646
1.1394970038093304
1.1664061775543475
1.3677647686469991
1.3579818044183967
1.2866826185215450
1.2949176893465975
1.4415143723785990
1.0921523859898215
1.4711606780121802
1.3152850071130198
1.3842701417141876
0.9555111969496524
1.1786227773061440
0.5936606907858424
0.7418481807458723
0.9838005465157461
1.3067251605802961
0.4199168367361202
0.4397438919499789
0.5531891960021804
1.3809276589757855
1.1090530415096445
1.3888652545189333
1.4659826289897648
0.6919179426673904
1.4209566761526138
1.4342243339565841
1.1222105944411684
0.6284692860661333
0.7686835237429922
1.3797443744822557
1.2624367298442134
1.3406533840441677
1.4410348525031420
0.8272972189331524
1.4504986700588820
0.9852496230545322
1.1871435061687665
0.4382994094251674
1.1985418343468544
1.4580504006826642
1.3738386250448917
0.9102430741536766
1.2071785880627732
1.4696286537809207
0.8298933761449134
1.1514219357914037
1.3347299388358396
1.0164707041335759
1.4057568440968298
0.9349902223038271
1.1837379714780869
1.3170008232173454
1.4149388854872853
0.3282040084287839
1.4433454679809776
1.4323098327297150
0.4890904628422208
1.3797116560642013
1.4795130871364188
1.4541828339624763
1.4450877372960262
0.5380620711365732
1.4354431997415300
1.0290219981498976
1.3330906341112627
0.6992674702685659
1.0370852716678924
0.8488238486554162
1.4522042276011076
1.2830778614187226
1.3396804920477159
0.8924031487053227
0.9703307100731515
0.6215587038105695
0.7825934395173965
1.4264123430012632
0.3178895698448996
1.3909123941827239
1.4118500946601669
1.4587545455545872
1.3062805351338909
1.1094657112680899
1.4312674277913360
1.4367819836954792
1.0451549511958154
1.2069271413035765
1.4047583542553261
1.0928017192803694
0.5108243066314003
1.4102660756671981
1.2956242715829274
1.2171884568603579
0.7480750507976712
1.3400197230267297
1.2423948192808507
1.2452383028707090
0.6983280612162416
1.4193175267404465
0.7786695798871350
1.4200956258627455
1.4447837496819875
0.5156439009010192
0.6980585230396746
0.9415631639834843
1.0586309866499675
1.1377995676883630
1.3981482060907433
1.3255897408739779
1.2609178289332696
0.4281573146205709
1.3864712376399781
1.2307959494072984
1.2776515290424442
0.4664534926355599
1.3273224918641275
1.2938090134186908
1.1065310042479848
1.2372163181147959
1.2668006255724382
1.3197574043463924
0.9779795298166141
1.4045775127289641
1.4367186841381281
1.4512605595417145
1.4545550118043684
1.4349924213983911
1.3184174965293531
0.8688692510642735
1.2081275801391727
0.5103325708451841
1.1638052399280714
0.5751145486583694
1.2071584645589488
1.4389767118366155
1.2037542910923658
1.0690720185848308
1.4317992784911240
1.3660999026707108
1.3750913572405885
1.3894945574619160
1.2329195830535866
1.2077452849621120
1.3423856332746138
1.4256110986451394
1.2223339836897906
1.4105481981012777
1.3502106067017250
1.2864938949150044
1.0604398849575842
1.1662302689633908
0.6562912401609788
1.4110311892109020
1.2808965941238979
1.1637284544662410
1.4051571705699393
1.2516556489989294
1.3407978207883127
1.0935475231127862
1.1708639425759360
1.3414303733381703
1.4062730548177838
1.4010493016997327
1.4658077205130138
1.3170052845568514
1.4076721722907442
0.8560921212432359
1.3903394321624696
1.4435689028460565
1.4143318117879577
1.1932988047458484
0.7419091319490294
1.4251239728447467
1.3565056643213569
1.1490723365559166
1.2676217152671569
1.1749187024671159
1.2118427415453079
1.3362202412003299
1.1832647075892238
1.4076139380758852
0.9539515900086818
0.7189476300295222
1.2282995622968806
1.1474532484785140
1.3572329316629077
1.4330713023443959
1.3486833466124881
1.4217533348839795
0.7564993444470600
1.3230426073662627
1.3916396898932450
0.9811046839246784
1.4593598382745048
1.3947024304724589
1.4643794598950102
1.4330346719611438
1.3925422416578548
1.4519990936074798
1.4080050049530572
0.7359740969330697
1.2644752198614801
0.4027984932309432
1.3698385650768730
1.2367434639949646
1.2578970352039940
1.4756677480698253
1.0308063735065895
0.8525414465285382
1.4343422732089972
1.1064763303746088
1.3009330890627633
0.8409527559222003
1.3372379002371773
1.0165386219759289
0.4823645952243988
1.4320870874733258
1.3766786126528416
1.0134728437263660
1.4526584597034058
1.1021461375895176
1.0642938094909775
1.2815144765789914
1.4611591543149163
1.4108003843478809
1.2584268338513704
1.4289591452276267
0.8561746037136940
1.4669249354340432
1.3601828725078695
1.3378030764052133
1.4417165598338684
1.1213158251274062
1.3378468033220290
0.7558910647871150
1.4637772477775299
1.4041977589435271
1.3883410067039228
1.4254888722327028
1.4454067142839337
1.4133638535697517
1.1782940555521682
0.8908065572504277
1.3499122776712145
1.3016171964729821
1.4743169705178480
0.9646875615940078
1.2898277227288362
1.4149107280480728
0.8767891397902725
0.9169405129736976
0.5261619454558967
0.7189959177023655
1.3972113973194846
1.3348858316510683
1.4513298325170598
1.0728787993532107
1.3804992811704053
1.0150044336919097
1.3383825320562424
1.1530391580685451
1.1684386955953192
1.4644753683912863
0.5677550697333904
1.4695761717178808
1.0442474961024577
1.3211437177782710
1.2671543975348132
1.3185773488659303
0.5124962462555693
0.9938403853670099
1.2469604459974186
1.0126721646651236
1.3826243232785049
0.9594488375116308
1.3757818750935347
1.1772942652702141
1.2899336946045914
1.3709298181892573
1.4155248837089771
0.9645808975360063
0.9107316560826749
1.2688451098760978
1.1344142177391796
1.2876808695659365
0.4609389409787039
1.3894380593662499
1.1103781821743357
1.4079514067776031
1.4192483124524200
0.8282765204641990
0.9867955551936595
1.4692620523255706
1.4346423536176023
1.3212623463962472
1.4524385045799659
0.7655163071673079
1.2231387458497045
0.8895139229744721
1.4274435474707361
1.4214093420218468
1.2793669479236802
1.3701303044330659
0.6221440792422877
1.2365815501389497
0.9218251642361424
1.4182126348354176
0.7359328752307085
0.8580798919507532
0.3215704805555702
1.1444010890615477
1.3990262016740638
1.3814483794072094
1.3004791574709880
1.4178796641252329
0.9433984380061909
1.2131235307190047
1.4022678863468967
1.3322555228072779
1.0907158287107039
1.4333784552000794
1.2692595525541928
0.7866502986671310
1.0948057443231756
1.2030997672888650
1.3511602678862467
1.2847912448352026
1.4468697715581318
1.2649852145983713
1.4490326554420878
1.4442592343767908
1.4259853668892559
0.5133137997309238
1.4739231570766389
1.4277243448165198
0.6864322327634493
1.1885246158116050
1.4566045782077446
1.4443345511533168
1.1647202053285508
0.7046427390919656
1.1873767054644759
1.3518884688431099
0.3154515587530762
0.5902315752495477
1.1874748073928887
1.4658673100743607
1.0690856650457823
1.3209106866601228
1.4163900417083739
1.4002878791743820
1.4197665840647382
1.2457749764134263
1.0606616509880058
1.4225591507325437
1.3582127899365213
0.7300370724560613
1.3259447220161760
1.4517163206749870
1.3499763875341610
1.2462843232611396
1.2029434459433908
1.1981029251403528
1.1472122097699899
0.9807751849945356
1.1517131644446057
1.2152455102286281
1.4703474760345441
1.3641265023684044
1.1606282030445587
1.3714089969475132
1.3033081335334948
1.3467085613777992
1.4035442266700475
1.4158247050623072
1.4148409491447094
1.4335096893397761
1.4420418448690342
0.7690408515509780
1.4430431235931289
1.4152626810286582
1.1760636327940073
1.4346023181080667
1.3576673129238308
0.9869470190199967
0.9405134047276802
0.4744304429294050
1.3899551106641530
1.1209507730695440
0.7788360111650824
0.7463946239339564
0.4679763721567793
1.4701124413635953
0.5804859873882445
0.8888943256640719
1.0673851741705551
1.3441416624177671
0.6298527981990829
1.4813622476783910
1.3055812897428942
0.9790590433556120
1.0649443615846916
1.1802680039113913
1.1192920345383319
1.1157484990141515
1.3080937061608686
0.7704165073016663
1.0521456500198141
0.9523682037183343
1.4298840823509460
0.8454935109900469
1.4166780404939017
0.6634780639725431
1.2608580475721443
1.1621809511177148
1.4710201759491539
1.3957784474080044
1.4707454729179061
1.4533604032200378
1.3421603860453915
1.4281865229546935
1.2684287610257068
1.1953589533334597
1.1916950606888805
1.2792252790341920
0.8328484570779581
1.1788274500945717
1.2564418885623314
1.1879889200101232
1.3587502442122841
1.4133147650533899
0.8319104874510013
0.9025437384733447
1.3369649005716278
1.3212853803402445
1.4022075100252527
0.4777041935104930
1.2335926234069496
1.3523597687822893
0.9898642263304567
1.3299029248065437
1.2785122041189978
0.9796534803719327
0.9592448385166158
1.3366352171028455
0.9257368456881847
1.4710162731229401
1.4639644202703215
1.4237077627090020
1.4072557892608726
1.3628139166791535
0.8388505587736432
1.3220385627419298
1.4222480633176562
1.3201997538731058
1.4687599108893481
0.8807823950074094
1.3961837110830191
0.5317933928632160
0.9299003847812489
1.3956952119810757
0.9080918615243923
1.2019322484086998
0.4293693701225296
1.0431559771190304
1.1793898353814767
1.2123388732756517
1.3916650579582952
1.1308279695255854
1.2042159542987492
0.7131562691957413
1.0594989921290223
0.6371541383377632
0.8984156366330801
1.3484642942890586
1.3077958389080593
1.3459555633539169
1.4157101461096817
1.2716440058673941
1.2274043529501724
1.1735268805263530
1.1498139692002853
0.7013274567754360
1.0031711935595153
1.4341512529470695
0.9813910922123873
0.9513020333683093
0.7406278502253653
1.4247603589072924
1.4020383068721609
0.9689627655110256
1.2018143167185114
0.9504924162215312
1.2067651150634429
1.4759450576848179
1.3914911014687701
1.4544490178685370
0.6561912245229914
1.0013724654561456
1.1761858503554958
1.2585014170601803
1.4526313053668087
1.2073622509248394
1.2413547040018678
1.4200455604997779
1.0244095860160023
0.8958050383205908
1.4208405608842773
1.4414860189648167
0.8505661740690917
1.2584501366568446
1.3193766598251493
1.4045830424646431
1.4784693636774637
1.4597871872805290
1.4665275854348454
1.4038429624065869
1.3820417798147351
0.9883710171606027
1.3387559185894966
1.1754890717814583
1.4746422776901211
1.2658748591217841
1.3597566851985501
1.2890810472620873
1.3554328555375701
1.1462049730998471
1.3443125303008079
0.8377765155923999
1.4581410603468750
0.7626883343597158
1.0519536903812827
1.0098525805776724
1.1461178557006293
1.4299256808153062
1.2903580884468129
1.4534936936069516
1.2554171471538416
1.1098196304565100
1.4696054550260287
1.3127781886502847
1.4313191321445793
1.4465943363611260
0.9898377704147446
1.4264618251773216
1.4176618004064270
1.3223722724382267
1.4003537815998954
1.2898767589725961
1.2812488571903822
1.4266671002751736
1.1217751682697037
1.3295330867211765
0.6202500353481192
0.9942182409863862
1.4388175089305402
0.9440617313062135
1.2329855361047346
1.4563091800526438
1.1272383507917441
1.4667015397745020
1.3751814421305737
1.3799869620856842
0.8215429881117978
0.6774509382145791
1.3324356739330880
1.3377783515603052
1.1213516248004147
1.4227106383342889
0.2980355626661916
1.3026864757132455
1.0514697507344510
1.3422629813299527
0.6249919550440278
0.3147470951035883
1.4364054401396567
1.4334180399353840
0.9755889263888313
1.4432412577845053
1.2347515524746053
1.2893612476027723
1.2681843283108201
0.8384326186193578
1.3402898475388256
0.6053848214023029
0.4863511330861734
1.3236640239103725
0.5241990682500891
1.3820589614367549
0.9039745747932573
1.1610421915805713
0.8406945478705697
1.1391472953294963
0.8317644809318218
1.1206795753690200
1.2515042374052285
1.2980892742727990
1.4498508058730160
1.3575352312773952
1.2166885548526751
0.8293867553652290
1.2930054359431260
1.4675781776972499
1.2893892381836878
1.4302110944163777
0.9516597035297336
1.2962788442449409
0.9680439678155116
1.4235355935460092
1.3185400146637944
1.3501518681969968
1.2829553764218533
1.1887031141831010
1.3501795920875268
1.2322105507642644
1.3779354764264140
1.2156710204304915
1.3315227278315502
1.4030119002391677
1.3250300395879318
1.4445705346729238
0.5621410538339744
1.3924915702671656
1.3598209360284408
1.4384518752105520
1.4364886868192350
1.1679405220230523
1.3879598443526575
0.7742568823349063
