-1.8142816736167056
-0.4517780902168215
-1.9890331034492861
-1.9302519707730255
-3.1961613697882894
-1.4404692305094746
-1.7181542150015725
-0.7168133666578991
-1.1660571947331810
-0.3141603687468065
-0.0307619992072721
-0.0966110583182469
-0.6499063768123874
-1.3759653741654096
-0.5959441881196207
-2.4329846823425614
-0.1329864806984130
-2.2232753939694057
-0.7562555819928894
-0.7496873293406868
-0.1484655510830633
0.2641010475941020
-0.7774913282206311
-0.3430683862765164
-0.5526661019200232
0.3367615970688896
0.3026771970890230
0.4946631233708548
-0.0758660327033128
-0.6978667063529845
0.1408878156114892
-0.3143038504759237
0.2504872465053848
-0.1278091350420480
-1.6034210744165802
-0.7986041477806738
-0.8417240565583141
-0.0807407350111225
-0.3766025631114370
-1.2761372385560901
-1.3459386663072057
-0.9574675148972158
-0.3750868985453174
0.2638644119074615
-0.3769946143443830
-1.2490419326093893
-1.1279051667271269
-0.3626274569725071
-1.2770061666684036
-1.3959410151535394
-1.6650159702463168
-0.5618010888564378
-0.1222251725570389
-0.5811098586984790
-0.1759828878322696
-1.7318614096863851
-1.4214251053095066
0.0134359522153944
0.1049141952001544
-0.8759253991692119
-1.3858644040581554
-0.8530187037895629
-2.2283363496999162
-1.6377876307836208
-0.4156185279144363
-1.6916729325904909
-0.4252883202880275
-0.6579680146212598
-1.1074018947133208
-0.9245034710018645
-0.6278508448385931
-0.5727455464745573
0.0867470565238532
-1.0562270916544521
-0.3280312578446980
-0.5493173722803997
-1.7640266253322694
-0.8676222583820161
-1.7261376737516294
-0.3479981911332175
-0.8935008957037088
-1.0471743566777467
-0.6800910454194216
-0.4864947458457975
-0.4167418332806968
-0.2490337648665116
-0.7932426965277747
-2.0287793038879713
-1.6925721763093449
-1.0041637356978665
-0.4610683449994679
-1.0540783630661741
-0.8133150628778197
-0.3019436587009379
0.1168661548848926
-1.2350959606470551
-1.0438723796525680
-1.2802831773824765
0.0386245764327499
-1.1146422532677165
-0.0605483206346687
-0.6600639814359167
-0.2842417442993310
-0.0696763394556252
-0.8575525842660741
-0.7910371665141748
-0.7312007638929817
-1.2654844624592543
-0.6715272498571172
-0.5114389734503226
0.1037707385255349
-0.4444245691779717
-0.4753429165917388
-0.4051877944438191
-1.2116071857973707
-0.1360933339235718
-0.2731821778133217
-0.2061305539270317
-0.0442528288970358
-1.7362680671469981
-0.9096319823139439
-0.8964620970892341
-1.6227348404506863
-1.8891135391341887
-0.8420970756948730
0.0325872219908508
-0.8807732149632651
0.4034595965768238
-1.3247983719288507
-0.1618044576734655
-1.8869272072761689
-0.9704856530547933
-0.5889320937681931
-0.1416922748503904
-1.1387492024898158
-0.2361605794154386
-2.4046518958103733
-0.8116992905322148
-0.6468776616241334
-1.6474299141581268
-0.5538170387038155
-0.0785667084785977
-1.3341987280457157
-1.4836717986737145
-0.0988289101957945
-0.3275277466876181
-1.0125705873167270
-0.2365227527504672
-0.8453531272981351
-0.9377789318866168
-0.8239217511318738
-1.0303970655383383
0.2766835593172378
-0.4564198104573347
0.0777579130438179
0.2428109995064034
-0.1740242770688241
-0.2089184170329409
-1.0228007148603904
-0.9784739206805196
0.0470417710837055
-0.2126391441712557
-0.0508605314909180
-0.3666692038702046
-0.0912278924516405
0.1501706468573062
-0.5402310241926791
-0.8545752541696809
0.1135307271280907
0.0024007713262061
-1.4819410806841327
-0.3651949698300359
-0.2535636551753667
0.0925320452246228
-0.5392782616475136
-0.7367155583172494
-1.1239941330344265
-1.2148193609065772
-0.0423585014154429
-0.1053411518080390
-0.6189026904198810
-1.1344217967721872
-0.8927080500747572
-2.3025659018448708
-0.0672413637034708
-0.7614135891894683
0.1551742222197907
-0.5370987380838708
-0.3792966386599635
-1.1160555452830390
0.5850395450403626
-1.8310878169097886
-0.1128473967640295
-0.5812149308006351
-0.1926574669616395
-0.9622841518337089
0.2360251346111363
-1.8674085041743707
-1.0410547469014986
-0.4154039908081509
-1.3432757009942986
-0.9787558841535275
-0.9868814271616141
-1.7699744943651636
-0.5795318612423973
-0.5560513649191035
-0.4355564948748240
0.3417450214815383
-1.4389687286769313
-1.9181147373718355
-1.3285497093520318
-1.0678334173257609
-0.3534436839929444
-0.9534468462822312
-2.5800952951439027
-1.4589906124955034
-0.1727596583856375
-0.4190958681191038
-0.4419472873715170
-1.2415580894528775
-1.6197911496661512
-1.0421966571920733
0.3961571693258887
-0.9201396725905859
-0.6942246943120843
-1.1743828627614197
-0.6527844928711719
-0.4372076564440854
-2.9563483786563145
-0.9789026857329484
-0.9658186598039518
-0.2866782446068100
0.1680674841453967
0.1279584526195447
-1.7046785262347521
-0.1255798311729594
-0.0562046887812270
-2.2572073961154437
-0.1540623126607387
0.0182898580014677
0.1497819808726170
-0.5514180692004695
0.0118737127639968
-1.7406952705915262
-1.7482653261073047
-1.3858952802808695
-1.3419623591505272
-1.1123427222591575
-0.5931384736814276
-0.4179855519877022
-0.0351401235293432
-1.2563479054197659
-0.8666141694963102
-0.9276630757919483
0.3960850586336847
-0.3917346097606854
-0.1545169133784535
0.3018885104849122
-0.0191774264668876
-0.7744238085802051
1.0059122232985580
-0.0456000861149056
-0.8929086712923473
-0.5850290407667531
-2.2550628351936157
-0.2467930442674459
-1.9337918226126409
1.0928864946732892
-1.1733766211139978
-2.5890979315411013
-0.1187185745029633
-1.3549460771786939
-0.5171145015663049
-1.5579602841081324
-1.3799514694878139
-0.7805921454517684
-0.5964756423080710
-0.6174470178244514
-0.0145494185031318
-0.8131412019955397
-0.1531878046772044
-0.5556729642928228
-0.5532298391242030
-1.8218051773678934
-1.4808659783009646
-0.3488783127075754
-2.0650644008329846
0.0713766148844413
-0.9249514714783427
0.0576153741238105
0.2507334505406270
-0.6905264532704691
-0.3310835596879215
0.0734863246650619
-1.4226751636670099
-0.6175156902758113
-1.5248435590562592
-0.4312563388596194
0.3994067748003699
-1.6857603850387453
-2.2624848511201003
-0.4988001473306525
-1.5008484616288509
0.1361414230682650
-1.4061677073141627
-0.1629633276827946
-2.0842252021276244
-1.7378650690643229
-0.5332884332690789
-0.8680303684491023
-1.3770393550720694
-0.9959278925483349
-0.5665370109137913
-0.0393352067978732
-0.9079244846531717
-2.4580404333406869
-1.7445554375722228
0.1973748038031056
-0.9966767419946149
-0.2427141814437428
-0.1875691960966623
-0.5176417427363649
-0.7903160345672814
-1.4160940080247786
-1.0728619078532278
-0.7043876456568094
-0.4792975707865712
-0.7108567955003194
-1.4646721636409434
-0.1874878689548837
-0.6948329749562246
0.1932825322348943
0.4998692223085764
0.0205714229580002
-1.5416014724598279
-1.5957451219812071
-0.2270357232901534
-0.3028590289947751
-0.6693102693284534
0.1714326772307791
-1.9141811437943816
0.3189664145256891
-0.8087937254495307
-1.3655759522894959
-2.2258668697687165
-0.8482819668883835
0.0235666688536657
-0.0162061983602058
-1.5011037531000473
-0.5247881843575523
-0.3533486032515964
-0.7488828176470731
-1.2578152629383683
-0.2390316990178689
-0.5532843935951994
-0.1617654271130124
-0.2358680010322147
-0.9238076324971912
-1.8010245158466724
-1.0815294866388157
0.2341903562107386
0.2687945435225090
0.0529842483696091
-1.5125093456600585
-0.8711025257271089
-0.7333731833976137
-1.5101508119252482
-0.2289947236541404
-1.2137921697852467
-1.3056523727293023
-0.4801159014256380
-0.7161074917502057
-1.2494941453159762
-1.1597132503420724
0.5888350511280210
-0.9548907211694060
-2.2175071543019307
-1.0545171637855457
-0.3009152212710637
-1.2340524055751023
-1.2191691188460607
-0.9142782100145818
-0.6451383851139677
-0.6078910599355002
-0.9116699869171220
-0.7681079878441907
-0.4134753142955213
-1.5911458384371224
-1.2480022924272398
-0.0608970327235563
0.4237497070621309
-0.1229672068948749
0.3259667927654533
-0.6239433886759567
0.0721770602998281
-1.8946247986923326
-0.5063010060434864
-2.0281598174247919
-0.3199354793365819
-1.6358064350837223
-0.2710054348249332
-1.1953900237520951
-1.6322059756869420
-0.7893333683633208
-0.7302942816086796
-0.4656832000070903
-1.1610331913859993
-1.3824191511989605
-1.0377534360967819
-1.6828118425906973
0.0653378815023684
-0.5634928086822539
-0.2041686173683496
-1.8555270784728313
-0.9883020048190275
-0.6903386290948919
-1.7654428916232949
-1.5202379542360653
-0.6002292234639137
-1.6945196616086398
-0.9758372419533752
-0.6598018681733600
-0.9950743841501453
-0.0192793630198067
-1.0662655803680019
0.2173629467211551
0.0626117401234217
-1.0306384087545788
-1.3040121605597534
-1.1356842705818868
-1.7436563120545083
-0.5065901803647133
-1.7395643908694074
-0.5069172464349739
-0.0991648038422392
-1.1436073791426600
-0.2471496793905020
-2.7298989923518260
-0.7456784743385483
-1.3429636058917886
-1.7088817935488210
-0.8417461282634772
-0.4033596263189186
-0.1917242836176415
-0.1858313649893950
-1.8600953123980197
0.5011247977541816
-1.6097056037683268
-1.5444541893336019
-0.8897125339094308
-0.5417024099668249
0.6331357041446543
-0.5799920781783596
0.6795213905618699
-1.2529836707667492
-2.0928113753057089
-1.1854081728325805
-0.5588292806298778
-0.7583129960541819
-2.2868431524145842
0.2887950945759717
-0.8378013353543191
-0.4527421850672876
-0.2860585197321914
-0.2068301415056570
-1.3546904832094802
-1.1896378138894690
-0.2797512614436485
-2.2193995259969919
-1.6487199349628565
-1.4904249757149024
-0.6462306688332122
-0.1760166549964021
-0.0676253888116058
-1.2300142482309533
-1.5389255019115307
-0.7596768761605935
0.3796466340772053
-1.3784064272717376
-0.8951912852663516
-1.4694673455075635
-1.2526532641548462
-0.4140026918113837
-1.8612276946590609
0.3845341053945002
-0.6321194967119463
0.4079210261434423
-0.9873095727953244
-0.7957969076470295
-0.1334887568715696
-1.3082306693351824
-1.7995023476183436
-1.2078743153247555
0.2462664895687664
0.4214514048150569
-0.6116493660324799
-1.7581884687270661
-0.5384081972077397
-1.1984674007276415
-1.2900961188514457
-0.9571331125225210
-0.8761918302727473
-0.1505955814780506
-0.6308638485792352
-0.5462843683301848
-0.3530595853079810
-1.5074405758422513
-0.7701622403953950
-2.1232516943912065
-1.1326955695283381
-0.1984204033371076
0.2282031782724312
-1.7595591696825663
-1.7949322953519795
-1.3436464290482097
-2.8988407459202996
-0.7037239802204206
-0.3582866463714738
-1.3689879581974611
-0.2792703291448750
-0.6298931593598567
-0.6991214406807580
0.4040971896522140
-0.0265192049042299
-0.6575286775214599
-1.8253164092256979
-2.5132410708515724
-0.0716840437345019
-0.3181482568558390
-0.7523732404518267
0.3920581381973841
-0.0617951809506403
-1.2105043900800814
-0.8509366982467067
-0.5851632981488680
-0.5832052965111716
-1.6332240112190590
-1.2889886871803908
-0.8557511221727757
0.0040243130063104
-1.2976596275789218
-1.6929938651887402
0.1096456451181882
-0.6448873106306842
-0.8796910821459083
-1.3026423121854782
-0.0912154989035350
-0.2595302487051430
-0.4793418607066761
-0.4679869867267789
-0.6522420372690220
0.7294778796641682
-1.9112482942206788
-2.5559500033675033
0.1744120631252977
-1.0575784979190443
-0.5227676404488232
-1.3977308058149867
0.0386553537815441
0.1298172944570747
-0.7513684220917759
-1.1380962058630206
-0.4766475142535248
-1.2973822678063627
-0.3625095764346040
-1.0781127748490389
-0.7255021975349283
-1.4437342731972767
-0.2958876480379062
-3.5147629390771349
-0.7439304653311923
0.2845187287101340
-0.3910233048821390
-0.9347832173855599
-1.8153647335617085
-0.8308663077897713
-1.5493770636777762
-1.5932675956092921
-0.5450136951775172
-1.0698764081695102
-0.4791352485294273
-0.8172189851904048
-0.1744919586370661
-1.5333677974276345
-1.6828066719702770
-1.5544356488244928
-0.3799049315826278
-1.3862774054103648
-1.8079259503970662
-0.9273245272900286
-2.6864194604476284
-1.4200400344672588
-0.6390929986830305
-1.8137310458927420
-0.9194240424547859
-1.0127717039632960
-2.9203179304363984
-0.1131719853821044
-0.2989967640364637
-1.4684657709543003
-1.1799804442471462
-0.8719571012279369
-1.0507834458496459
-0.6570814981131816
-0.7605791810255644
-1.0184489894674700
0.4443390939644518
-1.7850704369297554
-1.0684154295826880
-1.6010569455073256
-1.6269202219847165
-0.6686294047702490
-1.8010348806308081
-0.6983459562754419
0.6430471734007511
-0.5301831383226241
-0.8471764954987020
-2.4513084456462630
-1.1181545231610790
-1.1719748535774821
-0.6196831436815025
-1.5130638452047740
0.0184015295251097
-1.2650266590638903
-0.9739237399085008
-1.7852876202770032
-0.8826411675732596
-1.5262970920426346
-0.5179394758274927
-0.7045544507103341
-1.3892919747504342
-1.4021036729310585
0.3407161232209991
0.1418736471587772
-0.1482637520095457
-0.7659793800752855
-2.4247391045737694
-1.0351152562155927
-0.1615041048485911
-0.7945674466324920
-0.8920188771677870
-0.7937652504718925
-0.3132983928148537
0.1119595172539619
-1.5259136433807163
-0.0071256995321381
0.3078035503778502
-0.7972132642998153
-1.8042029693968462
-0.7588421767654644
-2.0508566893940490
-1.3023917269669525
-0.9669197253907520
-0.5803772347728667
-0.0654724126620980
0.4916912241079717
-0.6616994960101167
-2.4356630021873777
-1.6437373112883777
-0.0061474950060448
-0.1243550506086213
-0.4861276623742501
-1.0234682748256598
-1.4514678300748702
-0.1834979726950716
-1.1752519529534742
0.0944287000621202
-1.6717932669108710
-0.2119117232431121
-0.5066300000709033
-0.7833156383034268
-0.5073060604638230
-1.7101462555389146
-1.0805092058150336
-1.0673047932113990
-0.4624989284945183
-0.6775984805869217
-0.8864621671854707
-1.3700337341356417
-0.3444652673707795
-1.0494092549416139
-0.4585258227541728
-1.0199091789272883
-2.2032161086804658
-0.6110603856705409
-1.7434946559217073
0.0737959707173189
-0.4782088720327784
-1.7535435535312591
-0.4930541256974917
-0.8442570448832508
-0.9390631367798098
-1.6836280934338712
0.0343328362288878
-0.1702143928724273
-2.0287346258084620
0.6398821249016293
-0.9183038159916161
-0.0418427341118945
-1.7285062796221733
-0.6803281434030328
-0.3619192000096864
-1.4701218447719395
-0.6732512792414000
-0.0369212896249112
-0.2027972785822404
-1.3203932655827506
-1.2315432468890650
-0.7288386286282309
-0.4107532571273267
-0.3046517300445907
-1.7747008065736383
-1.3082843790688978
-0.7203335715934228
-0.9816685156109239
-1.4227093371389554
-0.4396396055460313
-0.6723198248704596
-1.9706729132588698
-1.0328081515837473
-1.2650977217736370
-0.9543586990525252
-0.6054239392087671
-1.1681416846284185
-1.9929624020544849
-0.4914295995768608
-0.1430685081761454
-1.2674010676536069
-0.6320372409573873
-1.4303439802636932
-0.5887000675345766
-0.7662720944249420
-0.4346153388657051
0.0710325189900812
-1.7686262850619641
-0.0290125386406919
-0.7382644860444016
-0.8767397136618688
-1.0382680366728039
-0.5345734339158567
-1.5285238367321592
-0.6424542725651756
-1.1757903106637597
0.5161319820702250
0.4407365220410670
-1.8747863480782974
-1.0935592348596208
-0.8748278924536300
-1.2265723424023638
-0.9478593009454893
-0.4270164486821343
-1.4940662468926962
-0.4944412369743913
-0.5365996692354300
-1.8935199917023449
-1.5005543391820149
-0.2294099569740089
-1.4013573986468084
-0.1571412672153316
0.1358421329835474
-0.4097932447723917
-1.0819267392012015
0.0831621523493175
-1.0973394444717677
-0.1336491136536334
-0.1410535208348513
-0.9827875838231079
0.1319558152370895
-0.6809665732543937
-1.1332205976513527
-0.2744438240345421
-0.8448451799380806
-0.4833055048793368
-0.8564224835139553
-2.3972685921652421
-0.8335203159337559
-1.9259566073236387
0.0065172825670854
0.0831314800852916
0.4738945553630886
-0.8867432028069725
-1.4622370693821909
0.0062284098133158
-2.6046919531988904
-0.2951195008399726
-0.5947763572487993
-0.6373372960173985
-0.0419658139352959
-1.4585248446551788
-0.7005965868938063
-1.7218782663880094
-1.5665395170561029
-0.0847930545235880
-0.2072920754781281
0.0958756357056338
-0.7916305736130386
-1.1816430487376133
-1.2310093736051084
-0.2751513400748242
-0.8850063456987243
-0.1881754010929013
-0.8076479847868473
-0.7144307560841365
-2.0454193057608179
-1.3111459677095720
-0.6150646335674909
-0.7850400897890636
-0.6649809012309161
-1.0475880726219005
-1.0640760210015192
-1.0118285981405104
-1.1049594214733998
-0.3270346359176064
-0.7864950041459028
-2.0846319549252144
-0.7614155161004416
-0.8118807865977130
-1.0663316353408092
-0.9294971299565205
0.2063708252713883
0.9028227333100277
-0.4817694859011989
-0.3728087077078968
-2.2283240053454576
-2.0069656075754603
-1.2067067322109979
0.0655823790562056
-0.6460275676631787
-1.2820925708815643
-0.8768898952988597
-1.6914109544499658
-1.1942178605775009
0.0418216769355513
-0.0649863666416282
-1.0845212819495689
-0.6183818204944082
-2.1757875943010934
-0.5939135628256256
-0.1791465100070125
-0.3530878167536627
-1.3107355459411270
-0.1967278364248449
-0.1780124949950855
-1.6268607044257579
-0.9958359036513599
-0.8091885585923269
-0.2631134555705099
-2.0319426362099469
-0.4115017880080822
-0.7545743905152120
-0.9440136461666104
0.4316250613859824
-0.0606940887136421
-0.3444388491700929
-1.0494682763134504
-1.0407597508509419
-0.2725496132433681
-0.2557294185881713
-1.5823057610232218
-1.9285091885254408
-0.9268456463308019
-1.5623976821156518
-0.4337416061826938
-0.3451204395074297
-1.6140142626588247
-0.7703049002414927
-0.5602061824594832
-0.6223814599017417
-0.9300159061671461
-1.1696160535303270
-0.1074843811017017
-1.3002795195048054
-0.4130482677511398
-0.9212365306245487
-1.5522603122433092
0.5355309353742572
-1.7237629724523986
-0.8648180053653899
-0.4393221399667594
-0.3288049504525794
-0.6667280447430126
-0.0643310509120825
-2.0168463123709852
-0.7650518238182200
-0.5352495576743239
0.3940447274030044
-0.7212423704977656
-1.4435855179929602
0.1685470854336596
-0.9248638487097607
-0.0034748541010092
-1.9904830779506089
-0.7984466238027383
-0.8765905895946093
-1.2632239388176834
-0.2027035925816483
0.3344784198638834
-1.3709664896075315
-0.1370359546096304
-0.8656646282826980
0.3600460055405764
-0.2739741728318797
-0.8004776712246007
-0.0008030576395853
-1.1836203661019260
-0.6441611857594565
-0.2765290109748931
-0.7792427495831670
-0.8248785278913968
-1.1805854543157179
0.0079197664616913
-0.1872154471163109
-0.3566790976800729
-1.1523342748065126
-1.3758657142827651
-0.1947328325882694
-1.5564968422123406
-0.6075271733314647
-1.1186452514519365
-0.6256753634538269
-0.1634602125032136
-1.2866785921900281
-1.2747581741966094
-0.3881410475105656
-0.6888168299504190
-1.6661441564801456
-0.5833281524119788
-0.1483661147674135
-0.3492810885049438
-0.3636180798756792
0.0275822432461543
-0.3601617227139624
-1.7747735144047496
-1.5174956851711376
-0.9708453099852175
-2.0507868730785299
-0.4208273101501801
-0.8319802740924304
-0.6933089553185809
-1.1594093051067078
0.3951011504616760
-1.2207806497021261
0.0436740267071934
-0.4196130256429553
-0.3298361492810244
-1.2485481655821871
-1.0477241050979866
0.1223334495118040
-1.2804507200934845
-0.7835485275908245
-0.5549710356259510
0.2130867228980288
0.2269454900432150
0.2597224882922307
-1.8551191132216049
0.0133981402856887
-0.9227715055262145
-0.2596489954397961
-0.4106883524866358
-2.3220504504305448
-0.4307750393014498
-0.3677974391051528
-0.5834718077948320
-1.8686891008786271
-0.0803319181584504
0.6263004680581559
-0.4875190001634909
-0.2161151119621201
-2.5545910380889691
-1.8768917542314192
0.2804038263655126
-2.3965407721511918
-0.5628184938652776
-0.4598104562440942
-0.0256586392209782
-0.9417082036981941
-0.1075961528934273
-1.5039866073070745
-1.0352200606207624
-0.1687129932290000
-0.0790144426491563
-0.4105618438672051
-1.5753731204323329
-0.3303437209783536
-2.0939049031332533
-0.9338106959691010
-1.3197767570123833
-1.1142189699958536
0.7165933404183830
-0.6913178177926222
-0.3413902247095332
-0.1963553667279690
-1.5393410405668653
-0.6978327120561970
-0.6352896631500321
-0.5671696947911126
-0.2961100971210203
-0.7475541647752064
-2.3105141490988159
-0.9535968700545605
