-0.7240126472238028
-0.9413318033095045
-1.5976061153114529
-0.2697472019364036
-1.2281206757515433
-0.1803117566952554
0.0012912639304849
-0.0266912993956987
-0.6367755674933621
-1.0118929679352398
0.2982301035765048
-2.8817597988218062
-0.5034259857645148
0.0055591918102553
-0.7695582978226385
0.2893675088784967
0.4541650484572082
-1.2355065592993173
-0.6317778732465671
-0.5337196915599638
-1.5122159351737863
-0.5245930090177954
-0.3367935073287441
-0.1076936068525091
-0.4181836306888737
-0.3482149348996598
0.2903389708267048
-0.2979973720462778
-1.3341139452088420
-1.1028826919333008
-1.5748699369829651
0.3666227019724758
-0.2188813734988477
-1.1257827398625864
-0.9030024716359913
-0.2595212808735003
-1.0878514948842708
-0.9711217031265978
-0.9053038746570766
-0.7487334920157915
-0.3625853628913468
-0.0534757243983182
-0.3239997478951701
-0.0481191285460259
-0.5549888717291229
-0.8282961857673418
0.0343804929461350
-0.2291183471631616
-1.8311093741648272
-1.7383851153788663
-1.8970958896571739
-2.2125383630043522
-1.3338671757936251
-1.9560713877837479
-0.0900497313875362
-0.3878908957736652
-1.0871612310888643
-0.9606141160127396
-0.4903760669809680
0.1055985782749227
0.1243830671487513
-0.6678982751358983
0.1412038510090875
-1.1486992984527475
-0.1244244266124580
0.1267870078355882
-0.5818487270455288
-1.2041362277974295
-0.6577385341069607
-1.2397958701615848
-0.4757863598365623
-0.7496697280447561
-1.0045046165844174
-1.3932389720299339
0.1037130875434268
0.2382110545617320
0.1292716116673967
-0.4404345236309550
-1.3506004015234421
0.0587077500154142
-1.2065525834711572
-0.9138225207683047
0.3270738893453471
-1.1768601698710934
-1.9920868831953997
0.2365593099501646
-0.0642456435704547
-0.7724872327752281
-0.9902264526413379
-0.5395261219865692
-0.5498820306816806
-0.4011387384211085
-0.2473844366368137
0.1473849278429233
-0.7255580498354041
0.1715479119029921
0.1261745017311404
-0.2914272269730951
-0.8511699762508019
-0.3937286555344112
-1.6543066662277512
-1.0964354298867958
-0.6221363870813515
-0.1506583481550113
-1.0317896992672093
0.2559047708967949
0.0737747675793868
0.0767726002451648
0.0897361983070258
0.0961949121158907
-0.0704638121740633
-0.9742112277872857
-1.5536575646646946
-2.3838932900117795
0.1567193099216944
-1.8749852836037706
-0.1953701964511256
0.1903110444463115
-0.9706696223454955
-0.8099080919493797
0.0186682412978274
-1.2310795193009967
-1.3878692894658484
-0.5595996223803110
-0.3807327467316417
0.1742509535860973
-1.0626265426210897
-0.7196089705856155
0.2622725534798229
-0.2261018114242089
-0.8765840687113248
-1.4686709733178109
0.4599972332135823
-0.2689640641291127
-1.5793332930746060
-0.7225657239625510
-1.5203624935600408
-0.7168539959100059
0.2249670774421755
-0.7115704894340885
-0.1221003032474352
-1.6285713036769345
0.1140334690972585
-1.7886505356518472
-0.1074921051923924
-0.6226752587415963
-1.2140794594895317
-0.1590226395349027
-0.6957608379299401
-0.4255791198421562
-0.1412187346856086
-0.2756213129381807
0.0825970808992913
-0.4605971288611195
-1.3631165518343820
-1.3004784155372722
-0.2817913171816096
0.2782562632126882
-0.5053999688070797
-0.7316533235216758
-1.2316912918555003
-1.1597822977290069
0.4097258841071070
0.3245108528118996
-0.6787262703767021
-0.2145269151627346
-0.9098628844437182
-0.5157467856719925
-0.7634973443582885
-0.3967457606491758
-1.9643389493254251
0.2461637955850201
-0.2404129189303353
-0.0287454931126697
-1.5240265751423063
-0.5598728836755152
-1.4718237257617324
0.0942390828294840
-0.4885817260085398
-0.3859325078674417
-0.3011743843419512
-0.8109640301198792
-0.8944312630525751
-2.0276194825587459
0.0751000975224822
-0.1432720238512117
-0.0825631482646523
0.3892824800816757
-0.7471487114888105
-0.7033620092058553
0.2704567127786889
0.1456938763125393
0.2876631531698100
-2.0850694315085314
-0.9114351913053029
0.2488375464436529
0.2950261776693267
-0.6219769523039049
0.0667157916615886
-1.9533169869556837
-0.7545401260810268
-0.1630647650372023
0.0559371774122444
-1.3142134771916782
0.2224415995092949
-1.3803450918987294
-1.2096630749267248
-0.9404779045955699
-0.2316469901832103
0.0965751902586042
-0.9444967968522321
-1.8723017510496076
0.1921481534567713
-0.3993838601028194
-0.7149350386379580
-1.0291261254427031
-0.3353083577567307
-0.1074973503214845
-1.2429571411747184
0.0398405903304757
-0.0755499686587523
0.2672981053195735
-0.2367838381556883
-0.7179576810383509
-0.4540008986960353
0.0778652445016219
-1.0470196249791719
-0.2616852235787550
-0.1505702292556898
-0.0657028029776895
-0.7819051525739837
-1.1842067161690970
0.3670702353212413
0.4156464563500014
-1.5565254070749688
-0.5962893778570073
-0.0281207619636769
0.0295772506473937
0.1033384617524888
-0.7277285096462904
-0.1540935781569889
-0.7375676583607909
-1.6229732509692656
-0.8922468044316458
-0.0113155431350661
0.1003229703481379
-1.3492024551016042
-1.9885006294913699
-0.5286287196530740
-1.2378625993720125
0.2134225745388529
-0.9452580911136370
-0.1353388491082211
-0.0641477492871341
-0.5986246650889803
0.1853489783435933
-0.1713763632680955
-0.8290722625014852
0.0833741617493867
-0.6730815829770999
0.0321344927001087
-1.5132459805513550
-2.1249195109034877
-0.7096665684307394
-0.8716339347600823
-0.9003459023097097
-1.2293314664257429
-0.5481910258596864
-0.3393725367009901
-1.1464611500598820
0.1853248915905574
-0.0110928807604918
0.1592542732540275
-0.1759183978641460
-0.7973684711432939
-0.2951529385334926
0.0957703084761346
-1.1144334988076490
0.2439439937065642
-0.0273118035907277
0.0140669758974534
-0.5587137828820611
-0.1514387692311805
0.3338045349278490
0.1592295858339496
0.3215963124709424
-0.2515809784408879
-0.8532819311536153
-0.9059364091628600
-0.2202495359132634
-2.2491010275593664
0.0599335125561917
-0.3304210375897252
-2.1200495705159632
-0.2178601210770794
-0.5569719953794149
-0.4248683235343203
-1.9742475639536807
-0.3152786037259254
-0.4427269513757923
0.0144399960331390
-2.4617282467770627
-0.6222016077630362
-1.7444816235702707
-0.6988059324589948
0.0854550840012755
-0.2333932089997003
-0.2112640063818282
-1.2450108051303919
-0.8356975798635830
-0.8242816416384530
-1.4767017533539053
-0.5815617027703444
-0.0445654527967506
-2.9874187395447693
-0.3308346533468987
-1.5981721479508504
-0.5272888942465901
0.0753723395004740
0.0146664444698074
-1.3081297117797976
-0.0382242251656323
-1.5084059417515643
-0.3154603020708599
-0.6112921634850595
-1.1031533035416565
-0.3023327128252920
0.0709696000262089
-0.4018733043820994
-0.2413971732622294
-1.7254508832314990
0.2126666626575863
-0.6786010590339021
-0.4514229816054279
0.0198192147416987
-0.4109171102365282
-0.2688285998377360
-0.5245957669245694
0.0499518321337156
-2.1970258466809489
-0.9327848351813087
-0.9515832404398438
-0.0834790889163900
-0.1753079141589841
-1.1087982011348809
0.1016991153140827
0.1644047435696875
-0.4195249616960992
0.1945135464941981
-0.6513938028219441
0.0786484523960867
-2.5835544450934762
0.1353302499057735
-0.9251024125476112
-0.3353251799252996
-0.5567428147441559
-0.9062108480563472
-0.3038326588369579
-0.1890833446766370
-1.5652694686442010
0.3626157941796689
-1.5182500989399847
-1.8455384169777067
-0.4175492046989554
-0.6365728426587627
0.1525523182990396
-1.0764569565869977
-0.3502307768925365
-0.8736378507493291
-0.0410902772678379
-0.6257562867884612
-1.9120503000710394
-0.3742519846888883
-0.1476161815479195
-0.5578546404516743
-0.1401192692937092
-2.3547732114093760
-0.7641995016134425
-1.8369861225368662
-1.2659169094780405
-1.3702157933140782
-1.2740319012176082
-0.2536167931585964
-0.3552826767682422
-1.6888883519688156
-2.9145578194077735
-0.9548256524912412
-1.1823547878540552
-0.6654331215211047
-0.2476238040715409
0.1349812481213477
-0.5877537045319469
-0.7558219319739000
-0.0050002712516287
-0.5027004112269937
-1.4647858475024569
-0.3353551154410235
-0.3312187250582792
-0.2804621996645837
-1.0820846644025015
-0.5767056717780232
-1.1705535386426369
-0.8784005205539289
-0.1015710300807141
-0.5280480058962946
-1.2081869351296401
0.2955900964070385
-1.0890056416680971
-0.0507796330334145
-1.4118378390844164
-0.1166488108325352
-0.1253901399391461
-0.1593091229303501
-0.1676624481897452
0.2529244692840775
-0.4845167090651888
-0.0349930734280569
-0.0003454990696985
-0.7233550089878413
-1.2764880309641755
-0.8360853957639385
-1.1989152499420572
0.0209477896769214
0.0264238890740571
-0.7094248371107628
-0.7925095118987928
-0.1961219374223614
-1.2306483540041733
-0.1796561178390887
-1.1723572365052473
-0.0250426140490731
-1.3977188534066121
-0.9223056567939610
0.3736827668826070
-0.2926148457027680
-0.9806163355600329
-0.1091933699938146
-0.1743799526132994
-0.1886300066525969
-1.2760892570510116
-1.1119511465596403
0.3255810868036017
0.2487274809257173
-0.4686883883385302
-0.5339662288822095
-0.9369164890186674
-0.3790456122322630
0.4017039274330176
-2.1663783000029349
-0.5046266794181371
-0.9434439475836062
-1.0724824061096470
-0.1900772516750854
-1.9061680577529114
-0.7101166998942796
-0.6740519556912945
-0.0663137330626805
0.0568703639691243
-0.5734667148246170
-0.3842017236059767
-1.0798334966383676
-0.3736470669448382
-1.7455984287080333
-0.4919021620780564
-1.0897426005204478
-1.6651189221098066
-0.0751386629461425
-0.3306792142549809
-0.4391517530588317
-0.4364714842453565
-0.7468009153332364
0.0225649838023399
-1.6636898913603482
-0.6864132408872906
-1.0758886690558973
-0.3092744382013186
-0.5504708310346074
-1.3885444926843695
-1.2250000306217319
-0.9655535002900205
-1.4486790481241225
-0.1874239279689502
-0.9151146797671538
-0.3598275915920146
0.2067250800266711
-0.2381681088561969
-0.3553134612432426
-1.4846457780532707
-1.8607768591077853
0.2903157158351894
-0.6638526414195725
-0.3647847771656468
-0.0506219176704212
-0.7267069356005867
-0.3697616294856903
-0.2297100521643575
-1.0553523928206479
-0.0430008211627684
-0.2808721687794055
-0.2758349323198043
-0.5480393733800130
-1.6072074080054994
-0.2297412344321661
-0.7551699275852687
-0.9756331385133548
0.1844851065711504
0.0719123050019156
-1.2814974021555863
0.4190058941347589
0.1139299526010859
-0.6016393768546693
-0.3925925994848839
-1.0190412858768845
-0.2909649738239544
-3.2978579348023582
-0.1584821862642370
-1.7838795688005986
0.1337268055650920
-1.2391425308374471
-0.5079581002147512
-0.5664136363043289
-0.0227052045977927
0.1885729650428878
-0.9495127919563855
0.2784617808789577
-0.5240891461967822
-0.6175626667137945
-0.4149686178658730
-0.9177636318178773
-0.3298440549835517
0.1401033729724938
-0.1713883353027196
0.3280144234878585
-2.3061577130138842
-0.6268943506251686
0.1710051805428130
-0.1182765214443353
-0.0985081987355853
0.0639870997968789
-0.9201891391191682
-0.3358084418936553
-0.3777786544800292
0.0662642991239192
-1.4290296304590717
-0.1604320480903064
-1.5013717598215135
-0.6724229005707728
-1.1933519167025433
0.1970790889111632
-0.4420230092420598
-0.6085437349962937
0.1862453955727271
0.2936798657300575
-0.6126695108931097
-1.5452321016979320
-0.7157554440885278
-1.4159578154143315
-0.4907327823077816
-0.3955049759969773
-0.0898629987713540
-2.8617326175425153
-0.5409818990976337
-0.9020568158815058
-1.3517623150004412
-2.0393430568260791
0.0034909278529873
0.0733472642633376
-0.3195946061943174
0.2495053135357222
-1.3716633989796545
-0.5288634545359712
-0.1843193995592172
-0.5263534732820854
-0.2089699589408595
0.1857926208391604
-0.1510524863975226
-1.1689160285446933
-0.9439837468309833
-0.6788321494736925
-0.4134615715185394
-0.2379131560751179
-0.7580323010626544
-0.1946590784418726
-0.4967503789712477
-0.1067869779395104
-1.5483592560658017
-0.1907630174199811
-1.3704508405161289
-1.1421963097818442
-0.6619425049861897
-0.0173190822420915
0.2800837332647897
-1.9657525552167228
-2.4384301720533719
-1.1110853969303458
-2.1323390157295430
-0.4526906606064435
-0.7148725387334706
-0.4116565349639146
-0.0849391390878187
0.2381810471989066
-1.1542203730398115
-1.3181019504139850
-1.3956815854540081
-0.2587373666271615
-0.8412567139486400
-0.1988566792112385
-0.9644288084397921
-0.9969528608962758
-0.8691411131095677
0.1755421631136128
-0.3923346359565807
0.1468409087839846
0.0452571435012154
-0.5572989501535367
-1.3136330091272552
-1.0020526629703788
0.1844444355768617
-0.3326848039280176
-1.2664683699075787
-0.6900448957734284
-0.6589435116890293
0.0577557493237891
-0.4628915025264151
0.3890074994027327
-0.5472033747264997
-1.8177633584063480
0.0107538801859471
-1.4326790228261836
0.1019535036822443
-2.4604487443971963
-0.3515068372823412
0.0694562213576165
-0.3418212953009775
-1.2083456619882311
-1.4293090935741619
-1.1337137106362765
-0.5706574133929387
-1.1699533244466236
-0.6586588866448791
-0.7483927078128750
-0.7064241374996632
-0.6327103893594513
-0.2558514059771162
-0.8794191321371646
-2.2847545954350421
-0.2961735252931016
-0.2322027481321937
-0.2922290666088918
-0.5058913941643947
-0.5162488143628972
-0.4870377385417193
-1.6431901418720225
-1.4288472199239108
0.0118329745470314
-0.3987935222299995
0.1274119500276923
-1.3963990133876572
0.2600066530188115
-0.9447119455216560
0.1895296700509019
-0.3185585946894114
-0.2384367068513333
-0.0046473240226968
0.1505137221290426
-0.3297764926506520
-0.9461777282566383
-0.0894673853424959
0.2651664088774718
-0.4255691719684979
0.1356210830652690
-0.0165028091849897
0.2991125220785814
0.0538884213700212
-0.2193069910724031
-0.6805203161402934
-0.3037477861033528
-0.7153435110796844
-1.3877318013709208
-0.8707402875069639
0.2761513378804650
-2.5380264285483527
0.0219283548420861
-0.8179611253035066
-0.5599855547895349
0.2015516824319958
0.3746202005605040
-1.2681478687406453
-0.2648705868887825
-0.8166172026361286
-1.4232261220474585
-2.2912603696024867
0.2105444069990964
0.2003818758977385
0.0843132090941795
-0.7938463769629515
0.3953868010972301
-1.6135775396855780
-0.2244947424442815
-1.3719943663420553
-0.4300423686137802
-0.4604324507074134
-1.7698318835565252
0.4305358248346343
-0.1906231759409942
-0.7543715726844767
0.1442807684499834
-0.1169233962459513
-0.6362453146842963
0.0695888344122859
-0.0196090372815711
0.0508414219125459
-0.0835804951005600
0.1388558302179237
-1.4168246629135326
0.3724613767084445
0.1490892520808896
-0.6993130963461582
0.1045691841517847
-0.0897858745708937
-1.8808699273956999
0.3032169106791531
0.1534147417160692
-0.3994683605138113
-0.0925835680662650
-0.8015769418684188
-1.2984652675574797
-0.1805968432920889
-0.9639603122097343
-1.1874336038123403
-0.7811808654277889
0.1456661108275776
0.2726923465209071
-0.4646621622587774
0.1807219927869655
-2.1774152525207247
-0.1107980119916624
0.1011890787124274
0.3121416134398842
-1.3005246150808063
0.2645722385461995
-0.7264270043095389
-2.1994058696411671
-0.5120546110500865
-0.2299291742107181
-0.3541305429664467
-0.1691991116113291
-1.2216662167626235
0.0217968202040769
-1.4643944730907366
-0.6197876291203072
-0.0783775027640102
-0.5911643225079087
-0.0332805310063152
0.2577357012404524
-0.5716659522594335
0.1573608721044519
0.0411925467901853
-0.2063110251702834
0.3592278238289658
0.2570874102574718
-0.9371724912855738
-1.1509762562577099
-0.6678887045114913
-0.6629429620469363
-1.2648644664097100
-2.1468826004309309
-1.8758616633934968
-0.2080151293682444
-0.1108125170254653
-1.1208523527239451
-0.6176155985353913
-0.2367658692732250
0.1989538799437242
-0.9076593435360796
0.0579107948854509
-0.8760442364826559
-0.1849354441589521
-1.2001166256188556
-0.8461877210671231
-1.2350249583236272
-0.6076153281257328
-0.7663532775757225
-0.4149233508661653
0.3373892796654281
-0.0568844387718213
0.3296620232217485
-0.3341775314984833
-1.5957049901910023
0.2105587639173865
-0.2078388020097053
0.1453953587957148
0.2994913323010998
-0.1338316601910298
-0.2518280587758156
-1.9967648509748717
-0.4334332129732893
-0.6842646041401073
-2.0425597380354032
0.1492866572486586
-3.3169386344121565
-0.0891142586558543
-1.4036956614757183
-1.3416998353924781
-0.0712945690476444
-0.7194692394223217
0.1324982063920118
-0.0557639919958778
-0.4135696970117716
-0.0892653420774455
-1.0203762776177796
0.2539794819291231
-0.8024431484790802
-0.0759867802146873
0.2788812982810139
-0.3090295331268346
-0.3232899500988887
-0.1001086364122711
-0.0147529670051575
-1.0552879444567467
0.2229130244241552
-1.8710429282114891
-2.1051870494410445
-1.5421681757135417
0.2366296195898089
-0.2663019501849488
-1.4381089259334920
0.1030556646388626
0.1279564084292529
-0.6584516324743542
-0.1846149351433495
-0.0210181863104349
0.4387017559156549
-0.1213698761018207
-0.3053931283504581
-0.1595192485922472
0.0401131493131225
-0.4631668043490376
-0.2717006439110394
-1.6303640305687475
-1.3911799998399801
0.0334114950841942
-0.1817114080105439
-0.6785498802580140
-0.8621444597656245
-0.0244347854876534
0.1288817979181832
-0.8523251457030637
-0.3879401200327995
-0.0592364626923563
-0.0000672725442685
-1.2626904775109420
-0.3205249839264466
-0.7224032700016987
-0.2502883935337232
0.2370066351283350
-0.2729024604428825
-0.4408796096135410
-0.0822401802077083
-0.7371057836157356
-0.3157848715652400
-0.3610784047593819
-0.9344323116855192
-0.9845431483119380
-0.8408337533553796
-1.0004958914975890
-1.1251347386055048
0.1066114264783106
0.2560475005369781
0.1266202033806827
-0.9549138558759177
-0.6503273984337176
-0.4824200226584265
-0.9204819152150112
-0.7993841832256423
-1.5422108574209790
-0.0773562410486212
-0.1795229570684750
-0.6326114343617205
-0.0534009789364162
-0.8011270238013669
-0.1444818018428414
-1.5039726357872321
-0.6331212596639729
-1.7179514458128931
0.2254000467205047
-0.0289545750022478
-1.1938336485767149
-0.6046513709303029
-0.7713963556898913
-0.2408026030812779
-0.0394150077963662
-0.4428328359140419
-0.2890443348742437
-1.0397276434835465
-0.2221311684226190
-1.2722331842274910
-0.0736262744725868
-0.1003461746758154
-0.6941909053011930
-0.0709661794552565
-0.9494786797099023
-0.5325908157238175
-0.9398298231764708
-0.4450945474066956
-1.7653768073066904
0.3153663834584232
-1.2337213018399344
-0.3070791285415797
0.1477195250732128
-0.0947380763588555
0.2486270272088242
-1.3448294042372446
0.1678854165016723
-0.4003370025568939
-0.5566990988203494
-0.5840819586516732
0.1191202632464859
0.2786453442823266
-0.8134360021023196
0.0464876629189840
-0.3879924592783295
-2.0107025248122952
0.1007285010582554
-1.2343498036599641
-0.1393992863970750
0.1207774314561260
-2.9655936589824989
-1.2457625766932110
-0.1561309685639866
-0.2973394965049680
-0.1632837210416615
-1.2468848869937272
-0.1436843770117258
-0.0086110612782741
-1.2608571436557043
-0.4775517288062470
-1.1470141584348639
-0.8605809595722300
0.4003370768098507
-1.6385463785588092
0.2533874233976990
-1.0159531108488784
-0.8237181135362548
-0.4608597871038173
0.1434331124189043
-1.7240726308253314
-1.5445697187220433
-0.2486668193391467
-0.3904930420667366
-0.5008300775916937
-0.0650253179488488
-1.1581809035105053
0.1161626362037430
-0.7812986210611312
-1.9001782674560830
0.3798843799018366
-0.6049651858817320
-2.9414544108504330
-1.3466786909201645
-0.5258232758880300
0.0837594261282663
-0.4631230569579637
-0.0850461626688395
-0.9568917581139761
-0.5291294502137832
-0.7865814093849524
-0.2111435084716550
-0.6218893715736866
-0.2468474508253430
-1.3297788702183062
-1.3816932139877429
-0.0165284410250313
-0.2462162638564490
-1.0526882850728942
0.0734148017387238
-1.1084561779693030
-0.1859778136069655
-1.5122995207572851
-1.6910359664039574
-0.9170107557680583
-0.7518417886365160
-0.9153922643567034
0.1492699228241883
-1.2573332248617324
-0.5210071341678328
-0.3835518218244378
-1.2170102669179674
-0.0835663065774699
-0.5147455169641361
-0.2296694237114461
-0.6944901489998864
-0.7519465071581026
-0.6505200062236791
-1.4240794366592087
-0.0583278360999204
-1.3182957008000258
-0.2025569749802053
-1.8332506427060071
-0.7799188833853716
