-0.0594698307747152
0.1808128406256336
0.0230270264275295
0.4578537014448923
-1.3595595609288729
-0.8700438085102608
-0.1216128831497562
-0.1994931547096168
-0.9721063607852993
-0.3408833780631594
-0.5731596546250926
-2.0364302848373099
-1.9301508893072179
-0.3796048158069846
-0.2283402624500307
-0.5686836834236719
-1.1194137806155813
-1.1042015252978941
0.2590585578015719
-0.2978304603055226
-0.3703009880495811
-0.8163904445121002
-0.0926680781105853
-1.5687187271889689
-1.0217042834829229
-0.1192020632690014
0.1589137024263483
-1.1034301717194748
-0.2157916179595807
-1.6639890410883920
-2.1881092177172894
-1.6063355150009357
0.1516968195994838
0.0381169795859399
0.0871484431313929
-0.5340220671636421
0.2436663196633136
-0.2872156199018058
-0.7384913334179223
-1.4885522552907686
-1.3437672288180782
-1.2043093270099670
-1.0903900638676360
-0.5806768085026875
0.2799214014546222
-0.1840888776121423
-0.6107923139502385
-0.6734031543643152
-1.0336728295832722
-0.1545098147479599
-1.0470425993038508
-0.1004308120569360
0.0928519224457355
0.0808516070277543
-0.6013058586032058
-0.4704536081921037
-1.9573177833076287
-0.4420032134111960
-1.2568016962461528
-1.7939156281050943
-1.3731642663880572
-0.1401863689802815
-2.6392932764667374
0.1340301288781817
-1.7063220722597658
-1.4077028430334053
-0.2245698209775560
-0.8310520773926492
0.1069927191250415
-0.1219597809308726
-1.7606931730263085
-0.3489224233201055
-0.1546208182171542
0.0916641265466739
-0.8469641642546332
0.1559992608817288
0.1803012408960484
-0.0936340987310530
-2.3763322059571546
0.1795817551853278
-0.0354584994786279
-0.0426104550325590
-0.9771318224972990
-2.3801524862256915
-0.1954206115900864
-1.1332046612144779
-0.2725075235690402
-0.7467272684498194
-0.3926087611782897
-0.6283084269780005
-0.0830683868220145
-0.7540687192466652
0.2286706343145860
0.1211528615888095
-0.9129354167226743
-0.5783881971036735
-0.5079482390395086
-0.7660163168034058
-0.3125439139218283
0.0616872658201187
-0.5210397617562922
-0.6524721710521081
-0.7587481472464124
-0.1554173467574257
-0.1162151888314247
-2.0286050461594431
0.2028968938932535
-1.3150429848127854
-0.0270001372131996
-0.3177332901314903
-1.0212748755260401
-1.1635441256722385
0.2161391923061166
-0.0431429142627463
-0.9376042228669833
0.2080602831083173
-0.1897075826769590
-0.7134028154273205
-0.5751612027374468
-0.1158504161520305
-0.2083978721700706
-0.2578778300016574
-0.1535604804535121
0.2132395702571968
-1.3853545965851173
-0.9818086777735965
0.1641232750595481
-0.7983236291952581
-0.5268809655644775
-0.2549968793510063
-0.1020302159611553
-0.9092682682195358
-0.8658114321907534
-1.2528589092370628
-2.6827467462872945
-1.4603931306131186
-0.2109715748015683
-0.4142575151469505
-0.2602782742033738
0.1528304820446265
-0.4744197971876927
-1.1785864406461339
-1.0340068434814289
0.1389649528998180
0.1511006595114049
-0.1402975471602099
0.0280866230793355
-0.4058373520136259
-0.9458679361899209
0.2839064772598716
-1.8082325249450573
-0.3016610011910209
-0.4480072020116505
-0.1492009907370927
-0.6290813090406980
-0.0014616361270039
-0.8617523850391619
-0.1982650889960504
-1.4940596711301402
-0.7219314106683304
-0.7381845196708817
-0.3163823206578706
-0.3217208901218892
-0.0157310985165550
0.1081619974729407
-1.4512014956178860
-1.3349904275890121
-0.5649258066454091
-1.4216561931911136
-0.6558386105346415
-0.0292684765725634
-0.0334150263206440
0.1715625896115739
-0.2857360375918048
-0.4292433172766622
-1.0854157189685940
0.2493639148252023
-0.9641030021886509
-0.6908155649172737
-2.0863798879902058
-0.4405742530580279
-0.0103921517264730
-0.1980807772934743
-0.2492011820673244
-1.4774859641950604
-0.1506705154075637
-0.0932601533617911
0.0020331728866720
0.3237795808435270
-1.5456330275000028
-0.9972142159736612
0.2715896044910883
-0.7800065896767988
-0.0459926183677470
-1.5019204209278303
-0.3187873833325200
-0.2160098964333466
-1.0516820913213074
-0.8271620239595875
-0.6530897767092336
-1.0632173596548304
0.0638521364437892
0.2701559723933068
-1.4569117194571501
-1.2176744664663017
-0.3197655784645876
-0.2338262800487884
-0.0203159617874308
-2.2990291526867299
-1.1545145056133403
0.0701823803068487
-1.2822049366923649
0.1042834312541306
-1.2263474357519728
0.0494209383559611
0.0372386679280163
-1.1505002169207299
-0.5377263117605739
0.1207943301932679
-1.1962752747654233
0.1766119720401119
-1.1856289375492977
-0.7051398982793294
0.1627132848005762
-0.2496684906542397
-0.6403994057470251
-1.5359917945239203
-0.9355850294599329
0.3714234700089084
0.1773207378559042
-0.2455322105274469
0.1282400268040486
-0.1754923631127750
-0.0844171283570018
-0.3519156888747298
0.0212926347336743
-1.3124793131911201
-1.0596546709572301
-0.6776897108155970
-1.6398625906673008
-0.4838588717354931
-0.6542289093829118
-1.2787399603988874
-0.3858687090141162
0.3205940721006195
-1.0722180300574706
-2.2091241199891121
-0.3040580560649341
0.0281365833458826
-0.4890274831387370
-0.4979885147483720
-0.9898793901502567
-0.1806307235377942
-0.4876317550990960
-1.0682795748508984
-2.7961897923239341
-2.1195218351933289
-0.3199406829882240
-2.0250327180504697
-2.6587000269925389
-0.5431560498079295
-0.4037084191489894
0.0120661705279101
0.0358162336111977
-0.2692540293656899
-0.8309353586727843
0.0419948051595276
-0.2596568947360292
-1.2916213684650124
-0.1762403190789090
0.1192538350336833
-1.0711792264538527
-2.0792439881960454
0.0020605727269812
-0.3353975157466444
-0.0658058423239900
0.1306467019611105
-0.2361430453029325
-0.4763755746966102
-0.6906476219366868
-1.5854269578120368
-0.0751753986395679
-0.5788338815764448
-1.9121447331270971
-0.6828340875074057
0.1235483870847325
-0.8916434891205912
-0.2184081918628913
-1.5988817746194632
-0.7331029220558031
0.0821987846206775
-0.6257631141427713
0.1739337636341455
-1.2490603160971403
-1.4487188181897397
-0.9088629722876985
0.3134658876144821
-0.6590115525937541
0.2259795203819126
-0.0281429105310820
-0.2382760042888018
-0.3767761091444180
-0.1015323110062152
-0.3844869832792225
-0.9954089793892638
0.3479200186679063
-0.2632720008968586
-0.2389658013605809
-0.6842145919598502
0.1154395251806339
-0.7183104644692868
-0.5448928648667734
-0.0962239714454659
0.2439741364962368
-0.5753167727388808
-1.8431167132590680
-0.4509673520715269
-0.1208171532998934
-0.6979988676610299
-0.5425284935710701
-2.0727908920621223
0.0135648228348814
-0.7377255056507582
-0.0463866240339307
-0.0490034881297769
-0.6533434058808695
-0.9336840005868764
-0.5273812201178200
-0.2049742794473630
-0.1544198129870951
-0.3087915936197475
-1.6012680207906493
0.1320573076134284
-1.9826360214202499
0.0319932105165864
-2.2029270659204969
-0.1201514759767525
0.1714774630274495
-1.2442938705498308
0.1515092876205016
-0.7285121952050160
-0.2916220865127016
0.0479502677158003
-0.4195292629533735
-0.2833484491117932
0.0278546226532565
-0.9600537946564639
-0.2836480817419724
-0.0768858470344578
-1.3783275888303601
-0.6166244958756051
-0.9895557713301644
-0.2003551857931649
0.0980576125660279
0.0376754464075395
-1.2482884906746528
-0.7673306356822990
0.2742111850756611
-0.7891322884792688
-0.4874254681994981
-0.3197475465515432
0.0587683466837658
-2.4192071814682166
-0.3353448639461962
-1.8388289869986221
-0.9421311449178207
-0.2824133736817019
-0.0999837978597717
0.0065461334251044
-0.7148015547584636
-1.4379380167883282
-2.3952632074264071
0.0617453336131284
-1.3584295647448539
-1.6435782706118562
-0.4318064565558202
-0.7194226709370890
0.1007567408853481
-1.1657835915685746
-1.2674474854408007
-0.7161418000224746
-0.3435027130688834
0.3157866414519316
-0.0159472205559775
0.1742274084111629
-0.2480869328728714
-0.4250974557572880
0.1801717980465061
-0.6115013862666052
0.3796690166181863
-1.2137853620746775
-0.6496858989546693
-1.1860094172109126
-0.0719210948917949
-1.5068436688225675
-2.9709395713998812
0.3604739638712366
-1.1376653134614056
-0.8817917210285890
-0.2053199135994811
-0.4870550676644604
-1.1588383337941963
-0.2178076637749444
-0.1058768447846103
-2.5607194061635865
-0.0572020593531398
-1.0595248349761126
-0.0944970847729503
0.1483401464982103
-0.0320207304560509
-0.2581890524297531
-2.0408347768234290
-0.3769710901973922
-1.8645957686056021
0.0051988869415774
0.3418607838219294
0.2834940269529095
-0.6937040991731653
0.0741502885771024
0.0230992749265798
-0.6141233545942530
-0.9644064094192714
-0.5513986427834461
-0.8019060224894776
-0.5333291504871902
0.1592982304511277
-0.2509324140735512
-1.2194471057072604
0.4636689166787307
0.2477937182947635
-0.8841870897240471
-0.4122766385686165
-1.7857502662515075
-0.1367149352439555
-0.3421774389775862
-1.5878645873108161
-0.0913099766603607
-1.7415921110019308
-0.0715993139912429
-1.7348592970363765
-0.1835234535748886
0.1838502094172465
0.0408251998362569
-1.2285863346856098
-0.3152683412922688
-0.8942564887755392
-0.3505004386266375
-0.6228065172571969
-0.4802029867435519
-1.3305511221825301
-1.4361145948936493
-0.7884713251076918
-0.9805497486594010
-0.6380552832985654
-0.9628351946090896
0.0599972435304505
-1.1554053997274754
-1.7929884904349911
-0.3652580342335769
0.1717475524542300
-0.7342113108246350
-1.1725165782995859
-0.5229876987379816
-0.9874041538346884
-1.0003789699052896
-0.7722046484071029
-0.8026082400579053
-1.0682171766523096
-0.1604633412726360
-0.0810270147378673
-0.4367009820961636
-0.3271793017566267
-0.3809494551561454
-0.3237060102187067
-0.2197533908017333
-0.6920391486744061
-1.5097888856275039
-0.8196153063585173
-0.7526137694092079
-1.6315762264217366
-2.1449427236737866
0.2848765059753130
-0.0578559077737147
-0.3687989570015648
-0.7825077407125003
-0.0800452932714322
0.0816718718918496
-0.8252611018137148
-0.4645564446411729
0.3329798438104679
-0.5350889342597841
-0.0672377486263610
-0.4095579068577933
-1.9739572382445494
-0.0427281583014103
-0.2576260388096290
-0.7555963046361807
-0.2532217890175931
-0.6993071856344653
0.3176949299903798
-0.2534049359768425
0.0543429197793981
-0.2263246447749040
0.1763389997448342
-0.4778411440486608
-1.2204935991789729
-1.7970238214814938
-0.6537547228619396
0.3862252699559658
-0.6315025691118015
-0.9611357593598353
-0.0014223244276245
-1.9725162950272486
-1.5828567853698714
0.0878050331681011
-0.0119423926818056
-0.2548221574511552
0.1182404793773382
-0.0592193363292334
-2.3852894884574556
-0.4284940564745364
-0.2015636555703027
-1.1611222123796296
-0.4903911748610911
0.1859819088962140
-0.0404205031151681
-1.4774586458492962
-1.0207776827651391
-1.5263845014202784
-1.9474332506246843
-0.2168733531885968
0.2160691425272067
-0.7181727779833448
-0.4009244420650336
-0.3108976093691595
-0.0326650593360405
-0.9673863283376973
-0.1008930269349174
-1.2464953503751883
-0.9167525415345732
-0.3797447757891832
-0.3365361000850825
-1.0780235419418527
-1.6201006171649710
-1.1380308716316430
-0.8668648121494651
-0.0457576969434762
-0.4591539473635068
-0.2603853126950249
-0.6443529134868704
-0.3214181421665354
-0.5995759854640715
-1.3682205158093066
0.3422609071994610
-2.1285802565482945
-0.1322896565953295
-0.3235653512091519
-0.6738811869459331
-1.2465227622665618
-1.2229985039849858
-0.1278102651420847
-0.3657509175839702
-1.0178782551288381
-0.2414192518283200
-0.4304025658458654
-0.4222261403938067
0.2559361967903002
-0.2515004769458075
-0.7700190866745683
-1.0196752412159547
-0.9797628986949570
-0.4553162715641150
-0.4151330044057457
-0.6346897805014881
-0.9963352469159342
0.3014060717379813
0.3073557457430622
-1.4056251357731988
-0.1155120550031193
-0.4986654298102232
-1.3864824538678164
0.2136165931357519
-0.8817153385270070
0.1092797424734052
-1.2092039655985165
-0.3304057741265562
-0.7505056127476193
-2.0227156653116749
-2.0185319807626332
-0.2050233689211156
-0.5489507901411549
-0.2650416088855447
-0.8960664285307377
-0.7618988841922121
-0.7372398430031841
0.2558763614810273
-0.6241447037817492
-1.4440843062610700
-0.7388322861853097
-1.3712830927162840
-0.5594799729275419
0.1740915560369736
-1.6585379035035550
0.0319572951654789
-1.6709897037111696
-0.9799641685551121
-0.1353907709386950
-0.2692493924062264
-1.5310905343636014
0.1509719309962955
-0.2059441508117056
-0.4945827889931753
-1.1736278293425972
-0.1407353413855352
-0.1890209733966235
0.2335519856004028
-0.7924437068593706
-0.0523164579025740
0.4287928788183428
-1.1532186613959663
0.1701212134987561
-1.1327512299572864
-0.3682409586461229
0.3867440081283098
0.2935142696030054
-0.0735973343905638
-0.0080883095565204
0.0534713086028902
-1.6067214340365157
-0.2226446133919849
-0.6909764512683418
0.3764911785713292
-0.2197417651342863
0.0588859290579429
-1.3937025381745276
-0.5529834338342674
-0.0337211342405612
-0.7596064839193847
-0.5840546393339793
-0.0735184722999266
-0.1277588534964957
-1.7201276810688355
-0.0702465142728518
-1.3168592702991919
-0.4099494080059989
-0.4376740270384336
-1.8455806526762826
-0.5364811509245148
-0.0311003189709545
-0.3537820284653693
-1.7226205643585453
0.1393222772497118
-1.5131618878859603
0.1774780276789676
-1.1084667368148584
-0.3406806351432212
0.2720164856425233
-0.6412540763498007
-1.2539087388067911
-0.7459597934955662
-0.6697034592366279
-0.4143825390816575
-0.4689684166384666
0.3489516975876626
0.1574695238594325
-0.4102420550368311
-0.3869061001863495
-1.1013062418652462
-0.3141834792562351
-0.6108355103988520
0.1166129672613552
-0.4895354988559816
-0.8491402287547510
-0.6656666256796837
-1.1885432150041249
-1.8169362865099925
-0.1319863636816872
-0.7708035927334762
-0.3502194940271286
0.2173664275172708
-0.5614299834767722
-0.2771417568760797
-0.3061413263834479
-0.5766712016237898
-1.2437321796540852
-0.0729080359946105
0.3404330716177373
-0.0646482976451479
0.0941771715557341
-0.3344066689351611
-0.0272405042064003
-0.6025098244298919
-1.9751212824978313
-0.4678655325701835
-1.0175456805480976
0.3561127407056836
-0.8732141415970116
0.4197670489736812
-1.2440090683795528
-2.5547936337487589
-1.4494909063868584
-0.5726667236987255
-0.6829175389997872
-0.6298768643570065
-0.0838990600929557
-1.2290196783698601
0.3073489684936693
-0.3198757886217294
0.0066241869624382
-0.7194577260009219
-1.6620347236133839
-1.0188850000106411
-0.4136853749934860
-0.3050833056094042
-0.4566184121281264
-0.8204932791641451
-0.6238215329472658
-1.8779113966975569
0.1000475787501624
0.0853744057361748
-0.2000618598242443
0.2261403707423454
0.2288602233869766
-1.3945748631841710
0.2719097376581516
-1.0862311145079000
-0.0569667268900175
0.1006619203829587
-0.8518279471910573
0.3634761094289247
-0.4904580224641698
-0.1267699658001613
-0.1672532226293760
0.2798491449580198
-0.1293157061847669
-0.1609646827312890
0.4373158246975658
-1.8808836366243655
0.3608149407398284
0.0092019590624030
0.1527219766868750
-1.0570593718831187
-0.7712902202828820
-0.4354382896555240
-1.3659686190685363
-0.4781748820082518
0.2920395911041322
-0.8265894390078415
0.1140859605270190
0.2402055474938499
0.1692352453866961
-0.0222237254750213
-1.2008756516476529
-2.1105740603748631
-0.0920977930577668
-0.1672808856750647
0.0154422025910490
0.2351177656314228
-0.0317359676233056
-0.9290342459408796
-0.1466275569404543
-0.8456787113071090
-0.4229704194425584
0.2191874035502824
-1.8947665240300400
-0.1179996847058172
-0.7158834192193504
-0.9283972451891447
-1.0064165763436275
-0.2099010415370844
-0.1139697964239142
0.0509734527814472
-2.0525789929325873
0.2701754384121033
-1.1808158531091644
-0.6377655246830226
0.1170547074152199
-1.1165113552510153
-0.5360646996640395
-0.6117776748319669
-0.9028589192412674
-0.1478027178606523
-1.3267408645921972
0.0425489831610262
0.0600269634104535
-0.1587502991052235
0.1853945267269641
-0.4489339826716534
-0.5714914528153980
0.1697767621400598
-0.3635364340946137
-0.2057738665766275
-1.3161451953307404
-0.5633656595012946
-0.5063119621023239
0.0281256003443021
0.2577679731798219
-0.2048839925065545
-0.4266859248037777
-1.1051945303004802
-0.1985737157778052
-0.3974702030873587
0.1682185245206842
-2.0110221099815302
-0.1346071006126486
-0.3532786745399336
-0.2776191056731847
-0.2189630106183010
-0.3415059555426110
0.3494927723007208
-0.9602435480482017
0.2782135192914686
-1.7317023499875619
0.1048960232189235
0.1379775885841296
-0.5438330154012696
-0.8453347641361190
-0.4338146251465104
0.2887189337646019
-1.4579822482115006
-0.4548409576676758
-0.4737384744319479
-0.0774989216025004
0.3327515626207806
0.2407505074686731
-2.1050634520055578
0.1896420722556656
-1.3153871685209608
-0.7428599938112349
-0.7903299417880021
-1.6614486977834906
0.0049351217258838
-1.5278766380592752
-0.4126959938101307
-0.7482894470212569
0.0637505299746616
0.2405090678525189
0.2879112192763473
0.2743114070924795
0.1714198806400379
-0.7774629001569044
-0.1904089336756443
-0.0374446552260537
-1.0173547367905604
-0.7668155432638357
-0.9745950974158591
-2.0008173527320152
0.1507440152211861
-0.9295871204356775
-0.2629494574416070
-0.7225479055559286
-0.1291492362557873
-1.0933989093472345
0.1713655869637190
-0.3262356791526739
-0.1783110828246389
-0.3891616804870917
-0.3497071103070079
-0.1580336101501532
-0.9943140025583607
-1.7975913700723525
0.2603597419280320
-0.2414258143827685
-0.6750671205478902
-0.0644833332949366
-1.3061582268650882
-1.9540962939713031
0.0761459784243858
-0.8944595064476943
-0.8858281517886488
-0.2752114810727010
0.0196864301167333
0.1157548598692968
0.2322898178759925
-0.4393705744202030
-0.3783520260844389
-0.8206095205961165
-0.7225863895534981
0.5108038776325591
-0.2949350572394627
-1.3621352247576077
-0.0213322093724793
-0.1750104931165705
-0.4578281357966454
-0.2624318022301138
-0.7053858827861716
-0.5943292241677159
-0.3995916064951028
-0.5061553547207661
-0.4593646680349056
-1.6092189279150020
-0.8857088405257010
-0.4781931661577407
-0.8649491250959710
-0.6183273723163576
-1.1628260871494887
-0.2949862042576974
-0.6515611679289695
-0.3951954109204127
-0.3721451527811993
-0.0078486642629541
-0.3872815701666460
0.0973971107575128
-1.9022782805064253
-0.0280122952995142
-1.3894820636038436
-0.7473520457207057
-0.8900008073451413
-0.2151754977901081
-1.0421561095357670
-1.4436351925011466
-0.2156722942868308
-1.3039352976822891
-0.1969948274156602
-1.9146976116844363
0.0725034934842930
0.2492259931085755
-1.1464830768910959
-0.6338136786631472
-0.3517082476950234
-1.2919437942611360
-0.2118713544166745
-0.4347194352208212
-0.0482416269153770
0.0019172909968839
-0.4036796910525426
-0.0987172005713825
-0.8191946100880824
-0.6450134002226732
-0.3176473045858530
-1.2203445393615477
-1.7547835653026527
0.2891647829350308
0.2042977081511090
0.2860756265855511
0.0421348957933104
0.3234410828651502
-0.0054792801848317
-0.4970945788735796
0.2227527317223552
-0.5605319431593770
-0.1167072802333836
-0.5279818850600047
0.3307772538630518
-0.4407683810939665
-0.1447969975596076
0.0383813147710321
-0.0566612575090420
0.0608678653376395
-0.5353207874143124
-1.8035128413557322
0.2992436452520716
-0.4065154631718094
-0.8842110518242539
-0.7505969301992459
-0.3273275556657973
-0.9218029169155308
-0.0097569257107764
-0.4077889995834865
-2.3193060370531176
0.1033099809676489
-1.0241986382328596
0.3117732051122589
-0.8294829107594985
0.1040894976301818
0.4118407067686944
-1.0580369184309686
0.3498208755090605
-0.5282517281441775
-2.1503144326456600
-1.0057396396590039
-1.0028154127594513
-0.0673649502683391
-1.5000231794654013
-0.7955273801502544
-0.2593143712519526
-0.7494316009738330
-0.6279881760261974
0.5169399412260943
-1.4598659050901899
-0.8818973001095461
-0.0521891778599374
-0.2850661935480133
-1.9893982141835094
0.1593567549908713
-0.9553133912856961
-0.9555865665284358
-0.0578031613026478
-0.1468273815437656
-1.2466749172380163
0.0325871919565597
-0.2300335639775251
-0.9829718564475686
-0.4859590421709871
-1.3321670931236846
-1.0329961180505240
-0.4793542275556641
-0.4347782151488744
0.0738007029027841
-1.5239840907949351
