1.1876861570572055
1.2338746352451673
1.4478400404013694
0.9896428502298572
1.4211654318227351
1.1519391546681317
1.1970918049859769
0.8970571196054464
1.1046301454655050
1.4028136504883835
1.1447828056621669
1.3506291790089089
0.4260762403178573
1.2604229599787018
1.3226627130535387
1.4107260538914832
1.2393778120689316
0.9836907332513820
0.5819734774426292
1.2411739200534686
1.1262021705270624
1.3640504054940175
0.9802498664765940
1.2505733924675975
0.4414317137662294
1.3557651289554786
1.4616673973278307
1.3992232429983293
0.8502862460882128
0.8502829272086596
1.4589229128578576
1.4763293713819550
1.0749651299874230
1.4032523133653259
0.8554420461835566
0.9474639382742548
1.3390449823285440
1.3936597836521842
1.3200279380209206
1.1270729778824582
1.3460376927728375
0.8961504670036451
1.1720514163291138
1.3172801137466266
1.2681875154747133
1.4491270419749340
1.1394772411509444
0.9601148724920683
1.2893718269667291
1.4654798862749687
0.7262166864196097
1.4463170895003066
1.0790763169755224
1.3335939495388378
1.4332327548518111
0.9805826991503769
1.1880205969651023
1.4531347821787559
1.3496507128983923
1.2616833188801262
1.1815088259757656
0.9286269482308499
1.4454943421618753
1.4104115049469030
1.4431286279703581
1.4648733960203779
1.3242466787994847
0.6065630679709926
1.4085086780948868
1.4669784308261467
0.7629094131684050
1.3076766265384414
1.2483214559368616
1.3277394461769343
1.4585213486217217
0.4062798732145958
1.2613728946400611
1.2332246414531534
1.4085285049765974
1.3851950020140207
1.3241136425155402
1.4151313801517156
1.1134382720191465
1.1681332561353410
1.4628873340176702
1.2899837021103666
1.4280475902257763
1.3740222145177530
1.4378260975085191
1.2641021888936337
0.9815412603975409
1.4514642323107421
1.3736159529722574
1.3622584343184929
0.9388181661925443
1.4373326592659146
1.4526538294797895
0.7129778325254333
1.3663398163149696
0.6322211498735180
1.4301633630034969
1.3295865681364021
1.4423520577486399
1.4588853403848661
1.0496883561854020
1.4447275294472395
1.0989513771347952
1.4231694600271885
1.4113108485691406
1.3857043695075875
1.1904988552768159
1.1978765752232592
1.4705951149814820
1.3888697765369140
1.4659998187601553
1.1626714317266797
1.4353493518345173
1.4667276778846563
1.4354184801824541
1.4424572907930147
0.6126804457320382
0.8360504896550419
1.1875963511065681
0.4575186615430798
0.6644426816230572
1.4238872046929385
1.4173218716368088
1.4444436884444845
1.1726994614992170
0.9669267012871409
1.2650154412178063
1.3930454902875538
1.3094234877609781
1.3755353811656521
1.3841762281800927
1.3788234672747364
0.5212598150676948
1.1314500636493288
1.3590938711132337
1.4156810775401936
0.8801291551081440
1.2870557969438290
0.9778661098777485
0.8640240361093187
0.9200760265333653
1.0104053104235662
0.8583224954316394
1.2493195022707679
0.8032006864962828
0.6636571771018158
1.1863743793576400
1.2590236770622703
1.2825343966481360
0.8530152730068108
0.4376481383422685
1.3298964499016999
1.0562391912338387
1.1156193274326001
1.4746251132019037
1.2457821090822201
1.3667001050675809
1.0970567407063041
1.3562717745178645
0.8784992822160880
1.3428993218704761
1.3042786384710754
1.3303792857447445
0.5186025934653287
1.3775894010911796
1.3010938515722308
1.1499260200143309
1.4036685255644534
0.8396503688801437
1.4362901236878074
0.3046979681781735
1.2504574030114239
1.2687275112765750
1.1945310008746008
1.4767030025878931
1.0041375637843890
1.3379973514383292
1.4373120027452422
0.9036136261690235
1.4134628036014274
0.3494014332790042
1.2140402264968662
1.2673316650460555
1.2888956471787467
0.9880562597030624
0.7907266619887529
1.2255033383322107
1.2319345750097368
0.7992427845347648
1.4227877883486826
1.3118900206402893
0.9573773253279262
1.4476306696202617
1.4296836021640844
0.4320920399305361
0.7724470235862175
1.3465827963776438
0.6394921608838188
1.3877866551776188
0.5202318184721737
0.9094295668765111
1.4252464500762576
1.4269477180711159
0.5276749079168087
1.4053488430301879
1.1142534704963094
1.4566942949329618
1.3620836753455774
0.8542510777203896
0.8252066665169414
1.4601995733871314
0.3905555468693397
1.2240860730999532
1.3513529843392598
1.3627867600307877
1.2256280482306359
1.4436451112026631
1.4251358137345000
1.1650426028538230
1.4567853692669399
1.3586855356000620
1.4732868450297449
1.0669663425184253
1.0733840825709309
1.4581263046678727
1.4558852080028344
1.4685193857263290
1.1406352833758131
1.4752815732889408
1.0540004192040247
1.3693030764961791
0.8594030344165140
1.4378051725679175
1.1433940832453438
1.4153813520687197
0.6913167304348149
1.0688680017442633
1.2918419571227218
1.1680603632013626
1.3523728625569729
1.3737006151195876
0.9867038243205580
1.4243382901585353
1.4620949114218706
1.4739275702765016
0.6035276248666848
0.6958732505058783
1.3622231107930636
1.3802834494042577
1.4192200188251862
1.4463165717661846
1.3315054263780262
0.6476027695781779
1.2594803649727442
1.4236887018457269
1.3534958161729578
0.8786923420087789
1.3435405586855533
1.1313362279663473
1.4745778868895159
1.4176064461565152
1.3231695628113593
1.4657784858965195
0.7368967939770783
1.4763040330059847
0.8188096945165341
0.8423554014678025
1.4492710589591997
1.2073049827345432
1.4701565088755013
1.2886359361075388
1.1324255195493358
1.3186716263708373
1.3431816344826157
1.0434257910709890
1.1441170612935792
1.3252594150761321
0.8133773035512599
1.4054806109430744
1.1922666111471643
1.0018138183192058
1.4349817917588668
1.2933910510113467
1.0510571435585949
0.6056618725432026
1.2948631228556260
1.1386365449139224
1.4412748877056092
1.4016027416912940
1.2129762235303583
1.4584937833678240
1.4258558191028197
1.3917788176543453
1.2020025247577499
1.4513246410583363
0.4623823187508674
1.0241138840767912
1.1766413886730416
1.3984312798465695
0.7563967863352671
0.6622977078211982
0.5670740523147210
1.3950608900412882
0.8540916577967479
0.9234070356832504
0.9394972851676251
0.5464205337368421
1.4563907109247218
1.0221817132343713
1.3178973680801622
1.0299420191502491
0.5247298219841828
1.3868648930876022
1.4610136301722960
1.2689887254719303
1.4225507116455967
0.4110973974889115
1.4605765925555552
1.0324320247482124
1.0273988481770737
1.4432741835489062
1.3565102240152775
1.4199260761231225
1.4493260944002007
1.2146094073273603
1.1286103566609280
1.4262027547981520
1.1007954970354450
0.4375976047472673
1.0770045579126075
1.4103184804526980
1.4562512564581644
1.3341466572096352
1.4240929604026760
1.4397637948159159
1.4157019608026888
1.4077548475979598
1.4081799650698998
0.4177978883110495
1.0319725175208991
1.0850660929402309
1.2557798704832832
1.1384002863058644
1.4347933899402345
1.3446476399804903
0.5893810344776246
0.8645042221335231
0.8138422978813284
1.4747328881520199
1.2142348222746979
0.8283852835755023
1.3260645238502302
1.3573542029767756
1.2187124382257040
1.4861690421904048
1.0293866366350273
1.4674307943584444
0.9150412476394049
1.4483485088210486
0.8569831462577712
1.2067897855292229
1.2710069121607268
1.4452739496655105
1.2674299215582296
1.3326009442550677
0.6467991155013445
1.4381312615554267
1.3119906115042743
1.2887614552719007
1.0955344142028176
1.2086399182283523
1.3894095532284680
1.0005173924260149
1.3653274232526726
1.4210709195441495
1.3186004875077011
0.7657482065491484
1.1892360929606132
1.1931553462741642
1.0407744528473211
1.1423641184792193
1.3980535286297762
1.2974794255392164
0.6341616175677999
1.3875058335107084
1.2083182161086938
1.4114396381788210
1.4434646712939601
0.9167652617425043
1.3687243489867282
1.4082473065839596
1.1090792183706781
1.3934827586272787
1.3656258229828138
1.3666505112856011
1.3681908774940081
1.2745089413171014
1.2539592775205743
1.3684433249734198
0.8388529711098138
1.2990593939406836
1.1143151353348402
1.1494230005707955
1.4550481508935786
1.0760424842241838
1.4036986258919084
1.3749008186731138
1.4527286351984616
1.2614067759906453
1.4327923701665299
1.3851755809932556
1.4381043570945446
1.2924106816849268
1.3377053193809851
1.4068017044809220
1.3568909021639219
0.7229183573841413
1.3101235816569912
1.2451386305587551
1.4064702971833687
1.3844179429856589
0.4594735300024215
1.1906415752361847
0.7274674546457364
1.4261779526826126
1.3041539742373003
0.9691160724279524
1.3336738225484868
1.2682502087098280
1.3340654452721925
1.2167692911193182
1.3518647378606206
0.4520133736576635
1.4320635036975353
1.2281144048371111
1.4364740247607324
0.9043173050557609
1.0620926530060122
0.7824812944841940
1.3370329656201034
1.4278932375507525
1.3721514042074874
1.2530390140082568
1.3940381111380311
1.4173460275282779
1.4697893955282375
1.0753644430101106
1.3480083473189890
1.3284090955883074
1.1587832524426100
1.4725424740133866
0.9809786963192796
1.3125309879948202
1.3202027771369342
1.2998160570596311
1.3150972158168868
1.4396757969295544
1.3951526793471525
1.3513895034120029
1.2773214148883660
1.3800341473545108
1.3531018085186450
1.2225892913667387
1.2413283901458092
0.3605572382250744
1.3690428957389014
1.3814721698211099
1.0233892657895685
1.3421653411337082
0.6867444192523084
1.3978658630123775
1.3511411296542641
1.4615188764768470
1.0026988692497583
0.4358694488269144
1.4782526469514854
0.5659811129017912
1.3734840616164534
0.4900328558440616
0.8673776033966241
0.4151596706192110
1.1766272690562634
1.1973562434353346
1.3743659431812092
0.5863826761180294
1.0710901551313599
1.2379706895168319
0.9469011880257451
1.3880611924171136
1.4685475299281885
1.4179283078181082
1.4642526612400866
1.3553080370898740
1.1590113379460831
1.4154795817983392
1.3994296333218261
1.1381001112983946
1.1215576570151251
1.3127521762807812
1.1819257972510726
1.3759937687614148
1.1872986887908183
1.3155133241002688
1.3649485537010204
1.4208427558996337
1.4173946116711962
0.9317148614137033
1.2908786879370995
1.1474900293181054
0.5005957747661167
1.4768761572378970
1.3791951199839558
1.4667944583125450
1.3714274762737788
1.2440028014865114
0.8372041567514515
1.3965933865083555
0.8348804796706893
1.2256951519288612
1.4279484483703822
1.3570539304204796
1.0811400959287851
1.4013118427315703
0.4067212802496165
1.4090462835596897
1.3922276608819686
0.7265668641310649
1.4608479487731529
1.4509835115060263
1.1749656049166100
1.0533887535909205
1.2403741580987735
1.3868426593838117
1.3101944075719199
1.4282726830438093
0.8053566872661362
1.0611877778334755
1.4040485577583341
0.7492758877931001
1.1295894991255901
1.4204184755096443
1.4574425292214255
1.4250641629676102
1.4367408766579337
1.2920668476976718
1.3086827807550570
1.2774979384278842
0.7082666593727941
1.4072153293046192
0.8323351044710926
1.1228691308107419
1.4250208517396095
1.3461078361196306
0.8070336941350703
0.8418111059396252
0.7468911085424332
0.9406731601397460
1.3720585646157828
1.4553614512754938
1.4259739514315739
1.2696101061308005
1.2569292739920774
0.9166304205973889
0.7065605273128888
0.3518476074040554
1.4120877168639971
1.3727436457616153
1.3447131371011227
1.4493764035859662
1.2976326392282949
0.4878738912026735
1.2464544147711756
0.9891591714355693
0.3584545388358462
0.6770728349896266
1.3741439897009435
1.2959470934562176
1.4183919720157678
1.3331493323593264
1.2782806677087661
1.4174347940759848
1.4007089401074895
1.2155711398969968
1.4173568760090545
1.4677978841838177
0.9091358680954749
1.4444456287821776
1.4458623180424219
0.6355640805577428
0.9125497471087650
0.8078022903166663
1.3622407434227484
1.4240361156239463
0.8542170928610295
1.4047551228257875
1.0360436889245013
1.4077070307448669
1.4474706920772586
1.3706556149304665
1.3547443539429254
1.4137262655000660
1.4426525893610134
1.4121874795907290
1.1652145577210216
1.4692988963587152
1.4612865787664617
1.2189713731283138
1.1970278177631493
1.4043304925420792
1.3772556878361621
0.8231419417815607
1.4454720801405028
1.3165947465995098
1.4647081686763421
0.6605495499473727
1.1805803848456957
1.2196588222441909
1.4787759221830417
1.4741314951707043
1.3822291516460241
1.3978389158463038
1.3941298437724308
1.1752917299783217
0.7834364810822209
1.2670756310644731
1.3880812636547777
1.2651427649576303
0.3168105975229516
1.2916486011534654
1.0606549482099212
1.3813702961302023
1.2280100270191994
1.4409736973756520
1.4641074590502752
0.8729336718752024
1.1100196077204989
1.3585824464982685
1.4235078916228254
1.3801881704679930
1.2208494573789710
1.4495773681826873
1.4442818311538148
1.4498829153881294
1.1587915404483358
1.3024680455850477
1.3982781685761299
1.4054274959040884
1.1699153006304730
1.2281890710571652
0.3894596039349926
1.4164372503641431
1.1758542738928766
1.2090555266891636
1.3798972012845316
1.4562501441451603
1.4040208679274682
1.4585222307584407
1.2419138140930706
1.4388767087680114
1.0600634957778576
1.1626540339464217
1.2568920465453610
1.3953581264574209
1.1759399559524442
1.1719631004111535
0.9246297697633343
1.4711126471911991
0.5854518671141731
1.4640585567898270
1.3209809272992554
1.3113697652749259
1.4660487761238377
1.4280048760843520
0.6129618591880309
1.0807127090627895
0.9884265338057072
1.2907482387547253
1.3257659557050034
1.4558049975425340
1.0140056628381338
1.3768066270839960
1.3902203438931897
1.2681101227725544
0.8745172951272159
1.3148440453716184
1.4569012295101942
0.8008712452780286
1.1427645026902542
0.6788248311095930
1.2859631327458931
0.7939620893990342
1.3052582491990727
1.1125729470505448
0.5514262553208920
1.3968550454141075
1.1021418230285840
1.2572932580409091
1.3535887823678703
1.2907681596126848
1.4751412409353528
0.4013274355781987
0.9974918609089650
1.4123516481546570
0.9550444211660283
1.2125063510423970
0.9233639210395048
1.1567403042705926
1.3924344536937119
1.4190014196427030
1.3938830073660968
1.4467224940660826
1.4366280322249210
1.3501919525018153
1.1895744275170888
1.4187584592588758
0.8926688648898985
0.9998831050098881
0.6245696964983127
1.4420024654079922
1.3673977205533947
1.4566100991399027
0.6600217757739723
1.4298733228246869
1.2857595077783377
1.3505433204783139
1.3212500832759135
1.3934069102260478
1.3744782188975013
0.9461633111058162
1.2958471718163684
1.4705164408371367
1.1989596362911670
1.0082090071065921
1.3202257280941261
1.4450297739010882
1.2330226842639158
0.7466913981406659
1.2803764677152598
1.4549192661765118
1.1527267082433321
1.4446958636453711
1.0035895446400813
1.1127716611727545
1.4601591989085136
1.1813721249296030
1.1927838327633391
1.4068042573418631
1.4073023971497578
1.3937708364317474
1.1679914354940415
1.4687221133422621
1.4283278916205007
1.2908333708830266
1.0940180781790116
1.4348235328990302
1.2063178194176087
1.1324069881616012
1.1282044800625279
1.3991116745842991
1.2546063224518977
1.4224393732881899
1.3912065749586497
1.0668148809000599
1.3315152001444930
1.4046510768515732
1.3569032094190603
1.3582591028233022
1.3659408681655083
1.3847680304014325
1.1336754749519879
1.2476421233895814
0.7356533247719194
1.4088399087591648
0.9576228782344625
0.5780379362249936
1.2143605047589503
1.0510363295780880
0.9640137141657795
1.3196024217984310
1.4652068823374942
1.0027580244766070
1.3457387466598305
1.4022425346948468
1.4527296977298114
1.3182359707990237
1.1347859521770631
1.4668915646053173
1.3214506601990195
0.8544323727524493
1.2787911132756642
1.2460960249783557
1.4496274546842980
1.3842537733252613
1.4361151584370635
1.4148131718848216
0.6589227016807925
1.4296078454718475
1.4010683909005963
0.6639481105621380
1.4793152896272039
1.3703315551211819
1.2835344634550174
0.6671350323066396
1.4566733941639163
1.4055068379345241
1.4555106169510621
0.6434659473311301
1.3010391353777520
0.5726760436956018
1.2925723652082346
1.3507651088063444
0.7263357891772294
0.5846106311804792
1.2419450525448312
0.8989432289066265
1.2073208632146890
1.4139045588648140
1.3986041216948393
0.8028209396663993
1.3762462929619836
1.3176769067716163
1.1833945403789861
1.4319252301936969
0.8800413213130051
1.1750657405707283
1.0961863790644457
1.4306441144008675
1.2873372846722919
1.1064244583644056
1.4535439850922307
1.4102683595363996
1.4091633405013511
1.4251507182851217
0.5636698308365705
1.0984773931643368
1.4596453860999099
1.1706985650989896
1.4132733111341362
1.4356282014445738
1.2427581490926958
1.0018376964924300
1.2498845097102194
0.6538298292738174
1.3096879028531421
0.9151384824084455
0.9077994004659581
1.4733097278114604
1.1923746982583747
0.8740187327542981
0.4079202574531403
1.3627046217377847
1.1129924426696667
1.4705944675699547
1.3919976092439206
1.1835681891306562
1.4561103198036627
1.4299200859308960
0.4252706769069690
1.3267704537701326
0.9947692578669367
1.4722987398127556
0.8536124795191975
0.8813840346756305
0.6860018272952719
0.9729547466428565
1.4260446998406875
1.4056824055552632
1.4331178569793930
1.3922702968237508
1.3386479197818684
0.8389384763666446
1.1480266412439528
0.8820283542653108
1.1112189529050647
1.4486971739086540
1.2110717135662856
1.1725291008719687
1.4075397976915895
1.3167892240003143
0.9171534511647277
0.5141539895623930
1.3710767412179539
1.3802309571566236
1.4228605596915971
0.8544929506182749
1.1654772843572110
1.0243405330009037
1.4049763680650322
1.1359100579071764
1.4402428691353493
1.0027132596798818
1.4086584166917915
1.4182886214729156
0.6880664380338753
1.2064984632879632
1.3302425607334751
1.2957303042954307
1.4487918330381584
1.1250128944138464
1.4210704091788722
1.4792993361890419
0.9027448216507739
1.2917239570128443
1.4379221440400798
1.4017116490794015
1.1469601468847632
1.2575893887238225
1.3246351994267276
1.4717339682230257
1.0489241426853224
1.1763639924643770
0.3904114952741162
0.6965179852873530
1.3769944526990208
1.4186637456598747
1.2841314239633352
1.4111935208622743
1.4679583129530265
1.3636247787656148
1.4652650181517941
1.4293764283450048
1.3864779037091490
1.4765566169126934
1.2640123168917703
1.1385892839990379
1.4559899452666178
0.8130021536717588
1.3019977316138500
1.3698336741609651
1.0719684696790728
1.3292489619450623
1.4190971978545348
1.4723499507618554
1.3392099427538433
1.3101180373714081
1.4620935967522883
1.4097649601037245
0.9084018465750976
1.4326904643973899
1.3677660552578532
0.3900772083621837
1.4501202140999854
1.3817136250857818
1.0794118243525830
1.4500911902522862
1.4513657268075006
1.3959571405286986
1.2965970885668094
1.4330716507917050
1.2149834058171667
0.3310444422582542
1.4233014641040587
1.4262773427907600
1.1590149129605338
0.3796077093937844
1.2971705067439072
0.8294246119060642
1.1491899610810299
1.4117728221836221
1.3997477526058548
1.3772796216257241
1.4435508015464757
1.4371463261439184
1.4369776231117646
1.1668401809826421
1.1870283235936880
1.2062767310723770
1.1599656391551749
1.4627844013682820
0.9271092130901613
1.2515258204324253
1.3399931338008761
1.3867771331999459
1.4466998034172451
1.2872152602939833
1.3588207330009372
1.3811410037620544
1.2206670563352906
1.4437517869839949
1.4220415228705279
1.4084789081638094
1.4433333630397265
1.3901147607472055
1.3091569609039058
1.3208466346663124
1.2985143257602654
1.3736981222883862
0.6068187196347803
1.4693257752026376
1.3523807628094819
0.8033420470235583
1.0704610358465314
1.2680325962283598
1.3532088899714048
1.2597657819028929
0.5975347573382843
