1.4739052648513709
0.7060885497847774
1.2521564237140179
1.4002920209907550
1.1538018389032889
0.3775702802681887
1.4656329298347861
0.9719120031460345
0.6703459508638564
1.2718368141726599
1.1280217778926240
1.2979888391066907
1.2056451786617830
1.1956487328685499
1.0931668822998633
1.3097957996653480
0.6146940629787352
1.3456789453436744
1.3616161815207346
0.3873677149550985
0.9663801966430224
1.4344764380279815
1.2700975657657985
1.4125711116515234
1.3870494525663273
1.4281837110030335
1.3181343784753701
0.9345581192937421
1.4444111533044599
1.4708399347427064
1.2011314098064436
0.9260528730828038
1.3594948155383741
0.7887363530256115
1.3423892963851640
1.2702715043388366
1.3876589600456182
1.4804425994510202
1.3669185103081856
1.0530326891390802
1.4413358776047456
1.3754472226680257
0.4810042671243825
0.8531552809285703
1.1549642632388961
0.9747113134823346
0.8540603360537501
1.3590135561769947
1.2406387263746854
0.7561235352223434
0.8582026884176606
0.9151990644725304
1.3272764972674822
1.2817880893239251
1.1135736781854781
1.4168074529535621
1.1452973266551789
1.3031009181130377
0.7197512244351769
1.3867618675193141
0.6010427187001098
1.4385554571951737
1.3617962325285304
1.2734643645998835
0.6972404460410064
1.4417232149950874
1.3236268282592665
0.8554180149512770
1.3817397314169571
0.7680936456279727
1.1994661618439104
1.2590699451554339
0.7486314704131771
1.3779607420198587
1.4277357272178361
1.3280633054781059
1.0179148844605419
1.4290445998747601
1.3940705219371439
1.4025213044766662
0.4808637377000360
1.2921444907780735
1.4473886098658266
1.2411706725127125
1.1344236968385066
1.2514847436592316
1.4534015271267402
1.4561687240018488
1.0470818255698435
1.3553654308536573
1.3983235778395662
0.8557984535548806
1.4098384571132700
1.2601477730015569
1.2778162543968625
1.2570526201715357
0.6633732181703897
1.0985639981918642
1.4234617451771814
1.4077175350702777
1.0560924052892513
1.4256120724005035
1.4140417886317502
1.3667267791375954
1.0035277562607587
1.3149994315296212
1.0423853985584912
1.4371198763048529
1.4169110095008637
1.3874685531468220
1.4321253614813021
1.3179193398849907
1.1453236075600710
1.4753087416679689
1.4373093037356071
1.4246983520421950
1.4105222286364310
1.3830350059017560
1.4018937263178322
1.2933814425548391
1.3922840403847525
1.4390401977018223
1.3942622818237544
1.3635824037760007
1.4083077376096571
1.2589673909886414
1.1979903817972704
1.4230615266810633
0.9922114025850683
1.3507025878342120
1.2796036852292771
0.4866591613730010
1.4242034829470209
1.4725041314247194
1.4563413988617815
1.4030909464851709
0.8415874718607766
1.4371688255217725
1.4075393231973690
0.5888242624111749
1.3171884302782975
1.4067007061056840
1.2206594572581246
1.2688582407179088
1.3846604558114197
1.2246730245238315
1.3268234970655861
0.4832859235047495
0.7427282833613150
1.3661654062958855
0.8454802362273253
1.3476022319182557
1.4706098083946815
1.2927778962760792
1.4287448915616725
0.8271445636928273
0.8492541738324488
0.5168539299297611
1.3677425901957820
0.6412464062829598
0.9256664874074984
1.3892426509245166
0.6187857589637633
1.3650022414632401
1.2835342447055473
0.5971684306239050
1.3987634675168032
1.1621108133293037
1.1187795266667688
0.7274223055456323
1.3341274193400732
1.1780367749502267
1.2751055540677130
1.4055100200246196
1.3694210697700715
1.4231383710977286
0.8676753540529264
1.0617968234547792
1.3245190291094540
1.0087153367474020
0.9703792851454837
1.2444081291295532
0.6381674110226773
1.1383424346400832
1.3434351925337180
1.4511625631313070
1.3715556556447721
0.5983932275780594
1.4438774285265623
1.4269418579180253
1.3974737576974885
1.2145568338799508
1.2934621443142842
1.3354820714884184
1.0403221405312904
1.4472646401246017
0.7503538954842418
1.2797624929043869
1.3343338788728092
0.5699585136294971
1.4078311729371698
1.4230707825590467
1.1623164146435583
1.0392926699991414
0.9783062320650219
1.0626086894998581
1.4275300253911245
1.0870471392692114
1.4396789305092494
0.8567037778019252
1.3170848737094409
1.4261123290974524
1.4321081326807954
1.2612316334429763
1.4141401498046458
1.2461386009257946
1.1738651121171617
0.7486251162341510
1.3994598621793186
1.2976871794687861
1.3666464938033718
0.6227737324695809
1.3603923677295304
0.3202055854211656
0.7747150488663668
1.4463930360799071
1.1557680968541564
0.5858669581488292
1.2430960951643304
1.0597451334388186
1.3974363548944180
1.4150786903141632
1.4539307315189918
1.3641851386839607
1.2051763559321325
1.1663547235005149
1.4662616486525168
1.4507161693891231
1.3753395940542590
1.4429287897024214
1.2625889315262333
1.4111461976027555
1.3997235997434914
1.1384207458337128
1.3829006684695588
1.2648462984108295
1.1153240414665651
0.5547749519363067
1.3344621578336642
1.1346474932990833
1.4262027595068849
0.9878838447629915
1.4565666221213913
0.9688472567617824
1.4764197253512050
1.1935802501499262
0.4503414838415070
1.4557012180688698
0.7182650507378994
1.4839283208369880
1.4681461781142215
0.8732990040456795
1.4213062594823569
0.6702612996055355
1.3954849540212533
1.2131577529317199
1.3410565379874697
1.4385664332077364
0.4240073102526463
0.7331050823348113
1.3492693615880120
1.3846574404138776
1.3124222369175240
1.3667055888766897
1.4195285021327579
0.9474957929297400
1.1703165108704137
1.0649919083548227
1.3926093458098237
1.3988529254183537
1.4480710303861042
1.4372054046997611
1.3621338416740234
0.9126920398006845
1.1484451885543663
1.4010400651422663
1.3502598712238774
1.2952261308892565
1.2394813686082864
1.2848290456330034
1.3538874204964870
1.2190794759489829
1.2277631760596195
1.3571297204188959
1.4203603978114956
0.7008238354569871
1.4109522842106905
1.4456741756792419
1.1761540282301095
0.7366855640539223
1.4280608001745478
1.2488545585624298
1.4088778180002450
1.1823770948365495
1.2847142305678816
1.2654799562851260
1.0045436324790187
1.1319610396687763
1.3708171614876126
0.4509250650482379
1.4176744579298595
1.3630568910085128
0.3862854139693983
1.4581510986323278
0.7027847204013989
1.4563137937509003
1.3723734416376123
1.0268960979236217
1.3362067940574387
0.7740080413567582
1.3611474388033837
1.4571905665589862
0.4650004602339556
1.4233916004837501
1.2341871970207399
1.3803162530276929
1.3542952911586659
1.4317001493864567
1.3488329307178375
1.0716077583007408
1.2252531506002684
1.2810404754356248
1.3859790231830602
1.4599765014750403
1.3468995778470447
1.3157259586512613
1.4057243829710737
0.7893366281221907
1.4158946848765732
0.7233676696936028
1.2652682328881681
1.2679652160669288
0.5936498951232271
1.4641077374829390
1.2597679791798924
1.0957630466926256
1.3113426141273137
1.3958794348420873
1.4533515493718390
1.4319926779979626
1.2205052741874360
1.4011479631472779
1.0718036760282574
1.1034995943602903
0.5856254977588716
1.2321004496436245
1.0093342404833299
1.3781951530817855
1.4390229901039151
0.8685594827615770
1.3861173659135293
1.4032996207141724
0.9655727560461759
0.6432756841316927
1.3063961722675141
1.1478824830078203
1.2319754146204949
1.2178441269497036
1.4196348521016116
1.2556471233757029
1.4680232588771518
0.8850993823271684
1.1714661132341724
1.2680605129931906
1.3561958561325886
1.3868246306428140
1.3108446759208798
1.0040170683909277
0.6748039145685384
0.9833735148865063
1.4136424292234744
1.0172631710482407
1.2063500505464355
1.4722618733732353
0.7980692665799722
1.3016798864698234
0.9287823340119644
0.7744468026406158
0.7941246238281254
1.3706733511539193
0.3101394341933822
1.3507028100623728
1.2313107936153129
1.4737906356251780
1.3545748077216151
1.4587058205142904
1.4426649911605876
0.6195824507338124
1.4192026222892775
0.4091673882384050
1.3263968863310194
0.9316502979023255
1.4344298076986328
0.8845509272808368
1.2915225429763570
1.0937172824985248
1.2952317994899190
0.9188319255154376
1.3906590489147463
1.1430101957120236
1.3520631319240217
1.3987407911322476
1.4658710910295398
1.3230526742583653
1.4478990299519279
1.1253378517270609
1.3975979370509448
1.4309722325009917
1.4476287157177055
0.2945253108992129
1.0905561613016221
0.8903278585453919
1.3406003272400349
1.4137585027499830
1.4570571368344576
1.4346794610985782
1.3907835323321682
0.5597741920566838
0.7922585479194226
0.4704939707058883
0.5767108940232317
0.4248630866548686
1.3246505898055851
1.3342941602973446
1.3450445815568219
1.4342732326843353
1.2710472020665744
1.3824127044296208
1.1805190817608715
0.9590245514506036
0.4817794949755100
1.4051924621441156
1.4322248576150449
1.4188854175736823
1.0162051445326121
1.3983002906987243
1.3526431778261161
1.4761672477724119
0.7084363927458038
1.1512631193582150
1.3766549873887322
1.3895355323725820
0.7797525085807134
1.1112070005732144
0.8400578959934706
0.6484591515324964
1.4506787588477674
1.2211094900244448
1.3118487706291884
1.3856373257843266
0.6624966240140113
1.4624898246015505
0.9159269584791290
0.4365271937480097
1.4432841758867296
0.3964051300484805
1.4427245001204869
1.2060743475502027
0.8829796154771189
1.0586455001826929
1.4349758645104536
1.2359860753907455
1.4257062387652990
1.1588745992520568
1.3430684821563454
1.1944604763838444
1.4729700757318760
1.3225763774760653
1.4273834041927069
1.4755704515634858
1.1117458381598717
0.4900299961019042
1.3241526849327065
0.3980019922641319
1.0054194485203674
1.2587396088093010
1.2967480797750477
1.0087548254568228
1.0848594340085003
1.4491240856623655
1.3987082275445277
1.2620313792248234
1.3403032345654886
1.3931741337479666
1.4253551106609679
0.9470174146754053
1.4258268027865850
0.7025199527824982
1.3820252562855317
1.0116030181276010
1.4155126897851209
0.3386187044174815
0.8748748839649249
0.3875311794308731
1.1492813255162535
0.9866754910471177
1.4455298833311072
0.7847287754884540
1.2786859740749343
1.0858370091589409
1.4779643920335810
1.3711735227123591
1.3973273797343848
1.4167027743463871
1.2202784994147138
1.4306602626178710
1.4585267709641268
1.4093742567792500
1.4034193127173327
0.5718521559800879
1.2703743250058355
1.2162208208990071
1.2823739523445079
1.4161669564250754
1.4115069715400477
1.4642163338418632
0.9749501701327757
1.2635629060230618
0.8038358368353755
0.5508968006164031
1.2916219285407684
1.1373777714024194
0.8656469810419957
0.6721090782190966
1.1393927974764244
1.4395336236047194
1.4191547593889855
0.6501444720840259
0.9959315253493741
1.2709630675596042
1.4544668571907831
1.0484707458238118
1.3723731298712578
1.3634881871186353
1.4398340406442545
1.4410633772554040
0.9255951321119720
1.3254534125932935
1.1742543418585265
1.2299504691645775
1.1312233794901356
1.3836919175489941
1.2209915867106216
1.1067432322895352
1.4521477227371362
0.7584931325619397
1.4148756722385396
1.3428988395437580
1.3271066837670709
0.8693226112594195
1.3242752523281789
1.3361792062032705
1.0414169033570881
1.3608271778301697
1.4151950971938692
1.4301090397908194
1.0675103344490291
0.4391824179445378
1.2822333016761811
1.2915096230501502
0.8618607395751949
1.1042695534446207
1.3895272773932312
1.4420426062614562
1.3080713156213675
0.7451482447914054
1.3068262306929845
0.9035947808727572
0.7287774030126332
0.9595413069632633
1.3879148429581551
1.4540410839891178
1.4585535627563162
1.1375261859847745
1.3907837622090968
1.1115088477814965
1.3211803866493796
1.4145739813066012
1.2011600390776800
1.3502259945501967
1.4214125529129829
1.1935069776469647
1.1650688183849571
1.4031123252378579
0.8409668550971980
1.1389232501510531
1.4465723556104297
1.3935744708193325
1.2843623644261661
0.7921137739326671
1.3071629321165719
1.4074328801053302
1.1977787850103849
1.1606060801541358
1.4670703276111505
1.3571735675757732
1.2470733944869650
0.9921900885461200
1.3887641580965422
1.2669129064747349
1.3611977076416828
1.0778889748986134
1.4706464107360246
1.4571523019249590
1.4133160193818743
1.2303769373062157
1.4404594744379779
1.3860193349410304
1.3015830285861307
1.3577830030602753
1.3574034880576473
1.4043497945256880
1.2524788646518501
1.4747378439122041
1.3083091800036279
0.7398058037448038
1.4563393244217688
1.2458691725416093
1.0777334519170818
0.8160814348925457
1.3800284005974042
1.4088042491552546
1.4260398241665251
1.3964785842240255
1.2029713678951945
1.3349286749587563
1.4389392221902391
1.4168221050935674
1.2333790965971070
0.8561704489236075
1.3387139095543878
1.3026995565654262
1.1936125588908044
1.3161994288452266
1.3148853427911922
0.4629811332386272
1.4751666007877755
0.9056835002844001
0.4382765662457357
1.3101147984038175
1.3842126725361290
0.6115253473692928
1.0585598233243920
1.4722803752588303
1.3190866114617852
0.5152486884894218
1.1227579940967742
0.8868500770848546
0.4604174018650019
1.3795441680104235
1.2216390528463941
1.3755240203647408
1.3281447825221995
1.4064732900489159
1.3846146898946008
1.0314201916380297
1.4275231566926130
1.3546307188562525
1.3432596397830843
1.0662395881954958
1.3973976357397504
1.3810831449973475
1.4593269851376189
0.5656472521563212
1.2249808006814953
1.3596858356816768
1.4364177641475246
1.3745988800336897
1.2735801514780203
1.4301849125188331
1.1651919284858006
1.4093616614581008
1.3710336639312171
0.8407178778123043
1.1616797608462672
1.3506311173851377
0.7788506149906860
0.4182175089784717
1.1019177937003488
1.2506096079639506
1.4719076680617964
1.0901454240433686
1.3548368454532449
1.4236264194394530
1.3593463580309144
1.2767371000386989
1.2153740186685826
1.4347099718276630
1.1416309215015503
1.4091779255280756
0.9502537142230044
1.1669349280479973
1.3344446967505854
1.4499393910111449
1.1868615028786653
0.4370950380932041
1.4102488822171146
1.3785964284069374
1.3363491908452911
1.3683529988659475
0.8317005765800136
1.3271016350432505
1.2360069493520627
1.4714474146239114
1.3970162868074956
0.8305318886022265
1.4249870841611949
1.3422064563092930
1.0414003885947993
0.3923542260127448
1.3392411575759906
0.7377558549177048
1.4587963078791628
1.4348458232542158
1.0891365546458187
1.2856832159776248
0.6251071595466325
1.4386765080792561
1.3903127842220468
0.9651095730469244
1.2911621390091583
0.9355401518028765
1.1790703565972003
1.3173083284010076
1.4316736871242355
1.4467538762164369
1.4408656890998943
1.3090857365029034
1.0194710467489720
1.3698778667952853
1.3165419980746509
0.8216578485137704
1.3499289610057894
1.4506380252376390
1.4276715796447030
1.0444369962141991
1.1272162917629596
1.2461563291816300
0.8610592111687873
1.3657654081591479
0.4782011491967409
1.0932847522135229
1.3208601376147155
0.9392838194004504
1.3709177180143506
0.6298261597292329
1.4187964308171379
1.2212375424964004
1.3839965401871599
1.3820349354117811
1.4240785656251438
1.3514837480699218
1.3547115101219986
0.9130647637101298
1.4074746739498949
0.8722224020275019
0.6503950192245503
1.4662499727371736
1.4690435735914120
1.1618816676668742
1.3985479028749230
1.3292661432517785
1.4667185593811565
1.0804671475970369
1.0008422949382092
0.9171086152439266
0.4010401684743215
0.9696154888249934
1.4159352066434105
1.3416539326767585
0.5584039366731820
1.2797168730148720
1.3597201001560255
1.4222653151063165
1.2717236265169674
1.0464126952666863
1.3268303127967036
1.4534060315213049
1.1867642065741382
1.3312582396577399
1.4336907924615581
1.3463510288523708
1.3415079735984621
1.2512676119650117
1.3217818082817445
1.3441176715422294
1.3209342369829309
1.3261019144222728
1.3804891960803092
0.4926772473219441
1.3594514968992626
0.9848047001385861
0.9892586401462629
1.3773159725146669
1.4009637744280190
1.3537786442811988
1.2890063405111341
1.3215816224489303
1.3888041723854707
1.0157940543276354
1.3942234687612818
1.4245913177085294
1.3850460300262379
0.9271595987395178
1.4347892568885943
0.8280295036568499
1.3014177292167179
1.2425871887709643
1.2088220773434091
0.9405114687506438
0.8220478176176089
1.2671696339566594
0.5032609612933971
0.5988880939853447
1.0553222640206641
1.4509901331766510
1.0647583108168899
1.0060098576370982
1.3660710498903592
1.4452925230411051
0.3259337786976024
1.3769025275186511
1.2543665414192413
0.5502924220257274
1.4770811619822344
0.5196350653438573
1.0410467182283789
0.3847260494436052
1.4380926528188107
1.3223431228831821
1.4607439928170449
0.8711264942767633
1.3283116898134182
1.4091418335147206
1.4233254994182909
1.3898058531867015
1.0069236709635350
1.2296626919290747
1.2110259669206085
1.3414551288497056
1.4284350440487734
1.4079369570129894
1.3086197651072429
1.3645367499879741
1.2432754853316825
1.1624628391818002
1.3689884319215480
1.4124812096643837
1.3884035323210835
1.4624115335123333
0.5438283117231303
1.3228975402802245
1.3450790082720190
1.1284631663358748
1.2895983601339704
1.4208601736931894
1.3385879407881762
1.2799715329668859
1.4635484908558252
1.3939573972802850
1.2996049939687864
1.2980026923762191
1.0952503831665421
1.4316945231892251
0.7200874671489494
1.3720856201275589
1.3937608771791916
1.2162601297309430
0.3419680924525327
1.2766562722616990
1.1111268673321468
1.2706169225367143
1.3746655193216519
0.6461585235835906
0.8226393436401012
1.1705620913407406
1.4375668971555748
1.4566202911979913
1.3577954541139965
1.0631763360644799
0.9678411604366383
1.3487865617780885
1.2924674943740018
1.3088809969348123
1.4247424777210784
1.0077240811203199
1.2636847106709246
0.9761139276768650
1.3935537970560035
1.2972377538766833
1.4457574356413294
1.2935609431673580
1.3142577553632369
1.4325696718825174
0.8577837994997326
1.3290412395700499
1.4212224168778382
1.3882883255275913
1.2439809104179653
1.1417588534497440
1.4025761286458454
1.3721942135035834
1.2695771988938804
1.2283117950083648
1.2907156379128988
1.2633957211718856
0.7381984670037730
1.2646526704116317
1.2063730710532974
1.4288725045822410
1.3375210377368962
0.9184763376015537
0.5298438921725872
0.4343363933969648
1.1362642111816756
1.2144235657292479
0.3268746224848717
1.1890130063238102
0.8162291262164623
1.3282144549445976
1.4009811203333427
1.1198125766583373
1.4219666323661599
0.6290611989542020
1.3420408018324756
1.4405866694025729
1.4330351555194751
1.3630825506314892
1.3221230178637775
1.4189869306321050
0.9658077382586315
1.1043483269847822
0.9379229594388832
1.4482270077180226
0.7310442422519757
1.0360261600037775
1.1158686392817005
1.4601094257445106
1.3462216619194223
0.5676584936988349
1.4145908439371244
1.1939219163362442
1.4320025529428690
1.3753466393091178
1.2810646052746433
1.3971511619497845
1.4448688101502154
1.4184389022458432
0.7437788879521682
1.4336092596551271
0.7263230678969447
1.3199672548976111
1.1029382872214213
1.4287417452993449
1.4121550106417196
1.4036839817135474
1.2540828494245952
0.6038611730924811
0.8894517531005923
1.0177427947784730
0.7308665485312263
1.2107967136950024
1.4321806488163402
1.4282065765145704
1.2588724427646516
1.4068470422732799
0.8832968385119713
1.4036843219660418
1.2151254929821103
1.3263305813828248
0.7805874859684044
1.3370527847632729
1.3722951723041017
1.1656952725250425
0.5876706493274192
1.4501036242443022
1.4358527400216685
1.0824025116046954
1.2681503484665229
1.3790219339041090
1.3533869021078639
0.7666453282134612
0.7565734527966245
1.2593963945798299
1.2605026478264050
1.3974639279966861
1.4828176148883361
1.3964074831599669
1.3388188492105986
1.2037297952640471
